Timestamp WorkflowId PeakValueRss1 PeakValueRss2 PeakValueRss3 PeakValueRss4 PeakValueRss5 PeakValueRss6 PeakValueRss7 PeakValueRss8 PeakValueRss9 PeakValueVsize1 PeakValueVsize2 PeakValueVsize3 PeakValueVsize4 PeakValueVsize5 PeakValueVsize6 PeakValueVsize7 PeakValueVsize8 PeakValueVsize9 TotalJobCPU1 TotalJobCPU2 TotalJobCPU3 TotalJobCPU4 TotalJobCPU5 TotalJobCPU6 TotalJobCPU7 TotalJobCPU8 TotalJobCPU9 TotalJobTime1 TotalJobTime2 TotalJobTime3 TotalJobTime4 TotalJobTime5 TotalJobTime6 TotalJobTime7 TotalJobTime8 TotalJobTime9 
1735426800.0 1.0 168 177 230 NA NA NA NA NA NA 276 251 405 NA NA NA NA NA NA 584 160 557 NA NA NA NA NA NA 464 147 851 NA NA NA NA NA NA 
1735426800.0 10.0 NA 216 410 0 NA NA NA NA NA NA 299 591 0 NA NA NA NA NA NA 722 1413 185 NA NA NA NA NA NA 330 864 218 NA NA NA NA NA 
1735426800.0 1000.0 NA 381 262 0 116 NA NA NA NA NA 539 341 0 175 NA NA NA NA NA 1192 386 141 127 NA NA NA NA NA 836 506 160 147 NA NA NA NA 
1735426800.0 10001.0 NA 297 482 0 157 181 NA NA NA NA 392 666 0 222 264 NA NA NA NA 572 741 177 163 282 NA NA NA NA 290 713 203 246 355 NA NA NA 
1735426800.0 10002.0 NA 291 482 0 156 180 NA NA NA NA 393 691 0 216 268 NA NA NA NA 578 746 184 163 271 NA NA NA NA 315 710 208 221 316 NA NA NA 
1735426800.0 10003.0 NA 297 474 0 157 182 NA NA NA NA 385 682 0 219 269 NA NA NA NA 563 768 180 171 269 NA NA NA NA 285 756 197 211 324 NA NA NA 
1735426800.0 10004.0 NA 293 479 0 158 180 NA NA NA NA 387 670 0 227 278 NA NA NA NA 576 726 183 165 270 NA NA NA NA 329 727 207 211 320 NA NA NA 
1735426800.0 10005.0 NA 296 484 0 155 180 NA NA NA NA 398 707 0 216 267 NA NA NA NA 576 761 185 168 272 NA NA NA NA 290 782 230 233 322 NA NA NA 
1735426800.0 10006.0 NA 297 482 0 156 178 NA NA NA NA 396 696 0 217 267 NA NA NA NA 567 744 185 163 270 NA NA NA NA 315 849 215 207 315 NA NA NA 
1735426800.0 10007.0 NA 298 480 0 186 181 NA NA NA NA 394 706 0 302 274 NA NA NA NA 561 783 188 169 272 NA NA NA NA 269 776 233 221 316 NA NA NA 
1735426800.0 10008.0 NA 294 487 0 181 181 NA NA NA NA 400 678 0 294 266 NA NA NA NA 582 760 184 183 273 NA NA NA NA 294 764 219 251 322 NA NA NA 
1735426800.0 10009.0 NA 300 486 0 188 181 NA NA NA NA 396 695 0 303 263 NA NA NA NA 590 754 183 171 267 NA NA NA NA 296 713 203 204 311 NA NA NA 
1735426800.0 1001.0 NA 337 193 0 0 0 0 0 0 NA 468 279 0 0 0 0 0 0 NA 988 203 44 35 47 87 60 85 NA 660 228 55 48 63 105 80 101 
1735426800.0 1001.2 NA 554 241 0 0 0 0 NA NA NA 806 362 0 0 0 0 NA NA NA 4572 384 58 67 62 63 NA NA NA 1876 295 89 112 110 77 NA NA 
1735426800.0 1001.3 NA 535 214 0 NA NA NA NA NA NA 737 325 0 NA NA NA NA NA NA 3892 221 118 NA NA NA NA NA NA 1589 235 156 NA NA NA NA NA 
1735426800.0 1001.4 NA 538 188 0 0 0 NA NA NA NA 752 290 0 0 0 NA NA NA NA 4007 177 59 58 57 NA NA NA NA 1626 216 86 86 70 NA NA NA 
1735426800.0 1002.0 NA 380 139 NA NA NA NA NA NA NA 561 174 NA NA NA NA NA NA NA 1237 96 NA NA NA NA NA NA NA 946 89 NA NA NA NA NA NA 
1735426800.0 1002.3 NA 524 234 0 NA NA NA NA NA NA 726 358 0 NA NA NA NA NA NA 3061 333 125 NA NA NA NA NA NA 1383 306 158 NA NA NA NA NA 
1735426800.0 1002.4 NA 533 0 NA NA NA NA NA NA NA 767 0 NA NA NA NA NA NA NA 4540 172 NA NA NA NA NA NA NA 1771 205 NA NA NA NA NA NA 
1735426800.0 10023.0 NA 297 478 0 155 179 NA NA NA NA 401 685 0 216 265 NA NA NA NA 570 749 184 170 263 NA NA NA NA 280 758 220 250 307 NA NA NA 
1735426800.0 10024.0 NA 309 508 0 188 171 NA NA NA NA 392 750 0 299 267 NA NA NA NA 578 847 197 170 291 NA NA NA NA 277 759 228 239 379 NA NA NA 
1735426800.0 10024.1 NA 309 309 0 NA NA NA NA NA NA 410 432 0 NA NA NA NA NA NA 564 329 171 NA NA NA NA NA NA 279 332 229 NA NA NA NA NA 
1735426800.0 10024.2 NA 310 499 0 NA NA NA NA NA NA 411 733 0 NA NA NA NA NA NA 577 845 191 NA NA NA NA NA NA 273 814 239 NA NA NA NA NA 
1735426800.0 10024.3 NA 312 286 0 NA NA NA NA NA NA 395 407 0 NA NA NA NA NA NA 559 319 150 NA NA NA NA NA NA 251 324 195 NA NA NA NA NA 
1735426800.0 10024.4 NA 312 490 0 NA NA NA NA NA NA 389 705 0 NA NA NA NA NA NA 594 811 193 NA NA NA NA NA NA 280 735 257 NA NA NA NA NA 
1735426800.0 10025.0 NA 300 488 0 158 183 NA NA NA NA 386 705 0 228 264 NA NA NA NA 578 793 192 166 277 NA NA NA NA 302 749 227 250 316 NA NA NA 
1735426800.0 10026.0 NA 313 513 0 159 182 NA NA NA NA 421 733 0 224 277 NA NA NA NA 590 967 196 164 277 NA NA NA NA 275 837 213 201 310 NA NA NA 
1735426800.0 1003.0 NA 397 0 NA NA NA NA NA NA NA 642 0 NA NA NA NA NA NA NA 1129 124 NA NA NA NA NA NA NA 638 151 NA NA NA NA NA NA 
1735426800.0 10042.0 NA 303 483 0 190 181 NA NA NA NA 392 713 0 300 267 NA NA NA NA 573 826 199 177 276 NA NA NA NA 286 812 247 218 323 NA NA NA 
1735426800.0 1005.0 NA 217 166 0 0 NA NA NA NA NA 377 261 0 0 NA NA NA NA NA 264 104 42 57 NA NA NA NA NA 430 143 63 93 NA NA NA NA 
1735426800.0 10059.0 NA 311 512 0 161 182 NA NA NA NA 420 763 0 231 270 NA NA NA NA 613 1146 196 162 273 NA NA NA NA 311 815 216 197 304 NA NA NA 
1735426800.0 10071.0 NA 300 501 0 159 180 NA NA NA NA 413 730 0 226 268 NA NA NA NA 586 831 206 173 266 NA NA NA NA 302 744 238 214 304 NA NA NA 
1735426800.0 101.0 180 NA NA NA NA NA NA NA NA 302 NA NA NA NA NA NA NA NA 335 NA NA NA NA NA NA NA NA 339 NA NA NA NA NA NA NA NA 
1735426800.0 1010.0 NA 92 108 0 NA NA NA NA NA NA 157 169 0 NA NA NA NA NA NA 74 77 64 NA NA NA NA NA NA 169 91 82 NA NA NA NA NA 
1735426800.0 102.0 178 NA NA NA NA NA NA NA NA 284 NA NA NA NA NA NA NA NA 314 NA NA NA NA NA NA NA NA 289 NA NA NA NA NA NA NA NA 
1735426800.0 1020.0 NA 98 87 0 96 NA NA NA NA NA 170 152 0 167 NA NA NA NA NA 89 61 35 72 NA NA NA NA NA 181 103 63 112 NA NA NA NA 
1735426800.0 10224.0 NA 503 751 0 183 NA NA NA NA NA 642 1022 0 271 NA NA NA NA NA 1302 1526 206 277 NA NA NA NA NA 618 1033 235 372 NA NA NA NA 
1735426800.0 10224.15 NA 490 740 0 201 NA NA NA NA NA 658 1023 0 286 NA NA NA NA NA 1343 1493 208 319 NA NA NA NA NA 590 1072 237 349 NA NA NA NA 
1735426800.0 10225.0 NA 489 724 0 181 NA NA NA NA NA 633 1014 0 265 NA NA NA NA NA 1320 1415 199 277 NA NA NA NA NA 616 1171 222 311 NA NA NA NA 
1735426800.0 103.0 131 0 0 NA NA NA NA NA NA 207 0 0 NA NA NA NA NA NA 236 57 576 NA NA NA NA NA NA 301 79 633 NA NA NA NA NA NA 
1735426800.0 1030.0 NA 284 101 0 0 NA NA NA NA NA 412 162 0 0 NA NA NA NA NA 2199 76 32 31 NA NA NA NA NA 810 95 50 44 NA NA NA NA 
1735426800.0 1040.0 NA 504 89 0 NA NA NA NA NA NA 706 148 0 NA NA NA NA NA NA 4044 69 56 NA NA NA NA NA NA 1402 104 74 NA NA NA NA NA 
1735426800.0 1040.1 NA 132 89 0 NA NA NA NA NA NA 209 142 0 NA NA NA NA NA NA 218 60 53 NA NA NA NA NA NA 424 82 73 NA NA NA NA NA 
1735426800.0 1041.0 NA 122 95 0 NA NA NA NA NA NA 199 158 0 NA NA NA NA NA NA 126 66 36 NA NA NA NA NA NA 177 85 57 NA NA NA NA NA 
1735426800.0 1042.0 NA 129 92 0 NA NA NA NA NA NA 209 149 0 NA NA NA NA NA NA 230 62 34 NA NA NA NA NA NA 579 82 47 NA NA NA NA NA 
1735426800.0 10424.0 NA 262 495 0 NA NA NA NA NA NA 357 718 0 NA NA NA NA NA NA 195 834 203 NA NA NA NA NA NA 197 818 233 NA NA NA NA NA 
1735426800.0 1046.0 NA 99 92 0 NA NA NA NA NA NA 172 153 0 NA NA NA NA NA NA 121 63 31 NA NA NA NA NA NA 158 104 43 NA NA NA NA NA 
1735426800.0 1047.0 NA 106 112 0 NA NA NA NA NA NA 176 175 0 NA NA NA NA NA NA 116 81 36 NA NA NA NA NA NA 219 96 63 NA NA NA NA NA 
1735426800.0 1048.0 NA 106 101 0 NA NA NA NA NA NA 178 163 0 NA NA NA NA NA NA 114 79 31 NA NA NA NA NA NA 135 105 56 NA NA NA NA NA 
1735426800.0 1049.0 NA 115 0 NA NA NA NA NA NA NA 181 0 NA NA NA NA NA NA NA 727 67 NA NA NA NA NA NA NA 1109 93 NA NA NA NA NA NA 
1735426800.0 105.0 165 180 90 NA NA NA NA NA NA 271 252 143 NA NA NA NA NA NA 555 159 64 NA NA NA NA NA NA 371 192 117 NA NA NA NA NA NA 
1735426800.0 1052.0 NA 217 164 0 NA NA NA NA NA NA 364 262 0 NA NA NA NA NA NA 223 99 35 NA NA NA NA NA NA 324 144 59 NA NA NA NA NA 
1735426800.0 1052.1 NA 151 0 NA NA NA NA NA NA NA 249 0 NA NA NA NA NA NA NA 89 33 NA NA NA NA NA NA NA 102 51 NA NA NA NA NA NA 
1735426800.0 106.0 130 0 0 NA NA NA NA NA NA 209 0 0 NA NA NA NA NA NA 241 59 579 NA NA NA NA NA NA 260 81 678 NA NA NA NA NA NA 
1735426800.0 107.0 176 188 375 NA NA NA NA NA NA 288 263 539 NA NA NA NA NA NA 922 175 736 NA NA NA NA NA NA 434 145 734 NA NA NA NA NA NA 
1735426800.0 108.0 168 187 376 NA NA NA NA NA NA 283 262 533 NA NA NA NA NA NA 946 175 747 NA NA NA NA NA NA 459 143 712 NA NA NA NA NA NA 
1735426800.0 10801.0 NA 290 462 0 158 183 NA NA NA NA 375 665 0 222 270 NA NA NA NA 578 765 186 163 272 NA NA NA NA 282 772 217 226 321 NA NA NA 
1735426800.0 10802.0 NA 290 479 0 157 176 NA NA NA NA 368 692 0 224 279 NA NA NA NA 558 740 188 162 284 NA NA NA NA 283 749 242 204 348 NA NA NA 
1735426800.0 10803.0 NA 283 475 0 157 184 NA NA NA NA 384 704 0 224 276 NA NA NA NA 582 799 188 162 279 NA NA NA NA 342 793 213 219 323 NA NA NA 
1735426800.0 10804.0 NA 286 482 0 157 182 NA NA NA NA 383 700 0 218 271 NA NA NA NA 569 734 183 173 266 NA NA NA NA 290 702 207 240 302 NA NA NA 
1735426800.0 10804.31 NA 289 482 0 156 185 NA NA NA NA 389 679 0 221 274 NA NA NA NA 567 765 175 164 270 NA NA NA NA 265 882 200 205 302 NA NA NA 
1735426800.0 10805.0 NA 290 467 0 154 185 NA NA NA NA 378 689 0 224 263 NA NA NA NA 551 772 187 165 273 NA NA NA NA 275 786 217 219 337 NA NA NA 
1735426800.0 10805.31 NA 290 480 0 156 183 NA NA NA NA 386 677 0 220 264 NA NA NA NA 561 784 178 163 276 NA NA NA NA 285 1129 210 202 314 NA NA NA 
1735426800.0 10806.0 NA 289 478 0 157 182 NA NA NA NA 379 695 0 225 268 NA NA NA NA 556 742 184 163 272 NA NA NA NA 295 727 223 225 316 NA NA NA 
1735426800.0 10807.0 NA 293 474 0 184 184 NA NA NA NA 383 676 0 303 264 NA NA NA NA 565 769 185 170 273 NA NA NA NA 281 832 203 219 316 NA NA NA 
1735426800.0 10808.0 NA 291 483 0 180 184 NA NA NA NA 382 700 0 300 263 NA NA NA NA 586 775 186 178 279 NA NA NA NA 293 765 210 265 325 NA NA NA 
1735426800.0 10809.0 NA 292 486 0 185 184 NA NA NA NA 386 684 0 301 268 NA NA NA NA 557 765 183 167 277 NA NA NA NA 284 718 217 228 321 NA NA NA 
1735426800.0 10823.0 NA 290 479 0 156 183 NA NA NA NA 392 695 0 221 267 NA NA NA NA 551 742 188 167 274 NA NA NA NA 290 715 219 219 317 NA NA NA 
1735426800.0 10824.0 NA 299 500 0 186 185 NA NA NA NA 387 720 0 307 268 NA NA NA NA 592 852 198 170 286 NA NA NA NA 285 788 234 226 336 NA NA NA 
1735426800.0 10824.1 NA 291 308 0 NA NA NA NA NA NA 378 429 0 NA NA NA NA NA NA 553 326 175 NA NA NA NA NA NA 296 325 246 NA NA NA NA NA 
1735426800.0 10824.6 NA 300 502 0 188 180 NA NA NA NA 387 725 0 302 270 NA NA NA NA 587 818 201 174 285 NA NA NA NA 278 762 232 242 343 NA NA NA 
1735426800.0 10824.8 NA 298 500 0 188 185 NA NA NA NA 387 750 0 300 265 NA NA NA NA 576 859 201 173 289 NA NA NA NA 276 761 222 242 326 NA NA NA 
1735426800.0 10825.0 NA 294 491 0 157 185 NA NA NA NA 399 710 0 228 268 NA NA NA NA 565 782 202 175 280 NA NA NA NA 279 725 281 275 325 NA NA NA 
1735426800.0 10826.0 NA 301 497 0 159 185 NA NA NA NA 395 738 0 228 271 NA NA NA NA 578 898 194 160 273 NA NA NA NA 280 869 214 196 299 NA NA NA 
1735426800.0 10842.0 NA 297 492 0 189 183 NA NA NA NA 395 686 0 304 272 NA NA NA NA 578 787 199 166 301 NA NA NA NA 286 793 235 206 378 NA NA NA 
1735426800.0 10859.0 NA 310 515 0 160 189 NA NA NA NA 387 775 0 228 276 NA NA NA NA 594 1137 200 167 278 NA NA NA NA 274 850 219 211 316 NA NA NA 
1735426800.0 10871.0 NA 299 503 0 161 174 NA NA NA NA 381 722 0 223 276 NA NA NA NA 598 853 196 167 297 NA NA NA NA 283 813 211 204 379 NA NA NA 
1735426800.0 109.0 171 184 376 NA NA NA NA NA NA 281 256 543 NA NA NA NA NA NA 981 170 750 NA NA NA NA NA NA 484 139 725 NA NA NA NA NA NA 
1735426800.0 11.0 NA 201 380 0 131 NA NA NA NA NA 285 517 0 192 NA NA NA NA NA 612 820 196 142 NA NA NA NA NA 289 687 234 203 NA NA NA NA 
1735426800.0 110.0 134 179 361 NA NA NA NA NA NA 210 256 525 NA NA NA NA NA NA 265 166 698 NA NA NA NA NA NA 271 184 991 NA NA NA NA NA NA 
1735426800.0 1102.0 NA 218 417 282 223 NA NA NA NA NA 306 605 375 270 NA NA NA NA NA 766 1758 920 148 NA NA NA NA NA 330 948 443 162 NA NA NA NA 
1735426800.0 11024.0 NA 519 828 0 186 NA NA NA NA NA 746 1144 0 277 NA NA NA NA NA 1812 1740 206 281 NA NA NA NA NA 877 1136 225 369 NA NA NA NA 
1735426800.0 11024.15 NA 555 836 0 204 NA NA NA NA NA 744 1139 0 293 NA NA NA NA NA 1838 1839 211 327 NA NA NA NA NA 795 1136 238 362 NA NA NA NA 
1735426800.0 11024.2 NA 557 833 0 181 NA NA NA NA NA 739 1161 0 270 NA NA NA NA NA 1697 1786 204 223 NA NA NA NA NA 776 1087 221 244 NA NA NA NA 
1735426800.0 11024.6 NA 551 832 0 187 NA NA NA NA NA 758 1233 0 272 NA NA NA NA NA 1729 1755 205 275 NA NA NA NA NA 719 1061 225 323 NA NA NA NA 
1735426800.0 11025.0 NA 544 822 0 185 NA NA NA NA NA 724 1132 0 266 NA NA NA NA NA 1810 1694 204 283 NA NA NA NA NA 790 1062 226 315 NA NA NA NA 
1735426800.0 111.0 145 176 359 NA NA NA NA NA NA 241 249 508 NA NA NA NA NA NA 327 122 681 NA NA NA NA NA NA 329 165 711 NA NA NA NA NA NA 
1735426800.0 112.0 164 183 364 NA NA NA NA NA NA 274 257 511 NA NA NA NA NA NA 645 167 681 NA NA NA NA NA NA 348 142 671 NA NA NA NA NA NA 
1735426800.0 11224.0 NA 264 498 0 NA NA NA NA NA NA 353 711 0 NA NA NA NA NA NA 202 841 199 NA NA NA NA NA NA 240 826 224 NA NA NA NA NA 
1735426800.0 11224.6 NA 264 493 0 NA NA NA NA NA NA 354 696 0 NA NA NA NA NA NA 200 858 198 NA NA NA NA NA NA 212 911 225 NA NA NA NA NA 
1735426800.0 113.0 177 186 366 NA NA NA NA NA NA 285 259 516 NA NA NA NA NA NA 769 170 714 NA NA NA NA NA NA 403 151 741 NA NA NA NA NA NA 
1735426800.0 114.0 168 185 375 NA NA NA NA NA NA 275 263 538 NA NA NA NA NA NA 767 174 715 NA NA NA NA NA NA 398 174 714 NA NA NA NA NA NA 
1735426800.0 115.0 167 184 373 NA NA NA NA NA NA 274 255 535 NA NA NA NA NA NA 813 174 731 NA NA NA NA NA NA 393 154 692 NA NA NA NA NA NA 
1735426800.0 116.0 171 185 376 NA NA NA NA NA NA 274 255 553 NA NA NA NA NA NA 835 176 722 NA NA NA NA NA NA 402 151 702 NA NA NA NA NA NA 
1735426800.0 11601.0 NA 302 515 0 159 NA NA NA NA NA 414 733 0 224 NA NA NA NA NA 524 799 196 153 NA NA NA NA NA 229 748 256 195 NA NA NA NA 
1735426800.0 11602.0 NA 301 519 0 157 NA NA NA NA NA 401 755 0 227 NA NA NA NA NA 543 839 188 149 NA NA NA NA NA 239 777 217 180 NA NA NA NA 
1735426800.0 11603.0 NA 303 518 0 159 NA NA NA NA NA 411 727 0 220 NA NA NA NA NA 542 834 190 149 NA NA NA NA NA 247 764 227 169 NA NA NA NA 
1735426800.0 11604.0 NA 304 515 0 159 NA NA NA NA NA 414 727 0 228 NA NA NA NA NA 532 799 187 152 NA NA NA NA NA 232 752 222 187 NA NA NA NA 
1735426800.0 11605.0 NA 304 514 0 158 NA NA NA NA NA 406 706 0 226 NA NA NA NA NA 544 809 189 148 NA NA NA NA NA 239 796 234 181 NA NA NA NA 
1735426800.0 11606.0 NA 303 513 0 159 NA NA NA NA NA 414 715 0 224 NA NA NA NA NA 538 778 192 151 NA NA NA NA NA 259 746 225 187 NA NA NA NA 
1735426800.0 11607.0 NA 301 518 0 190 NA NA NA NA NA 413 751 0 308 NA NA NA NA NA 534 813 192 153 NA NA NA NA NA 237 798 235 174 NA NA NA NA 
1735426800.0 11608.0 NA 298 517 0 189 NA NA NA NA NA 399 736 0 305 NA NA NA NA NA 543 808 192 154 NA NA NA NA NA 256 752 226 191 NA NA NA NA 
1735426800.0 11609.0 NA 308 522 0 192 NA NA NA NA NA 412 745 0 304 NA NA NA NA NA 528 807 180 139 NA NA NA NA NA 224 780 212 153 NA NA NA NA 
1735426800.0 11630.0 NA 325 555 0 165 NA NA NA NA NA 431 836 0 231 NA NA NA NA NA 553 1118 199 139 NA NA NA NA NA 275 797 270 153 NA NA NA NA 
1735426800.0 11634.0 NA 316 543 0 192 NA NA NA NA NA 421 808 0 310 NA NA NA NA NA 563 936 207 157 NA NA NA NA NA 241 780 242 190 NA NA NA NA 
1735426800.0 11634.1 NA 316 313 0 NA NA NA NA NA NA 424 443 0 NA NA NA NA NA NA 533 327 171 NA NA NA NA NA NA 226 298 214 NA NA NA NA NA 
1735426800.0 11634.15 NA 316 558 0 193 NA NA NA NA NA 424 817 0 313 NA NA NA NA NA 553 979 206 157 NA NA NA NA NA 239 844 229 183 NA NA NA NA 
1735426800.0 11634.24 NA 234 462 0 151 NA NA NA NA NA 327 714 0 221 NA NA NA NA NA 210 762 184 141 NA NA NA NA NA 212 904 224 176 NA NA NA NA 
1735426800.0 11634.601 NA 314 103 546 0 NA NA NA NA NA 407 160 809 0 NA NA NA NA NA 554 49 916 209 NA NA NA NA NA 240 56 806 267 NA NA NA NA 
1735426800.0 11634.7 NA 318 545 0 NA NA NA NA NA NA 413 781 0 NA NA NA NA NA NA 557 927 210 NA NA NA NA NA NA 224 808 304 NA NA NA NA NA 
1735426800.0 11634.91 NA 323 540 0 193 NA NA NA NA NA 420 791 0 308 NA NA NA NA NA 587 941 207 146 NA NA NA NA NA 234 827 250 161 NA NA NA NA 
1735426800.0 11634.914 151 302 538 0 192 NA NA NA NA 227 389 780 0 306 NA NA NA NA 1061 557 888 197 164 NA NA NA NA 531 297 779 269 223 NA NA NA NA 
1735426800.0 11640.0 NA 292 514 0 160 NA NA NA NA NA 412 714 0 223 NA NA NA NA NA 638 759 182 139 NA NA NA NA NA 323 709 208 173 NA NA NA NA 
1735426800.0 11643.0 NA 312 542 0 163 NA NA NA NA NA 409 809 0 229 NA NA NA NA NA 567 901 207 153 NA NA NA NA NA 234 764 246 190 NA NA NA NA 
1735426800.0 11646.0 NA 314 531 0 160 NA NA NA NA NA 405 743 0 229 NA NA NA NA NA 544 843 204 149 NA NA NA NA NA 228 760 272 167 NA NA NA NA 
1735426800.0 11650.0 NA 311 532 0 196 NA NA NA NA NA 411 759 0 308 NA NA NA NA NA 552 872 199 146 NA NA NA NA NA 234 843 221 161 NA NA NA NA 
1735426800.0 117.0 164 185 375 NA NA NA NA NA NA 269 261 541 NA NA NA NA NA NA 842 177 730 NA NA NA NA NA NA 404 153 691 NA NA NA NA NA NA 
1735426800.0 11723.17 NA 325 557 0 NA NA NA NA NA NA 433 844 0 NA NA NA NA NA NA 557 1064 200 NA NA NA NA NA NA 235 847 215 NA NA NA NA NA 
1735426800.0 118.0 169 187 382 NA NA NA NA NA NA 282 261 533 NA NA NA NA NA NA 1014 178 760 NA NA NA NA NA NA 457 142 689 NA NA NA NA NA NA 
1735426800.0 11834.0 NA 677 1109 0 NA NA NA NA NA NA 921 1600 0 NA NA NA NA NA NA 2183 2750 211 NA NA NA NA NA NA 1154 1432 232 NA NA NA NA NA 
1735426800.0 11834.13 NA 628 1141 0 NA NA NA NA NA NA 908 1606 0 NA NA NA NA NA NA 2320 3056 216 NA NA NA NA NA NA 1347 1510 244 NA NA NA NA NA 
1735426800.0 11834.19 NA 646 1056 0 NA NA NA NA NA NA 863 1516 0 NA NA NA NA NA NA 2142 2781 216 NA NA NA NA NA NA 909 1545 236 NA NA NA NA NA 
1735426800.0 11834.21 NA 541 407 232 178 NA NA NA NA NA 697 577 345 261 NA NA NA NA NA 2069 1269 280 179 NA NA NA NA NA 869 509 251 186 NA NA NA NA 
1735426800.0 11834.24 NA 239 491 0 NA NA NA NA NA NA 341 702 0 NA NA NA NA NA NA 202 776 192 NA NA NA NA NA NA 239 903 222 NA NA NA NA NA 
1735426800.0 11834.99 NA 608 696 748 0 NA NA NA NA NA 869 925 1054 0 NA NA NA NA NA 2107 846 2411 217 NA NA NA NA NA 1247 322 1246 272 NA NA NA NA 
1735426800.0 11846.0 NA 655 966 0 NA NA NA NA NA NA 870 1392 0 NA NA NA NA NA NA 2027 2297 211 NA NA NA NA NA NA 813 1311 234 NA NA NA NA NA 
1735426800.0 11846.19 NA 612 1041 0 NA NA NA NA NA NA 859 1457 0 NA NA NA NA NA NA 2194 2499 214 NA NA NA NA NA NA 958 1350 236 NA NA NA NA NA 
1735426800.0 119.0 171 182 366 NA NA NA NA NA NA 276 259 507 NA NA NA NA NA NA 577 167 718 NA NA NA NA NA NA 363 149 718 NA NA NA NA NA NA 
1735426800.0 12.0 NA 217 408 0 NA NA NA NA NA NA 297 592 0 NA NA NA NA NA NA 701 1442 199 NA NA NA NA NA NA 321 858 245 NA NA NA NA NA 
1735426800.0 120.0 138 179 358 NA NA NA NA NA NA 228 249 501 NA NA NA NA NA NA 243 161 689 NA NA NA NA NA NA 271 199 725 NA NA NA NA NA NA 
1735426800.0 12034.0 NA 275 532 0 NA NA NA NA NA NA 371 765 0 NA NA NA NA NA NA 196 884 203 NA NA NA NA NA NA 149 926 236 NA NA NA NA NA 
1735426800.0 121.0 171 189 385 NA NA NA NA NA NA 279 261 552 NA NA NA NA NA NA 1111 184 784 NA NA NA NA NA NA 471 185 699 NA NA NA NA NA NA 
1735426800.0 122.0 144 174 359 NA NA NA NA NA NA 241 246 511 NA NA NA NA NA NA 279 118 643 NA NA NA NA NA NA 315 158 769 NA NA NA NA NA NA 
1735426800.0 123.1 407 NA NA NA NA NA NA NA NA 532 NA NA NA NA NA NA NA NA 429 NA NA NA NA NA NA NA NA 492 NA NA NA NA NA NA NA NA 
1735426800.0 123.2 419 NA NA NA NA NA NA NA NA 546 NA NA NA NA NA NA NA NA 457 NA NA NA NA NA NA NA NA 448 NA NA NA NA NA NA NA NA 
1735426800.0 123.3 326 NA NA NA NA NA NA NA NA 432 NA NA NA NA NA NA NA NA 354 NA NA NA NA NA NA NA NA 351 NA NA NA NA NA NA NA NA 
1735426800.0 124.1 400 NA NA NA NA NA NA NA NA 526 NA NA NA NA NA NA NA NA 374 NA NA NA NA NA NA NA NA 478 NA NA NA NA NA NA NA NA 
1735426800.0 124.2 410 NA NA NA NA NA NA NA NA 548 NA NA NA NA NA NA NA NA 382 NA NA NA NA NA NA NA NA 427 NA NA NA NA NA NA NA NA 
1735426800.0 124.4 397 NA NA NA NA NA NA NA NA 501 NA NA NA NA NA NA NA NA 374 NA NA NA NA NA NA NA NA 478 NA NA NA NA NA NA NA NA 
1735426800.0 124.5 398 NA NA NA NA NA NA NA NA 508 NA NA NA NA NA NA NA NA 366 NA NA NA NA NA NA NA NA 429 NA NA NA NA NA NA NA NA 
1735426800.0 124.6 327 NA NA NA NA NA NA NA NA 454 NA NA NA NA NA NA NA NA 354 NA NA NA NA NA NA NA NA 449 NA NA NA NA NA NA NA NA 
1735426800.0 12434.0 NA 303 543 0 195 NA NA NA NA NA 410 801 0 312 NA NA NA NA NA 758 913 203 153 NA NA NA NA NA 290 779 228 168 NA NA NA NA 
1735426800.0 12434.501 NA 310 175 0 NA NA NA NA NA NA 413 320 0 NA NA NA NA NA NA 698 215 95 NA NA NA NA NA NA 315 261 118 NA NA NA NA NA 
1735426800.0 12434.505 NA 312 173 0 NA NA NA NA NA NA 419 311 0 NA NA NA NA NA NA 694 210 97 NA NA NA NA NA NA 281 246 116 NA NA NA NA NA 
1735426800.0 12434.511 NA 312 135 0 NA NA NA NA NA NA 408 219 0 NA NA NA NA NA NA 690 164 73 NA NA NA NA NA NA 278 201 92 NA NA NA NA NA 
1735426800.0 12434.521 NA 312 132 0 NA NA NA NA NA NA 410 196 0 NA NA NA NA NA NA 690 163 78 NA NA NA NA NA NA 276 210 101 NA NA NA NA NA 
1735426800.0 12434.7 NA 313 543 0 NA NA NA NA NA NA 417 792 0 NA NA NA NA NA NA 732 913 199 NA NA NA NA NA NA 274 798 218 NA NA NA NA NA 
1735426800.0 12446.0 NA 309 531 0 160 NA NA NA NA NA 417 785 0 228 NA NA NA NA NA 720 869 193 147 NA NA NA NA NA 294 778 212 176 NA NA NA NA 
1735426800.0 12450.501 NA 310 172 0 NA NA NA NA NA NA 408 310 0 NA NA NA NA NA NA 701 206 91 NA NA NA NA NA NA 260 243 111 NA NA NA NA NA 
1735426800.0 12450.505 NA 302 171 0 NA NA NA NA NA NA 404 323 0 NA NA NA NA NA NA 692 210 96 NA NA NA NA NA NA 292 248 122 NA NA NA NA NA 
1735426800.0 12461.0 NA 301 510 0 154 NA NA NA NA NA 407 738 0 225 NA NA NA NA NA 686 749 171 137 NA NA NA NA NA 261 705 185 159 NA NA NA NA 
1735426800.0 125.0 175 186 370 NA NA NA NA NA NA 288 259 509 NA NA NA NA NA NA 877 174 723 NA NA NA NA NA NA 421 145 700 NA NA NA NA NA NA 
1735426800.0 126.0 137 180 356 NA NA NA NA NA NA 225 253 501 NA NA NA NA NA NA 407 166 709 NA NA NA NA NA NA 341 203 929 NA NA NA NA NA NA 
1735426800.0 12634.0 NA 648 1035 0 NA NA NA NA NA NA 910 1367 0 NA NA NA NA NA NA 2262 2558 212 NA NA NA NA NA NA 902 1370 233 NA NA NA NA NA 
1735426800.0 12634.21 NA 501 384 229 177 NA NA NA NA NA 699 562 338 271 NA NA NA NA NA 2005 1037 269 172 NA NA NA NA NA 908 479 229 173 NA NA NA NA 
1735426800.0 12634.99 NA 634 711 763 0 NA NA NA NA NA 911 992 1053 0 NA NA NA NA NA 2112 1030 2601 213 NA NA NA NA NA 1170 397 1271 235 NA NA NA NA 
1735426800.0 127.0 135 180 359 NA NA NA NA NA NA 210 251 514 NA NA NA NA NA NA 305 163 699 NA NA NA NA NA NA 320 188 719 NA NA NA NA NA NA 
1735426800.0 128.0 133 179 363 NA NA NA NA NA NA 208 254 493 NA NA NA NA NA NA 233 163 684 NA NA NA NA NA NA 265 204 721 NA NA NA NA NA NA 
1735426800.0 12834.0 NA 486 649 0 201 NA NA NA NA NA 639 917 0 321 NA NA NA NA NA 519 1248 264 163 NA NA NA NA NA 366 1072 288 166 NA NA NA NA 
1735426800.0 12834.402 NA 487 183 0 NA NA NA NA NA NA 665 263 0 NA NA NA NA NA NA 513 275 93 NA NA NA NA NA NA 378 356 110 NA NA NA NA NA 
1735426800.0 12834.412 NA 488 177 0 NA NA NA NA NA NA 636 258 0 NA NA NA NA NA NA 511 246 74 NA NA NA NA NA NA 405 318 121 NA NA NA NA NA 
1735426800.0 12834.7 NA 484 649 0 NA NA NA NA NA NA 657 869 0 NA NA NA NA NA NA 515 1284 257 NA NA NA NA NA NA 554 1092 281 NA NA NA NA NA 
1735426800.0 12846.0 NA 470 630 0 169 NA NA NA NA NA 617 867 0 229 NA NA NA NA NA 494 1190 255 162 NA NA NA NA NA 369 1123 280 190 NA NA NA NA 
1735426800.0 12861.0 NA 452 607 0 166 NA NA NA NA NA 552 824 0 225 NA NA NA NA NA 461 1112 241 161 NA NA NA NA NA 343 1040 263 173 NA NA NA NA 
1735426800.0 129.0 133 179 356 NA NA NA NA NA NA 211 250 485 NA NA NA NA NA NA 232 165 704 NA NA NA NA NA NA 255 176 870 NA NA NA NA NA NA 
1735426800.0 13.0 NA 193 382 0 NA NA NA NA NA NA 271 565 0 NA NA NA NA NA NA 147 929 175 NA NA NA NA NA NA 194 951 212 NA NA NA NA NA 
1735426800.0 130.0 137 180 357 NA NA NA NA NA NA 218 258 501 NA NA NA NA NA NA 248 163 696 NA NA NA NA NA NA 262 187 870 NA NA NA NA NA NA 
1735426800.0 1301.0 162 217 321 NA NA NA NA NA NA 252 301 467 NA NA NA NA NA NA 610 170 453 NA NA NA NA NA NA 468 181 468 NA NA NA NA NA NA 
1735426800.0 1301.17 144 289 344 NA NA NA NA NA NA 224 384 492 NA NA NA NA NA NA 621 563 459 NA NA NA NA NA NA 478 253 466 NA NA NA NA NA NA 
1735426800.0 1302.0 171 225 337 NA NA NA NA NA NA 267 299 508 NA NA NA NA NA NA 1010 186 512 NA NA NA NA NA NA 689 172 477 NA NA NA NA NA NA 
1735426800.0 1302.17 151 295 362 NA NA NA NA NA NA 232 385 547 NA NA NA NA NA NA 1074 608 594 NA NA NA NA NA NA 465 312 507 NA NA NA NA NA NA 
1735426800.0 1302.18 146 288 307 224 180 NA NA NA NA 228 375 478 343 269 NA NA NA NA 1105 589 380 297 217 NA NA NA NA 645 275 332 304 307 NA NA NA NA 
1735426800.0 1302.181 148 289 309 228 180 NA NA NA NA 231 378 447 341 271 NA NA NA NA 1094 614 380 303 215 NA NA NA NA 479 266 338 318 277 NA NA NA NA 
1735426800.0 1303.0 164 225 340 NA NA NA NA NA NA 249 311 521 NA NA NA NA NA NA 1624 155 570 NA NA NA NA NA NA 730 144 460 NA NA NA NA NA NA 
1735426800.0 1303.17 154 296 365 NA NA NA NA NA NA 239 383 558 NA NA NA NA NA NA 1797 554 642 NA NA NA NA NA NA 871 245 579 NA NA NA NA NA NA 
1735426800.0 13034.0 NA 851 1146 0 NA NA NA NA NA NA 1116 1555 0 NA NA NA NA NA NA 2265 3103 272 NA NA NA NA NA NA 1241 1899 301 NA NA NA NA NA 
1735426800.0 13034.21 NA 694 406 238 180 NA NA NA NA NA 940 575 356 260 NA NA NA NA NA 2024 1187 305 189 NA NA NA NA NA 985 476 303 231 NA NA NA NA 
1735426800.0 13034.99 NA 583 866 855 0 NA NA NA NA NA 813 1230 1161 0 NA NA NA NA NA 1968 930 2455 267 NA NA NA NA NA 1478 558 1351 285 NA NA NA NA 
1735426800.0 1304.18 144 283 301 223 177 NA NA NA NA 226 359 427 323 267 NA NA NA NA 762 570 334 282 218 NA NA NA NA 379 270 332 303 291 NA NA NA NA 
1735426800.0 1304.181 145 283 302 225 179 NA NA NA NA 227 357 438 322 265 NA NA NA NA 784 568 336 278 211 NA NA NA NA 411 248 303 291 255 NA NA NA NA 
1735426800.0 1304.182 143 282 302 226 NA NA NA NA NA 224 366 436 325 NA NA NA NA NA 792 597 332 281 NA NA NA NA NA 466 258 300 282 NA NA NA NA NA 
1735426800.0 1306.0 NA 225 408 0 NA NA NA NA NA NA 315 550 0 NA NA NA NA NA NA 172 704 151 NA NA NA NA NA NA 192 831 172 NA NA NA NA NA 
1735426800.0 1307.0 NA 216 260 104 0 NA NA NA NA NA 309 386 166 0 NA NA NA NA NA 165 279 77 88 NA NA NA NA NA 210 352 95 105 NA NA NA NA 
1735426800.0 1308.0 NA 214 255 104 0 NA NA NA NA NA 296 380 166 0 NA NA NA NA NA 153 220 82 88 NA NA NA NA NA 200 320 113 112 NA NA NA NA 
1735426800.0 1309.0 NA 236 427 0 NA NA NA NA NA NA 319 587 0 NA NA NA NA NA NA 187 782 165 NA NA NA NA NA NA 227 885 197 NA NA NA NA NA 
1735426800.0 131.0 137 181 357 NA NA NA NA NA NA 226 246 510 NA NA NA NA NA NA 367 163 698 NA NA NA NA NA NA 294 184 985 NA NA NA NA NA NA 
1735426800.0 1310.0 NA 235 422 0 NA NA NA NA NA NA 326 573 0 NA NA NA NA NA NA 188 776 160 NA NA NA NA NA NA 200 898 181 NA NA NA NA NA 
1735426800.0 1311.0 NA 227 429 0 132 NA NA NA NA NA 310 600 0 193 NA NA NA NA NA 174 576 173 127 NA NA NA NA NA 173 550 194 180 NA NA NA NA 
1735426800.0 1312.0 NA 234 422 0 NA NA NA NA NA NA 318 588 0 NA NA NA NA NA NA 182 812 161 NA NA NA NA NA NA 194 846 180 NA NA NA NA NA 
1735426800.0 1313.0 NA 239 436 0 NA NA NA NA NA NA 331 624 0 NA NA NA NA NA NA 161 872 165 NA NA NA NA NA NA 179 783 197 NA NA NA NA NA 
1735426800.0 1314.0 NA 235 422 0 NA NA NA NA NA NA 326 592 0 NA NA NA NA NA NA 183 750 159 NA NA NA NA NA NA 213 827 181 NA NA NA NA NA 
1735426800.0 1315.0 NA 226 415 0 NA NA NA NA NA NA 307 557 0 NA NA NA NA NA NA 169 712 144 NA NA NA NA NA NA 179 856 160 NA NA NA NA NA 
1735426800.0 1316.0 NA 228 410 0 NA NA NA NA NA NA 307 564 0 NA NA NA NA NA NA 174 725 146 NA NA NA NA NA NA 201 798 166 NA NA NA NA NA 
1735426800.0 1317.0 NA 225 411 0 177 NA NA NA NA NA 314 555 0 268 NA NA NA NA NA 170 723 148 212 NA NA NA NA NA 162 742 172 237 NA NA NA NA 
1735426800.0 1318.0 NA 225 408 0 173 NA NA NA NA NA 316 560 0 255 NA NA NA NA NA 170 686 153 210 NA NA NA NA NA 193 705 185 248 NA NA NA NA 
1735426800.0 1319.0 NA 225 407 0 NA NA NA NA NA NA 318 556 0 NA NA NA NA NA NA 168 712 148 NA NA NA NA NA NA 182 942 165 NA NA NA NA NA 
1735426800.0 132.0 167 185 372 NA NA NA NA NA NA 277 258 553 NA NA NA NA NA NA 850 177 766 NA NA NA NA NA NA 427 159 729 NA NA NA NA NA NA 
1735426800.0 1320.0 NA 229 409 0 173 NA NA NA NA NA 315 567 0 259 NA NA NA NA NA 172 699 155 212 NA NA NA NA NA 182 694 184 239 NA NA NA NA 
1735426800.0 1321.0 NA 229 413 0 174 NA NA NA NA NA 320 594 0 265 NA NA NA NA NA 174 729 155 215 NA NA NA NA NA 189 869 201 269 NA NA NA NA 
1735426800.0 1322.0 NA 230 415 0 175 NA NA NA NA NA 322 561 0 258 NA NA NA NA NA 179 729 150 213 NA NA NA NA NA 205 723 180 272 NA NA NA NA 
1735426800.0 1323.0 NA 225 403 0 NA NA NA NA NA NA 307 555 0 NA NA NA NA NA NA 171 691 150 NA NA NA NA NA NA 186 825 173 NA NA NA NA NA 
1735426800.0 13234.0 NA 639 0 NA NA NA NA NA NA NA 833 0 NA NA NA NA NA NA NA 1928 130 NA NA NA NA NA NA NA 942 154 NA NA NA NA NA NA 
1735426800.0 1324.0 NA 238 424 0 NA NA NA NA NA NA 326 589 0 NA NA NA NA NA NA 182 758 165 NA NA NA NA NA NA 176 799 190 NA NA NA NA NA 
1735426800.0 1325.0 NA 237 431 0 136 176 NA NA NA NA 319 608 0 192 266 NA NA NA NA 180 781 162 141 207 NA NA NA NA 162 710 188 182 239 NA NA NA 
1735426800.0 1325.1 NA 235 254 0 NA NA NA NA NA NA 321 387 0 NA NA NA NA NA NA 179 314 139 NA NA NA NA NA NA 192 437 176 NA NA NA NA NA 
1735426800.0 1325.2 NA 238 423 0 NA NA NA NA NA NA 328 592 0 NA NA NA NA NA NA 188 795 160 NA NA NA NA NA NA 195 886 186 NA NA NA NA NA 
1735426800.0 1325.3 NA 237 246 0 NA NA NA NA NA NA 324 383 0 NA NA NA NA NA NA 172 321 129 NA NA NA NA NA NA 186 411 161 NA NA NA NA NA 
1735426800.0 1325.4 NA 239 429 0 NA NA NA NA NA NA 323 614 0 NA NA NA NA NA NA 186 806 168 NA NA NA NA NA NA 202 928 203 NA NA NA NA NA 
1735426800.0 1325.9 NA 260 427 0 136 NA NA NA NA NA 343 621 0 199 NA NA NA NA NA 209 791 162 134 NA NA NA NA NA 212 767 198 171 NA NA NA NA 
1735426800.0 1325.91 NA 262 427 0 135 NA NA NA NA NA 354 613 0 196 NA NA NA NA NA 210 787 167 150 NA NA NA NA NA 194 802 203 190 NA NA NA NA 
1735426800.0 1326.0 NA 234 418 0 NA NA NA NA NA NA 309 566 0 NA NA NA NA NA NA 177 746 162 NA NA NA NA NA NA 222 895 202 NA NA NA NA NA 
1735426800.0 1327.0 NA 232 423 0 NA NA NA NA NA NA 320 588 0 NA NA NA NA NA NA 178 687 148 NA NA NA NA NA NA 234 784 168 NA NA NA NA NA 
1735426800.0 1328.0 NA 238 425 0 NA NA NA NA NA NA 318 608 0 NA NA NA NA NA NA 186 779 156 NA NA NA NA NA NA 225 926 174 NA NA NA NA NA 
1735426800.0 1329.0 NA 233 423 0 177 NA NA NA NA NA 320 573 0 265 NA NA NA NA NA 182 719 156 218 NA NA NA NA NA 190 843 177 275 NA NA NA NA 
1735426800.0 133.0 182 187 385 NA NA NA NA NA NA 286 256 552 NA NA NA NA NA NA 1120 180 806 NA NA NA NA NA NA 496 167 727 NA NA NA NA NA NA 
1735426800.0 1330.0 NA 238 457 0 178 NA NA NA NA NA 332 618 0 269 NA NA NA NA NA 179 745 164 206 NA NA NA NA NA 154 696 191 224 NA NA NA NA 
1735426800.0 1331.0 NA 232 415 0 175 NA NA NA NA NA 328 574 0 262 NA NA NA NA NA 180 727 172 214 NA NA NA NA NA 186 799 266 258 NA NA NA NA 
1735426800.0 1332.0 NA 234 425 0 NA NA NA NA NA NA 317 599 0 NA NA NA NA NA NA 182 760 156 NA NA NA NA NA NA 198 875 176 NA NA NA NA NA 
1735426800.0 1333.0 NA 231 411 0 NA NA NA NA NA NA 314 567 0 NA NA NA NA NA NA 173 693 148 NA NA NA NA NA NA 219 951 166 NA NA NA NA NA 
1735426800.0 1334.0 NA 237 426 0 NA NA NA NA NA NA 328 589 0 NA NA NA NA NA NA 178 756 167 NA NA NA NA NA NA 244 866 233 NA NA NA NA NA 
1735426800.0 1335.0 NA 230 415 0 NA NA NA NA NA NA 315 560 0 NA NA NA NA NA NA 172 684 150 NA NA NA NA NA NA 226 706 202 NA NA NA NA NA 
1735426800.0 1336.0 NA 236 434 0 NA NA NA NA NA NA 319 609 0 NA NA NA NA NA NA 193 1060 161 NA NA NA NA NA NA 205 907 205 NA NA NA NA NA 
1735426800.0 1337.0 NA 249 451 0 NA NA NA NA NA NA 343 649 0 NA NA NA NA NA NA 203 985 168 NA NA NA NA NA NA 213 981 194 NA NA NA NA NA 
1735426800.0 1338.0 NA 237 428 0 176 NA NA NA NA NA 328 593 0 267 NA NA NA NA NA 191 791 161 198 NA NA NA NA NA 174 756 187 220 NA NA NA NA 
1735426800.0 1339.0 NA 238 432 0 NA NA NA NA NA NA 323 610 0 NA NA NA NA NA NA 193 903 161 NA NA NA NA NA NA 234 1015 185 NA NA NA NA NA 
1735426800.0 134.0 NA 388 89 0 NA NA NA NA NA NA 568 149 0 NA NA NA NA NA NA 1331 71 40 NA NA NA NA NA NA 1041 95 60 NA NA NA NA NA 
1735426800.0 134.701 NA 103 415 0 NA NA NA NA NA NA 176 586 0 NA NA NA NA NA NA 74 1780 152 NA NA NA NA NA NA 95 1084 188 NA NA NA NA NA 
1735426800.0 134.702 NA 106 422 0 NA NA NA NA NA NA 172 626 0 NA NA NA NA NA NA 73 2221 141 NA NA NA NA NA NA 92 1114 163 NA NA NA NA NA 
1735426800.0 134.703 NA 107 439 0 NA NA NA NA NA NA 174 646 0 NA NA NA NA NA NA 77 2263 149 NA NA NA NA NA NA 94 1116 172 NA NA NA NA NA 
1735426800.0 134.704 NA 106 425 0 NA NA NA NA NA NA 172 638 0 NA NA NA NA NA NA 76 2101 142 NA NA NA NA NA NA 89 1073 166 NA NA NA NA NA 
1735426800.0 134.705 NA 109 436 0 NA NA NA NA NA NA 182 662 0 NA NA NA NA NA NA 77 2359 161 NA NA NA NA NA NA 103 1138 191 NA NA NA NA NA 
1735426800.0 134.706 NA 108 437 0 NA NA NA NA NA NA 175 652 0 NA NA NA NA NA NA 75 2398 165 NA NA NA NA NA NA 100 1128 202 NA NA NA NA NA 
1735426800.0 134.707 NA 107 422 0 NA NA NA NA NA NA 172 620 0 NA NA NA NA NA NA 76 2153 146 NA NA NA NA NA NA 97 1223 170 NA NA NA NA NA 
1735426800.0 134.708 NA 106 422 0 NA NA NA NA NA NA 173 637 0 NA NA NA NA NA NA 78 2058 143 NA NA NA NA NA NA 109 1051 169 NA NA NA NA NA 
1735426800.0 134.709 NA 107 595 0 NA NA NA NA NA NA 174 873 0 NA NA NA NA NA NA 75 2222 150 NA NA NA NA NA NA 87 1112 185 NA NA NA NA NA 
1735426800.0 134.71 NA 105 411 0 NA NA NA NA NA NA 173 574 0 NA NA NA NA NA NA 76 1609 144 NA NA NA NA NA NA 97 1105 167 NA NA NA NA NA 
1735426800.0 134.801 NA 104 419 0 NA NA NA NA NA NA 172 599 0 NA NA NA NA NA NA 72 1646 140 NA NA NA NA NA NA 81 1049 164 NA NA NA NA NA 
1735426800.0 134.802 NA 103 429 0 NA NA NA NA NA NA 174 622 0 NA NA NA NA NA NA 85 2639 143 NA NA NA NA NA NA 93 1247 164 NA NA NA NA NA 
1735426800.0 134.803 NA 104 432 0 NA NA NA NA NA NA 171 635 0 NA NA NA NA NA NA 85 2457 150 NA NA NA NA NA NA 91 1145 182 NA NA NA NA NA 
1735426800.0 134.804 NA 105 439 0 NA NA NA NA NA NA 177 651 0 NA NA NA NA NA NA 80 2667 149 NA NA NA NA NA NA 87 1260 197 NA NA NA NA NA 
1735426800.0 134.805 NA 105 441 0 NA NA NA NA NA NA 175 647 0 NA NA NA NA NA NA 84 2614 148 NA NA NA NA NA NA 109 1190 176 NA NA NA NA NA 
1735426800.0 134.806 NA 106 442 0 NA NA NA NA NA NA 178 649 0 NA NA NA NA NA NA 86 2875 149 NA NA NA NA NA NA 93 1303 199 NA NA NA NA NA 
1735426800.0 134.807 NA 213 471 0 NA NA NA NA NA NA 302 661 0 NA NA NA NA NA NA 246 2576 177 NA NA NA NA NA NA 229 1213 203 NA NA NA NA NA 
1735426800.0 134.808 NA 212 471 0 NA NA NA NA NA NA 295 675 0 NA NA NA NA NA NA 234 2649 158 NA NA NA NA NA NA 194 1186 185 NA NA NA NA NA 
1735426800.0 134.809 NA 105 428 0 NA NA NA NA NA NA 175 636 0 NA NA NA NA NA NA 87 2501 149 NA NA NA NA NA NA 102 1168 180 NA NA NA NA NA 
1735426800.0 134.81 NA 104 426 0 NA NA NA NA NA NA 174 625 0 NA NA NA NA NA NA 81 2477 147 NA NA NA NA NA NA 104 1139 179 NA NA NA NA NA 
1735426800.0 134.811 NA 105 439 0 NA NA NA NA NA NA 171 663 0 NA NA NA NA NA NA 86 2595 148 NA NA NA NA NA NA 123 1186 186 NA NA NA NA NA 
1735426800.0 134.812 NA 103 416 0 NA NA NA NA NA NA 173 574 0 NA NA NA NA NA NA 78 1627 144 NA NA NA NA NA NA 105 942 171 NA NA NA NA NA 
1735426800.0 134.813 NA 253 130 0 NA NA NA NA NA NA 399 196 0 NA NA NA NA NA NA 474 101 91 NA NA NA NA NA NA 270 146 113 NA NA NA NA NA 
1735426800.0 134.901 NA 105 416 0 NA NA NA NA NA NA 169 630 0 NA NA NA NA NA NA 77 1680 142 NA NA NA NA NA NA 84 950 180 NA NA NA NA NA 
1735426800.0 134.902 NA 107 423 0 NA NA NA NA NA NA 173 626 0 NA NA NA NA NA NA 83 2087 149 NA NA NA NA NA NA 100 1062 185 NA NA NA NA NA 
1735426800.0 134.903 NA 108 417 0 NA NA NA NA NA NA 181 628 0 NA NA NA NA NA NA 80 1970 147 NA NA NA NA NA NA 89 1081 181 NA NA NA NA NA 
1735426800.0 134.904 NA 109 429 0 NA NA NA NA NA NA 182 647 0 NA NA NA NA NA NA 77 2328 140 NA NA NA NA NA NA 95 1197 158 NA NA NA NA NA 
1735426800.0 134.905 NA 107 425 0 NA NA NA NA NA NA 175 644 0 NA NA NA NA NA NA 82 1936 149 NA NA NA NA NA NA 95 1037 189 NA NA NA NA NA 
1735426800.0 134.906 NA 106 426 0 NA NA NA NA NA NA 176 612 0 NA NA NA NA NA NA 80 2249 148 NA NA NA NA NA NA 100 1099 178 NA NA NA NA NA 
1735426800.0 134.907 NA 201 455 0 NA NA NA NA NA NA 295 632 0 NA NA NA NA NA NA 239 2150 160 NA NA NA NA NA NA 285 1108 199 NA NA NA NA NA 
1735426800.0 134.908 NA 214 459 0 NA NA NA NA NA NA 301 674 0 NA NA NA NA NA NA 207 2157 155 NA NA NA NA NA NA 185 1082 194 NA NA NA NA NA 
1735426800.0 134.909 NA 106 416 0 NA NA NA NA NA NA 171 617 0 NA NA NA NA NA NA 74 2029 141 NA NA NA NA NA NA 85 1175 161 NA NA NA NA NA 
1735426800.0 134.91 NA 106 419 0 NA NA NA NA NA NA 179 618 0 NA NA NA NA NA NA 78 1864 141 NA NA NA NA NA NA 89 1012 161 NA NA NA NA NA 
1735426800.0 134.911 NA 106 424 0 NA NA NA NA NA NA 172 608 0 NA NA NA NA NA NA 81 1993 150 NA NA NA NA NA NA 109 1072 192 NA NA NA NA NA 
1735426800.0 134.912 NA 101 410 0 NA NA NA NA NA NA 168 568 0 NA NA NA NA NA NA 71 1568 146 NA NA NA NA NA NA 91 1092 164 NA NA NA NA NA 
1735426800.0 134.99601 NA 104 435 0 NA NA NA NA NA NA 172 650 0 NA NA NA NA NA NA 81 3002 143 NA NA NA NA NA NA 86 1331 164 NA NA NA NA NA 
1735426800.0 134.99602 NA 105 412 0 NA NA NA NA NA NA 170 567 0 NA NA NA NA NA NA 76 1786 145 NA NA NA NA NA NA 83 1011 184 NA NA NA NA NA 
1735426800.0 134.99603 NA 107 432 0 NA NA NA NA NA NA 180 639 0 NA NA NA NA NA NA 83 2372 149 NA NA NA NA NA NA 96 1112 203 NA NA NA NA NA 
1735426800.0 134.99901 NA 107 413 0 NA NA NA NA NA NA 172 611 0 NA NA NA NA NA NA 77 1890 147 NA NA NA NA NA NA 83 1025 171 NA NA NA NA NA 
1735426800.0 1340.0 NA 231 408 0 NA NA NA NA NA NA 327 558 0 NA NA NA NA NA NA 176 721 158 NA NA NA NA NA NA 171 935 187 NA NA NA NA NA 
1735426800.0 1341.0 NA 242 436 0 NA NA NA NA NA NA 325 653 0 NA NA NA NA NA NA 206 959 163 NA NA NA NA NA NA 217 992 183 NA NA NA NA NA 
1735426800.0 1343.0 NA 234 427 0 NA NA NA NA NA NA 322 596 0 NA NA NA NA NA NA 188 807 169 NA NA NA NA NA NA 188 869 201 NA NA NA NA NA 
1735426800.0 13434.0 NA 797 0 NA NA NA NA NA NA NA 1094 0 NA NA NA NA NA NA NA 3178 128 NA NA NA NA NA NA NA 1612 151 NA NA NA NA NA NA 
1735426800.0 1344.0 NA 234 425 0 NA NA NA NA NA NA 315 605 0 NA NA NA NA NA NA 183 774 165 NA NA NA NA NA NA 224 873 210 NA NA NA NA NA 
1735426800.0 1345.0 NA 235 428 0 NA NA NA NA NA NA 315 602 0 NA NA NA NA NA NA 180 750 168 NA NA NA NA NA NA 202 734 226 NA NA NA NA NA 
1735426800.0 1347.0 NA 235 421 0 NA NA NA NA NA NA 319 582 0 NA NA NA NA NA NA 181 759 160 NA NA NA NA NA NA 179 962 181 NA NA NA NA NA 
1735426800.0 1348.0 NA 232 415 0 NA NA NA NA NA NA 320 571 0 NA NA NA NA NA NA 178 738 156 NA NA NA NA NA NA 172 842 177 NA NA NA NA NA 
1735426800.0 1349.0 NA 234 414 0 NA NA NA NA NA NA 325 556 0 NA NA NA NA NA NA 186 740 154 NA NA NA NA NA NA 183 890 176 NA NA NA NA NA 
1735426800.0 135.1 430 0 210 172 NA NA NA NA NA 562 0 323 264 NA NA NA NA NA 414 117 289 195 NA NA NA NA NA 513 185 426 224 NA NA NA NA NA 
1735426800.0 135.11 413 0 213 175 NA NA NA NA NA 572 0 340 253 NA NA NA NA NA 484 104 331 206 NA NA NA NA NA 518 167 376 247 NA NA NA NA NA 
1735426800.0 135.12 430 0 204 170 NA NA NA NA NA 561 0 315 258 NA NA NA NA NA 391 105 276 186 NA NA NA NA NA 365 151 377 210 NA NA NA NA NA 
1735426800.0 135.13 434 0 NA NA NA NA NA NA NA 577 0 NA NA NA NA NA NA NA 416 126 NA NA NA NA NA NA NA 454 157 NA NA NA NA NA NA NA 
1735426800.0 135.14 431 0 205 175 NA NA NA NA NA 564 0 318 269 NA NA NA NA NA 420 117 289 195 NA NA NA NA NA 619 189 410 266 NA NA NA NA NA 
1735426800.0 135.2 361 0 197 173 NA NA NA NA NA 493 0 284 257 NA NA NA NA NA 371 104 274 200 NA NA NA NA NA 364 167 367 221 NA NA NA NA NA 
1735426800.0 135.3 360 0 201 170 NA NA NA NA NA 499 0 294 255 NA NA NA NA NA 352 103 273 186 NA NA NA NA NA 388 200 378 206 NA NA NA NA NA 
1735426800.0 135.4 421 0 208 175 NA NA NA NA NA 556 0 299 264 NA NA NA NA NA 389 105 275 189 NA NA NA NA NA 430 184 415 211 NA NA NA NA NA 
1735426800.0 135.5 419 0 203 170 NA NA NA NA NA 566 0 301 256 NA NA NA NA NA 376 103 279 188 NA NA NA NA NA 374 188 363 205 NA NA NA NA NA 
1735426800.0 135.6 431 0 209 171 NA NA NA NA NA 582 0 324 259 NA NA NA NA NA 425 103 277 208 NA NA NA NA NA 383 140 274 249 NA NA NA NA NA 
1735426800.0 135.7 422 0 200 170 NA NA NA NA NA 562 0 299 253 NA NA NA NA NA 403 108 274 202 NA NA NA NA NA 385 150 313 226 NA NA NA NA NA 
1735426800.0 135.8 192 NA NA NA NA NA NA NA NA 286 NA NA NA NA NA NA NA NA 321 NA NA NA NA NA NA NA NA 239 NA NA NA NA NA NA NA NA 
1735426800.0 135.9 424 0 205 170 NA NA NA NA NA 556 0 302 261 NA NA NA NA NA 389 104 269 183 NA NA NA NA NA 401 212 386 208 NA NA NA NA NA 
1735426800.0 1350.0 NA 235 414 0 NA NA NA NA NA NA 313 549 0 NA NA NA NA NA NA 183 736 157 NA NA NA NA NA NA 168 740 179 NA NA NA NA NA 
1735426800.0 1351.0 NA 235 413 0 NA NA NA NA NA NA 325 575 0 NA NA NA NA NA NA 183 742 170 NA NA NA NA NA NA 198 882 216 NA NA NA NA NA 
1735426800.0 1352.0 NA 230 415 0 NA NA NA NA NA NA 314 583 0 NA NA NA NA NA NA 167 732 148 NA NA NA NA NA NA 214 907 173 NA NA NA NA NA 
1735426800.0 1353.0 NA 233 421 0 NA NA NA NA NA NA 313 590 0 NA NA NA NA NA NA 178 783 156 NA NA NA NA NA NA 205 896 173 NA NA NA NA NA 
1735426800.0 1354.0 NA 236 425 0 NA NA NA NA NA NA 316 596 0 NA NA NA NA NA NA 185 781 157 NA NA NA NA NA NA 193 842 174 NA NA NA NA NA 
1735426800.0 1355.0 NA 240 426 0 NA NA NA NA NA NA 325 596 0 NA NA NA NA NA NA 193 805 165 NA NA NA NA NA NA 232 852 205 NA NA NA NA NA 
1735426800.0 1356.0 169 227 450 0 218 NA NA NA NA 264 304 617 0 317 NA NA NA NA 714 178 776 155 288 NA NA NA NA 367 161 759 179 324 NA NA NA NA 
1735426800.0 136.721 NA 173 452 0 NA NA NA NA NA NA 245 659 0 NA NA NA NA NA NA 184 2441 146 NA NA NA NA NA NA 181 1145 179 NA NA NA NA NA 
1735426800.0 136.722 NA 173 446 0 NA NA NA NA NA NA 238 656 0 NA NA NA NA NA NA 185 2667 104 NA NA NA NA NA NA 160 1252 125 NA NA NA NA NA 
1735426800.0 136.723 NA 174 460 0 NA NA NA NA NA NA 244 684 0 NA NA NA NA NA NA 209 2646 153 NA NA NA NA NA NA 184 1165 196 NA NA NA NA NA 
1735426800.0 136.724 NA 173 460 0 NA NA NA NA NA NA 244 703 0 NA NA NA NA NA NA 201 3082 99 NA NA NA NA NA NA 181 1403 122 NA NA NA NA NA 
1735426800.0 136.725 NA 172 452 0 NA NA NA NA NA NA 252 666 0 NA NA NA NA NA NA 190 2611 98 NA NA NA NA NA NA 208 1355 120 NA NA NA NA NA 
1735426800.0 136.726 NA 173 402 0 NA NA NA NA NA NA 250 613 0 NA NA NA NA NA NA 202 2758 92 NA NA NA NA NA NA 167 1299 110 NA NA NA NA NA 
1735426800.0 136.727 NA 277 491 0 NA NA NA NA NA NA 382 710 0 NA NA NA NA NA NA 313 2628 147 NA NA NA NA NA NA 238 1200 220 NA NA NA NA NA 
1735426800.0 136.728 NA 276 500 0 NA NA NA NA NA NA 383 735 0 NA NA NA NA NA NA 375 2871 141 NA NA NA NA NA NA 359 1257 208 NA NA NA NA NA 
1735426800.0 136.729 NA 173 462 0 NA NA NA NA NA NA 238 687 0 NA NA NA NA NA NA 184 2677 116 NA NA NA NA NA NA 206 1198 166 NA NA NA NA NA 
1735426800.0 136.73 NA 175 463 0 NA NA NA NA NA NA 253 679 0 NA NA NA NA NA NA 200 2725 112 NA NA NA NA NA NA 173 1347 168 NA NA NA NA NA 
1735426800.0 136.731 NA 172 460 0 NA NA NA NA NA NA 247 665 0 NA NA NA NA NA NA 183 2700 108 NA NA NA NA NA NA 167 1244 157 NA NA NA NA NA 
1735426800.0 136.732 NA 173 483 0 NA NA NA NA NA NA 243 660 0 NA NA NA NA NA NA 173 2204 154 NA NA NA NA NA NA 162 1095 192 NA NA NA NA NA 
1735426800.0 136.733 NA 263 137 0 NA NA NA NA NA NA 405 207 0 NA NA NA NA NA NA 440 127 90 NA NA NA NA NA NA 403 174 105 NA NA NA NA NA 
1735426800.0 136.734 NA 172 401 0 NA NA NA NA NA NA 242 602 0 NA NA NA NA NA NA 229 2621 111 NA NA NA NA NA NA 207 1220 152 NA NA NA NA NA 
1735426800.0 136.735 NA 178 382 0 NA NA NA NA NA NA 254 532 0 NA NA NA NA NA NA 198 1140 122 NA NA NA NA NA NA 190 980 145 NA NA NA NA NA 
1735426800.0 136.736 NA 172 473 0 NA NA NA NA NA NA 253 689 0 NA NA NA NA NA NA 207 4013 134 NA NA NA NA NA NA 180 1592 150 NA NA NA NA NA 
1735426800.0 136.737 NA 170 452 0 NA NA NA NA NA NA 241 718 0 NA NA NA NA NA NA 215 4570 108 NA NA NA NA NA NA 221 1878 157 NA NA NA NA NA 
1735426800.0 136.738 NA 174 466 0 NA NA NA NA NA NA 254 700 0 NA NA NA NA NA NA 232 4547 141 NA NA NA NA NA NA 173 1678 179 NA NA NA NA NA 
1735426800.0 136.739 NA 173 468 0 NA NA NA NA NA NA 247 720 0 NA NA NA NA NA NA 220 5116 107 NA NA NA NA NA NA 222 1888 135 NA NA NA NA NA 
1735426800.0 136.74 NA 173 464 0 NA NA NA NA NA NA 251 705 0 NA NA NA NA NA NA 216 4373 107 NA NA NA NA NA NA 180 1700 145 NA NA NA NA NA 
1735426800.0 136.741 NA 173 415 0 NA NA NA NA NA NA 248 648 0 NA NA NA NA NA NA 222 4464 96 NA NA NA NA NA NA 161 1749 115 NA NA NA NA NA 
1735426800.0 136.742 NA 171 476 0 NA NA NA NA NA NA 241 714 0 NA NA NA NA NA NA 214 4171 118 NA NA NA NA NA NA 181 1619 180 NA NA NA NA NA 
1735426800.0 136.743 NA 172 503 0 NA NA NA NA NA NA 244 747 0 NA NA NA NA NA NA 222 4106 116 NA NA NA NA NA NA 175 1592 143 NA NA NA NA NA 
1735426800.0 136.744 NA 172 463 0 NA NA NA NA NA NA 242 735 0 NA NA NA NA NA NA 213 4468 105 NA NA NA NA NA NA 195 1746 128 NA NA NA NA NA 
1735426800.0 136.745 NA 174 493 0 NA NA NA NA NA NA 247 662 0 NA NA NA NA NA NA 195 3054 141 NA NA NA NA NA NA 163 1305 186 NA NA NA NA NA 
1735426800.0 136.746 NA 172 418 0 NA NA NA NA NA NA 248 620 0 NA NA NA NA NA NA 243 4144 123 NA NA NA NA NA NA 176 1664 168 NA NA NA NA NA 
1735426800.0 136.747 NA 174 470 0 NA NA NA NA NA NA 250 706 0 NA NA NA NA NA NA 211 4119 137 NA NA NA NA NA NA 162 1676 158 NA NA NA NA NA 
1735426800.0 136.748 NA 174 414 0 NA NA NA NA NA NA 241 627 0 NA NA NA NA NA NA 203 4074 103 NA NA NA NA NA NA 169 1695 128 NA NA NA NA NA 
1735426800.0 136.749 NA 172 479 0 NA NA NA NA NA NA 244 710 0 NA NA NA NA NA NA 249 4653 136 NA NA NA NA NA NA 206 1740 153 NA NA NA NA NA 
1735426800.0 136.75 NA 174 476 0 NA NA NA NA NA NA 245 756 0 NA NA NA NA NA NA 214 5226 100 NA NA NA NA NA NA 171 2065 122 NA NA NA NA NA 
1735426800.0 136.751 NA 170 468 0 NA NA NA NA NA NA 238 725 0 NA NA NA NA NA NA 226 5319 102 NA NA NA NA NA NA 231 1938 132 NA NA NA NA NA 
1735426800.0 136.752 NA 175 418 0 NA NA NA NA NA NA 248 652 0 NA NA NA NA NA NA 235 4402 95 NA NA NA NA NA NA 229 1723 128 NA NA NA NA NA 
1735426800.0 136.753 NA 173 480 0 NA NA NA NA NA NA 247 720 0 NA NA NA NA NA NA 196 4302 117 NA NA NA NA NA NA 186 1626 156 NA NA NA NA NA 
1735426800.0 136.754 NA 179 517 0 NA NA NA NA NA NA 270 742 0 NA NA NA NA NA NA 216 3680 119 NA NA NA NA NA NA 207 1481 167 NA NA NA NA NA 
1735426800.0 136.755 NA 172 454 0 NA NA NA NA NA NA 250 713 0 NA NA NA NA NA NA 218 4775 108 NA NA NA NA NA NA 229 1855 175 NA NA NA NA NA 
1735426800.0 136.756 NA 173 494 0 NA NA NA NA NA NA 246 688 0 NA NA NA NA NA NA 187 2874 140 NA NA NA NA NA NA 180 1232 161 NA NA NA NA NA 
1735426800.0 136.757 NA 176 417 0 NA NA NA NA NA NA 252 633 0 NA NA NA NA NA NA 249 3982 109 NA NA NA NA NA NA 185 1580 130 NA NA NA NA NA 
1735426800.0 136.758 NA 173 479 0 NA NA NA NA NA NA 250 697 0 NA NA NA NA NA NA 221 5097 134 NA NA NA NA NA NA 195 1943 152 NA NA NA NA NA 
1735426800.0 136.759 NA 169 481 0 NA NA NA NA NA NA 236 717 0 NA NA NA NA NA NA 224 5620 110 NA NA NA NA NA NA 201 2043 139 NA NA NA NA NA 
1735426800.0 136.76 NA 173 489 0 NA NA NA NA NA NA 247 743 0 NA NA NA NA NA NA 258 6235 144 NA NA NA NA NA NA 255 2149 166 NA NA NA NA NA 
1735426800.0 136.761 NA 172 480 0 NA NA NA NA NA NA 245 782 0 NA NA NA NA NA NA 237 6930 107 NA NA NA NA NA NA 228 2400 134 NA NA NA NA NA 
1735426800.0 136.762 NA 174 451 0 NA NA NA NA NA NA 247 727 0 NA NA NA NA NA NA 229 7593 107 NA NA NA NA NA NA 222 2917 138 NA NA NA NA NA 
1735426800.0 136.763 NA 172 424 0 NA NA NA NA NA NA 248 661 0 NA NA NA NA NA NA 245 6009 99 NA NA NA NA NA NA 240 2134 121 NA NA NA NA NA 
1735426800.0 136.764 NA 172 485 0 NA NA NA NA NA NA 240 713 0 NA NA NA NA NA NA 217 5899 118 NA NA NA NA NA NA 196 2164 140 NA NA NA NA NA 
1735426800.0 136.765 NA 174 511 0 NA NA NA NA NA NA 247 740 0 NA NA NA NA NA NA 227 5086 117 NA NA NA NA NA NA 200 1956 145 NA NA NA NA NA 
1735426800.0 136.766 NA 173 454 0 NA NA NA NA NA NA 249 721 0 NA NA NA NA NA NA 232 5778 112 NA NA NA NA NA NA 239 2273 142 NA NA NA NA NA 
1735426800.0 136.767 NA 173 498 0 NA NA NA NA NA NA 247 711 0 NA NA NA NA NA NA 210 4340 138 NA NA NA NA NA NA 195 1679 156 NA NA NA NA NA 
1735426800.0 136.768 NA 173 422 0 NA NA NA NA NA NA 248 648 0 NA NA NA NA NA NA 248 5439 114 NA NA NA NA NA NA 184 1971 139 NA NA NA NA NA 
1735426800.0 136.769 NA 174 476 0 NA NA NA NA NA NA 247 717 0 NA NA NA NA NA NA 203 4051 138 NA NA NA NA NA NA 165 1589 159 NA NA NA NA NA 
1735426800.0 136.77 NA 173 463 0 NA NA NA NA NA NA 237 716 0 NA NA NA NA NA NA 195 4158 110 NA NA NA NA NA NA 183 1743 130 NA NA NA NA NA 
1735426800.0 136.771 NA 173 477 0 NA NA NA NA NA NA 252 711 0 NA NA NA NA NA NA 220 4012 137 NA NA NA NA NA NA 168 1541 168 NA NA NA NA NA 
1735426800.0 136.772 NA 172 460 0 NA NA NA NA NA NA 242 714 0 NA NA NA NA NA NA 208 4755 99 NA NA NA NA NA NA 191 1814 122 NA NA NA NA NA 
1735426800.0 136.773 NA 173 471 0 NA NA NA NA NA NA 247 689 0 NA NA NA NA NA NA 205 4141 105 NA NA NA NA NA NA 203 1648 129 NA NA NA NA NA 
1735426800.0 136.774 NA 173 423 0 NA NA NA NA NA NA 252 671 0 NA NA NA NA NA NA 212 4196 93 NA NA NA NA NA NA 163 1658 112 NA NA NA NA NA 
1735426800.0 136.775 NA 174 478 0 NA NA NA NA NA NA 252 720 0 NA NA NA NA NA NA 196 3981 116 NA NA NA NA NA NA 167 1607 143 NA NA NA NA NA 
1735426800.0 136.776 NA 174 505 0 NA NA NA NA NA NA 249 719 0 NA NA NA NA NA NA 217 3750 116 NA NA NA NA NA NA 189 1654 143 NA NA NA NA NA 
1735426800.0 136.777 NA 172 468 0 NA NA NA NA NA NA 244 713 0 NA NA NA NA NA NA 202 4394 104 NA NA NA NA NA NA 197 1739 128 NA NA NA NA NA 
1735426800.0 136.778 NA 174 491 0 NA NA NA NA NA NA 249 656 0 NA NA NA NA NA NA 190 2658 138 NA NA NA NA NA NA 165 1215 155 NA NA NA NA NA 
1735426800.0 136.779 NA 172 415 0 NA NA NA NA NA NA 244 630 0 NA NA NA NA NA NA 233 3894 108 NA NA NA NA NA NA 184 1600 132 NA NA NA NA NA 
1735426800.0 136.78 NA 197 559 0 NA NA NA NA NA NA 271 834 0 NA NA NA NA NA NA 208 5029 153 NA NA NA NA NA NA 218 1959 174 NA NA NA NA NA 
1735426800.0 136.7801 NA 195 0 NA NA NA NA NA NA NA 270 0 NA NA NA NA NA NA NA 241 80 NA NA NA NA NA NA NA 353 98 NA NA NA NA NA NA 
1735426800.0 136.7802 NA 131 0 NA NA NA NA NA NA NA 201 0 NA NA NA NA NA NA NA 147 74 NA NA NA NA NA NA NA 225 97 NA NA NA NA NA NA 
1735426800.0 136.7803 NA 198 0 NA NA NA NA NA NA NA 279 0 NA NA NA NA NA NA NA 310 73 NA NA NA NA NA NA NA 647 106 NA NA NA NA NA NA 
1735426800.0 136.781 NA 194 489 0 NA NA NA NA NA NA 267 787 0 NA NA NA NA NA NA 198 5139 123 NA NA NA NA NA NA 198 1954 142 NA NA NA NA NA 
1735426800.0 136.782 NA 196 569 0 NA NA NA NA NA NA 279 874 0 NA NA NA NA NA NA 247 5612 157 NA NA NA NA NA NA 190 1984 176 NA NA NA NA NA 
1735426800.0 136.783 NA 196 512 0 NA NA NA NA NA NA 278 833 0 NA NA NA NA NA NA 213 6541 128 NA NA NA NA NA NA 241 2367 164 NA NA NA NA NA 
1735426800.0 136.784 NA 194 462 0 NA NA NA NA NA NA 270 685 0 NA NA NA NA NA NA 196 4911 129 NA NA NA NA NA NA 180 1885 172 NA NA NA NA NA 
1735426800.0 136.785 NA 194 471 0 NA NA NA NA NA NA 274 753 0 NA NA NA NA NA NA 245 5544 119 NA NA NA NA NA NA 261 2108 140 NA NA NA NA NA 
1735426800.0 136.786 NA 196 557 0 NA NA NA NA NA NA 275 839 0 NA NA NA NA NA NA 203 5497 131 NA NA NA NA NA NA 230 1997 147 NA NA NA NA NA 
1735426800.0 136.787 NA 196 636 0 NA NA NA NA NA NA 269 918 0 NA NA NA NA NA NA 213 5280 134 NA NA NA NA NA NA 204 1997 155 NA NA NA NA NA 
1735426800.0 136.788 NA 195 510 0 NA NA NA NA NA NA 275 829 0 NA NA NA NA NA NA 213 5978 127 NA NA NA NA NA NA 252 2205 148 NA NA NA NA NA 
1735426800.0 136.789 NA 194 601 0 NA NA NA NA NA NA 274 824 0 NA NA NA NA NA NA 186 4699 153 NA NA NA NA NA NA 235 1799 169 NA NA NA NA NA 
1735426800.0 136.79 NA 198 466 0 NA NA NA NA NA NA 273 687 0 NA NA NA NA NA NA 226 3109 128 NA NA NA NA NA NA 188 1407 171 NA NA NA NA NA 
1735426800.0 136.791 NA 197 467 0 NA NA NA NA NA NA 282 651 0 NA NA NA NA NA NA 195 1253 140 NA NA NA NA NA NA 209 1013 164 NA NA NA NA NA 
1735426800.0 136.792 NA 197 560 0 NA NA NA NA NA NA 272 830 0 NA NA NA NA NA NA 205 4277 150 NA NA NA NA NA NA 206 1685 169 NA NA NA NA NA 
1735426800.0 136.793 NA 197 502 0 NA NA NA NA NA NA 272 776 0 NA NA NA NA NA NA 186 4137 121 NA NA NA NA NA NA 172 1721 151 NA NA NA NA NA 
1735426800.0 136.794 NA 198 562 0 NA NA NA NA NA NA 269 846 0 NA NA NA NA NA NA 224 4485 163 NA NA NA NA NA NA 192 1689 195 NA NA NA NA NA 
1735426800.0 136.795 NA 196 520 0 NA NA NA NA NA NA 274 813 0 NA NA NA NA NA NA 199 4621 116 NA NA NA NA NA NA 200 1808 132 NA NA NA NA NA 
1735426800.0 136.796 NA 197 457 0 NA NA NA NA NA NA 278 689 0 NA NA NA NA NA NA 186 4165 123 NA NA NA NA NA NA 171 1708 164 NA NA NA NA NA 
1735426800.0 136.797 NA 195 462 0 NA NA NA NA NA NA 281 709 0 NA NA NA NA NA NA 220 4542 114 NA NA NA NA NA NA 220 1791 174 NA NA NA NA NA 
1735426800.0 136.798 NA 196 556 0 NA NA NA NA NA NA 271 826 0 NA NA NA NA NA NA 195 4394 136 NA NA NA NA NA NA 183 1859 208 NA NA NA NA NA 
1735426800.0 136.799 NA 196 637 0 NA NA NA NA NA NA 270 941 0 NA NA NA NA NA NA 215 4412 131 NA NA NA NA NA NA 202 1830 146 NA NA NA NA NA 
1735426800.0 136.8 NA 198 518 0 NA NA NA NA NA NA 283 792 0 NA NA NA NA NA NA 198 4544 122 NA NA NA NA NA NA 203 1807 151 NA NA NA NA NA 
1735426800.0 136.801 NA 195 595 0 NA NA NA NA NA NA 265 797 0 NA NA NA NA NA NA 176 3024 155 NA NA NA NA NA NA 169 1383 203 NA NA NA NA NA 
1735426800.0 136.802 NA 196 465 0 NA NA NA NA NA NA 269 687 0 NA NA NA NA NA NA 222 3825 128 NA NA NA NA NA NA 178 1662 177 NA NA NA NA NA 
1735426800.0 136.803 NA 198 471 0 NA NA NA NA NA NA 272 655 0 NA NA NA NA NA NA 193 1241 140 NA NA NA NA NA NA 177 1093 170 NA NA NA NA NA 
1735426800.0 136.804 NA 198 558 0 NA NA NA NA NA NA 284 857 0 NA NA NA NA NA NA 193 4187 152 NA NA NA NA NA NA 185 1707 169 NA NA NA NA NA 
1735426800.0 136.805 NA 197 504 0 NA NA NA NA NA NA 274 765 0 NA NA NA NA NA NA 197 4436 127 NA NA NA NA NA NA 209 1753 197 NA NA NA NA NA 
1735426800.0 136.806 NA 197 554 0 NA NA NA NA NA NA 268 802 0 NA NA NA NA NA NA 212 4296 154 NA NA NA NA NA NA 180 1718 178 NA NA NA NA NA 
1735426800.0 136.807 NA 198 498 0 NA NA NA NA NA NA 276 791 0 NA NA NA NA NA NA 186 4671 117 NA NA NA NA NA NA 187 1851 133 NA NA NA NA NA 
1735426800.0 136.808 NA 196 504 0 NA NA NA NA NA NA 265 772 0 NA NA NA NA NA NA 198 4354 120 NA NA NA NA NA NA 210 1750 161 NA NA NA NA NA 
1735426800.0 136.809 NA 196 453 0 NA NA NA NA NA NA 269 724 0 NA NA NA NA NA NA 238 4264 119 NA NA NA NA NA NA 247 1697 140 NA NA NA NA NA 
1735426800.0 136.81 NA 196 543 0 NA NA NA NA NA NA 280 826 0 NA NA NA NA NA NA 182 4153 133 NA NA NA NA NA NA 171 1675 171 NA NA NA NA NA 
1735426800.0 136.811 NA 196 623 0 NA NA NA NA NA NA 271 901 0 NA NA NA NA NA NA 207 4349 134 NA NA NA NA NA NA 203 1890 155 NA NA NA NA NA 
1735426800.0 136.812 NA 197 501 0 NA NA NA NA NA NA 276 789 0 NA NA NA NA NA NA 203 4847 121 NA NA NA NA NA NA 207 1972 145 NA NA NA NA NA 
1735426800.0 136.813 NA 197 588 0 NA NA NA NA NA NA 278 818 0 NA NA NA NA NA NA 182 2968 157 NA NA NA NA NA NA 195 1376 194 NA NA NA NA NA 
1735426800.0 136.814 NA 196 456 0 NA NA NA NA NA NA 275 715 0 NA NA NA NA NA NA 236 4097 126 NA NA NA NA NA NA 227 1825 151 NA NA NA NA NA 
1735426800.0 136.815 NA 201 456 0 NA NA NA NA NA NA 283 672 0 NA NA NA NA NA NA 193 1280 140 NA NA NA NA NA NA 175 1176 159 NA NA NA NA NA 
1735426800.0 136.816 NA 196 575 0 NA NA NA NA NA NA 272 883 0 NA NA NA NA NA NA 216 6289 162 NA NA NA NA NA NA 250 2297 185 NA NA NA NA NA 
1735426800.0 136.817 NA 196 513 0 NA NA NA NA NA NA 272 818 0 NA NA NA NA NA NA 194 5514 126 NA NA NA NA NA NA 175 2071 191 NA NA NA NA NA 
1735426800.0 136.818 NA 197 575 0 NA NA NA NA NA NA 271 897 0 NA NA NA NA NA NA 248 5781 166 NA NA NA NA NA NA 251 2224 187 NA NA NA NA NA 
1735426800.0 136.819 NA 195 514 0 NA NA NA NA NA NA 262 820 0 NA NA NA NA NA NA 220 6555 128 NA NA NA NA NA NA 280 2385 164 NA NA NA NA NA 
1735426800.0 136.82 NA 195 473 0 NA NA NA NA NA NA 271 762 0 NA NA NA NA NA NA 212 6317 126 NA NA NA NA NA NA 215 2419 159 NA NA NA NA NA 
1735426800.0 136.821 NA 197 468 0 NA NA NA NA NA NA 268 761 0 NA NA NA NA NA NA 223 5647 119 NA NA NA NA NA NA 183 2041 150 NA NA NA NA NA 
1735426800.0 136.822 NA 194 573 0 NA NA NA NA NA NA 268 852 0 NA NA NA NA NA NA 210 5522 133 NA NA NA NA NA NA 247 2004 152 NA NA NA NA NA 
1735426800.0 136.823 NA 195 631 0 NA NA NA NA NA NA 272 903 0 NA NA NA NA NA NA 226 5438 140 NA NA NA NA NA NA 268 2125 165 NA NA NA NA NA 
1735426800.0 136.824 NA 195 528 0 NA NA NA NA NA NA 270 818 0 NA NA NA NA NA NA 218 6920 129 NA NA NA NA NA NA 233 2415 169 NA NA NA NA NA 
1735426800.0 136.825 NA 196 612 0 NA NA NA NA NA NA 271 826 0 NA NA NA NA NA NA 177 3782 153 NA NA NA NA NA NA 167 1595 168 NA NA NA NA NA 
1735426800.0 136.826 NA 197 482 0 NA NA NA NA NA NA 279 745 0 NA NA NA NA NA NA 248 5520 138 NA NA NA NA NA NA 247 2082 168 NA NA NA NA NA 
1735426800.0 136.827 NA 199 471 0 NA NA NA NA NA NA 279 664 0 NA NA NA NA NA NA 184 1302 142 NA NA NA NA NA NA 160 1033 163 NA NA NA NA NA 
1735426800.0 136.828 NA 196 595 0 NA NA NA NA NA NA 271 937 0 NA NA NA NA NA NA 229 6761 165 NA NA NA NA NA NA 260 2425 189 NA NA NA NA NA 
1735426800.0 136.829 NA 195 521 0 NA NA NA NA NA NA 270 841 0 NA NA NA NA NA NA 216 6677 131 NA NA NA NA NA NA 266 2344 165 NA NA NA NA NA 
1735426800.0 136.83 NA 145 575 0 NA NA NA NA NA NA 275 897 0 NA NA NA NA NA NA 274 6704 167 NA NA NA NA NA NA 399 2459 188 NA NA NA NA NA 
1735426800.0 136.831 NA 196 524 0 NA NA NA NA NA NA 270 853 0 NA NA NA NA NA NA 206 7036 125 NA NA NA NA NA NA 183 2420 143 NA NA NA NA NA 
1735426800.0 136.832 NA 197 537 0 NA NA NA NA NA NA 274 846 0 NA NA NA NA NA NA 205 7803 124 NA NA NA NA NA NA 243 2992 146 NA NA NA NA NA 
1735426800.0 136.833 NA 197 477 0 NA NA NA NA NA NA 270 787 0 NA NA NA NA NA NA 221 6944 117 NA NA NA NA NA NA 189 3130 146 NA NA NA NA NA 
1735426800.0 136.834 NA 145 576 0 NA NA NA NA NA NA 269 892 0 NA NA NA NA NA NA 233 6650 139 NA NA NA NA NA NA 377 2542 160 NA NA NA NA NA 
1735426800.0 136.835 NA 198 651 0 NA NA NA NA NA NA 272 962 0 NA NA NA NA NA NA 227 5995 141 NA NA NA NA NA NA 201 2178 164 NA NA NA NA NA 
1735426800.0 136.836 NA 196 525 0 NA NA NA NA NA NA 273 853 0 NA NA NA NA NA NA 213 6995 127 NA NA NA NA NA NA 205 2455 155 NA NA NA NA NA 
1735426800.0 136.837 NA 196 620 0 NA NA NA NA NA NA 272 877 0 NA NA NA NA NA NA 198 4922 154 NA NA NA NA NA NA 209 1848 176 NA NA NA NA NA 
1735426800.0 136.838 NA 195 475 0 NA NA NA NA NA NA 273 747 0 NA NA NA NA NA NA 263 6277 131 NA NA NA NA NA NA 254 2462 152 NA NA NA NA NA 
1735426800.0 136.839 NA 205 463 0 NA NA NA NA NA NA 284 662 0 NA NA NA NA NA NA 180 1328 142 NA NA NA NA NA NA 161 1224 181 NA NA NA NA NA 
1735426800.0 136.8391 NA 238 593 0 NA NA NA NA NA NA 341 882 0 NA NA NA NA NA NA 429 5690 149 NA NA NA NA NA NA 462 2066 170 NA NA NA NA NA 
1735426800.0 136.84 NA 197 485 0 NA NA NA NA NA NA 277 755 0 NA NA NA NA NA NA 205 5051 114 NA NA NA NA NA NA 181 1938 129 NA NA NA NA NA 
1735426800.0 136.841 NA 198 471 0 NA NA NA NA NA NA 285 733 0 NA NA NA NA NA NA 192 5128 115 NA NA NA NA NA NA 192 1933 135 NA NA NA NA NA 
1735426800.0 136.842 NA 197 491 0 NA NA NA NA NA NA 279 839 0 NA NA NA NA NA NA 211 6866 113 NA NA NA NA NA NA 191 2364 133 NA NA NA NA NA 
1735426800.0 136.843 NA 196 483 0 NA NA NA NA NA NA 279 830 0 NA NA NA NA NA NA 202 8141 117 NA NA NA NA NA NA 230 2995 138 NA NA NA NA NA 
1735426800.0 136.844 NA 193 463 0 NA NA NA NA NA NA 273 705 0 NA NA NA NA NA NA 241 4645 109 NA NA NA NA NA NA 203 1818 126 NA NA NA NA NA 
1735426800.0 136.845 NA 197 445 0 NA NA NA NA NA NA 278 674 0 NA NA NA NA NA NA 208 3943 113 NA NA NA NA NA NA 165 1668 135 NA NA NA NA NA 
1735426800.0 136.846 NA 196 436 0 NA NA NA NA NA NA 270 666 0 NA NA NA NA NA NA 227 3779 112 NA NA NA NA NA NA 184 1666 136 NA NA NA NA NA 
1735426800.0 136.847 NA 196 459 0 NA NA NA NA NA NA 271 722 0 NA NA NA NA NA NA 255 5654 117 NA NA NA NA NA NA 266 2273 142 NA NA NA NA NA 
1735426800.0 136.848 NA 197 476 0 NA NA NA NA NA NA 280 760 0 NA NA NA NA NA NA 242 6682 109 NA NA NA NA NA NA 207 2310 123 NA NA NA NA NA 
1735426800.0 136.849 NA 196 541 0 NA NA NA NA NA NA 273 846 0 NA NA NA NA NA NA 182 4204 159 NA NA NA NA NA NA 198 1720 183 NA NA NA NA NA 
1735426800.0 136.85 NA 196 567 0 NA NA NA NA NA NA 264 856 0 NA NA NA NA NA NA 185 4442 123 NA NA NA NA NA NA 224 1798 140 NA NA NA NA NA 
1735426800.0 136.8501 NA 195 463 0 NA NA NA NA NA NA 274 709 0 NA NA NA NA NA NA 167 4757 106 NA NA NA NA NA NA 166 1853 124 NA NA NA NA NA 
1735426800.0 136.851 NA 194 550 0 NA NA NA NA NA NA 266 835 0 NA NA NA NA NA NA 217 4477 158 NA NA NA NA NA NA 230 1693 183 NA NA NA NA NA 
1735426800.0 136.852 NA 196 517 0 NA NA NA NA NA NA 267 818 0 NA NA NA NA NA NA 183 5003 126 NA NA NA NA NA NA 185 1909 147 NA NA NA NA NA 
1735426800.0 136.853 NA 196 513 0 NA NA NA NA NA NA 283 781 0 NA NA NA NA NA NA 180 4338 118 NA NA NA NA NA NA 198 1770 136 NA NA NA NA NA 
1735426800.0 136.854 NA 195 466 0 NA NA NA NA NA NA 266 743 0 NA NA NA NA NA NA 195 4708 113 NA NA NA NA NA NA 171 1868 148 NA NA NA NA NA 
1735426800.0 136.855 NA 196 616 0 NA NA NA NA NA NA 273 907 0 NA NA NA NA NA NA 179 4424 135 NA NA NA NA NA NA 166 1900 154 NA NA NA NA NA 
1735426800.0 136.856 NA 197 609 0 NA NA NA NA NA NA 262 864 0 NA NA NA NA NA NA 150 3342 153 NA NA NA NA NA NA 152 1653 184 NA NA NA NA NA 
1735426800.0 136.8561 NA 186 457 0 NA NA NA NA NA NA 263 667 0 NA NA NA NA NA NA 140 1035 150 NA NA NA NA NA NA 182 966 178 NA NA NA NA NA 
1735426800.0 136.8562 NA 184 441 0 NA NA NA NA NA NA 254 625 0 NA NA NA NA NA NA 122 940 148 NA NA NA NA NA NA 154 1060 168 NA NA NA NA NA 
1735426800.0 136.857 NA 195 461 0 NA NA NA NA NA NA 271 697 0 NA NA NA NA NA NA 217 4231 126 NA NA NA NA NA NA 232 1795 146 NA NA NA NA NA 
1735426800.0 136.858 NA 200 468 0 NA NA NA NA NA NA 281 666 0 NA NA NA NA NA NA 185 1282 142 NA NA NA NA NA NA 197 1082 179 NA NA NA NA NA 
1735426800.0 136.859 NA 190 483 0 NA NA NA NA NA NA 274 777 0 NA NA NA NA NA NA 193 5652 120 NA NA NA NA NA NA 245 2105 145 NA NA NA NA NA 
1735426800.0 136.86 NA 197 463 0 NA NA NA NA NA NA 279 694 0 NA NA NA NA NA NA 206 4232 114 NA NA NA NA NA NA 220 1717 147 NA NA NA NA NA 
1735426800.0 136.861 NA 195 567 0 NA NA NA NA NA NA 269 858 0 NA NA NA NA NA NA 194 5716 164 NA NA NA NA NA NA 202 2068 186 NA NA NA NA NA 
1735426800.0 136.862 NA 197 531 0 NA NA NA NA NA NA 273 851 0 NA NA NA NA NA NA 198 6038 127 NA NA NA NA NA NA 251 2220 148 NA NA NA NA NA 
1735426800.0 136.863 NA 195 567 0 NA NA NA NA NA NA 268 858 0 NA NA NA NA NA NA 214 5929 160 NA NA NA NA NA NA 215 2064 180 NA NA NA NA NA 
1735426800.0 136.864 NA 195 534 0 NA NA NA NA NA NA 272 857 0 NA NA NA NA NA NA 183 7072 128 NA NA NA NA NA NA 260 2639 160 NA NA NA NA NA 
1735426800.0 136.8642 NA 195 531 0 NA NA NA NA NA NA 264 853 0 NA NA NA NA NA NA 190 6951 124 NA NA NA NA NA NA 167 2395 146 NA NA NA NA NA 
1735426800.0 136.865 NA 196 545 0 NA NA NA NA NA NA 274 851 0 NA NA NA NA NA NA 185 6632 125 NA NA NA NA NA NA 168 2933 154 NA NA NA NA NA 
1735426800.0 136.866 NA 195 493 0 NA NA NA NA NA NA 275 744 0 NA NA NA NA NA NA 196 5971 116 NA NA NA NA NA NA 267 2152 135 NA NA NA NA NA 
1735426800.0 136.867 NA 160 641 0 NA NA NA NA NA NA 269 938 0 NA NA NA NA NA NA 220 6030 144 NA NA NA NA NA NA 286 2359 160 NA NA NA NA NA 
1735426800.0 136.868 NA 195 638 0 NA NA NA NA NA NA 267 900 0 NA NA NA NA NA NA 177 4801 164 NA NA NA NA NA NA 200 1936 185 NA NA NA NA NA 
1735426800.0 136.869 NA 192 494 0 NA NA NA NA NA NA 261 816 0 NA NA NA NA NA NA 253 6122 135 NA NA NA NA NA NA 285 2463 171 NA NA NA NA NA 
1735426800.0 136.87 NA 199 471 0 NA NA NA NA NA NA 276 660 0 NA NA NA NA NA NA 194 1332 133 NA NA NA NA NA NA 185 991 161 NA NA NA NA NA 
1735426800.0 136.871 NA 195 495 0 NA NA NA NA NA NA 272 840 0 NA NA NA NA NA NA 197 7704 119 NA NA NA NA NA NA 263 2766 153 NA NA NA NA NA 
1735426800.0 136.872 NA 194 494 0 NA NA NA NA NA NA 270 721 0 NA NA NA NA NA NA 235 5986 119 NA NA NA NA NA NA 263 2138 145 NA NA NA NA NA 
1735426800.0 136.873 NA 196 562 0 NA NA NA NA NA NA 276 833 0 NA NA NA NA NA NA 187 5295 167 NA NA NA NA NA NA 170 1948 204 NA NA NA NA NA 
1735426800.0 136.874 NA 194 577 0 NA NA NA NA NA NA 259 847 0 NA NA NA NA NA NA 192 5250 128 NA NA NA NA NA NA 252 1967 149 NA NA NA NA NA 
1735426800.0 136.875 NA 196 563 0 NA NA NA NA NA NA 271 843 0 NA NA NA NA NA NA 216 5469 153 NA NA NA NA NA NA 190 2055 172 NA NA NA NA NA 
1735426800.0 136.876 NA 145 531 0 NA NA NA NA NA NA 269 860 0 NA NA NA NA NA NA 222 6582 131 NA NA NA NA NA NA 368 2448 153 NA NA NA NA NA 
1735426800.0 136.877 NA 196 511 0 NA NA NA NA NA NA 272 810 0 NA NA NA NA NA NA 186 5272 128 NA NA NA NA NA NA 178 2007 147 NA NA NA NA NA 
1735426800.0 136.878 NA 195 475 0 NA NA NA NA NA NA 276 757 0 NA NA NA NA NA NA 219 5722 115 NA NA NA NA NA NA 251 2279 132 NA NA NA NA NA 
1735426800.0 136.879 NA 195 644 0 NA NA NA NA NA NA 263 916 0 NA NA NA NA NA NA 207 5246 145 NA NA NA NA NA NA 219 2047 170 NA NA NA NA NA 
1735426800.0 136.88 NA 195 628 0 NA NA NA NA NA NA 266 861 0 NA NA NA NA NA NA 167 4222 154 NA NA NA NA NA NA 254 1802 173 NA NA NA NA NA 
1735426800.0 136.881 NA 196 474 0 NA NA NA NA NA NA 269 718 0 NA NA NA NA NA NA 239 4734 134 NA NA NA NA NA NA 245 1852 153 NA NA NA NA NA 
1735426800.0 136.882 NA 199 509 0 NA NA NA NA NA NA 278 697 0 NA NA NA NA NA NA 200 1666 135 NA NA NA NA NA NA 194 1132 153 NA NA NA NA NA 
1735426800.0 136.883 NA 193 488 0 NA NA NA NA NA NA 275 780 0 NA NA NA NA NA NA 200 6764 117 NA NA NA NA NA NA 257 2490 147 NA NA NA NA NA 
1735426800.0 136.884 NA 195 476 0 NA NA NA NA NA NA 273 722 0 NA NA NA NA NA NA 223 4883 114 NA NA NA NA NA NA 205 1859 134 NA NA NA NA NA 
1735426800.0 136.885 NA 197 561 0 NA NA NA NA NA NA 272 817 0 NA NA NA NA NA NA 193 5387 149 NA NA NA NA NA NA 209 1940 168 NA NA NA NA NA 
1735426800.0 136.8855 NA 196 158 0 NA NA NA NA NA NA 273 298 0 NA NA NA NA NA NA 203 263 69 NA NA NA NA NA NA 246 326 92 NA NA NA NA NA 
1735426800.0 136.886 NA 194 510 0 NA NA NA NA NA NA 268 815 0 NA NA NA NA NA NA 187 5286 130 NA NA NA NA NA NA 264 2181 163 NA NA NA NA NA 
1735426800.0 136.8861 NA 202 517 0 NA NA NA NA NA NA 283 820 0 NA NA NA NA NA NA 217 4613 144 NA NA NA NA NA NA 358 1871 173 NA NA NA NA NA 
1735426800.0 136.8862 NA 196 526 0 NA NA NA NA NA NA 270 845 0 NA NA NA NA NA NA 190 5636 133 NA NA NA NA NA NA 278 2083 155 NA NA NA NA NA 
1735426800.0 136.887 NA 196 556 0 NA NA NA NA NA NA 275 840 0 NA NA NA NA NA NA 216 5201 160 NA NA NA NA NA NA 208 1894 183 NA NA NA NA NA 
1735426800.0 136.888 NA 196 538 0 NA NA NA NA NA NA 275 831 0 NA NA NA NA NA NA 187 6011 127 NA NA NA NA NA NA 237 2169 146 NA NA NA NA NA 
1735426800.0 136.8885 NA 197 158 0 NA NA NA NA NA NA 277 295 0 NA NA NA NA NA NA 191 263 67 NA NA NA NA NA NA 233 349 91 NA NA NA NA NA 
1735426800.0 136.889 NA 197 522 0 NA NA NA NA NA NA 275 817 0 NA NA NA NA NA NA 201 5696 124 NA NA NA NA NA NA 248 2139 144 NA NA NA NA NA 
1735426800.0 136.89 NA 198 475 0 NA NA NA NA NA NA 278 759 0 NA NA NA NA NA NA 204 5342 119 NA NA NA NA NA NA 182 1994 144 NA NA NA NA NA 
1735426800.0 136.891 NA 195 633 0 NA NA NA NA NA NA 264 940 0 NA NA NA NA NA NA 205 5099 146 NA NA NA NA NA NA 204 1952 183 NA NA NA NA NA 
1735426800.0 136.892 NA 197 636 0 NA NA NA NA NA NA 275 883 0 NA NA NA NA NA NA 177 4736 159 NA NA NA NA NA NA 185 1927 183 NA NA NA NA NA 
1735426800.0 136.893 NA 196 483 0 NA NA NA NA NA NA 278 736 0 NA NA NA NA NA NA 224 5287 133 NA NA NA NA NA NA 204 2005 156 NA NA NA NA NA 
1735426800.0 136.894 NA 199 530 0 NA NA NA NA NA NA 277 726 0 NA NA NA NA NA NA 213 2656 141 NA NA NA NA NA NA 195 1480 179 NA NA NA NA NA 
1735426800.0 136.895 NA 196 483 0 NA NA NA NA NA NA 272 806 0 NA NA NA NA NA NA 203 6282 115 NA NA NA NA NA NA 256 2510 134 NA NA NA NA NA 
1735426800.0 136.896 NA 193 474 0 NA NA NA NA NA NA 268 721 0 NA NA NA NA NA NA 238 5075 121 NA NA NA NA NA NA 296 1912 149 NA NA NA NA NA 
1735426800.0 136.897 NA 306 131 0 NA NA NA NA NA NA 484 204 0 NA NA NA NA NA NA 424 102 115 NA NA NA NA NA NA 363 142 130 NA NA NA NA NA 
1735426800.0 136.898 NA 196 503 0 NA NA NA NA NA NA 271 774 0 NA NA NA NA NA NA 205 5321 114 NA NA NA NA NA NA 185 1988 132 NA NA NA NA NA 
1735426800.0 136.899 NA 322 171 0 NA NA NA NA NA NA 517 280 0 NA NA NA NA NA NA 516 109 117 NA NA NA NA NA NA 291 128 147 NA NA NA NA NA 
1735426800.0 136.901 NA 242 254 269 150 258 254 NA NA NA 400 393 358 215 386 392 NA NA NA 3252 663 537 149 312 452 NA NA NA 4858 808 673 257 453 574 NA NA 
1735426800.0 136.902 NA 233 244 219 148 253 253 NA NA NA 399 366 358 199 385 395 NA NA NA 2799 629 645 147 316 461 NA NA NA 3897 932 846 208 444 669 NA NA 
1735426800.0 136.903 NA 277 289 336 158 295 275 NA NA NA 453 436 444 227 440 425 NA NA NA 4081 2058 1730 347 582 735 NA NA NA 5722 2660 2581 506 908 1004 NA NA 
1735426800.0 136.904 NA 282 286 284 156 287 265 NA NA NA 453 412 438 223 440 414 NA NA NA 3827 1259 1089 227 445 592 NA NA NA 5520 1764 1430 298 629 862 NA NA 
1735426800.0 1360.0 154 209 395 0 NA NA NA NA NA 246 282 574 0 NA NA NA NA NA 1108 125 704 146 NA NA NA NA NA 558 133 826 166 NA NA NA NA NA 
1735426800.0 1361.0 166 229 422 0 NA NA NA NA NA 267 311 591 0 NA NA NA NA NA 3292 181 751 159 NA NA NA NA NA 1084 163 764 181 NA NA NA NA NA 
1735426800.0 1361.17 151 303 500 0 176 NA NA NA NA 247 395 723 0 262 NA NA NA NA 3433 585 802 195 212 NA NA NA NA 1451 261 760 217 291 NA NA NA NA 
1735426800.0 1361.18 150 295 499 0 177 NA NA NA NA 244 387 712 0 270 NA NA NA NA 3451 574 832 205 221 NA NA NA NA 1287 268 790 264 292 NA NA NA NA 
1735426800.0 1361.181 150 289 500 0 180 NA NA NA NA 244 385 719 0 263 NA NA NA NA 3385 597 827 207 218 NA NA NA NA 1362 267 806 273 330 NA NA NA NA 
1735426800.0 1362.0 169 230 425 0 NA NA NA NA NA 276 301 618 0 NA NA NA NA NA 4458 180 798 163 NA NA NA NA NA 1774 175 863 198 NA NA NA NA NA 
1735426800.0 1362.17 152 302 503 0 176 NA NA NA NA 242 390 732 0 259 NA NA NA NA 4524 582 847 203 210 NA NA NA NA 1608 261 784 255 276 NA NA NA NA 
1735426800.0 1362.18 150 290 501 0 180 NA NA NA NA 241 385 726 0 265 NA NA NA NA 4381 611 836 206 216 NA NA NA NA 1492 278 811 303 267 NA NA NA NA 
1735426800.0 1363.0 127 230 413 0 NA NA NA NA NA 277 316 596 0 NA NA NA NA NA 4526 182 768 168 NA NA NA NA NA 2102 174 782 210 NA NA NA NA NA 
1735426800.0 1363.17 153 301 500 0 175 NA NA NA NA 247 391 715 0 264 NA NA NA NA 4505 581 855 197 214 NA NA NA NA 1628 283 910 227 276 NA NA NA NA 
1735426800.0 1363.18 151 294 500 0 179 NA NA NA NA 244 382 724 0 269 NA NA NA NA 4303 577 831 201 218 NA NA NA NA 1597 261 802 224 257 NA NA NA NA 
1735426800.0 1364.0 NA 234 413 0 NA NA NA NA NA NA 326 575 0 NA NA NA NA NA NA 173 753 161 NA NA NA NA NA NA 209 800 188 NA NA NA NA NA 
1735426800.0 1365.0 NA 237 422 0 NA NA NA NA NA NA 324 582 0 NA NA NA NA NA NA 176 708 149 NA NA NA NA NA NA 217 850 175 NA NA NA NA NA 
1735426800.0 1366.0 NA 235 418 0 NA NA NA NA NA NA 318 581 0 NA NA NA NA NA NA 184 751 158 NA NA NA NA NA NA 201 847 176 NA NA NA NA NA 
1735426800.0 137.8 NA 196 577 NA 195 514 0 NA NA NA 261 833 NA 268 817 0 NA NA NA 176 5040 NA 161 5053 136 NA NA NA 253 1997 NA 167 2027 165 NA NA 
1735426800.0 1370.0 69 176 228 409 0 175 NA NA NA 96 278 311 587 0 271 NA NA NA 26 1001 186 754 159 204 NA NA NA 60 516 166 691 191 260 NA NA NA 
1735426800.0 1370.17 68 150 299 500 0 175 NA NA NA 96 236 392 723 0 258 NA NA NA 28 1086 606 770 186 197 NA NA NA 132 535 278 689 207 219 NA NA NA 
1735426800.0 1370.18 70 150 290 494 0 178 NA NA NA 97 236 374 709 0 272 NA NA NA 25 966 557 776 187 203 NA NA NA 63 452 242 725 203 225 NA NA NA 
1735426800.0 138.1 NA 316 159 0 NA NA NA NA NA NA 485 252 0 NA NA NA NA NA NA 454 115 115 NA NA NA NA NA NA 315 138 140 NA NA NA NA NA 
1735426800.0 138.2 NA 315 158 0 NA NA NA NA NA NA 492 250 0 NA NA NA NA NA NA 460 117 116 NA NA NA NA NA NA 322 155 185 NA NA NA NA NA 
1735426800.0 138.3 NA 77 507 0 NA NA NA NA NA NA 123 685 0 NA NA NA NA NA NA 33 17574 140 NA NA NA NA NA NA 187 9653 160 NA NA NA NA NA 
1735426800.0 138.4 NA 414 0 NA NA NA NA NA NA NA 601 0 NA NA NA NA NA NA NA 655 148 NA NA NA NA NA NA NA 602 172 NA NA NA NA NA NA 
1735426800.0 138.5 NA 447 221 0 NA NA NA NA NA NA 645 334 0 NA NA NA NA NA NA 1021 177 159 NA NA NA NA NA NA 1059 205 203 NA NA NA NA NA 
1735426800.0 139.001 NA 203 454 0 NA NA NA NA NA NA 283 696 0 NA NA NA NA NA NA 155 1326 132 NA NA NA NA NA NA 129 1318 161 NA NA NA NA NA 
1735426800.0 139.002 NA 197 537 0 NA NA NA NA NA NA 278 734 0 NA NA NA NA NA NA 148 1397 157 NA NA NA NA NA NA 144 1237 176 NA NA NA NA NA 
1735426800.0 139.003 NA 200 367 0 NA NA NA NA NA NA 274 538 0 NA NA NA NA NA NA 149 1119 88 NA NA NA NA NA NA 121 1188 112 NA NA NA NA NA 
1735426800.0 139.004 NA 201 454 0 NA NA NA NA NA NA 276 641 0 NA NA NA NA NA NA 226 1274 144 NA NA NA NA NA NA 165 1145 166 NA NA NA NA NA 
1735426800.0 139.005 NA 167 138 NA NA NA NA NA NA NA 274 266 NA NA NA NA NA NA NA 6620 4986 NA NA NA NA NA NA NA 2534 1614 NA NA NA NA NA NA 
1735426800.0 139901.0 NA 236 420 0 NA NA NA NA NA NA 320 571 0 NA NA NA NA NA NA 174 735 152 NA NA NA NA NA NA 194 777 203 NA NA NA NA NA 
1735426800.0 139902.0 NA 241 434 0 NA NA NA NA NA NA 326 608 0 NA NA NA NA NA NA 191 798 162 NA NA NA NA NA NA 198 804 182 NA NA NA NA NA 
1735426800.0 13992501.0 NA 412 636 0 NA NA NA NA NA NA 572 886 0 NA NA NA NA NA NA 879 1375 162 NA NA NA NA NA NA 569 1018 203 NA NA NA NA NA 
1735426800.0 13992502.0 NA 433 686 0 NA NA NA NA NA NA 584 979 0 NA NA NA NA NA NA 885 1490 159 NA NA NA NA NA NA 505 1023 177 NA NA NA NA NA 
1735426800.0 14.0 NA 215 417 0 NA NA NA NA NA NA 300 613 0 NA NA NA NA NA NA 725 1862 178 NA NA NA NA NA NA 338 1056 198 NA NA NA NA NA 
1735426800.0 140.001 NA 199 502 0 NA NA NA NA NA NA 281 686 0 NA NA NA NA NA NA 161 1138 138 NA NA NA NA NA NA 150 936 157 NA NA NA NA NA 
1735426800.0 140.002 NA 201 508 0 NA NA NA NA NA NA 287 700 0 NA NA NA NA NA NA 260 1489 150 NA NA NA NA NA NA 206 1121 183 NA NA NA NA NA 
1735426800.0 140.003 NA 199 513 0 NA NA NA NA NA NA 279 734 0 NA NA NA NA NA NA 158 1068 140 NA NA NA NA NA NA 140 996 164 NA NA NA NA NA 
1735426800.0 140.004 NA 0 0 0 NA NA NA NA NA NA 0 0 0 NA NA NA NA NA NA 70 984 233 NA NA NA NA NA NA 91 1119 264 NA NA NA NA NA 
1735426800.0 140.005 NA 201 506 0 NA NA NA NA NA NA 285 710 0 NA NA NA NA NA NA 163 1201 140 NA NA NA NA NA NA 156 1133 161 NA NA NA NA NA 
1735426800.0 140.006 NA 0 0 0 NA NA NA NA NA NA 0 0 0 NA NA NA NA NA NA 70 993 230 NA NA NA NA NA NA 93 1021 254 NA NA NA NA NA 
1735426800.0 140.007 NA 187 503 0 NA NA NA NA NA NA 258 680 0 NA NA NA NA NA NA 110 1222 229 NA NA NA NA NA NA 112 1119 249 NA NA NA NA NA 
1735426800.0 140.008 NA 174 472 0 NA NA NA NA NA NA 245 688 0 NA NA NA NA NA NA 79 1114 233 NA NA NA NA NA NA 124 1099 276 NA NA NA NA NA 
1735426800.0 140.009 NA 0 0 0 NA NA NA NA NA NA 0 0 0 NA NA NA NA NA NA 72 958 219 NA NA NA NA NA NA 96 1001 237 NA NA NA NA NA 
1735426800.0 140.01 NA 200 510 0 NA NA NA NA NA NA 287 709 0 NA NA NA NA NA NA 313 1764 150 NA NA NA NA NA NA 239 1073 172 NA NA NA NA NA 
1735426800.0 140.011 NA 0 0 0 NA NA NA NA NA NA 0 0 0 NA NA NA NA NA NA 73 984 217 NA NA NA NA NA NA 99 973 237 NA NA NA NA NA 
1735426800.0 140.021 NA 0 0 0 NA NA NA NA NA NA 0 0 0 NA NA NA NA NA NA 71 1018 247 NA NA NA NA NA NA 94 1035 317 NA NA NA NA NA 
1735426800.0 140.022 NA 198 584 0 NA NA NA NA NA NA 274 898 0 NA NA NA NA NA NA 236 4479 141 NA NA NA NA NA NA 158 1792 161 NA NA NA NA NA 
1735426800.0 140.023 NA 198 586 0 NA NA NA NA NA NA 276 797 0 NA NA NA NA NA NA 202 2775 140 NA NA NA NA NA NA 143 1239 158 NA NA NA NA NA 
1735426800.0 140.024 NA 198 587 0 NA NA NA NA NA NA 280 903 0 NA NA NA NA NA NA 258 5369 149 NA NA NA NA NA NA 201 2039 172 NA NA NA NA NA 
1735426800.0 140.025 NA 196 595 0 NA NA NA NA NA NA 276 885 0 NA NA NA NA NA NA 251 5205 145 NA NA NA NA NA NA 171 1939 165 NA NA NA NA NA 
1735426800.0 140.026 NA 197 611 0 NA NA NA NA NA NA 275 905 0 NA NA NA NA NA NA 255 6032 156 NA NA NA NA NA NA 176 2159 200 NA NA NA NA NA 
1735426800.0 140.027 NA 196 585 0 NA NA NA NA NA NA 277 898 0 NA NA NA NA NA NA 241 4919 138 NA NA NA NA NA NA 170 1850 156 NA NA NA NA NA 
1735426800.0 140.028 NA 197 583 0 NA NA NA NA NA NA 269 854 0 NA NA NA NA NA NA 229 4688 142 NA NA NA NA NA NA 168 1803 171 NA NA NA NA NA 
1735426800.0 140.029 NA 197 589 0 NA NA NA NA NA NA 268 873 0 NA NA NA NA NA NA 229 4776 149 NA NA NA NA NA NA 201 1799 174 NA NA NA NA NA 
1735426800.0 140.03 NA 200 583 0 NA NA NA NA NA NA 281 865 0 NA NA NA NA NA NA 245 4481 143 NA NA NA NA NA NA 186 1764 166 NA NA NA NA NA 
1735426800.0 140.031 NA 197 594 0 NA NA NA NA NA NA 275 876 0 NA NA NA NA NA NA 276 5136 151 NA NA NA NA NA NA 225 1931 172 NA NA NA NA NA 
1735426800.0 140.042 NA 197 605 0 NA NA NA NA NA NA 272 859 0 NA NA NA NA NA NA 258 5619 147 NA NA NA NA NA NA 201 1986 174 NA NA NA NA NA 
1735426800.0 140.043 NA 200 593 0 NA NA NA NA NA NA 270 822 0 NA NA NA NA NA NA 206 3448 142 NA NA NA NA NA NA 163 1521 161 NA NA NA NA NA 
1735426800.0 140.044 NA 198 609 0 NA NA NA NA NA NA 280 905 0 NA NA NA NA NA NA 267 6238 152 NA NA NA NA NA NA 191 2416 176 NA NA NA NA NA 
1735426800.0 140.045 NA 196 612 0 NA NA NA NA NA NA 274 913 0 NA NA NA NA NA NA 262 6694 149 NA NA NA NA NA NA 212 2295 170 NA NA NA NA NA 
1735426800.0 140.046 NA 196 603 0 NA NA NA NA NA NA 271 941 0 NA NA NA NA NA NA 299 7336 147 NA NA NA NA NA NA 251 2513 173 NA NA NA NA NA 
1735426800.0 140.047 NA 197 604 0 NA NA NA NA NA NA 271 914 0 NA NA NA NA NA NA 291 6510 151 NA NA NA NA NA NA 274 2295 181 NA NA NA NA NA 
1735426800.0 140.048 NA 197 601 0 NA NA NA NA NA NA 261 898 0 NA NA NA NA NA NA 245 5766 149 NA NA NA NA NA NA 182 2086 173 NA NA NA NA NA 
1735426800.0 140.049 NA 165 568 0 NA NA NA NA NA NA 268 910 0 NA NA NA NA NA NA 280 6341 145 NA NA NA NA NA NA 364 2987 166 NA NA NA NA NA 
1735426800.0 140.05 NA 196 590 0 NA NA NA NA NA NA 275 861 0 NA NA NA NA NA NA 288 5716 147 NA NA NA NA NA NA 247 2031 172 NA NA NA NA NA 
1735426800.0 140.051 NA 198 599 0 NA NA NA NA NA NA 272 901 0 NA NA NA NA NA NA 289 5804 156 NA NA NA NA NA NA 195 2159 190 NA NA NA NA NA 
1735426800.0 140.062 NA 197 602 0 NA NA NA NA NA NA 265 883 0 NA NA NA NA NA NA 306 6746 153 NA NA NA NA NA NA 267 2334 192 NA NA NA NA NA 
1735426800.0 140.063 NA 198 591 0 NA NA NA NA NA NA 280 837 0 NA NA NA NA NA NA 225 4349 143 NA NA NA NA NA NA 168 1745 167 NA NA NA NA NA 
1735426800.0 140.064 NA 196 615 0 NA NA NA NA NA NA 264 918 0 NA NA NA NA NA NA 295 7000 147 NA NA NA NA NA NA 229 2580 171 NA NA NA NA NA 
1735426800.0 140.065 NA 195 607 0 NA NA NA NA NA NA 271 936 0 NA NA NA NA NA NA 288 7295 145 NA NA NA NA NA NA 229 2925 164 NA NA NA NA NA 
1735426800.0 140.066 NA 195 631 0 NA NA NA NA NA NA 268 962 0 NA NA NA NA NA NA 318 8669 151 NA NA NA NA NA NA 248 3072 178 NA NA NA NA NA 
1735426800.0 140.067 NA 194 617 0 NA NA NA NA NA NA 267 919 0 NA NA NA NA NA NA 289 6791 143 NA NA NA NA NA NA 259 2299 165 NA NA NA NA NA 
1735426800.0 140.068 NA 176 590 0 NA NA NA NA NA NA 268 928 0 NA NA NA NA NA NA 313 6967 148 NA NA NA NA NA NA 363 2638 168 NA NA NA NA NA 
1735426800.0 140.069 NA 196 607 0 NA NA NA NA NA NA 278 905 0 NA NA NA NA NA NA 321 6593 152 NA NA NA NA NA NA 287 2300 211 NA NA NA NA NA 
1735426800.0 140.071 NA 199 575 0 NA NA NA NA NA NA 277 864 0 NA NA NA NA NA NA 258 4081 142 NA NA NA NA NA NA 187 1582 166 NA NA NA NA NA 
1735426800.0 140.072 NA 200 575 0 NA NA NA NA NA NA 270 811 0 NA NA NA NA NA NA 208 2799 140 NA NA NA NA NA NA 157 1322 161 NA NA NA NA NA 
1735426800.0 140.073 NA 198 579 0 NA NA NA NA NA NA 265 855 0 NA NA NA NA NA NA 255 4696 137 NA NA NA NA NA NA 211 1832 157 NA NA NA NA NA 
1735426800.0 140.074 NA 196 590 0 NA NA NA NA NA NA 271 875 0 NA NA NA NA NA NA 226 4804 142 NA NA NA NA NA NA 223 1849 160 NA NA NA NA NA 
1735426800.0 140.075 NA 198 584 0 NA NA NA NA NA NA 279 900 0 NA NA NA NA NA NA 249 4943 141 NA NA NA NA NA NA 173 1831 166 NA NA NA NA NA 
1735426800.0 140.076 NA 197 579 0 NA NA NA NA NA NA 270 850 0 NA NA NA NA NA NA 225 4285 138 NA NA NA NA NA NA 172 1640 190 NA NA NA NA NA 
1735426800.0 140.077 NA 199 571 0 NA NA NA NA NA NA 285 836 0 NA NA NA NA NA NA 216 4106 159 NA NA NA NA NA NA 146 1631 201 NA NA NA NA NA 
1735426800.0 140.078 NA 198 572 0 NA NA NA NA NA NA 273 834 0 NA NA NA NA NA NA 240 4346 141 NA NA NA NA NA NA 156 1685 161 NA NA NA NA NA 
1735426800.0 140.101 NA 195 629 0 NA NA NA NA NA NA 270 885 0 NA NA NA NA NA NA 240 4446 156 NA NA NA NA NA NA 229 2038 181 NA NA NA NA NA 
1735426800.0 140.102 NA 197 622 0 NA NA NA NA NA NA 279 950 0 NA NA NA NA NA NA 284 6783 141 NA NA NA NA NA NA 206 2449 162 NA NA NA NA NA 
1735426800.0 140.103 NA 196 625 0 NA NA NA NA NA NA 263 992 0 NA NA NA NA NA NA 301 7255 149 NA NA NA NA NA NA 190 2818 171 NA NA NA NA NA 
1735426800.0 140.104 NA 195 651 0 NA NA NA NA NA NA 272 1000 0 NA NA NA NA NA NA 312 8640 146 NA NA NA NA NA NA 284 3198 166 NA NA NA NA NA 
1735426800.0 140.105 NA 195 651 0 NA NA NA NA NA NA 267 1005 0 NA NA NA NA NA NA 286 6837 149 NA NA NA NA NA NA 218 2758 175 NA NA NA NA NA 
1735426800.0 140.106 NA 194 619 0 NA NA NA NA NA NA 267 958 0 NA NA NA NA NA NA 294 6551 147 NA NA NA NA NA NA 208 2328 169 NA NA NA NA NA 
1735426800.0 140.107 NA 198 614 0 NA NA NA NA NA NA 270 929 0 NA NA NA NA NA NA 308 6519 147 NA NA NA NA NA NA 228 2347 167 NA NA NA NA NA 
1735426800.0 140.108 NA 196 616 0 NA NA NA NA NA NA 281 959 0 NA NA NA NA NA NA 309 6429 145 NA NA NA NA NA NA 214 2354 161 NA NA NA NA NA 
1735426800.0 140.109 NA 199 584 0 NA NA NA NA NA NA 279 842 0 NA NA NA NA NA NA 234 2990 137 NA NA NA NA NA NA 151 1467 159 NA NA NA NA NA 
1735426800.0 140.11 NA 194 593 0 NA NA NA NA NA NA 276 935 0 NA NA NA NA NA NA 307 6006 146 NA NA NA NA NA NA 206 2229 170 NA NA NA NA NA 
1735426800.0 140.111 NA 195 599 0 NA NA NA NA NA NA 272 903 0 NA NA NA NA NA NA 282 6425 150 NA NA NA NA NA NA 184 2338 176 NA NA NA NA NA 
1735426800.0 140.112 NA 196 608 0 NA NA NA NA NA NA 273 974 0 NA NA NA NA NA NA 302 6667 142 NA NA NA NA NA NA 275 2415 165 NA NA NA NA NA 
1735426800.0 140.113 NA 0 0 0 NA NA NA NA NA NA 0 0 0 NA NA NA NA NA NA 76 768 426 NA NA NA NA NA NA 145 897 458 NA NA NA NA NA 
1735426800.0 140.56 NA 805 0 NA NA NA NA NA NA NA 1231 0 NA NA NA NA NA NA NA 5774 142 NA NA NA NA NA NA NA 2386 158 NA NA NA NA NA NA 
1735426800.0 140.5611 NA 259 0 NA NA NA NA NA NA NA 361 0 NA NA NA NA NA NA NA 1066 69 NA NA NA NA NA NA NA 703 91 NA NA NA NA NA NA 
1735426800.0 140.57 NA 546 0 NA NA NA NA NA NA NA 776 0 NA NA NA NA NA NA NA 1016 140 NA NA NA NA NA NA NA 845 168 NA NA NA NA NA NA 
1735426800.0 140.58 NA 116 843 0 NA NA NA NA NA NA 172 1255 0 NA NA NA NA NA NA 89 5507 140 NA NA NA NA NA NA 190 2114 158 NA NA NA NA NA 
1735426800.0 140.6 NA 103 422 0 NA NA NA NA NA NA 150 605 0 NA NA NA NA NA NA 49 458 125 NA NA NA NA NA NA 109 520 143 NA NA NA NA NA 
1735426800.0 140.61 NA 435 0 NA NA NA NA NA NA NA 632 0 NA NA NA NA NA NA NA 808 127 NA NA NA NA NA NA NA 468 154 NA NA NA NA NA NA 
1735426800.0 14034.0 NA 638 0 NA NA NA NA NA NA NA 860 0 NA NA NA NA NA NA NA 2098 137 NA NA NA NA NA NA NA 1046 163 NA NA NA NA NA NA 
1735426800.0 141.001 NA 427 709 0 NA NA NA NA NA NA 612 1006 0 NA NA NA NA NA NA 1326 7284 171 NA NA NA NA NA NA 646 2916 214 NA NA NA NA NA 
1735426800.0 141.002 NA 408 671 0 NA NA NA NA NA NA 553 923 0 NA NA NA NA NA NA 898 4192 174 NA NA NA NA NA NA 477 2043 200 NA NA NA NA NA 
1735426800.0 141.003 NA 431 709 0 NA NA NA NA NA NA 643 1024 0 NA NA NA NA NA NA 1321 6892 171 NA NA NA NA NA NA 702 2743 212 NA NA NA NA NA 
1735426800.0 141.004 NA 409 649 0 NA NA NA NA NA NA 542 884 0 NA NA NA NA NA NA 618 2431 175 NA NA NA NA NA NA 425 1782 230 NA NA NA NA NA 
1735426800.0 141.005 NA 408 663 0 NA NA NA NA NA NA 579 925 0 NA NA NA NA NA NA 1019 4373 181 NA NA NA NA NA NA 511 2058 203 NA NA NA NA NA 
1735426800.0 141.006 NA 405 661 0 NA NA NA NA NA NA 590 889 0 NA NA NA NA NA NA 974 4599 176 NA NA NA NA NA NA 499 2105 194 NA NA NA NA NA 
1735426800.0 141.007 NA 425 684 0 NA NA NA NA NA NA 620 968 0 NA NA NA NA NA NA 1064 5399 197 NA NA NA NA NA NA 519 2366 222 NA NA NA NA NA 
1735426800.0 141.008 NA 436 735 0 NA NA NA NA NA NA 642 1047 0 NA NA NA NA NA NA 1338 8184 166 NA NA NA NA NA NA 589 3127 183 NA NA NA NA NA 
1735426800.0 141.008505 NA 435 202 0 NA NA NA NA NA NA 658 334 0 NA NA NA NA NA NA 1344 452 71 NA NA NA NA NA NA 598 317 95 NA NA NA NA NA 
1735426800.0 141.008511 NA 432 165 0 NA NA NA NA NA NA 655 249 0 NA NA NA NA NA NA 1328 286 75 NA NA NA NA NA NA 574 233 98 NA NA NA NA NA 
1735426800.0 141.008521 NA 437 172 0 NA NA NA NA NA NA 649 246 0 NA NA NA NA NA NA 1334 299 73 NA NA NA NA NA NA 532 243 95 NA NA NA NA NA 
1735426800.0 141.009 NA 0 0 0 NA NA NA NA NA NA 0 0 0 NA NA NA NA NA NA 299 2146 442 NA NA NA NA NA NA 388 2502 632 NA NA NA NA NA 
1735426800.0 141.01 NA 433 715 0 NA NA NA NA NA NA 632 1051 0 NA NA NA NA NA NA 1276 7776 170 NA NA NA NA NA NA 663 2943 216 NA NA NA NA NA 
1735426800.0 141.011 NA 431 705 0 NA NA NA NA NA NA 615 1017 0 NA NA NA NA NA NA 1283 6987 171 NA NA NA NA NA NA 688 2788 210 NA NA NA NA NA 
1735426800.0 141.012 NA 422 677 0 NA NA NA NA NA NA 620 977 0 NA NA NA NA NA NA 1066 5227 177 NA NA NA NA NA NA 613 2321 202 NA NA NA NA NA 
1735426800.0 141.013 NA 424 718 0 NA NA NA NA NA NA 623 1015 0 NA NA NA NA NA NA 1412 7000 170 NA NA NA NA NA NA 812 2746 208 NA NA NA NA NA 
1735426800.0 141.031 NA 437 716 0 NA NA NA NA NA NA 630 1062 0 NA NA NA NA NA NA 1455 7711 168 NA NA NA NA NA NA 631 2908 187 NA NA NA NA NA 
1735426800.0 141.032 NA 408 688 0 NA NA NA NA NA NA 580 963 0 NA NA NA NA NA NA 1026 5151 175 NA NA NA NA NA NA 589 2252 193 NA NA NA NA NA 
1735426800.0 141.033 NA 433 719 0 NA NA NA NA NA NA 660 1014 0 NA NA NA NA NA NA 1532 8245 167 NA NA NA NA NA NA 736 3133 185 NA NA NA NA NA 
1735426800.0 141.034 NA 435 723 0 NA NA NA NA NA NA 660 1056 0 NA NA NA NA NA NA 1428 8564 165 NA NA NA NA NA NA 735 3202 182 NA NA NA NA NA 
1735426800.0 141.035 NA 438 724 0 NA NA NA NA NA NA 641 1072 0 NA NA NA NA NA NA 1595 8684 166 NA NA NA NA NA NA 733 3227 185 NA NA NA NA NA 
1735426800.0 141.036 NA 408 637 0 NA NA NA NA NA NA 593 903 0 NA NA NA NA NA NA 843 3315 177 NA NA NA NA NA NA 648 1938 198 NA NA NA NA NA 
1735426800.0 141.037 NA 429 719 0 NA NA NA NA NA NA 648 1031 0 NA NA NA NA NA NA 1263 7075 175 NA NA NA NA NA NA 602 2771 194 NA NA NA NA NA 
1735426800.0 141.038 NA 433 716 0 NA NA NA NA NA NA 648 1044 0 NA NA NA NA NA NA 1528 7913 171 NA NA NA NA NA NA 762 2966 190 NA NA NA NA NA 
1735426800.0 141.039 NA 422 715 0 NA NA NA NA NA NA 607 1027 0 NA NA NA NA NA NA 1529 7860 168 NA NA NA NA NA NA 670 2926 185 NA NA NA NA NA 
1735426800.0 141.041 NA 434 734 0 NA NA NA NA NA NA 660 1043 0 NA NA NA NA NA NA 1748 10310 168 NA NA NA NA NA NA 980 3630 184 NA NA NA NA NA 
1735426800.0 141.042 NA 417 701 0 NA NA NA NA NA NA 575 957 0 NA NA NA NA NA NA 1071 6128 167 NA NA NA NA NA NA 580 2487 187 NA NA NA NA NA 
1735426800.0 141.043 NA 443 757 0 NA NA NA NA NA NA 664 1134 0 NA NA NA NA NA NA 1770 12159 171 NA NA NA NA NA NA 1011 5493 201 NA NA NA NA NA 
1735426800.0 141.044 NA 444 738 0 NA NA NA NA NA NA 676 1067 0 NA NA NA NA NA NA 1556 10435 168 NA NA NA NA NA NA 920 3629 188 NA NA NA NA NA 
1735426800.0 141.045 NA 471 772 0 NA NA NA NA NA NA 698 1153 0 NA NA NA NA NA NA 2129 13458 172 NA NA NA NA NA NA 1176 5210 199 NA NA NA NA NA 
1735426800.0 141.046 NA 455 722 0 NA NA NA NA NA NA 689 1043 0 NA NA NA NA NA NA 1549 9850 167 NA NA NA NA NA NA 996 3507 219 NA NA NA NA NA 
1735426800.0 141.047 NA 448 708 0 NA NA NA NA NA NA 675 1121 0 NA NA NA NA NA NA 1624 11083 169 NA NA NA NA NA NA 996 4200 189 NA NA NA NA NA 
1735426800.0 141.048 NA 444 625 0 NA NA NA NA NA NA 674 1099 0 NA NA NA NA NA NA 1846 11360 169 NA NA NA NA NA NA 1023 4429 187 NA NA NA NA NA 
1735426800.0 141.049 NA 435 706 0 NA NA NA NA NA NA 584 1001 0 NA NA NA NA NA NA 1525 7858 173 NA NA NA NA NA NA 651 2958 235 NA NA NA NA NA 
1735426800.0 141.101 NA 414 724 0 NA NA NA NA NA NA 576 983 0 NA NA NA NA NA NA 1038 5326 182 NA NA NA NA NA NA 513 2512 234 NA NA NA NA NA 
1735426800.0 141.102 NA 430 713 0 NA NA NA NA NA NA 644 1095 0 NA NA NA NA NA NA 1494 8112 167 NA NA NA NA NA NA 568 3290 205 NA NA NA NA NA 
1735426800.0 141.103 NA 439 803 0 NA NA NA NA NA NA 667 1127 0 NA NA NA NA NA NA 1449 8435 169 NA NA NA NA NA NA 885 3265 207 NA NA NA NA NA 
1735426800.0 141.104 NA 444 910 0 NA NA NA NA NA NA 677 1296 0 NA NA NA NA NA NA 1590 8734 168 NA NA NA NA NA NA 833 3380 183 NA NA NA NA NA 
1735426800.0 141.105 NA 411 709 0 NA NA NA NA NA NA 596 990 0 NA NA NA NA NA NA 737 3255 182 NA NA NA NA NA NA 410 2309 236 NA NA NA NA NA 
1735426800.0 141.106 NA 439 712 0 NA NA NA NA NA NA 650 1068 0 NA NA NA NA NA NA 1274 7033 172 NA NA NA NA NA NA 760 2942 214 NA NA NA NA NA 
1735426800.0 141.107 NA 428 776 0 NA NA NA NA NA NA 618 1114 0 NA NA NA NA NA NA 1474 7712 165 NA NA NA NA NA NA 745 3119 183 NA NA NA NA NA 
1735426800.0 141.108 NA 429 722 0 NA NA NA NA NA NA 632 1067 0 NA NA NA NA NA NA 1509 7814 168 NA NA NA NA NA NA 606 3108 184 NA NA NA NA NA 
1735426800.0 141.109 NA 415 718 0 NA NA NA NA NA NA 585 1010 0 NA NA NA NA NA NA 1011 5010 175 NA NA NA NA NA NA 558 2332 194 NA NA NA NA NA 
1735426800.0 141.11 NA 432 726 0 NA NA NA NA NA NA 651 1102 0 NA NA NA NA NA NA 1546 8788 165 NA NA NA NA NA NA 755 3333 182 NA NA NA NA NA 
1735426800.0 141.111 NA 432 731 0 NA NA NA NA NA NA 597 1028 0 NA NA NA NA NA NA 1376 7857 169 NA NA NA NA NA NA 603 3194 187 NA NA NA NA NA 
1735426800.0 141.112 NA 438 735 0 NA NA NA NA NA NA 649 1101 0 NA NA NA NA NA NA 1445 8402 168 NA NA NA NA NA NA 687 3369 185 NA NA NA NA NA 
1735426800.0 141.113 NA 0 0 0 NA NA NA NA NA NA 0 0 0 NA NA NA NA NA NA 285 603 262 NA NA NA NA NA NA 293 677 314 NA NA NA NA NA 
1735426800.0 141.114 NA 420 718 0 NA NA NA NA NA NA 589 1047 0 NA NA NA NA NA NA 1514 7773 169 NA NA NA NA NA NA 580 3073 187 NA NA NA NA NA 
1735426800.0 141.901 NA 486 0 NA NA NA NA NA NA NA 711 0 NA NA NA NA NA NA NA 2963 131 NA NA NA NA NA NA NA 1082 160 NA NA NA NA NA NA 
1735426800.0 141.902 NA 424 0 NA NA NA NA NA NA NA 624 0 NA NA NA NA NA NA NA 2573 130 NA NA NA NA NA NA NA 970 158 NA NA NA NA NA NA 
1735426800.0 142.0 NA 507 883 0 NA NA NA NA NA NA 775 1433 0 NA NA NA NA NA NA 1430 10459 148 NA NA NA NA NA NA 574 3493 200 NA NA NA NA NA 
1735426800.0 142.901 NA 486 0 NA NA NA NA NA NA NA 697 0 NA NA NA NA NA NA NA 3010 130 NA NA NA NA NA NA NA 1222 155 NA NA NA NA NA NA 
1735426800.0 142.902 NA 422 0 NA NA NA NA NA NA NA 619 0 NA NA NA NA NA NA NA 2585 129 NA NA NA NA NA NA NA 1076 158 NA NA NA NA NA NA 
1735426800.0 142.903 NA 351 0 NA NA NA NA NA NA NA 514 0 NA NA NA NA NA NA NA 887 108 NA NA NA NA NA NA NA 530 132 NA NA NA NA NA NA 
1735426800.0 14234.0 NA 809 0 NA NA NA NA NA NA NA 1119 0 NA NA NA NA NA NA NA 2796 134 NA NA NA NA NA NA NA 1448 154 NA NA NA NA NA NA 
1735426800.0 143.201 147 330 541 0 NA NA NA NA NA 226 533 749 0 NA NA NA NA NA 700 235 762 224 NA NA NA NA NA 769 214 719 257 NA NA NA NA NA 
1735426800.0 143.202 221 458 218 696 0 NA NA NA NA 341 646 304 880 0 NA NA NA NA 5101 697 111 4216 244 NA NA NA NA 7325 740 126 2392 426 NA NA NA NA 
1735426800.0 144.6 NA 380 NA NA NA NA NA NA NA NA 534 NA NA NA NA NA NA NA NA 1216 NA NA NA NA NA NA NA NA 1302 NA NA NA NA NA NA NA 
1735426800.0 148.0 220 369 648 0 NA NA NA NA NA 348 502 824 0 NA NA NA NA NA 6764 715 6646 193 NA NA NA NA NA 9256 872 3050 221 NA NA NA NA NA 
1735426800.0 149.0 141 265 474 0 NA NA NA NA NA 222 351 687 0 NA NA NA NA NA 436 374 731 180 NA NA NA NA NA 362 284 737 209 NA NA NA NA NA 
1735426800.0 149.1 151 249 479 0 NA NA NA NA NA 220 365 710 0 NA NA NA NA NA 524 164 714 188 NA NA NA NA NA 459 139 710 226 NA NA NA NA NA 
1735426800.0 15.0 NA 188 358 0 NA NA NA NA NA NA 268 501 0 NA NA NA NA NA NA 571 882 165 NA NA NA NA NA NA 304 729 202 NA NA NA NA NA 
1735426800.0 158.0 92 229 488 123 0 NA NA NA NA 229 312 691 184 0 NA NA NA NA 924 148 695 109 206 NA NA NA NA 1272 176 754 134 232 NA NA NA NA 
1735426800.0 158.1 NA 274 509 0 NA NA NA NA NA NA 379 708 0 NA NA NA NA NA NA 195 815 193 NA NA NA NA NA NA 211 969 226 NA NA NA NA NA 
1735426800.0 158.2 NA 271 492 0 NA NA NA NA NA NA 374 680 0 NA NA NA NA NA NA 195 735 204 NA NA NA NA NA NA 162 703 239 NA NA NA NA NA 
1735426800.0 158.3 NA 263 503 0 NA NA NA NA NA NA 374 691 0 NA NA NA NA NA NA 209 730 194 NA NA NA NA NA NA 206 632 223 NA NA NA NA NA 
1735426800.0 158.5 211 503 763 121 0 NA NA NA NA 412 764 927 180 0 NA NA NA NA 10792 1060 16997 114 205 NA NA NA NA 15104 1338 9284 171 263 NA NA NA NA 
1735426800.0 159.0 154 226 459 121 0 NA NA NA NA 222 295 654 179 0 NA NA NA NA 872 131 601 104 190 NA NA NA NA 914 152 618 127 229 NA NA NA NA 
1735426800.0 159.01 NA 217 0 NA NA NA NA NA NA NA 300 0 NA NA NA NA NA NA NA 706 73 NA NA NA NA NA NA NA 714 103 NA NA NA NA NA NA 
1735426800.0 159.02 101 229 124 462 122 0 NA NA NA 227 305 162 644 181 0 NA NA NA 1022 132 82 598 112 197 NA NA NA 1296 123 133 589 137 233 NA NA NA 
1735426800.0 159.03 245 354 221 390 217 NA NA NA NA 360 490 317 584 298 NA NA NA NA 7503 813 116 710 251 NA NA NA NA 10122 943 160 846 231 NA NA NA NA 
1735426800.0 159.1 157 264 482 0 NA NA NA NA NA 226 350 663 0 NA NA NA NA NA 1074 194 640 193 NA NA NA NA NA 649 123 567 214 NA NA NA NA NA 
1735426800.0 159.2 155 261 479 0 NA NA NA NA NA 223 349 656 0 NA NA NA NA NA 951 187 626 192 NA NA NA NA NA 583 140 626 212 NA NA NA NA NA 
1735426800.0 159.3 155 263 481 0 NA NA NA NA NA 223 345 671 0 NA NA NA NA NA 834 196 624 198 NA NA NA NA NA 572 125 603 219 NA NA NA NA NA 
1735426800.0 159.4 155 261 479 0 NA NA NA NA NA 234 349 671 0 NA NA NA NA NA 917 184 605 194 NA NA NA NA NA 548 126 581 215 NA NA NA NA NA 
1735426800.0 16.0 NA 202 379 0 NA NA NA NA NA NA 279 547 0 NA NA NA NA NA NA 608 1047 170 NA NA NA NA NA NA 333 769 196 NA NA NA NA NA 
1735426800.0 160.0 149 229 468 121 0 NA NA NA NA 231 308 656 180 0 NA NA NA NA 721 154 594 104 189 NA NA NA NA 692 150 554 125 244 NA NA NA NA 
1735426800.0 160.02 149 229 119 461 121 0 NA NA NA 223 316 155 656 177 0 NA NA NA 716 149 76 591 110 190 NA NA NA 684 135 99 584 134 230 NA NA NA 
1735426800.0 160.03 166 330 196 351 212 NA NA NA NA 335 470 274 493 287 NA NA NA NA 5185 582 102 440 238 NA NA NA NA 5915 579 126 438 239 NA NA NA NA 
1735426800.0 160.1 156 288 498 0 NA NA NA NA NA 233 378 712 0 NA NA NA NA NA 957 291 615 185 NA NA NA NA NA 564 147 585 229 NA NA NA NA NA 
1735426800.0 160.2 153 286 494 0 NA NA NA NA NA 227 380 678 0 NA NA NA NA NA 793 295 634 182 NA NA NA NA NA 522 169 610 200 NA NA NA NA NA 
1735426800.0 160.3 154 287 495 0 NA NA NA NA NA 232 380 663 0 NA NA NA NA NA 682 287 649 197 NA NA NA NA NA 539 198 610 226 NA NA NA NA NA 
1735426800.0 160.4 152 281 490 0 NA NA NA NA NA 229 365 670 0 NA NA NA NA NA 721 293 647 196 NA NA NA NA NA 500 188 617 229 NA NA NA NA NA 
1735426800.0 160.501 220 329 196 613 201 NA NA NA NA 334 482 267 901 273 NA NA NA NA 5090 572 103 3893 218 NA NA NA NA 7372 648 127 2158 229 NA NA NA NA 
1735426800.0 161.0 146 327 530 122 0 NA NA NA NA 229 507 717 184 0 NA NA NA NA 681 239 749 109 220 NA NA NA NA 679 241 879 128 242 NA NA NA NA 
1735426800.0 161.02 146 329 132 538 122 0 NA NA NA 217 540 174 736 179 0 NA NA NA 686 239 83 746 107 222 NA NA NA 814 220 134 773 129 255 NA NA NA 
1735426800.0 161.03 174 349 151 311 206 NA NA NA NA 249 560 197 453 269 NA NA NA NA 1603 282 87 288 186 NA NA NA NA 2346 395 118 334 188 NA NA NA NA 
1735426800.0 161.1 155 407 569 0 NA NA NA NA NA 221 796 758 0 NA NA NA NA NA 940 393 837 233 NA NA NA NA NA 582 248 748 279 NA NA NA NA NA 
1735426800.0 161.2 152 427 566 0 NA NA NA NA NA 220 768 776 0 NA NA NA NA NA 787 408 820 230 NA NA NA NA NA 665 272 779 281 NA NA NA NA NA 
1735426800.0 161.3 153 496 563 0 NA NA NA NA NA 224 771 750 0 NA NA NA NA NA 660 385 800 225 NA NA NA NA NA 465 247 731 253 NA NA NA NA NA 
1735426800.0 161.4 152 397 562 0 NA NA NA NA NA 231 770 792 0 NA NA NA NA NA 740 373 826 234 NA NA NA NA NA 579 265 747 271 NA NA NA NA NA 
1735426800.0 17.0 NA 198 365 0 NA NA NA NA NA NA 275 520 0 NA NA NA NA NA NA 590 948 171 NA NA NA NA NA NA 261 760 203 NA NA NA NA NA 
1735426800.0 18.0 NA 186 358 0 NA NA NA NA NA NA 268 494 0 NA NA NA NA NA NA 588 834 156 NA NA NA NA NA NA 260 734 175 NA NA NA NA NA 
1735426800.0 180.0 144 280 492 136 0 NA NA NA NA 214 373 689 199 0 NA NA NA NA 506 282 691 115 184 NA NA NA NA 413 156 673 193 223 NA NA NA NA 
1735426800.0 180.1 146 282 490 134 0 NA NA NA NA 241 370 671 192 0 NA NA NA NA 3139 283 744 115 185 NA NA NA NA 1496 163 759 138 207 NA NA NA NA 
1735426800.0 181.0 120 408 562 137 0 NA NA NA NA 224 661 792 194 0 NA NA NA NA 529 350 952 116 219 NA NA NA NA 541 249 911 136 253 NA NA NA NA 
1735426800.0 181.1 105 385 560 136 0 NA NA NA NA 243 570 732 195 0 NA NA NA NA 3182 359 940 119 223 NA NA NA NA 1900 297 977 143 279 NA NA NA NA 
1735426800.0 19.0 NA 187 360 0 NA NA NA NA NA NA 265 518 0 NA NA NA NA NA NA 589 901 161 NA NA NA NA NA NA 270 741 185 NA NA NA NA NA 
1735426800.0 2.0 171 186 311 NA NA NA NA NA NA 284 256 460 NA NA NA NA NA NA 1105 196 548 NA NA NA NA NA NA 465 177 476 NA NA NA NA NA NA 
1735426800.0 20.0 NA 187 359 0 NA NA NA NA NA NA 263 499 0 NA NA NA NA NA NA 589 997 173 NA NA NA NA NA NA 311 778 197 NA NA NA NA NA 
1735426800.0 200.0 NA 255 446 0 NA NA NA NA NA NA 347 617 0 NA NA NA NA NA NA 322 936 174 NA NA NA NA NA NA 322 962 216 NA NA NA NA NA 
1735426800.0 2017.1 500 0 211 172 NA NA NA NA NA 644 0 319 256 NA NA NA NA NA 457 120 299 208 NA NA NA NA NA 409 151 414 243 NA NA NA NA NA 
1735426800.0 2017.11 507 0 214 173 NA NA NA NA NA 658 0 348 261 NA NA NA NA NA 527 125 346 206 NA NA NA NA NA 465 184 325 239 NA NA NA NA NA 
1735426800.0 2017.12 501 0 207 171 NA NA NA NA NA 631 0 305 257 NA NA NA NA NA 416 118 278 184 NA NA NA NA NA 428 189 346 242 NA NA NA NA NA 
1735426800.0 2017.13 515 0 NA NA NA NA NA NA NA 643 0 NA NA NA NA NA NA NA 448 157 NA NA NA NA NA NA NA 503 219 NA NA NA NA NA NA NA 
1735426800.0 2017.2 423 0 205 171 NA NA NA NA NA 543 0 290 253 NA NA NA NA NA 387 112 270 192 NA NA NA NA NA 491 161 374 253 NA NA NA NA NA 
1735426800.0 2017.3 421 0 203 170 NA NA NA NA NA 566 0 296 254 NA NA NA NA NA 398 115 281 205 NA NA NA NA NA 425 154 302 240 NA NA NA NA NA 
1735426800.0 2017.4 494 0 210 174 NA NA NA NA NA 627 0 298 260 NA NA NA NA NA 440 122 282 202 NA NA NA NA NA 441 204 292 226 NA NA NA NA NA 
1735426800.0 2017.5 460 0 201 170 NA NA NA NA NA 617 0 301 258 NA NA NA NA NA 442 113 275 198 NA NA NA NA NA 404 136 294 244 NA NA NA NA NA 
1735426800.0 2017.6 500 0 217 171 NA NA NA NA NA 636 0 321 257 NA NA NA NA NA 475 122 283 200 NA NA NA NA NA 409 144 289 230 NA NA NA NA NA 
1735426800.0 2017.7 499 0 209 170 NA NA NA NA NA 634 0 304 255 NA NA NA NA NA 429 117 269 203 NA NA NA NA NA 386 145 279 244 NA NA NA NA NA 
1735426800.0 2017.8 225 NA NA NA NA NA NA NA NA 328 NA NA NA NA NA NA NA NA 326 NA NA NA NA NA NA NA NA 220 NA NA NA NA NA NA NA NA 
1735426800.0 2017.9 505 0 207 173 NA NA NA NA NA 628 0 309 257 NA NA NA NA NA 427 115 267 196 NA NA NA NA NA 455 156 289 225 NA NA NA NA NA 
1735426800.0 2018.1 475 0 209 164 NA NA NA NA NA 635 0 328 267 NA NA NA NA NA 445 116 281 212 NA NA NA NA NA 506 162 331 254 NA NA NA NA NA 
1735426800.0 2018.11 509 0 212 177 NA NA NA NA NA 663 0 343 261 NA NA NA NA NA 536 127 346 206 NA NA NA NA NA 470 207 308 230 NA NA NA NA NA 
1735426800.0 2018.12 494 0 206 174 NA NA NA NA NA 623 0 311 265 NA NA NA NA NA 457 127 278 211 NA NA NA NA NA 459 185 295 246 NA NA NA NA NA 
1735426800.0 2018.13 518 0 NA NA NA NA NA NA NA 663 0 NA NA NA NA NA NA NA 482 152 NA NA NA NA NA NA NA 514 173 NA NA NA NA NA NA NA 
1735426800.0 2018.2 422 0 199 174 NA NA NA NA NA 553 0 292 261 NA NA NA NA NA 413 115 264 213 NA NA NA NA NA 460 159 284 260 NA NA NA NA NA 
1735426800.0 2018.3 423 0 199 174 NA NA NA NA NA 557 0 285 269 NA NA NA NA NA 408 114 269 206 NA NA NA NA NA 408 152 291 237 NA NA NA NA NA 
1735426800.0 2018.4 490 0 211 175 NA NA NA NA NA 642 0 302 263 NA NA NA NA NA 440 120 272 201 NA NA NA NA NA 427 150 282 222 NA NA NA NA NA 
1735426800.0 2018.5 490 0 212 173 NA NA NA NA NA 638 0 301 260 NA NA NA NA NA 451 113 271 198 NA NA NA NA NA 471 141 291 215 NA NA NA NA NA 
1735426800.0 2018.6 501 0 208 174 NA NA NA NA NA 663 0 309 262 NA NA NA NA NA 457 120 284 195 NA NA NA NA NA 538 214 428 233 NA NA NA NA NA 
1735426800.0 2018.7 494 0 203 173 NA NA NA NA NA 621 0 306 266 NA NA NA NA NA 440 116 268 210 NA NA NA NA NA 404 167 291 244 NA NA NA NA NA 
1735426800.0 2018.8 224 NA NA NA NA NA NA NA NA 318 NA NA NA NA NA NA NA NA 322 NA NA NA NA NA NA NA NA 218 NA NA NA NA NA NA NA NA 
1735426800.0 2018.9 494 0 213 174 NA NA NA NA NA 641 0 306 262 NA NA NA NA NA 425 121 270 207 NA NA NA NA NA 365 190 291 235 NA NA NA NA NA 
1735426800.0 202.0 NA 251 462 0 NA NA NA NA NA NA 351 654 0 NA NA NA NA NA NA 310 996 183 NA NA NA NA NA NA 299 927 220 NA NA NA NA NA 
1735426800.0 2024.000001 NA 422 691 0 NA NA NA NA NA NA 642 1015 0 NA NA NA NA NA NA 1159 6278 179 NA NA NA NA NA NA 585 3042 203 NA NA NA NA NA 
1735426800.0 2024.001001 NA 403 655 0 NA NA NA NA NA NA 567 904 0 NA NA NA NA NA NA 910 4443 181 NA NA NA NA NA NA 879 2417 226 NA NA NA NA NA 
1735426800.0 2024.100001 NA 432 739 0 NA NA NA NA NA NA 658 1038 0 NA NA NA NA NA NA 1393 8640 167 NA NA NA NA NA NA 869 3250 204 NA NA NA NA NA 
1735426800.0 2024.101001 NA 403 648 0 NA NA NA NA NA NA 545 895 0 NA NA NA NA NA NA 870 4038 176 NA NA NA NA NA NA 522 2267 204 NA NA NA NA NA 
1735426800.0 203.0 NA 271 461 0 NA NA NA NA NA NA 360 638 0 NA NA NA NA NA NA 348 1025 180 NA NA NA NA NA NA 292 882 207 NA NA NA NA NA 
1735426800.0 204.0 162 284 469 0 NA NA NA NA NA 274 369 646 0 NA NA NA NA NA 782 382 1058 166 NA NA NA NA NA 383 306 872 185 NA NA NA NA NA 
1735426800.0 205.0 NA 254 449 0 NA NA NA NA NA NA 352 596 0 NA NA NA NA NA NA 332 943 169 NA NA NA NA NA NA 315 897 191 NA NA NA NA NA 
1735426800.0 21.0 NA 188 364 0 NA NA NA NA NA NA 268 512 0 NA NA NA NA NA NA 591 1062 181 NA NA NA NA NA NA 267 801 237 NA NA NA NA NA 
1735426800.0 22.0 NA 203 372 0 NA NA NA NA NA NA 285 544 0 NA NA NA NA NA NA 622 1170 174 NA NA NA NA NA NA 280 832 197 NA NA NA NA NA 
1735426800.0 23.0 NA 215 403 0 NA NA NA NA NA NA 302 588 0 NA NA NA NA NA NA 701 1263 192 NA NA NA NA NA NA 308 860 216 NA NA NA NA NA 
1735426800.0 23634.0 NA 685 640 0 250 NA NA NA NA NA 860 841 0 347 NA NA NA NA NA 791 1200 238 375 NA NA NA NA NA 450 936 293 368 NA NA NA NA 
1735426800.0 24.0 NA 216 411 0 NA NA NA NA NA NA 312 605 0 NA NA NA NA NA NA 759 1567 197 NA NA NA NA NA NA 345 919 238 NA NA NA NA NA 
1735426800.0 24034.0 NA 596 619 0 248 NA NA NA NA NA 732 835 0 346 NA NA NA NA NA 669 1181 254 369 NA NA NA NA NA 366 967 308 350 NA NA NA NA 
1735426800.0 24834.0 NA 693 663 0 253 NA NA NA NA NA 892 883 0 346 NA NA NA NA NA 823 1167 241 376 NA NA NA NA NA 485 892 273 353 NA NA NA NA 
1735426800.0 24834.911 147 686 643 0 253 NA NA NA NA 274 872 885 0 346 NA NA NA NA 4220 2285 2583 674 384 NA NA NA NA 2891 1759 2135 893 457 NA NA NA NA 
1735426800.0 25.0 NA 217 435 0 138 NA NA NA NA NA 312 646 0 196 NA NA NA NA NA 769 1730 177 138 NA NA NA NA NA 341 982 192 168 NA NA NA NA 
1735426800.0 2500.001 NA 246 0 NA NA NA NA NA NA NA 344 0 NA NA NA NA NA NA NA 13200 75 NA NA NA NA NA NA NA 5674 121 NA NA NA NA NA NA 
1735426800.0 2500.002 NA 291 0 NA NA NA NA NA NA NA 503 0 NA NA NA NA NA NA NA 14147 66 NA NA NA NA NA NA NA 6239 82 NA NA NA NA NA NA 
1735426800.0 2500.003 NA 293 0 NA NA NA NA NA NA NA 525 0 NA NA NA NA NA NA NA 13680 65 NA NA NA NA NA NA NA 5158 82 NA NA NA NA NA NA 
1735426800.0 2500.011 NA 254 0 NA NA NA NA NA NA NA 368 0 NA NA NA NA NA NA NA 7930 77 NA NA NA NA NA NA NA 3517 106 NA NA NA NA NA NA 
1735426800.0 2500.012 NA 276 0 NA NA NA NA NA NA NA 404 0 NA NA NA NA NA NA NA 13481 65 NA NA NA NA NA NA NA 5839 95 NA NA NA NA NA NA 
1735426800.0 2500.013 NA 267 0 NA NA NA NA NA NA NA 371 0 NA NA NA NA NA NA NA 9738 74 NA NA NA NA NA NA NA 4710 102 NA NA NA NA NA NA 
1735426800.0 2500.021 NA 272 193 0 NA NA NA NA NA NA 413 281 0 NA NA NA NA NA NA 825 331 76 NA NA NA NA NA NA 659 394 107 NA NA NA NA NA 
1735426800.0 2500.022 NA 271 191 0 NA NA NA NA NA NA 432 271 0 NA NA NA NA NA NA 866 327 75 NA NA NA NA NA NA 690 406 99 NA NA NA NA NA 
1735426800.0 2500.023 NA 257 186 0 NA NA NA NA NA NA 410 270 0 NA NA NA NA NA NA 854 314 77 NA NA NA NA NA NA 620 328 99 NA NA NA NA NA 
1735426800.0 2500.024 NA 287 200 0 NA NA NA NA NA NA 459 284 0 NA NA NA NA NA NA 1029 355 75 NA NA NA NA NA NA 699 436 98 NA NA NA NA NA 
1735426800.0 2500.031 NA 279 183 0 NA NA NA NA NA NA 467 247 0 NA NA NA NA NA NA 836 296 73 NA NA NA NA NA NA 602 317 92 NA NA NA NA NA 
1735426800.0 2500.032 NA 273 182 0 NA NA NA NA NA NA 433 252 0 NA NA NA NA NA NA 814 291 68 NA NA NA NA NA NA 692 367 89 NA NA NA NA NA 
1735426800.0 2500.033 NA 282 184 0 NA NA NA NA NA NA 448 246 0 NA NA NA NA NA NA 879 300 68 NA NA NA NA NA NA 588 352 85 NA NA NA NA NA 
1735426800.0 2500.034 NA 287 188 0 NA NA NA NA NA NA 449 244 0 NA NA NA NA NA NA 839 314 68 NA NA NA NA NA NA 617 457 89 NA NA NA NA NA 
1735426800.0 2500.101 NA 261 0 NA NA NA NA NA NA NA 457 0 NA NA NA NA NA NA NA 4659 72 NA NA NA NA NA NA NA 2364 116 NA NA NA NA NA NA 
1735426800.0 2500.111 NA 231 0 NA NA NA NA NA NA NA 318 0 NA NA NA NA NA NA NA 2240 67 NA NA NA NA NA NA NA 1676 89 NA NA NA NA NA NA 
1735426800.0 2500.112 NA 237 0 NA NA NA NA NA NA NA 320 0 NA NA NA NA NA NA NA 475 65 NA NA NA NA NA NA NA 537 86 NA NA NA NA NA NA 
1735426800.0 2500.131 NA 154 NA NA NA NA NA NA NA NA 256 NA NA NA NA NA NA NA NA 2759 NA NA NA NA NA NA NA NA 1070 NA NA NA NA NA NA NA 
1735426800.0 2500.201 NA 220 0 NA NA NA NA NA NA NA 348 0 NA NA NA NA NA NA NA 4652 73 NA NA NA NA NA NA NA 2857 95 NA NA NA NA NA NA 
1735426800.0 2500.211 NA 239 0 NA NA NA NA NA NA NA 386 0 NA NA NA NA NA NA NA 2553 73 NA NA NA NA NA NA NA 1641 97 NA NA NA NA NA NA 
1735426800.0 2500.212 NA 248 0 NA NA NA NA NA NA NA 327 0 NA NA NA NA NA NA NA 568 65 NA NA NA NA NA NA NA 613 81 NA NA NA NA NA NA 
1735426800.0 2500.221 NA 208 NA NA NA NA NA NA NA NA 313 NA NA NA NA NA NA NA NA 637 NA NA NA NA NA NA NA NA 393 NA NA NA NA NA NA NA 
1735426800.0 2500.222 NA 218 NA NA NA NA NA NA NA NA 320 NA NA NA NA NA NA NA NA 780 NA NA NA NA NA NA NA NA 632 NA NA NA NA NA NA NA 
1735426800.0 2500.223 NA 222 NA NA NA NA NA NA NA NA 330 NA NA NA NA NA NA NA NA 1453 NA NA NA NA NA NA NA NA 584 NA NA NA NA NA NA NA 
1735426800.0 2500.224 NA 233 NA NA NA NA NA NA NA NA 340 NA NA NA NA NA NA NA NA 3227 NA NA NA NA NA NA NA NA 1013 NA NA NA NA NA NA NA 
1735426800.0 2500.225 NA 236 NA NA NA NA NA NA NA NA 348 NA NA NA NA NA NA NA NA 3644 NA NA NA NA NA NA NA NA 1138 NA NA NA NA NA NA NA 
1735426800.0 2500.226 NA 216 NA NA NA NA NA NA NA NA 320 NA NA NA NA NA NA NA NA 725 NA NA NA NA NA NA NA NA 643 NA NA NA NA NA NA NA 
1735426800.0 2500.227 NA 151 NA NA NA NA NA NA NA NA 229 NA NA NA NA NA NA NA NA 3718 NA NA NA NA NA NA NA NA 1178 NA NA NA NA NA NA NA 
1735426800.0 2500.231 NA 222 NA NA NA NA NA NA NA NA 303 NA NA NA NA NA NA NA NA 517 NA NA NA NA NA NA NA NA 536 NA NA NA NA NA NA NA 
1735426800.0 2500.232 NA 236 NA NA NA NA NA NA NA NA 330 NA NA NA NA NA NA NA NA 549 NA NA NA NA NA NA NA NA 548 NA NA NA NA NA NA NA 
1735426800.0 2500.233 NA 242 NA NA NA NA NA NA NA NA 329 NA NA NA NA NA NA NA NA 904 NA NA NA NA NA NA NA NA 422 NA NA NA NA NA NA NA 
1735426800.0 2500.234 NA 249 NA NA NA NA NA NA NA NA 334 NA NA NA NA NA NA NA NA 2271 NA NA NA NA NA NA NA NA 732 NA NA NA NA NA NA NA 
1735426800.0 2500.235 NA 254 NA NA NA NA NA NA NA NA 350 NA NA NA NA NA NA NA NA 2565 NA NA NA NA NA NA NA NA 858 NA NA NA NA NA NA NA 
1735426800.0 2500.236 NA 238 NA NA NA NA NA NA NA NA 332 NA NA NA NA NA NA NA NA 535 NA NA NA NA NA NA NA NA 600 NA NA NA NA NA NA NA 
1735426800.0 2500.237 NA 151 NA NA NA NA NA NA NA NA 233 NA NA NA NA NA NA NA NA 2836 NA NA NA NA NA NA NA NA 903 NA NA NA NA NA NA NA 
1735426800.0 2500.241 NA 236 NA NA NA NA NA NA NA NA 339 NA NA NA NA NA NA NA NA 222 NA NA NA NA NA NA NA NA 247 NA NA NA NA NA NA NA 
1735426800.0 2500.242 NA 177 NA NA NA NA NA NA NA NA 245 NA NA NA NA NA NA NA NA 495 NA NA NA NA NA NA NA NA 311 NA NA NA NA NA NA NA 
1735426800.0 2500.243 NA 109 NA NA NA NA NA NA NA NA 175 NA NA NA NA NA NA NA NA 129 NA NA NA NA NA NA NA NA 144 NA NA NA NA NA NA NA 
1735426800.0 2500.244 NA 186 NA NA NA NA NA NA NA NA 283 NA NA NA NA NA NA NA NA 1147 NA NA NA NA NA NA NA NA 469 NA NA NA NA NA NA NA 
1735426800.0 2500.245 NA 182 NA NA NA NA NA NA NA NA 277 NA NA NA NA NA NA NA NA 922 NA NA NA NA NA NA NA NA 442 NA NA NA NA NA NA NA 
1735426800.0 2500.901 NA 142 NA NA NA NA NA NA NA NA 223 NA NA NA NA NA NA NA NA 368 NA NA NA NA NA NA NA NA 329 NA NA NA NA NA NA NA 
1735426800.0 2500.902 NA 133 NA NA NA NA NA NA NA NA 220 NA NA NA NA NA NA NA NA 356 NA NA NA NA NA NA NA NA 314 NA NA NA NA NA NA NA 
1735426800.0 2500.911 104 109 NA NA NA NA NA NA NA 157 183 NA NA NA NA NA NA NA 109 117 NA NA NA NA NA NA NA 140 144 NA NA NA NA NA NA NA 
1735426800.0 2500.912 29 105 107 NA NA NA NA NA NA 105 161 185 NA NA NA NA NA NA 3892 131 122 NA NA NA NA NA NA 4363 147 145 NA NA NA NA NA NA 
1735426800.0 2500.913 69 105 108 NA NA NA NA NA NA 105 168 190 NA NA NA NA NA NA 434 115 118 NA NA NA NA NA NA 180 142 144 NA NA NA NA NA NA 
1735426800.0 250199.0 397 NA NA NA NA NA NA NA NA 575 NA NA NA NA NA NA NA NA 839 NA NA NA NA NA NA NA NA 559 NA NA NA NA NA NA NA NA 
1735426800.0 250199.17 406 NA NA NA NA NA NA NA NA 563 NA NA NA NA NA NA NA NA 928 NA NA NA NA NA NA NA NA 610 NA NA NA NA NA NA NA NA 
1735426800.0 250199.18 477 NA NA NA NA NA NA NA NA 680 NA NA NA NA NA NA NA NA 1332 NA NA NA NA NA NA NA NA 710 NA NA NA NA NA NA NA NA 
1735426800.0 250200.0 NA 430 504 0 NA NA NA NA NA NA 628 714 0 NA NA NA NA NA NA 2078 1142 168 NA NA NA NA NA NA 1009 859 193 NA NA NA NA NA 
1735426800.0 250200.1 170 420 368 NA NA NA NA NA NA 262 567 514 NA NA NA NA NA NA 732 286 855 NA NA NA NA NA NA 389 293 668 NA NA NA NA NA NA 
1735426800.0 250200.117 146 499 397 NA NA NA NA NA NA 233 646 562 NA NA NA NA NA NA 808 731 755 NA NA NA NA NA NA 454 469 595 NA NA NA NA NA NA 
1735426800.0 250200.118 144 557 426 178 NA NA NA NA NA 225 731 592 264 NA NA NA NA NA 765 740 865 206 NA NA NA NA NA 403 415 646 269 NA NA NA NA NA 
1735426800.0 250200.17 NA 522 582 0 NA NA NA NA NA NA 724 783 0 NA NA NA NA NA NA 2504 1105 191 NA NA NA NA NA NA 897 838 226 NA NA NA NA NA 
1735426800.0 250200.18 NA 592 616 0 NA NA NA NA NA NA 833 860 0 NA NA NA NA NA NA 3255 1360 205 NA NA NA NA NA NA 1178 980 224 NA NA NA NA NA 
1735426800.0 250200.182 147 573 653 0 NA NA NA NA NA 233 793 929 0 NA NA NA NA NA 767 801 1560 195 NA NA NA NA NA 392 537 970 214 NA NA NA NA NA 
1735426800.0 250202.0 NA 443 512 0 NA NA NA NA NA NA 648 703 0 NA NA NA NA NA NA 2115 1133 164 NA NA NA NA NA NA 790 828 209 NA NA NA NA NA 
1735426800.0 250202.1 NA 398 442 521 0 NA NA NA NA NA 578 615 732 0 NA NA NA NA NA 945 1998 1094 159 NA NA NA NA NA 549 734 770 178 NA NA NA NA 
1735426800.0 250202.118 147 548 431 180 NA NA NA NA NA 228 711 625 269 NA NA NA NA NA 1063 747 956 209 NA NA NA NA NA 477 435 625 319 NA NA NA NA NA 
1735426800.0 250202.17 NA 527 603 0 NA NA NA NA NA NA 714 828 0 NA NA NA NA NA NA 2745 1273 205 NA NA NA NA NA NA 1093 874 241 NA NA NA NA NA 
1735426800.0 250202.171 NA 351 533 593 0 NA NA NA NA NA 562 677 878 0 NA NA NA NA NA 1109 2553 1243 207 NA NA NA NA NA 983 856 925 226 NA NA NA NA 
1735426800.0 250202.172 NA 540 600 0 NA NA NA NA NA NA 756 828 0 NA NA NA NA NA NA 2673 1308 195 NA NA NA NA NA NA 1236 965 221 NA NA NA NA NA 
1735426800.0 250202.18 NA 585 654 0 NA NA NA NA NA NA 835 942 0 NA NA NA NA NA NA 3476 1572 217 NA NA NA NA NA NA 1495 1060 259 NA NA NA NA NA 
1735426800.0 250202.181 NA 479 585 628 0 NA NA NA NA NA 671 828 908 0 NA NA NA NA NA 1502 3229 1399 215 NA NA NA NA NA 871 1028 920 301 NA NA NA NA 
1735426800.0 250202.182 149 574 648 0 NA NA NA NA NA 235 787 919 0 NA NA NA NA NA 1068 794 1441 200 NA NA NA NA NA 465 469 898 218 NA NA NA NA NA 
1735426800.0 250202.183 149 573 633 0 NA NA NA NA NA 236 773 926 0 NA NA NA NA NA 1142 802 1682 266 NA NA NA NA NA 594 470 1086 295 NA NA NA NA NA 
1735426800.0 250202.184 NA 445 572 650 0 NA NA NA NA NA 650 816 923 0 NA NA NA NA NA 1475 3448 1560 209 NA NA NA NA NA 832 1044 981 318 NA NA NA NA 
1735426800.0 250202.2 NA 456 505 0 NA NA NA NA NA NA 640 700 0 NA NA NA NA NA NA 4275 1020 156 NA NA NA NA NA NA 1505 748 175 NA NA NA NA NA 
1735426800.0 250202.3 NA 387 441 507 0 NA NA NA NA NA 590 596 733 0 NA NA NA NA NA 957 3981 1078 163 NA NA NA NA NA 669 1188 764 188 NA NA NA NA 
1735426800.0 250202.4 NA 456 502 0 NA NA NA NA NA NA 661 713 0 NA NA NA NA NA NA 4221 1088 163 NA NA NA NA NA NA 1304 854 185 NA NA NA NA NA 
1735426800.0 250202.5 NA 333 439 506 0 NA NA NA NA NA 576 599 716 0 NA NA NA NA NA 991 3989 1157 170 NA NA NA NA NA 754 1186 842 231 NA NA NA NA 
1735426800.0 250203.0 NA 451 505 0 NA NA NA NA NA NA 639 703 0 NA NA NA NA NA NA 2034 1042 154 NA NA NA NA NA NA 853 815 182 NA NA NA NA NA 
1735426800.0 250203.17 NA 492 604 0 NA NA NA NA NA NA 716 878 0 NA NA NA NA NA NA 2604 1178 199 NA NA NA NA NA NA 1110 853 233 NA NA NA NA NA 
1735426800.0 250203.18 NA 574 624 0 NA NA NA NA NA NA 806 881 0 NA NA NA NA NA NA 3323 1376 211 NA NA NA NA NA NA 1252 977 252 NA NA NA NA NA 
1735426800.0 250204.0 NA 448 520 0 NA NA NA NA NA NA 626 722 0 NA NA NA NA NA NA 2037 1183 160 NA NA NA NA NA NA 773 811 181 NA NA NA NA NA 
1735426800.0 250204.17 NA 527 609 0 NA NA NA NA NA NA 713 826 0 NA NA NA NA NA NA 2685 1273 201 NA NA NA NA NA NA 1209 874 234 NA NA NA NA NA 
1735426800.0 250204.18 NA 571 632 0 NA NA NA NA NA NA 829 911 0 NA NA NA NA NA NA 3247 1455 204 NA NA NA NA NA NA 1465 888 224 NA NA NA NA NA 
1735426800.0 250205.0 NA 440 483 0 NA NA NA NA NA NA 624 663 0 NA NA NA NA NA NA 2009 1005 159 NA NA NA NA NA NA 787 781 198 NA NA NA NA NA 
1735426800.0 250205.17 NA 532 599 0 NA NA NA NA NA NA 721 838 0 NA NA NA NA NA NA 2534 1150 200 NA NA NA NA NA NA 956 820 261 NA NA NA NA NA 
1735426800.0 250205.18 NA 569 617 0 NA NA NA NA NA NA 811 896 0 NA NA NA NA NA NA 3333 1425 206 NA NA NA NA NA NA 1368 983 230 NA NA NA NA NA 
1735426800.0 250206.0 NA 443 520 0 NA NA NA NA NA NA 607 699 0 NA NA NA NA NA NA 2035 1153 162 NA NA NA NA NA NA 810 760 183 NA NA NA NA NA 
1735426800.0 250206.118 142 542 410 178 NA NA NA NA NA 226 710 583 264 NA NA NA NA NA 493 663 730 213 NA NA NA NA NA 443 391 529 269 NA NA NA NA NA 
1735426800.0 250206.17 NA 529 587 0 NA NA NA NA NA NA 739 807 0 NA NA NA NA NA NA 2686 1083 199 NA NA NA NA NA NA 1078 860 249 NA NA NA NA NA 
1735426800.0 250206.18 NA 570 685 0 NA NA NA NA NA NA 801 973 0 NA NA NA NA NA NA 3291 1415 213 NA NA NA NA NA NA 1183 1056 254 NA NA NA NA NA 
1735426800.0 250206.181 NA 478 586 668 0 NA NA NA NA NA 682 825 926 0 NA NA NA NA NA 1411 3144 1278 204 NA NA NA NA NA 726 1084 943 221 NA NA NA NA 
1735426800.0 250206.182 146 549 677 0 NA NA NA NA NA 227 740 903 0 NA NA NA NA NA 478 707 1168 199 NA NA NA NA NA 323 463 845 242 NA NA NA NA NA 
1735426800.0 250207.0 NA 437 498 0 NA NA NA NA NA NA 591 653 0 NA NA NA NA NA NA 1865 1030 149 NA NA NA NA NA NA 761 827 170 NA NA NA NA NA 
1735426800.0 250207.17 NA 513 582 0 NA NA NA NA NA NA 714 750 0 NA NA NA NA NA NA 2481 1054 193 NA NA NA NA NA NA 1054 810 220 NA NA NA NA NA 
1735426800.0 250207.18 NA 572 614 0 NA NA NA NA NA NA 813 844 0 NA NA NA NA NA NA 3007 1268 187 NA NA NA NA NA NA 1138 895 206 NA NA NA NA NA 
1735426800.0 250208.17 NA 542 613 0 NA NA NA NA NA NA 743 882 0 NA NA NA NA NA NA 2887 1617 214 NA NA NA NA NA NA 1063 1051 242 NA NA NA NA NA 
1735426800.0 250208.18 NA 571 655 0 NA NA NA NA NA NA 803 979 0 NA NA NA NA NA NA 3610 1848 218 NA NA NA NA NA NA 1310 975 285 NA NA NA NA NA 
1735426800.0 250399.0 308 NA NA NA NA NA NA NA NA 419 NA NA NA NA NA NA NA NA 300 NA NA NA NA NA NA NA NA 343 NA NA NA NA NA NA NA NA 
1735426800.0 250399.17 369 NA NA NA NA NA NA NA NA 490 NA NA NA NA NA NA NA NA 405 NA NA NA NA NA NA NA NA 394 NA NA NA NA NA NA NA NA 
1735426800.0 250399.18 371 NA NA NA NA NA NA NA NA 493 NA NA NA NA NA NA NA NA 442 NA NA NA NA NA NA NA NA 382 NA NA NA NA NA NA NA NA 
1735426800.0 250400.0 464 0 207 NA NA NA NA NA NA 618 0 308 NA NA NA NA NA NA 451 98 273 NA NA NA NA NA NA 575 130 291 NA NA NA NA NA NA 
1735426800.0 250400.17 543 0 212 NA NA NA NA NA NA 671 0 324 NA NA NA NA NA NA 519 120 288 NA NA NA NA NA NA 564 156 287 NA NA NA NA NA NA 
1735426800.0 250400.18 550 0 209 NA NA NA NA NA NA 710 0 309 NA NA NA NA NA NA 538 122 282 NA NA NA NA NA NA 542 174 288 NA NA NA NA NA NA 
1735426800.0 250402.0 471 0 214 NA NA NA NA NA NA 617 0 325 NA NA NA NA NA NA 471 117 284 NA NA NA NA NA NA 571 157 300 NA NA NA NA NA NA 
1735426800.0 250402.1 311 454 0 NA NA NA NA NA NA 415 580 0 NA NA NA NA NA NA 295 468 98 NA NA NA NA NA NA 371 521 141 NA NA NA NA NA NA 
1735426800.0 250402.17 548 0 213 NA NA NA NA NA NA 691 0 339 NA NA NA NA NA NA 563 120 296 NA NA NA NA NA NA 535 147 299 NA NA NA NA NA NA 
1735426800.0 250402.171 369 536 0 NA NA NA NA NA NA 489 670 0 NA NA NA NA NA NA 401 539 108 NA NA NA NA NA NA 385 605 142 NA NA NA NA NA NA 
1735426800.0 250402.18 553 0 211 NA NA NA NA NA NA 699 0 323 NA NA NA NA NA NA 551 118 298 NA NA NA NA NA NA 633 169 342 NA NA NA NA NA NA 
1735426800.0 250402.181 368 545 0 NA NA NA NA NA NA 486 700 0 NA NA NA NA NA NA 426 558 112 NA NA NA NA NA NA 366 562 138 NA NA NA NA NA NA 
1735426800.0 250403.0 466 0 203 NA NA NA NA NA NA 614 0 312 NA NA NA NA NA NA 450 101 292 NA NA NA NA NA NA 503 122 343 NA NA NA NA NA NA 
1735426800.0 250403.17 541 0 210 NA NA NA NA NA NA 709 0 304 NA NA NA NA NA NA 526 116 292 NA NA NA NA NA NA 562 138 302 NA NA NA NA NA NA 
1735426800.0 250403.18 549 0 209 NA NA NA NA NA NA 683 0 310 NA NA NA NA NA NA 539 108 300 NA NA NA NA NA NA 599 127 413 NA NA NA NA NA NA 
1735426800.0 250405.0 466 0 205 NA NA NA NA NA NA 628 0 309 NA NA NA NA NA NA 446 109 281 NA NA NA NA NA NA 514 156 307 NA NA NA NA NA NA 
1735426800.0 250405.17 541 0 183 NA NA NA NA NA NA 672 0 306 NA NA NA NA NA NA 500 115 317 NA NA NA NA NA NA 530 156 525 NA NA NA NA NA NA 
1735426800.0 250405.18 547 0 197 NA NA NA NA NA NA 690 0 308 NA NA NA NA NA NA 528 114 299 NA NA NA NA NA NA 622 137 316 NA NA NA NA NA NA 
1735426800.0 250406.0 463 0 205 NA NA NA NA NA NA 606 0 303 NA NA NA NA NA NA 395 104 274 NA NA NA NA NA NA 554 187 321 NA NA NA NA NA NA 
1735426800.0 250406.17 542 0 212 NA NA NA NA NA NA 669 0 327 NA NA NA NA NA NA 484 119 285 NA NA NA NA NA NA 523 143 311 NA NA NA NA NA NA 
1735426800.0 250406.18 544 0 209 NA NA NA NA NA NA 692 0 316 NA NA NA NA NA NA 489 113 279 NA NA NA NA NA NA 547 134 305 NA NA NA NA NA NA 
1735426800.0 250407.0 392 0 191 NA NA NA NA NA NA 524 0 283 NA NA NA NA NA NA 383 99 266 NA NA NA NA NA NA 519 191 288 NA NA NA NA NA NA 
1735426800.0 250407.17 467 0 208 NA NA NA NA NA NA 623 0 298 NA NA NA NA NA NA 465 110 279 NA NA NA NA NA NA 569 138 291 NA NA NA NA NA NA 
1735426800.0 250407.18 472 0 201 NA NA NA NA NA NA 607 0 291 NA NA NA NA NA NA 474 105 268 NA NA NA NA NA NA 593 148 308 NA NA NA NA NA NA 
1735426800.0 250408.0 470 0 214 NA NA NA NA NA NA 619 0 329 NA NA NA NA NA NA 456 106 298 NA NA NA NA NA NA 497 154 452 NA NA NA NA NA NA 
1735426800.0 250408.17 551 0 214 NA NA NA NA NA NA 703 0 329 NA NA NA NA NA NA 520 117 287 NA NA NA NA NA NA 509 150 305 NA NA NA NA NA NA 
1735426800.0 250408.18 548 0 218 NA NA NA NA NA NA 684 0 322 NA NA NA NA NA NA 549 115 284 NA NA NA NA NA NA 568 146 313 NA NA NA NA NA NA 
1735426800.0 250409.0 482 0 220 NA NA NA NA NA NA 648 0 356 NA NA NA NA NA NA 551 106 332 NA NA NA NA NA NA 581 135 306 NA NA NA NA NA NA 
1735426800.0 250409.17 552 0 222 NA NA NA NA NA NA 722 0 363 NA NA NA NA NA NA 655 124 352 NA NA NA NA NA NA 574 151 336 NA NA NA NA NA NA 
1735426800.0 250409.18 561 0 225 NA NA NA NA NA NA 736 0 351 NA NA NA NA NA NA 651 126 344 NA NA NA NA NA NA 661 159 353 NA NA NA NA NA NA 
1735426800.0 25200.0 NA 427 642 0 175 NA NA NA NA NA 592 872 0 257 NA NA NA NA NA 810 1246 168 216 NA NA NA NA NA 461 949 194 241 NA NA NA NA 
1735426800.0 25202.0 NA 421 669 0 177 NA NA NA NA NA 582 952 0 269 NA NA NA NA NA 873 1351 170 201 NA NA NA NA NA 471 967 197 256 NA NA NA NA 
1735426800.0 25202.1 NA 430 636 0 NA NA NA NA NA NA 616 872 0 NA NA NA NA NA NA 1115 1274 161 NA NA NA NA NA NA 667 1010 185 NA NA NA NA NA 
1735426800.0 25202.15 NA 425 671 0 192 NA NA NA NA NA 594 938 0 281 NA NA NA NA NA 832 1360 172 247 NA NA NA NA NA 463 978 193 267 NA NA NA NA 
1735426800.0 25202.2 NA 432 658 0 NA NA NA NA NA NA 614 913 0 NA NA NA NA NA NA 1126 1316 161 NA NA NA NA NA NA 597 1007 181 NA NA NA NA NA 
1735426800.0 25203.0 NA 426 661 0 175 NA NA NA NA NA 590 900 0 263 NA NA NA NA NA 868 1317 172 204 NA NA NA NA NA 508 978 205 254 NA NA NA NA 
1735426800.0 25204.0 NA 426 659 0 NA NA NA NA NA NA 606 913 0 NA NA NA NA NA NA 849 1288 158 NA NA NA NA NA NA 476 1005 177 NA NA NA NA NA 
1735426800.0 25205.0 NA 425 674 0 175 NA NA NA NA NA 572 935 0 257 NA NA NA NA NA 846 1270 162 213 NA NA NA NA NA 489 1006 186 278 NA NA NA NA 
1735426800.0 25206.0 NA 448 690 0 176 NA NA NA NA NA 619 939 0 257 NA NA NA NA NA 903 1356 172 213 NA NA NA NA NA 510 1035 199 256 NA NA NA NA 
1735426800.0 25207.0 NA 423 641 0 NA NA NA NA NA NA 586 854 0 NA NA NA NA NA NA 820 1193 153 NA NA NA NA NA NA 467 904 180 NA NA NA NA NA 
1735426800.0 25208.0 NA 443 677 0 NA NA NA NA NA NA 583 929 0 NA NA NA NA NA NA 870 1714 166 NA NA NA NA NA NA 480 1083 187 NA NA NA NA NA 
1735426800.0 25209.0 NA 443 680 0 175 NA NA NA NA NA 606 924 0 267 NA NA NA NA NA 861 1361 165 213 NA NA NA NA NA 480 990 185 255 NA NA NA NA 
1735426800.0 25210.0 164 417 676 0 NA NA NA NA NA 263 556 886 0 NA NA NA NA NA 1333 414 995 157 NA NA NA NA NA 668 361 824 177 NA NA NA NA NA 
1735426800.0 25211.0 176 426 672 0 NA NA NA NA NA 277 586 880 0 NA NA NA NA NA 3318 864 1340 177 NA NA NA NA NA 1177 491 993 230 NA NA NA NA NA 
1735426800.0 25211.17 106 477 724 0 NA NA NA NA NA 241 616 1006 0 NA NA NA NA NA 3411 1276 1337 203 NA NA NA NA NA 1344 651 992 229 NA NA NA NA NA 
1735426800.0 25211.18 155 556 820 0 NA NA NA NA NA 244 728 1162 0 NA NA NA NA NA 3531 1743 1685 213 NA NA NA NA NA 1250 776 1147 244 NA NA NA NA NA 
1735426800.0 25212.0 172 432 685 0 NA NA NA NA NA 272 586 948 0 NA NA NA NA NA 4377 835 1275 170 NA NA NA NA NA 1483 480 956 192 NA NA NA NA NA 
1735426800.0 25212.17 151 490 730 0 NA NA NA NA NA 243 629 966 0 NA NA NA NA NA 4366 1315 1432 207 NA NA NA NA NA 2060 593 1171 256 NA NA NA NA NA 
1735426800.0 25212.18 109 574 858 0 NA NA NA NA NA 239 758 1152 0 NA NA NA NA NA 4363 1770 1805 213 NA NA NA NA NA 1521 773 1204 252 NA NA NA NA NA 
1735426800.0 25213.0 117 431 656 0 NA NA NA NA NA 270 598 963 0 NA NA NA NA NA 4428 851 1407 166 NA NA NA NA NA 2442 479 1098 185 NA NA NA NA NA 
1735426800.0 25213.17 152 485 736 0 NA NA NA NA NA 246 626 992 0 NA NA NA NA NA 4483 1306 1387 210 NA NA NA NA NA 1489 617 1004 262 NA NA NA NA NA 
1735426800.0 25213.18 150 571 854 0 NA NA NA NA NA 245 763 1150 0 NA NA NA NA NA 4422 1814 1779 210 NA NA NA NA NA 1656 768 1100 234 NA NA NA NA NA 
1735426800.0 25214.0 NA 433 656 0 NA NA NA NA NA NA 592 948 0 NA NA NA NA NA NA 826 1278 162 NA NA NA NA NA NA 513 1075 183 NA NA NA NA NA 
1735426800.0 25215.0 69 173 439 679 0 NA NA NA NA 96 271 601 925 0 NA NA NA NA 25 1025 859 1365 160 NA NA NA NA 61 496 476 1091 183 NA NA NA NA 
1735426800.0 25215.17 69 151 485 730 0 NA NA NA NA 96 239 652 1017 0 NA NA NA NA 28 1048 1313 1459 212 NA NA NA NA 71 510 585 1166 233 NA NA NA NA 
1735426800.0 25215.18 69 155 534 821 0 NA NA NA NA 96 247 744 1116 0 NA NA NA NA 28 1056 1782 1817 204 NA NA NA NA 72 578 832 1100 222 NA NA NA NA 
1735426800.0 25234.0 188 679 635 0 255 NA NA NA NA 268 877 854 0 354 NA NA NA NA 2388 794 1197 247 381 NA NA NA NA 1666 512 947 447 358 NA NA NA NA 
1735426800.0 25400.0 563 0 162 NA NA NA NA NA NA 720 0 306 NA NA NA NA NA NA 880 107 357 NA NA NA NA NA NA 708 157 633 NA NA NA NA NA NA 
1735426800.0 25400.17 671 0 209 NA NA NA NA NA NA 891 0 315 NA NA NA NA NA NA 1311 115 278 NA NA NA NA NA NA 704 134 301 NA NA NA NA NA NA 
1735426800.0 25400.18 672 0 214 NA NA NA NA NA NA 878 0 313 NA NA NA NA NA NA 1394 123 289 NA NA NA NA NA NA 750 143 320 NA NA NA NA NA NA 
1735426800.0 25402.0 570 0 215 NA NA NA NA NA NA 741 0 331 NA NA NA NA NA NA 869 111 307 NA NA NA NA NA NA 599 135 363 NA NA NA NA NA NA 
1735426800.0 25402.17 666 0 213 NA NA NA NA NA NA 823 0 332 NA NA NA NA NA NA 1383 126 294 NA NA NA NA NA NA 842 176 279 NA NA NA NA NA NA 
1735426800.0 25402.18 666 0 213 NA NA NA NA NA NA 842 0 320 NA NA NA NA NA NA 1348 123 305 NA NA NA NA NA NA 738 147 300 NA NA NA NA NA NA 
1735426800.0 25403.0 567 0 205 NA NA NA NA NA NA 728 0 303 NA NA NA NA NA NA 812 111 291 NA NA NA NA NA NA 710 160 319 NA NA NA NA NA NA 
1735426800.0 25403.17 667 0 212 NA NA NA NA NA NA 844 0 318 NA NA NA NA NA NA 1303 117 301 NA NA NA NA NA NA 770 139 307 NA NA NA NA NA NA 
1735426800.0 25403.18 671 0 209 NA NA NA NA NA NA 881 0 309 NA NA NA NA NA NA 1441 127 294 NA NA NA NA NA NA 782 188 282 NA NA NA NA NA NA 
1735426800.0 25405.0 568 0 206 NA NA NA NA NA NA 721 0 300 NA NA NA NA NA NA 851 116 284 NA NA NA NA NA NA 725 155 332 NA NA NA NA NA NA 
1735426800.0 25405.17 663 0 209 NA NA NA NA NA NA 884 0 317 NA NA NA NA NA NA 1369 121 277 NA NA NA NA NA NA 846 184 304 NA NA NA NA NA NA 
1735426800.0 25405.18 671 0 208 NA NA NA NA NA NA 839 0 315 NA NA NA NA NA NA 1361 120 291 NA NA NA NA NA NA 819 142 308 NA NA NA NA NA NA 
1735426800.0 25406.0 565 0 209 NA NA NA NA NA NA 734 0 315 NA NA NA NA NA NA 676 110 272 NA NA NA NA NA NA 617 148 365 NA NA NA NA NA NA 
1735426800.0 25406.17 670 0 212 NA NA NA NA NA NA 821 0 319 NA NA NA NA NA NA 926 113 264 NA NA NA NA NA NA 580 130 267 NA NA NA NA NA NA 
1735426800.0 25406.18 663 0 208 NA NA NA NA NA NA 843 0 312 NA NA NA NA NA NA 1192 123 291 NA NA NA NA NA NA 853 166 331 NA NA NA NA NA NA 
1735426800.0 25407.0 488 0 201 NA NA NA NA NA NA 652 0 298 NA NA NA NA NA NA 718 103 273 NA NA NA NA NA NA 591 125 292 NA NA NA NA NA NA 
1735426800.0 25407.17 603 0 204 NA NA NA NA NA NA 757 0 300 NA NA NA NA NA NA 1161 115 277 NA NA NA NA NA NA 688 137 290 NA NA NA NA NA NA 
1735426800.0 25407.18 595 0 205 NA NA NA NA NA NA 751 0 300 NA NA NA NA NA NA 1253 116 278 NA NA NA NA NA NA 679 140 296 NA NA NA NA NA NA 
1735426800.0 25408.0 573 0 218 NA NA NA NA NA NA 738 0 353 NA NA NA NA NA NA 913 106 320 NA NA NA NA NA NA 625 149 303 NA NA NA NA NA NA 
1735426800.0 25408.17 679 0 229 NA NA NA NA NA NA 884 0 358 NA NA NA NA NA NA 1551 123 343 NA NA NA NA NA NA 808 142 303 NA NA NA NA NA NA 
1735426800.0 25408.18 679 0 220 NA NA NA NA NA NA 863 0 361 NA NA NA NA NA NA 1712 125 351 NA NA NA NA NA NA 940 144 337 NA NA NA NA NA NA 
1735426800.0 25409.0 567 0 211 NA NA NA NA NA NA 727 0 323 NA NA NA NA NA NA 865 109 295 NA NA NA NA NA NA 602 128 321 NA NA NA NA NA NA 
1735426800.0 25409.17 673 0 216 NA NA NA NA NA NA 905 0 325 NA NA NA NA NA NA 1560 126 303 NA NA NA NA NA NA 812 147 319 NA NA NA NA NA NA 
1735426800.0 25409.18 671 0 211 NA NA NA NA NA NA 887 0 319 NA NA NA NA NA NA 1422 129 302 NA NA NA NA NA NA 747 174 297 NA NA NA NA NA NA 
1735426800.0 25634.0 179 691 664 0 252 NA NA NA NA 263 873 898 0 349 NA NA NA NA 2342 770 1236 240 373 NA NA NA NA 1677 505 985 316 354 NA NA NA NA 
1735426800.0 26.0 NA 215 420 0 NA NA NA NA NA NA 287 580 0 NA NA NA NA NA NA 677 1149 178 NA NA NA NA NA NA 318 840 204 NA NA NA NA NA 
1735426800.0 26034.0 191 684 646 0 253 NA NA NA NA 267 904 869 0 338 NA NA NA NA 2364 823 1224 240 376 NA NA NA NA 1281 515 967 302 419 NA NA NA NA 
1735426800.0 26434.0 138 686 643 0 256 NA NA NA NA 258 895 893 0 351 NA NA NA NA 2384 797 1230 239 367 NA NA NA NA 1769 565 968 288 348 NA NA NA NA 
1735426800.0 26834.0 189 683 640 0 253 NA NA NA NA 270 887 912 0 352 NA NA NA NA 2042 733 1159 207 328 NA NA NA NA 976 479 947 234 385 NA NA NA NA 
1735426800.0 27.0 NA 218 400 0 NA NA NA NA NA NA 299 547 0 NA NA NA NA NA NA 677 1118 179 NA NA NA NA NA NA 305 812 201 NA NA NA NA NA 
1735426800.0 27234.0 197 690 661 0 254 NA NA NA NA 275 912 882 0 348 NA NA NA NA 2214 791 1188 233 378 NA NA NA NA 1387 568 1092 292 447 NA NA NA NA 
1735426800.0 27634.0 181 683 653 0 255 NA NA NA NA 265 880 913 0 349 NA NA NA NA 2310 789 1215 238 375 NA NA NA NA 1155 488 1083 292 403 NA NA NA NA 
1735426800.0 28.0 NA 215 411 0 NA NA NA NA NA NA 295 608 0 NA NA NA NA NA NA 736 1401 178 NA NA NA NA NA NA 376 913 200 NA NA NA NA NA 
1735426800.0 280.0 195 187 352 0 NA NA NA NA NA 348 262 510 0 NA NA NA NA NA 832 167 857 154 NA NA NA NA NA 485 155 868 173 NA NA NA NA NA 
1735426800.0 28034.0 196 697 663 0 255 NA NA NA NA 279 890 880 0 340 NA NA NA NA 1918 737 1173 208 332 NA NA NA NA 972 484 934 297 382 NA NA NA NA 
1735426800.0 281.0 184 251 479 0 NA NA NA NA NA 365 335 652 0 NA NA NA NA NA 552 188 582 157 NA NA NA NA NA 334 173 580 188 NA NA NA NA NA 
1735426800.0 28434.0 182 673 634 0 256 NA NA NA NA 260 879 855 0 348 NA NA NA NA 2238 813 1209 233 363 NA NA NA NA 1158 635 1276 346 380 NA NA NA NA 
1735426800.0 28834.0 188 695 657 0 254 NA NA NA NA 270 869 902 0 357 NA NA NA NA 2044 748 1195 205 333 NA NA NA NA 1018 491 1001 229 400 NA NA NA NA 
1735426800.0 29.0 NA 216 419 0 NA NA NA NA NA NA 293 588 0 NA NA NA NA NA NA 676 1198 178 NA NA NA NA NA NA 325 853 199 NA NA NA NA NA 
1735426800.0 29234.0 195 698 660 0 257 NA NA NA NA 275 893 910 0 346 NA NA NA NA 1954 742 1181 205 338 NA NA NA NA 980 483 1054 230 420 NA NA NA NA 
1735426800.0 29634.0 NA 695 644 0 243 NA NA NA NA NA 912 869 0 332 NA NA NA NA NA 844 1316 237 337 NA NA NA NA NA 502 933 264 364 NA NA NA NA 
1735426800.0 29634.21 NA 653 356 257 NA NA NA NA NA NA 879 516 374 NA NA NA NA NA NA 850 520 407 NA NA NA NA NA NA 521 372 354 NA NA NA NA NA 
1735426800.0 29634.402 NA 698 357 0 NA NA NA NA NA NA 1131 815 0 NA NA NA NA NA NA 818 703 99 NA NA NA NA NA NA 493 695 130 NA NA NA NA NA 
1735426800.0 29634.5 NA 693 239 0 NA NA NA NA NA NA 905 330 0 NA NA NA NA NA NA 790 349 81 NA NA NA NA NA NA 488 404 106 NA NA NA NA NA 
1735426800.0 29634.702 NA 688 641 0 243 NA NA NA NA NA 899 866 0 344 NA NA NA NA NA 857 1332 237 343 NA NA NA NA NA 627 1030 256 362 NA NA NA NA 
1735426800.0 29634.9 NA 698 651 0 243 NA NA NA NA NA 911 874 0 350 NA NA NA NA NA 847 1328 237 346 NA NA NA NA NA 581 966 289 373 NA NA NA NA 
1735426800.0 29634.911 151 685 655 0 257 NA NA NA NA 271 890 887 0 354 NA NA NA NA 4455 2418 2681 749 378 NA NA NA NA 3114 1988 2085 1018 493 NA NA NA NA 
1735426800.0 29661.0 NA 645 567 0 239 NA NA NA NA NA 825 707 0 338 NA NA NA NA NA 734 930 223 348 NA NA NA NA NA 562 811 278 369 NA NA NA NA 
1735426800.0 29696.0 NA 645 568 0 238 NA NA NA NA NA 826 730 0 341 NA NA NA NA NA 740 966 222 343 NA NA NA NA NA 552 913 266 367 NA NA NA NA 
1735426800.0 29700.0 NA 646 575 0 238 NA NA NA NA NA 821 739 0 333 NA NA NA NA NA 728 944 223 331 NA NA NA NA NA 502 836 254 344 NA NA NA NA 
1735426800.0 29751.85 NA 977 0 NA NA NA NA NA NA NA 1412 0 NA NA NA NA NA NA NA 2941 0 NA NA NA NA NA NA NA 2077 0 NA NA NA NA NA NA 
1735426800.0 29834.114 NA 1464 2370 0 NA NA NA NA NA NA 2049 4251 0 NA NA NA NA NA NA 5328 19720 255 NA NA NA NA NA NA 2890 7778 290 NA NA NA NA NA 
1735426800.0 29834.21 NA 1306 800 313 NA NA NA NA NA NA 1951 1179 476 NA NA NA NA NA NA 6332 3950 677 NA NA NA NA NA NA 3637 1216 385 NA NA NA NA NA 
1735426800.0 29834.99 NA 1093 1499 1652 0 NA NA NA NA NA 1620 2099 3670 0 NA NA NA NA NA 3342 2465 15521 257 NA NA NA NA NA 2187 1368 6225 300 NA NA NA NA 
1735426800.0 29834.9921 NA 908 1338 750 314 NA NA NA NA NA 1395 1750 1163 471 NA NA NA NA NA 3195 2200 3740 657 NA NA NA NA NA 1649 816 1152 364 NA NA NA NA 
1735426800.0 29834.999 NA 603 1023 862 0 NA NA NA NA NA 812 1330 1604 0 NA NA NA NA NA 1387 1302 3558 254 NA NA NA NA NA 979 601 1475 280 NA NA NA NA 
1735426800.0 29861.97 1130 NA NA NA NA NA NA NA NA 1652 NA NA NA NA NA NA NA NA 3358 NA NA NA NA NA NA NA NA 1448 NA NA NA NA NA NA NA NA 
1735426800.0 3.0 163 182 307 NA NA NA NA NA NA 272 252 449 NA NA NA NA NA NA 1518 154 611 NA NA NA NA NA NA 753 165 574 NA NA NA NA NA NA 
1735426800.0 30.0 NA 218 400 0 NA NA NA NA NA NA 297 568 0 NA NA NA NA NA NA 701 1272 191 NA NA NA NA NA NA 344 843 214 NA NA NA NA NA 
1735426800.0 300.0 141 260 506 0 NA NA NA NA NA 209 347 716 0 NA NA NA NA NA 533 168 654 188 NA NA NA NA NA 428 281 858 207 NA NA NA NA NA 
1735426800.0 30034.0 193 698 656 0 255 NA NA NA NA 277 901 882 0 344 NA NA NA NA 2054 750 1195 209 330 NA NA NA NA 999 472 1134 257 367 NA NA NA NA 
1735426800.0 301.0 143 263 495 0 NA NA NA NA NA 211 355 705 0 NA NA NA NA NA 772 170 649 183 NA NA NA NA NA 494 270 686 225 NA NA NA NA NA 
1735426800.0 302.0 140 261 498 0 NA NA NA NA NA 209 352 703 0 NA NA NA NA NA 515 165 631 182 NA NA NA NA NA 434 260 696 206 NA NA NA NA NA 
1735426800.0 30434.0 192 694 657 0 255 NA NA NA NA 277 880 895 0 356 NA NA NA NA 2027 738 1194 205 328 NA NA NA NA 988 485 1065 243 355 NA NA NA NA 
1735426800.0 30834.0 195 688 661 0 256 NA NA NA NA 278 889 890 0 358 NA NA NA NA 1956 758 1152 205 332 NA NA NA NA 1003 497 930 235 406 NA NA NA NA 
1735426800.0 31.0 NA 217 401 0 NA NA NA NA NA NA 292 568 0 NA NA NA NA NA NA 684 1128 175 NA NA NA NA NA NA 331 837 202 NA NA NA NA NA 
1735426800.0 310.0 156 253 482 0 NA NA NA NA NA 216 331 681 0 NA NA NA NA NA 686 152 619 177 NA NA NA NA NA 576 226 694 203 NA NA NA NA NA 
1735426800.0 311.0 152 260 499 0 NA NA NA NA NA 215 336 723 0 NA NA NA NA NA 951 154 605 185 NA NA NA NA NA 638 233 639 220 NA NA NA NA NA 
1735426800.0 312.0 152 259 482 0 NA NA NA NA NA 213 347 691 0 NA NA NA NA NA 703 153 618 183 NA NA NA NA NA 604 227 713 219 NA NA NA NA NA 
1735426800.0 31234.0 185 694 669 0 255 NA NA NA NA 268 872 900 0 351 NA NA NA NA 2086 770 1146 206 329 NA NA NA NA 1109 551 1019 231 429 NA NA NA NA 
1735426800.0 32.0 NA 213 404 0 NA NA NA NA NA NA 307 572 0 NA NA NA NA NA NA 696 1258 177 NA NA NA NA NA NA 359 861 199 NA NA NA NA NA 
1735426800.0 320.0 164 258 487 0 NA NA NA NA NA 228 346 698 0 NA NA NA NA NA 783 181 584 180 NA NA NA NA NA 589 280 628 210 NA NA NA NA NA 
1735426800.0 32034.0 192 715 656 0 257 NA NA NA NA 278 872 893 0 346 NA NA NA NA 2831 832 1257 258 402 NA NA NA NA 1829 511 998 386 428 NA NA NA NA 
1735426800.0 321.0 165 311 568 0 NA NA NA NA NA 222 412 756 0 NA NA NA NA NA 1046 262 775 183 NA NA NA NA NA 673 345 707 231 NA NA NA NA NA 
1735426800.0 322.0 164 269 490 0 NA NA NA NA NA 232 376 711 0 NA NA NA NA NA 790 198 636 184 NA NA NA NA NA 733 267 804 236 NA NA NA NA NA 
1735426800.0 33.0 NA 217 394 0 NA NA NA NA NA NA 299 555 0 NA NA NA NA NA NA 658 1051 180 NA NA NA NA NA NA 294 796 228 NA NA NA NA NA 
1735426800.0 330.0 182 455 681 0 NA NA NA NA NA 256 719 859 0 NA NA NA NA NA 873 434 1159 218 NA NA NA NA NA 710 400 892 255 NA NA NA NA NA 
1735426800.0 331.0 183 468 685 0 NA NA NA NA NA 255 685 874 0 NA NA NA NA NA 1143 448 1155 230 NA NA NA NA NA 788 417 977 292 NA NA NA NA NA 
1735426800.0 332.0 183 520 735 0 NA NA NA NA NA 257 755 1004 0 NA NA NA NA NA 918 568 1466 228 NA NA NA NA NA 714 471 1032 281 NA NA NA NA NA 
1735426800.0 34.0 165 184 375 0 NA NA NA NA NA 275 263 541 0 NA NA NA NA NA 786 172 751 178 NA NA NA NA NA 367 147 706 224 NA NA NA NA NA 
1735426800.0 35.0 NA 219 412 0 NA NA NA NA NA NA 296 609 0 NA NA NA NA NA NA 709 1276 180 NA NA NA NA NA NA 360 843 200 NA NA NA NA NA 
1735426800.0 36.0 NA 212 421 0 NA NA NA NA NA NA 302 642 0 NA NA NA NA NA NA 739 3743 184 NA NA NA NA NA NA 311 1510 203 NA NA NA NA NA 
1735426800.0 37.0 NA 215 419 0 NA NA NA NA NA NA 307 618 0 NA NA NA NA NA NA 740 1748 196 NA NA NA NA NA NA 346 948 271 NA NA NA NA NA 
1735426800.0 38.0 NA 217 415 0 NA NA NA NA NA NA 314 615 0 NA NA NA NA NA NA 705 1571 190 NA NA NA NA NA NA 303 973 239 NA NA NA NA NA 
1735426800.0 39.0 NA 216 420 0 NA NA NA NA NA NA 306 625 0 NA NA NA NA NA NA 804 2416 176 NA NA NA NA NA NA 369 1118 190 NA NA NA NA NA 
1735426800.0 4.17 NA 103 380 0 265 NA NA NA NA NA 164 557 0 351 NA NA NA NA NA 71 1261 137 479 NA NA NA NA NA 80 959 156 490 NA NA NA NA 
1735426800.0 4.22 NA 209 133 132 0 NA NA NA NA NA 330 197 213 0 NA NA NA NA NA 379 127 117 88 NA NA NA NA NA 314 198 177 128 NA NA NA NA 
1735426800.0 4.23 NA 134 393 0 NA NA NA NA NA NA 206 569 0 NA NA NA NA NA NA 112 1251 187 NA NA NA NA NA NA 176 1104 215 NA NA NA NA NA 
1735426800.0 4.24 NA 128 388 0 NA NA NA NA NA NA 194 559 0 NA NA NA NA NA NA 114 1355 143 NA NA NA NA NA NA 148 1087 165 NA NA NA NA NA 
1735426800.0 4.25 NA 129 388 0 NA NA NA NA NA NA 198 564 0 NA NA NA NA NA NA 105 1292 149 NA NA NA NA NA NA 200 1054 166 NA NA NA NA NA 
1735426800.0 4.26 NA 128 396 0 NA NA NA NA NA NA 193 560 0 NA NA NA NA NA NA 106 1536 165 NA NA NA NA NA NA 182 1044 194 NA NA NA NA NA 
1735426800.0 4.27 NA 131 397 0 NA NA NA NA NA NA 197 551 0 NA NA NA NA NA NA 111 1567 205 NA NA NA NA NA NA 171 1013 248 NA NA NA NA NA 
1735426800.0 4.28 NA 135 338 0 NA NA NA NA NA NA 201 554 0 NA NA NA NA NA NA 110 1432 716 NA NA NA NA NA NA 290 1374 804 NA NA NA NA NA 
1735426800.0 4.29 NA 106 390 0 269 NA NA NA NA NA 168 571 0 351 NA NA NA NA NA 72 1345 145 498 NA NA NA NA NA 83 892 166 523 NA NA NA NA 
1735426800.0 4.34 NA 132 405 0 NA NA NA NA NA NA 197 568 0 NA NA NA NA NA NA 112 1429 182 NA NA NA NA NA NA 238 1116 228 NA NA NA NA NA 
1735426800.0 4.36 NA 132 397 0 NA NA NA NA NA NA 202 561 0 NA NA NA NA NA NA 106 1490 144 NA NA NA NA NA NA 150 971 165 NA NA NA NA NA 
1735426800.0 4.37 NA 130 405 0 NA NA NA NA NA NA 197 573 0 NA NA NA NA NA NA 102 1759 151 NA NA NA NA NA NA 179 1042 174 NA NA NA NA NA 
1735426800.0 4.4 NA 103 461 0 NA NA NA NA NA NA 169 755 0 NA NA NA NA NA NA 69 1553 139 NA NA NA NA NA NA 93 1108 169 NA NA NA NA NA 
1735426800.0 4.41 NA 102 472 0 NA NA NA NA NA NA 169 776 0 NA NA NA NA NA NA 74 2064 144 NA NA NA NA NA NA 138 1131 171 NA NA NA NA NA 
1735426800.0 4.42 NA 103 488 0 NA NA NA NA NA NA 170 786 0 NA NA NA NA NA NA 75 2295 141 NA NA NA NA NA NA 133 1118 161 NA NA NA NA NA 
1735426800.0 4.43 NA 105 461 0 NA NA NA NA NA NA 169 752 0 NA NA NA NA NA NA 70 1552 143 NA NA NA NA NA NA 133 1090 164 NA NA NA NA NA 
1735426800.0 4.44 NA 103 464 0 NA NA NA NA NA NA 168 748 0 NA NA NA NA NA NA 76 1854 145 NA NA NA NA NA NA 142 1017 192 NA NA NA NA NA 
1735426800.0 4.45 NA 101 485 0 NA NA NA NA NA NA 172 803 0 NA NA NA NA NA NA 79 2511 144 NA NA NA NA NA NA 120 1251 188 NA NA NA NA NA 
1735426800.0 4.51 NA 104 477 0 NA NA NA NA NA NA 172 759 0 NA NA NA NA NA NA 76 2012 144 NA NA NA NA NA NA 157 1070 164 NA NA NA NA NA 
1735426800.0 4.52 NA 101 482 0 NA NA NA NA NA NA 166 788 0 NA NA NA NA NA NA 75 2558 150 NA NA NA NA NA NA 118 1191 186 NA NA NA NA NA 
1735426800.0 4.53 NA 103 483 0 NA NA NA NA NA NA 169 811 0 NA NA NA NA NA NA 77 2439 144 NA NA NA NA NA NA 132 1183 163 NA NA NA NA NA 
1735426800.0 4.54 NA 103 482 0 NA NA NA NA NA NA 172 802 0 NA NA NA NA NA NA 77 2418 144 NA NA NA NA NA NA 123 1146 173 NA NA NA NA NA 
1735426800.0 4.55 NA 103 490 0 NA NA NA NA NA NA 169 810 0 NA NA NA NA NA NA 80 2912 134 NA NA NA NA NA NA 139 1340 163 NA NA NA NA NA 
1735426800.0 4.57 NA 127 490 0 NA NA NA NA NA NA 194 800 0 NA NA NA NA NA NA 120 2818 150 NA NA NA NA NA NA 144 1247 184 NA NA NA NA NA 
1735426800.0 4.58 NA 104 469 0 NA NA NA NA NA NA 174 753 0 NA NA NA NA NA NA 75 1771 134 NA NA NA NA NA NA 98 995 152 NA NA NA NA NA 
1735426800.0 4.6 NA 384 0 NA NA NA NA NA NA NA 544 0 NA NA NA NA NA NA NA 1263 199 NA NA NA NA NA NA NA 1155 225 NA NA NA NA NA NA 
1735426800.0 4.61 NA 103 481 0 NA NA NA NA NA NA 171 782 0 NA NA NA NA NA NA 74 2338 141 NA NA NA NA NA NA 107 1141 161 NA NA NA NA NA 
1735426800.0 4.62 NA 102 474 0 NA NA NA NA NA NA 172 757 0 NA NA NA NA NA NA 77 2384 147 NA NA NA NA NA NA 126 1135 184 NA NA NA NA NA 
1735426800.0 4.63 NA 102 484 0 NA NA NA NA NA NA 167 788 0 NA NA NA NA NA NA 80 2617 141 NA NA NA NA NA NA 133 1189 165 NA NA NA NA NA 
1735426800.0 4.64 NA 102 482 0 NA NA NA NA NA NA 171 780 0 NA NA NA NA NA NA 78 2546 141 NA NA NA NA NA NA 125 1188 161 NA NA NA NA NA 
1735426800.0 4.65 NA 102 500 0 NA NA NA NA NA NA 170 813 0 NA NA NA NA NA NA 80 3496 136 NA NA NA NA NA NA 134 1461 163 NA NA NA NA NA 
1735426800.0 4.67 NA 128 489 0 NA NA NA NA NA NA 196 795 0 NA NA NA NA NA NA 118 2925 149 NA NA NA NA NA NA 173 1304 176 NA NA NA NA NA 
1735426800.0 4.68 NA 104 480 0 NA NA NA NA NA NA 169 779 0 NA NA NA NA NA NA 80 2291 143 NA NA NA NA NA NA 116 1144 162 NA NA NA NA NA 
1735426800.0 4.71 NA 103 466 0 NA NA NA NA NA NA 172 736 0 NA NA NA NA NA NA 77 1837 141 NA NA NA NA NA NA 125 1003 172 NA NA NA NA NA 
1735426800.0 4.72 NA 103 477 0 NA NA NA NA NA NA 167 761 0 NA NA NA NA NA NA 76 2203 140 NA NA NA NA NA NA 161 1245 159 NA NA NA NA NA 
1735426800.0 4.73 NA 104 488 0 NA NA NA NA NA NA 173 802 0 NA NA NA NA NA NA 82 2546 152 NA NA NA NA NA NA 143 1179 189 NA NA NA NA NA 
1735426800.0 4.74 NA 102 476 0 NA NA NA NA NA NA 174 758 0 NA NA NA NA NA NA 77 2226 142 NA NA NA NA NA NA 125 1224 164 NA NA NA NA NA 
1735426800.0 4.75 NA 104 486 0 NA NA NA NA NA NA 171 801 0 NA NA NA NA NA NA 79 2709 146 NA NA NA NA NA NA 125 1388 167 NA NA NA NA NA 
1735426800.0 4.76 NA 130 487 0 NA NA NA NA NA NA 196 804 0 NA NA NA NA NA NA 117 2667 141 NA NA NA NA NA NA 140 1198 174 NA NA NA NA NA 
1735426800.0 4.77 NA 126 489 0 NA NA NA NA NA NA 196 790 0 NA NA NA NA NA NA 119 2833 143 NA NA NA NA NA NA 192 1319 161 NA NA NA NA NA 
1735426800.0 4.78 NA 105 480 0 NA NA NA NA NA NA 174 800 0 NA NA NA NA NA NA 76 2494 133 NA NA NA NA NA NA 132 1155 152 NA NA NA NA NA 
1735426800.0 4000.0 NA 216 421 NA NA NA NA NA NA NA 308 613 NA NA NA NA NA NA NA 785 1791 NA NA NA NA NA NA NA 377 1111 NA NA NA NA NA NA 
1735426800.0 4001.0 NA 255 461 NA NA NA NA NA NA NA 349 648 NA NA NA NA NA NA NA 285 990 NA NA NA NA NA NA NA 275 994 NA NA NA NA NA NA 
1735426800.0 4002.0 NA 216 399 NA NA NA NA NA NA NA 304 562 NA NA NA NA NA NA NA 663 1106 NA NA NA NA NA NA NA 300 761 NA NA NA NA NA NA 
1735426800.0 4003.0 NA 218 402 NA NA NA NA NA NA NA 297 560 NA NA NA NA NA NA NA 685 1314 NA NA NA NA NA NA NA 313 894 NA NA NA NA NA NA 
1735426800.0 4006.0 137 257 451 NA NA NA NA NA NA 222 348 609 NA NA NA NA NA NA 324 329 969 NA NA NA NA NA NA 267 356 1008 NA NA NA NA NA NA 
1735426800.0 4007.0 131 0 0 NA NA NA NA NA NA 212 0 0 NA NA NA NA NA NA 249 60 606 NA NA NA NA NA NA 257 158 946 NA NA NA NA NA NA 
1735426800.0 4008.0 131 0 0 NA NA NA NA NA NA 209 0 0 NA NA NA NA NA NA 248 59 600 NA NA NA NA NA NA 258 165 933 NA NA NA NA NA NA 
1735426800.0 43.0 NA 214 405 0 NA NA NA NA NA NA 295 582 0 NA NA NA NA NA NA 717 1492 197 NA NA NA NA NA NA 309 1016 230 NA NA NA NA NA 
1735426800.0 44.0 NA 213 405 0 NA NA NA NA NA NA 298 583 0 NA NA NA NA NA NA 705 1346 180 NA NA NA NA NA NA 354 893 211 NA NA NA NA NA 
1735426800.0 45.0 NA 217 406 0 NA NA NA NA NA NA 297 587 0 NA NA NA NA NA NA 685 1360 181 NA NA NA NA NA NA 317 879 202 NA NA NA NA NA 
1735426800.0 5.1 414 0 NA NA NA NA NA NA NA 541 0 NA NA NA NA NA NA NA 462 98 NA NA NA NA NA NA NA 560 128 NA NA NA NA NA NA NA 
1735426800.0 5.2 327 0 NA NA NA NA NA NA NA 445 0 NA NA NA NA NA NA NA 362 90 NA NA NA NA NA NA NA 438 111 NA NA NA NA NA NA NA 
1735426800.0 5.3 335 0 NA NA NA NA NA NA NA 454 0 NA NA NA NA NA NA NA 377 93 NA NA NA NA NA NA NA 460 115 NA NA NA NA NA NA NA 
1735426800.0 5.4 409 0 NA NA NA NA NA NA NA 548 0 NA NA NA NA NA NA NA 420 96 NA NA NA NA NA NA NA 484 116 NA NA NA NA NA NA NA 
1735426800.0 5.5 410 0 NA NA NA NA NA NA NA 538 0 NA NA NA NA NA NA NA 387 95 NA NA NA NA NA NA NA 448 113 NA NA NA NA NA NA NA 
1735426800.0 5.6 413 0 NA NA NA NA NA NA NA 550 0 NA NA NA NA NA NA NA 427 98 NA NA NA NA NA NA NA 513 118 NA NA NA NA NA NA NA 
1735426800.0 5.7 407 0 NA NA NA NA NA NA NA 534 0 NA NA NA NA NA NA NA 415 96 NA NA NA NA NA NA NA 510 113 NA NA NA NA NA NA NA 
1735426800.0 500199.0 305 NA NA NA NA NA NA NA NA 440 NA NA NA NA NA NA NA NA 591 NA NA NA NA NA NA NA NA 561 NA NA NA NA NA NA NA NA 
1735426800.0 500200.0 NA 305 429 0 NA NA NA NA NA NA 429 598 0 NA NA NA NA NA NA 1309 1004 167 NA NA NA NA NA NA 598 864 187 NA NA NA NA NA 
1735426800.0 500200.1 170 292 343 NA NA NA NA NA NA 264 399 476 NA NA NA NA NA NA 731 237 861 NA NA NA NA NA NA 380 277 667 NA NA NA NA NA NA 
1735426800.0 500202.0 NA 316 436 0 NA NA NA NA NA NA 451 628 0 NA NA NA NA NA NA 1409 1069 167 NA NA NA NA NA NA 600 821 184 NA NA NA NA NA 
1735426800.0 500203.0 NA 308 424 0 NA NA NA NA NA NA 432 596 0 NA NA NA NA NA NA 1367 1029 178 NA NA NA NA NA NA 636 882 211 NA NA NA NA NA 
1735426800.0 500204.0 NA 311 431 0 NA NA NA NA NA NA 450 597 0 NA NA NA NA NA NA 1336 1036 169 NA NA NA NA NA NA 569 839 190 NA NA NA NA NA 
1735426800.0 500205.0 NA 312 430 0 NA NA NA NA NA NA 446 593 0 NA NA NA NA NA NA 1328 1036 183 NA NA NA NA NA NA 570 876 241 NA NA NA NA NA 
1735426800.0 500206.0 NA 307 435 0 NA NA NA NA NA NA 414 625 0 NA NA NA NA NA NA 1339 1024 171 NA NA NA NA NA NA 560 822 197 NA NA NA NA NA 
1735426800.0 500207.0 NA 301 427 0 NA NA NA NA NA NA 430 580 0 NA NA NA NA NA NA 1168 938 165 NA NA NA NA NA NA 522 840 200 NA NA NA NA NA 
1735426800.0 50200.0 NA 321 540 0 NA NA NA NA NA NA 442 741 0 NA NA NA NA NA NA 525 1131 179 NA NA NA NA NA NA 361 918 211 NA NA NA NA NA 
1735426800.0 50202.0 NA 317 549 0 NA NA NA NA NA NA 433 782 0 NA NA NA NA NA NA 510 1165 174 NA NA NA NA NA NA 360 976 215 NA NA NA NA NA 
1735426800.0 50203.0 NA 327 504 0 NA NA NA NA NA NA 432 701 0 NA NA NA NA NA NA 501 1154 181 NA NA NA NA NA NA 369 991 210 NA NA NA NA NA 
1735426800.0 50204.0 NA 320 523 0 NA NA NA NA NA NA 440 717 0 NA NA NA NA NA NA 496 1084 172 NA NA NA NA NA NA 388 938 198 NA NA NA NA NA 
1735426800.0 50205.0 NA 322 541 0 NA NA NA NA NA NA 437 730 0 NA NA NA NA NA NA 509 1082 175 NA NA NA NA NA NA 380 933 195 NA NA NA NA NA 
1735426800.0 50206.0 NA 329 554 0 NA NA NA NA NA NA 444 759 0 NA NA NA NA NA NA 533 1143 182 NA NA NA NA NA NA 370 944 216 NA NA NA NA NA 
1735426800.0 50207.0 NA 327 520 0 NA NA NA NA NA NA 432 702 0 NA NA NA NA NA NA 486 1052 179 NA NA NA NA NA NA 362 965 220 NA NA NA NA NA 
1735426800.0 50208.0 NA 324 560 0 NA NA NA NA NA NA 443 798 0 NA NA NA NA NA NA 529 1503 188 NA NA NA NA NA NA 404 1055 219 NA NA NA NA NA 
1735426800.0 503.0 97 0 NA NA NA NA NA NA NA 151 0 NA NA NA NA NA NA NA 1002 67 NA NA NA NA NA NA NA 598 86 NA NA NA NA NA NA NA 
1735426800.0 504.0 104 0 NA NA NA NA NA NA NA 156 0 NA NA NA NA NA NA NA 106 65 NA NA NA NA NA NA NA 143 79 NA NA NA NA NA NA NA 
1735426800.0 505.0 103 0 NA NA NA NA NA NA NA 159 0 NA NA NA NA NA NA NA 103 67 NA NA NA NA NA NA NA 105 88 NA NA NA NA NA NA NA 
1735426800.0 506.0 103 0 NA NA NA NA NA NA NA 156 0 NA NA NA NA NA NA NA 104 67 NA NA NA NA NA NA NA 116 86 NA NA NA NA NA NA NA 
1735426800.0 507.0 97 0 NA NA NA NA NA NA NA 151 0 NA NA NA NA NA NA NA 481 66 NA NA NA NA NA NA NA 320 83 NA NA NA NA NA NA NA 
1735426800.0 508.0 102 0 NA NA NA NA NA NA NA 156 0 NA NA NA NA NA NA NA 104 65 NA NA NA NA NA NA NA 158 91 NA NA NA NA NA NA NA 
1735426800.0 509.0 95 0 NA NA NA NA NA NA NA 151 0 NA NA NA NA NA NA NA 98 67 NA NA NA NA NA NA NA 108 87 NA NA NA NA NA NA NA 
1735426800.0 510.0 97 0 NA NA NA NA NA NA NA 152 0 NA NA NA NA NA NA NA 1017 67 NA NA NA NA NA NA NA 584 90 NA NA NA NA NA NA NA 
1735426800.0 511.0 85 0 NA NA NA NA NA NA NA 161 0 NA NA NA NA NA NA NA 2398 69 NA NA NA NA NA NA NA 4009 115 NA NA NA NA NA NA NA 
1735426800.0 512.0 30 105 0 NA NA NA NA NA NA 104 163 0 NA NA NA NA NA NA 3357 119 76 NA NA NA NA NA NA 2999 122 104 NA NA NA NA NA NA 
1735426800.0 513.0 69 105 0 NA NA NA NA NA NA 105 161 0 NA NA NA NA NA NA 850 114 67 NA NA NA NA NA NA 323 116 86 NA NA NA NA NA NA 
1735426800.0 514.0 68 105 0 NA NA NA NA NA NA 105 167 0 NA NA NA NA NA NA 454 106 66 NA NA NA NA NA NA 179 133 81 NA NA NA NA NA NA 
1735426800.0 515.0 67 106 0 NA NA NA NA NA NA 105 162 0 NA NA NA NA NA NA 4288 100 67 NA NA NA NA NA NA 6978 114 85 NA NA NA NA NA NA 
1735426800.0 516.0 69 104 0 NA NA NA NA NA NA 107 160 0 NA NA NA NA NA NA 3420 105 65 NA NA NA NA NA NA 1349 126 82 NA NA NA NA NA NA 
1735426800.0 517.0 68 106 0 NA NA NA NA NA NA 103 168 0 NA NA NA NA NA NA 513 108 66 NA NA NA NA NA NA 228 136 82 NA NA NA NA NA NA 
1735426800.0 518.0 29 105 0 NA NA NA NA NA NA 105 162 0 NA NA NA NA NA NA 3356 108 71 NA NA NA NA NA NA 3005 119 91 NA NA NA NA NA NA 
1735426800.0 519.0 67 105 0 NA NA NA NA NA NA 104 162 0 NA NA NA NA NA NA 3925 110 75 NA NA NA NA NA NA 3438 118 99 NA NA NA NA NA NA 
1735426800.0 520.0 68 106 0 NA NA NA NA NA NA 104 167 0 NA NA NA NA NA NA 506 107 66 NA NA NA NA NA NA 228 119 89 NA NA NA NA NA NA 
1735426800.0 521.0 30 98 0 NA NA NA NA NA NA 105 155 0 NA NA NA NA NA NA 4713 98 68 NA NA NA NA NA NA 3896 133 86 NA NA NA NA NA NA 
1735426800.0 522.0 69 99 0 NA NA NA NA NA NA 105 153 0 NA NA NA NA NA NA 822 85 67 NA NA NA NA NA NA 296 110 88 NA NA NA NA NA NA 
1735426800.0 523.0 68 101 0 NA NA NA NA NA NA 106 158 0 NA NA NA NA NA NA 1126 96 67 NA NA NA NA NA NA 414 155 90 NA NA NA NA NA NA 
1735426800.0 524.0 67 100 0 NA NA NA NA NA NA 103 161 0 NA NA NA NA NA NA 503 90 67 NA NA NA NA NA NA 189 120 89 NA NA NA NA NA NA 
1735426800.0 525.0 29 100 0 NA NA NA NA NA NA 106 156 0 NA NA NA NA NA NA 4160 98 73 NA NA NA NA NA NA 4074 126 95 NA NA NA NA NA NA 
1735426800.0 526.0 66 99 0 NA NA NA NA NA NA 105 155 0 NA NA NA NA NA NA 3735 82 67 NA NA NA NA NA NA 4857 97 92 NA NA NA NA NA NA 
1735426800.0 527.0 67 100 0 NA NA NA NA NA NA 103 160 0 NA NA NA NA NA NA 504 87 66 NA NA NA NA NA NA 245 109 85 NA NA NA NA NA NA 
1735426800.0 528.0 30 98 0 NA NA NA NA NA NA 105 155 0 NA NA NA NA NA NA 3610 89 69 NA NA NA NA NA NA 2408 108 87 NA NA NA NA NA NA 
1735426800.0 529.0 67 98 0 NA NA NA NA NA NA 106 153 0 NA NA NA NA NA NA 3275 88 66 NA NA NA NA NA NA 1874 118 86 NA NA NA NA NA NA 
1735426800.0 530.0 68 100 0 NA NA NA NA NA NA 103 159 0 NA NA NA NA NA NA 509 90 66 NA NA NA NA NA NA 226 104 85 NA NA NA NA NA NA 
1735426800.0 531.0 121 0 NA NA NA NA NA NA NA 263 0 NA NA NA NA NA NA NA 80 66 NA NA NA NA NA NA NA 92 86 NA NA NA NA NA NA NA 
1735426800.0 534.0 245 0 NA NA NA NA NA NA NA 325 0 NA NA NA NA NA NA NA 571 71 NA NA NA NA NA NA NA 863 123 NA NA NA NA NA NA NA 
1735426800.0 535.0 109 0 NA NA NA NA NA NA NA 182 0 NA NA NA NA NA NA NA 582 64 NA NA NA NA NA NA NA 505 78 NA NA NA NA NA NA NA 
1735426800.0 536.0 105 0 NA NA NA NA NA NA NA 172 0 NA NA NA NA NA NA NA 131 65 NA NA NA NA NA NA NA 214 93 NA NA NA NA NA NA NA 
1735426800.0 537.0 110 0 NA NA NA NA NA NA NA 181 0 NA NA NA NA NA NA NA 1879 67 NA NA NA NA NA NA NA 714 93 NA NA NA NA NA NA NA 
1735426800.0 538.0 62 0 NA NA NA NA NA NA NA 180 0 NA NA NA NA NA NA NA 3485 71 NA NA NA NA NA NA NA 3207 92 NA NA NA NA NA NA NA 
1735426800.0 539.0 109 0 NA NA NA NA NA NA NA 167 0 NA NA NA NA NA NA NA 9402 66 NA NA NA NA NA NA NA 12524 86 NA NA NA NA NA NA NA 
1735426800.0 541.0 98 0 NA NA NA NA NA NA NA 153 0 NA NA NA NA NA NA NA 91 66 NA NA NA NA NA NA NA 114 85 NA NA NA NA NA NA NA 
1735426800.0 545.0 99 0 NA NA NA NA NA NA NA 154 0 NA NA NA NA NA NA NA 102 66 NA NA NA NA NA NA NA 126 91 NA NA NA NA NA NA NA 
1735426800.0 551.0 69 105 0 NA NA NA NA NA NA 105 162 0 NA NA NA NA NA NA 1115 133 67 NA NA NA NA NA NA 365 141 92 NA NA NA NA NA NA 
1735426800.0 552.0 67 106 0 NA NA NA NA NA NA 103 169 0 NA NA NA NA NA NA 508 106 62 NA NA NA NA NA NA 268 132 89 NA NA NA NA NA NA 
1735426800.0 554.0 68 106 0 NA NA NA NA NA NA 104 169 0 NA NA NA NA NA NA 2375 104 67 NA NA NA NA NA NA 668 121 89 NA NA NA NA NA NA 
1735426800.0 555.0 68 106 0 NA NA NA NA NA NA 105 166 0 NA NA NA NA NA NA 1671 104 66 NA NA NA NA NA NA 515 133 86 NA NA NA NA NA NA 
1735426800.0 556.0 68 105 0 NA NA NA NA NA NA 104 167 0 NA NA NA NA NA NA 436 121 66 NA NA NA NA NA NA 194 142 84 NA NA NA NA NA NA 
1735426800.0 560.0 103 0 NA NA NA NA NA NA NA 156 0 NA NA NA NA NA NA NA 101 66 NA NA NA NA NA NA NA 101 85 NA NA NA NA NA NA NA 
1735426800.0 561.0 103 0 NA NA NA NA NA NA NA 156 0 NA NA NA NA NA NA NA 105 66 NA NA NA NA NA NA NA 130 92 NA NA NA NA NA NA NA 
1735426800.0 562.0 68 102 0 NA NA NA NA NA NA 104 159 0 NA NA NA NA NA NA 458 106 66 NA NA NA NA NA NA 311 126 99 NA NA NA NA NA NA 
1735426800.0 570.0 92 0 NA NA NA NA NA NA NA 147 0 NA NA NA NA NA NA NA 154 67 NA NA NA NA NA NA NA 159 88 NA NA NA NA NA NA NA 
1735426800.0 571.0 68 0 NA NA NA NA NA NA NA 147 0 NA NA NA NA NA NA NA 234 67 NA NA NA NA NA NA NA 253 87 NA NA NA NA NA NA NA 
1735426800.0 572.0 92 0 NA NA NA NA NA NA NA 144 0 NA NA NA NA NA NA NA 136 68 NA NA NA NA NA NA NA 128 124 NA NA NA NA NA NA NA 
1735426800.0 573.0 87 0 NA NA NA NA NA NA NA 145 0 NA NA NA NA NA NA NA 424 66 NA NA NA NA NA NA NA 348 93 NA NA NA NA NA NA NA 
1735426800.0 574.0 94 0 NA NA NA NA NA NA NA 147 0 NA NA NA NA NA NA NA 323 66 NA NA NA NA NA NA NA 259 86 NA NA NA NA NA NA NA 
1735426800.0 575.0 92 0 NA NA NA NA NA NA NA 144 0 NA NA NA NA NA NA NA 527 65 NA NA NA NA NA NA NA 413 88 NA NA NA NA NA NA NA 
1735426800.0 576.0 93 0 NA NA NA NA NA NA NA 144 0 NA NA NA NA NA NA NA 119 64 NA NA NA NA NA NA NA 134 87 NA NA NA NA NA NA NA 
1735426800.0 577.0 92 0 NA NA NA NA NA NA NA 144 0 NA NA NA NA NA NA NA 112 66 NA NA NA NA NA NA NA 119 83 NA NA NA NA NA NA NA 
1735426800.0 6.0 NA 187 355 0 NA NA NA NA NA NA 265 490 0 NA NA NA NA NA NA 584 804 163 NA NA NA NA NA NA 320 694 188 NA NA NA NA NA 
1735426800.0 7.0 131 167 197 120 0 NA NA NA NA 204 243 303 179 0 NA NA NA NA 259 109 213 117 87 NA NA NA NA 263 156 311 202 104 NA NA NA NA 
1735426800.0 7.1 130 164 196 121 0 NA NA NA NA 206 237 308 183 0 NA NA NA NA 493 106 223 119 92 NA NA NA NA 506 162 293 189 109 NA NA NA NA 
1735426800.0 7.2 130 243 293 127 0 NA NA NA NA 205 332 466 188 0 NA NA NA NA 271 318 287 121 119 NA NA NA NA 264 315 342 156 151 NA NA NA NA 
1735426800.0 7.21 131 253 294 127 0 NA NA NA NA 208 346 476 192 0 NA NA NA NA 275 329 284 125 117 NA NA NA NA 320 262 319 178 147 NA NA NA NA 
1735426800.0 7.22 131 202 255 127 0 NA NA NA NA 213 290 386 196 0 NA NA NA NA 267 119 249 122 91 NA NA NA NA 388 157 346 175 119 NA NA NA NA 
1735426800.0 7.23 138 211 289 125 0 NA NA NA NA 208 289 447 190 0 NA NA NA NA 462 113 252 109 116 NA NA NA NA 460 124 252 151 133 NA NA NA NA 
1735426800.0 7.24 133 212 284 122 0 NA NA NA NA 209 291 449 186 0 NA NA NA NA 447 110 262 91 112 NA NA NA NA 506 118 303 111 134 NA NA NA NA 
1735426800.0 7.3 132 244 293 126 0 NA NA NA NA 209 332 482 192 0 NA NA NA NA 458 326 283 125 110 NA NA NA NA 508 278 301 184 130 NA NA NA NA 
1735426800.0 7.4 131 245 291 126 0 NA NA NA NA 209 332 478 189 0 NA NA NA NA 268 313 285 142 108 NA NA NA NA 366 306 439 349 133 NA NA NA NA 
1735426800.0 7.5 144 321 203 NA NA NA NA NA NA 211 568 296 NA NA NA NA NA NA 579 331 246 NA NA NA NA NA NA 620 294 221 NA NA NA NA NA NA 
1735426800.0 8.0 NA 182 203 106 0 NA NA NA NA NA 264 311 165 0 NA NA NA NA NA 542 253 81 88 NA NA NA NA NA 240 244 128 109 NA NA NA NA 
1735426800.0 8.1 134 275 307 106 0 NA NA NA NA 209 349 480 168 0 NA NA NA NA 248 527 271 76 109 NA NA NA NA 264 227 269 93 128 NA NA NA NA 
1735426800.0 8.2 145 240 301 104 0 NA NA NA NA 220 319 459 168 0 NA NA NA NA 418 158 260 75 110 NA NA NA NA 615 121 262 97 124 NA NA NA NA 
1735426800.0 9.0 NA 215 414 0 NA NA NA NA NA NA 305 613 0 NA NA NA NA NA NA 749 1675 197 NA NA NA NA NA NA 353 935 287 NA NA NA NA NA 
