Timestamp WorkflowId PeakValueRss1 PeakValueRss2 PeakValueRss3 PeakValueRss4 PeakValueRss5 PeakValueRss6 PeakValueRss7 PeakValueRss8 PeakValueVsize1 PeakValueVsize2 PeakValueVsize3 PeakValueVsize4 PeakValueVsize5 PeakValueVsize6 PeakValueVsize7 PeakValueVsize8 TotalJobCPU1 TotalJobCPU2 TotalJobCPU3 TotalJobCPU4 TotalJobCPU5 TotalJobCPU6 TotalJobCPU7 TotalJobCPU8 TotalJobTime1 TotalJobTime2 TotalJobTime3 TotalJobTime4 TotalJobTime5 TotalJobTime6 TotalJobTime7 TotalJobTime8
1477472400.0 1.0 52 73 141 NA NA NA NA NA 103 138 174 NA NA NA NA NA 3324 556 490 NA NA NA NA NA 3415 572 504 NA NA NA NA NA
1477472400.0 10.0 NA 108 213 0 NA NA NA NA NA 161 264 0 NA NA NA NA NA 4394 4227 1214 NA NA NA NA NA 4544 4279 1231 NA NA NA NA
1477472400.0 1000.0 NA 230 146 0 57 NA NA NA NA 286 186 0 84 NA NA NA NA 3998 756 964 181 NA NA NA NA 4062 786 988 194 NA NA NA
1477472400.0 1001.0 NA 207 179 0 0 0 0 0 NA 263 219 0 0 0 0 0 NA 3682 500 8 90 966 25 937 NA 3766 525 11 93 975 27 945
1477472400.0 1002.0 NA 224 70 NA NA NA NA NA NA 278 102 NA NA NA NA NA NA 3927 252 NA NA NA NA NA NA 3971 259 NA NA NA NA NA
1477472400.0 10021.0 NA 110 242 80 0 NA NA NA NA 198 306 109 0 NA NA NA NA 1290 2544 189 1651 NA NA NA NA 1372 2646 262 1682 NA NA NA
1477472400.0 10023.0 NA 110 237 74 0 NA NA NA NA 198 306 108 0 NA NA NA NA 1136 2115 186 1710 NA NA NA NA 1232 2204 265 1745 NA NA NA
1477472400.0 10024.0 NA 116 242 86 0 NA NA NA NA 198 307 109 0 NA NA NA NA 1278 2467 185 1846 NA NA NA NA 1362 2561 256 1898 NA NA NA
1477472400.0 10024.1 NA 116 170 0 NA NA NA NA NA 198 215 0 NA NA NA NA NA 1294 1210 768 NA NA NA NA NA 1390 1287 781 NA NA NA NA
1477472400.0 10024.2 NA 118 244 0 NA NA NA NA NA 198 306 0 NA NA NA NA NA 1263 2713 1900 NA NA NA NA NA 1322 2800 1937 NA NA NA NA
1477472400.0 10024.3 NA 115 163 0 NA NA NA NA NA 198 209 0 NA NA NA NA NA 1267 1229 657 NA NA NA NA NA 1338 1314 667 NA NA NA NA
1477472400.0 10024.4 NA 117 239 0 NA NA NA NA NA 198 306 0 NA NA NA NA NA 1303 2684 1864 NA NA NA NA NA 1509 2763 1900 NA NA NA NA
1477472400.0 10024.5 NA 115 159 0 NA NA NA NA NA 198 210 0 NA NA NA NA NA 1294 1112 653 NA NA NA NA NA 1377 1188 668 NA NA NA NA
1477472400.0 10025.0 NA 116 242 79 0 NA NA NA NA 198 306 108 0 NA NA NA NA 1263 2248 189 1774 NA NA NA NA 1357 2329 240 1797 NA NA NA
1477472400.0 10026.0 NA 120 245 85 0 NA NA NA NA 198 306 109 0 NA NA NA NA 1318 4859 183 1863 NA NA NA NA 1402 4950 255 1892 NA NA NA
1477472400.0 1003.0 NA 193 0 NA NA NA NA NA NA 252 0 NA NA NA NA NA NA 5846 625 NA NA NA NA NA NA 5983 644 NA NA NA NA NA
1477472400.0 1004.0 NA 199 138 0 0 0 0 NA NA 255 182 0 0 0 0 NA NA 930 297 8 85 881 963 NA NA 965 312 11 87 885 971 NA
1477472400.0 101.0 96 NA NA NA NA NA NA NA 146 NA NA NA NA NA NA NA 2061 NA NA NA NA NA NA NA 2093 NA NA NA NA NA NA NA
1477472400.0 102.0 106 NA NA NA NA NA NA NA 147 NA NA NA NA NA NA NA 1558 NA NA NA NA NA NA NA 1715 NA NA NA NA NA NA NA
1477472400.0 10224.0 NA 0 NA NA NA NA NA NA NA 0 NA NA NA NA NA NA NA 0 NA NA NA NA NA NA NA 0 NA NA NA NA NA NA
1477472400.0 10225.0 NA 0 NA NA NA NA NA NA NA 0 NA NA NA NA NA NA NA 0 NA NA NA NA NA NA NA 0 NA NA NA NA NA NA
1477472400.0 103.0 42 0 0 NA NA NA NA NA 78 0 0 NA NA NA NA NA 792 132 294 NA NA NA NA NA 809 144 314 NA NA NA NA NA
1477472400.0 105.0 55 94 34 NA NA NA NA NA 103 147 58 NA NA NA NA NA 3299 608 4 NA NA NA NA NA 3335 634 11 NA NA NA NA NA
1477472400.0 106.0 42 0 0 NA NA NA NA NA 78 0 0 NA NA NA NA NA 781 131 259 NA NA NA NA NA 984 346 1186 NA NA NA NA NA
1477472400.0 107.0 55 96 208 NA NA NA NA NA 103 147 256 NA NA NA NA NA 6006 638 850 NA NA NA NA NA 6062 659 878 NA NA NA NA NA
1477472400.0 108.0 57 87 212 NA NA NA NA NA 104 147 258 NA NA NA NA NA 9941 696 1071 NA NA NA NA NA 10104 721 1096 NA NA NA NA NA
1477472400.0 109.0 57 100 213 NA NA NA NA NA 104 147 259 NA NA NA NA NA 9447 677 1061 NA NA NA NA NA 9510 705 1100 NA NA NA NA NA
1477472400.0 11.0 NA 92 222 0 72 NA NA NA NA 160 272 0 92 NA NA NA NA 3614 1600 1118 42 NA NA NA NA 3646 1629 1139 49 NA NA NA
1477472400.0 110.0 48 93 211 NA NA NA NA NA 90 147 253 NA NA NA NA NA 1212 593 673 NA NA NA NA NA 1222 605 710 NA NA NA NA NA
1477472400.0 1102.0 NA 104 224 126 79 NA NA NA NA 160 265 157 109 NA NA NA NA 4475 5634 3218 218 NA NA NA NA 4512 5666 3252 225 NA NA NA
1477472400.0 111.0 55 92 210 NA NA NA NA NA 103 147 256 NA NA NA NA NA 3481 471 760 NA NA NA NA NA 3511 484 807 NA NA NA NA NA
1477472400.0 112.0 55 93 211 NA NA NA NA NA 104 147 256 NA NA NA NA NA 5876 643 782 NA NA NA NA NA 5938 673 810 NA NA NA NA NA
1477472400.0 113.0 56 98 214 NA NA NA NA NA 109 147 257 NA NA NA NA NA 7412 656 849 NA NA NA NA NA 7557 675 875 NA NA NA NA NA
1477472400.0 114.0 55 87 214 NA NA NA NA NA 103 147 257 NA NA NA NA NA 7162 674 867 NA NA NA NA NA 7232 692 901 NA NA NA NA NA
1477472400.0 115.0 57 100 211 NA NA NA NA NA 103 147 258 NA NA NA NA NA 7650 689 947 NA NA NA NA NA 7715 713 990 NA NA NA NA NA
1477472400.0 116.0 57 95 217 NA NA NA NA NA 104 147 258 NA NA NA NA NA 8348 667 955 NA NA NA NA NA 8422 683 982 NA NA NA NA NA
1477472400.0 117.0 58 88 213 NA NA NA NA NA 107 147 259 NA NA NA NA NA 10231 675 1043 NA NA NA NA NA 10288 695 1071 NA NA NA NA NA
1477472400.0 118.0 58 96 211 NA NA NA NA NA 104 147 260 NA NA NA NA NA 9354 686 1120 NA NA NA NA NA 9439 704 1156 NA NA NA NA NA
1477472400.0 119.0 55 92 218 NA NA NA NA NA 101 147 256 NA NA NA NA NA 5413 636 803 NA NA NA NA NA 5444 654 874 NA NA NA NA NA
1477472400.0 12.0 NA 92 225 0 NA NA NA NA NA 160 264 0 NA NA NA NA NA 4031 4115 1279 NA NA NA NA NA 4116 4158 1306 NA NA NA NA
1477472400.0 120.0 51 82 205 NA NA NA NA NA 89 147 253 NA NA NA NA NA 975 582 661 NA NA NA NA NA 987 606 684 NA NA NA NA NA
1477472400.0 121.0 55 88 210 NA NA NA NA NA 104 147 260 NA NA NA NA NA 9703 712 1100 NA NA NA NA NA 9821 733 1124 NA NA NA NA NA
1477472400.0 122.0 51 84 206 NA NA NA NA NA 98 147 254 NA NA NA NA NA 1301 312 615 NA NA NA NA NA 1315 332 647 NA NA NA NA NA
1477472400.0 123.1 204 NA NA NA NA NA NA NA 254 NA NA NA NA NA NA NA 987 NA NA NA NA NA NA NA 2197 NA NA NA NA NA NA NA
1477472400.0 123.2 204 NA NA NA NA NA NA NA 258 NA NA NA NA NA NA NA 1273 NA NA NA NA NA NA NA 2055 NA NA NA NA NA NA NA
1477472400.0 123.3 201 NA NA NA NA NA NA NA 239 NA NA NA NA NA NA NA 727 NA NA NA NA NA NA NA 917 NA NA NA NA NA NA NA
1477472400.0 124.1 200 NA NA NA NA NA NA NA 246 NA NA NA NA NA NA NA 728 NA NA NA NA NA NA NA 1536 NA NA NA NA NA NA NA
1477472400.0 124.2 208 NA NA NA NA NA NA NA 252 NA NA NA NA NA NA NA 928 NA NA NA NA NA NA NA 1860 NA NA NA NA NA NA NA
1477472400.0 124.4 211 NA NA NA NA NA NA NA 246 NA NA NA NA NA NA NA 728 NA NA NA NA NA NA NA 1465 NA NA NA NA NA NA NA
1477472400.0 124.5 203 NA NA NA NA NA NA NA 246 NA NA NA NA NA NA NA 733 NA NA NA NA NA NA NA 1390 NA NA NA NA NA NA NA
1477472400.0 124.6 193 NA NA NA NA NA NA NA 239 NA NA NA NA NA NA NA 739 NA NA NA NA NA NA NA 1890 NA NA NA NA NA NA NA
1477472400.0 125.0 56 84 211 NA NA NA NA NA 102 147 256 NA NA NA NA NA 6374 646 821 NA NA NA NA NA 6451 664 861 NA NA NA NA NA
1477472400.0 126.0 50 88 209 NA NA NA NA NA 91 147 254 NA NA NA NA NA 2781 611 690 NA NA NA NA NA 2805 694 714 NA NA NA NA NA
1477472400.0 127.0 50 85 212 NA NA NA NA NA 90 147 253 NA NA NA NA NA 2540 589 689 NA NA NA NA NA 2554 615 737 NA NA NA NA NA
1477472400.0 128.0 48 84 209 NA NA NA NA NA 84 147 253 NA NA NA NA NA 900 599 668 NA NA NA NA NA 910 618 699 NA NA NA NA NA
1477472400.0 129.0 49 90 210 NA NA NA NA NA 84 147 253 NA NA NA NA NA 932 576 652 NA NA NA NA NA 940 591 678 NA NA NA NA NA
1477472400.0 13.0 NA 89 212 0 NA NA NA NA NA 161 258 0 NA NA NA NA NA 477 1591 924 NA NA NA NA NA 510 1632 935 NA NA NA NA
1477472400.0 130.0 54 83 209 NA NA NA NA NA 86 147 253 NA NA NA NA NA 1170 580 662 NA NA NA NA NA 1196 598 690 NA NA NA NA NA
1477472400.0 1301.0 64 150 182 NA NA NA NA NA 99 206 217 NA NA NA NA NA 1854 769 667 NA NA NA NA NA 1909 818 720 NA NA NA NA NA
1477472400.0 1302.0 63 164 188 NA NA NA NA NA 104 206 220 NA NA NA NA NA 10599 1027 1008 NA NA NA NA NA 10713 1098 1119 NA NA NA NA NA
1477472400.0 1303.0 75 165 186 NA NA NA NA NA 105 206 223 NA NA NA NA NA 18013 1154 1518 NA NA NA NA NA 18140 1208 1579 NA NA NA NA NA
1477472400.0 1306.0 NA 174 261 0 NA NA NA NA NA 225 301 0 NA NA NA NA NA 827 929 1900 NA NA NA NA NA 899 996 1930 NA NA NA NA
1477472400.0 1307.0 NA 151 141 59 0 NA NA NA NA 217 200 83 0 NA NA NA NA 846 678 50 700 NA NA NA NA 914 729 82 716 NA NA NA
1477472400.0 1308.0 NA 152 144 55 0 NA NA NA NA 217 201 82 0 NA NA NA NA 787 551 51 698 NA NA NA NA 876 626 60 716 NA NA NA
1477472400.0 1309.0 NA 187 268 0 NA NA NA NA NA 240 312 0 NA NA NA NA NA 1253 1579 2009 NA NA NA NA NA 1320 1656 2027 NA NA NA NA
1477472400.0 131.0 49 85 213 NA NA NA NA NA 85 147 254 NA NA NA NA NA 2776 609 690 NA NA NA NA NA 2816 627 712 NA NA NA NA NA
1477472400.0 1310.0 NA 183 259 0 NA NA NA NA NA 236 309 0 NA NA NA NA NA 1119 1390 2015 NA NA NA NA NA 1202 1504 2038 NA NA NA NA
1477472400.0 1311.0 NA 174 252 0 76 NA NA NA NA 227 289 0 103 NA NA NA NA 845 957 2134 110 NA NA NA NA 918 1037 2163 160 NA NA NA
1477472400.0 1312.0 NA 186 265 0 NA NA NA NA NA 236 311 0 NA NA NA NA NA 1119 1432 2076 NA NA NA NA NA 1191 1516 2094 NA NA NA NA
1477472400.0 1313.0 NA 183 270 0 NA NA NA NA NA 241 315 0 NA NA NA NA NA 1388 2220 2061 NA NA NA NA NA 1456 2305 2078 NA NA NA NA
1477472400.0 1314.0 NA 178 256 0 NA NA NA NA NA 230 305 0 NA NA NA NA NA 996 1163 1960 NA NA NA NA NA 1095 1254 1989 NA NA NA NA
1477472400.0 1315.0 NA 174 257 0 NA NA NA NA NA 226 301 0 NA NA NA NA NA 861 950 1921 NA NA NA NA NA 927 1018 1937 NA NA NA NA
1477472400.0 1316.0 NA 177 259 0 NA NA NA NA NA 228 302 0 NA NA NA NA NA 909 1053 1871 NA NA NA NA NA 994 1145 1891 NA NA NA NA
1477472400.0 1317.0 NA 182 263 0 NA NA NA NA NA 227 302 0 NA NA NA NA NA 895 1005 1925 NA NA NA NA NA 972 1071 1967 NA NA NA NA
1477472400.0 1318.0 NA 181 258 0 NA NA NA NA NA 225 301 0 NA NA NA NA NA 820 949 1932 NA NA NA NA NA 893 1033 1961 NA NA NA NA
1477472400.0 1319.0 NA 175 255 0 NA NA NA NA NA 227 301 0 NA NA NA NA NA 870 971 1871 NA NA NA NA NA 929 1049 1900 NA NA NA NA
1477472400.0 132.0 52 97 211 NA NA NA NA NA 100 147 256 NA NA NA NA NA 5057 637 809 NA NA NA NA NA 5116 662 829 NA NA NA NA NA
1477472400.0 1320.0 NA 182 257 0 NA NA NA NA NA 227 302 0 NA NA NA NA NA 939 1027 1917 NA NA NA NA NA 1015 1092 1947 NA NA NA NA
1477472400.0 1321.0 NA 175 260 0 NA NA NA NA NA 227 303 0 NA NA NA NA NA 932 1047 1900 NA NA NA NA NA 992 1119 1933 NA NA NA NA
1477472400.0 1322.0 NA 174 257 0 NA NA NA NA NA 227 303 0 NA NA NA NA NA 964 1083 1926 NA NA NA NA NA 1060 1165 1959 NA NA NA NA
1477472400.0 1323.0 NA 173 254 0 NA NA NA NA NA 225 300 0 NA NA NA NA NA 841 914 1862 NA NA NA NA NA 913 1001 1879 NA NA NA NA
1477472400.0 1324.0 NA 182 266 0 NA NA NA NA NA 240 310 0 NA NA NA NA NA 1143 1461 2101 NA NA NA NA NA 1210 1546 2121 NA NA NA NA
1477472400.0 1325.0 NA 193 269 0 77 NA NA NA NA 237 311 0 111 NA NA NA NA 1130 1482 2084 170 NA NA NA NA 1203 1569 2123 225 NA NA NA
1477472400.0 1325.1 NA 182 161 0 NA NA NA NA NA 238 195 0 NA NA NA NA NA 1179 693 848 NA NA NA NA NA 1288 770 880 NA NA NA NA
1477472400.0 1325.2 NA 189 260 0 NA NA NA NA NA 237 310 0 NA NA NA NA NA 1155 1461 2106 NA NA NA NA NA 1251 1544 2136 NA NA NA NA
1477472400.0 1325.3 NA 181 158 0 NA NA NA NA NA 238 191 0 NA NA NA NA NA 1161 709 817 NA NA NA NA NA 1254 779 839 NA NA NA NA
1477472400.0 1325.4 NA 190 261 0 NA NA NA NA NA 237 311 0 NA NA NA NA NA 1184 1486 2050 NA NA NA NA NA 1266 1570 2074 NA NA NA NA
1477472400.0 1326.0 NA 178 261 0 NA NA NA NA NA 233 307 0 NA NA NA NA NA 971 1110 2001 NA NA NA NA NA 1056 1203 2023 NA NA NA NA
1477472400.0 1327.0 NA 181 264 0 NA NA NA NA NA 234 308 0 NA NA NA NA NA 973 1111 2004 NA NA NA NA NA 1050 1183 2045 NA NA NA NA
1477472400.0 1328.0 NA 176 265 0 NA NA NA NA NA 235 309 0 NA NA NA NA NA 1066 1246 2003 NA NA NA NA NA 1135 1306 2023 NA NA NA NA
1477472400.0 1329.0 NA 178 260 0 NA NA NA NA NA 234 308 0 NA NA NA NA NA 976 1121 2008 NA NA NA NA NA 1074 1218 2045 NA NA NA NA
1477472400.0 133.0 58 98 220 NA NA NA NA NA 104 147 262 NA NA NA NA NA 12375 713 1274 NA NA NA NA NA 12453 737 1297 NA NA NA NA NA
1477472400.0 1330.0 NA 182 262 0 NA NA NA NA NA 236 309 0 NA NA NA NA NA 1065 1246 2035 NA NA NA NA NA 1150 1321 2064 NA NA NA NA
1477472400.0 1331.0 NA 180 263 0 NA NA NA NA NA 233 308 0 NA NA NA NA NA 962 1087 2012 NA NA NA NA NA 1022 1178 2029 NA NA NA NA
1477472400.0 1332.0 NA 179 264 0 NA NA NA NA NA 234 307 0 NA NA NA NA NA 993 1185 2136 NA NA NA NA NA 1053 1241 2160 NA NA NA NA
1477472400.0 1333.0 NA 175 263 0 NA NA NA NA NA 228 304 0 NA NA NA NA NA 895 1057 1994 NA NA NA NA NA 981 1133 2022 NA NA NA NA
1477472400.0 1334.0 NA 184 266 0 NA NA NA NA NA 233 308 0 NA NA NA NA NA 991 1181 2031 NA NA NA NA NA 1070 1250 2053 NA NA NA NA
1477472400.0 1335.0 NA 184 261 0 NA NA NA NA NA 232 307 0 NA NA NA NA NA 957 1131 2016 NA NA NA NA NA 1066 1203 2047 NA NA NA NA
1477472400.0 1336.0 NA 181 265 0 NA NA NA NA NA 238 311 0 NA NA NA NA NA 2463 3685 2055 NA NA NA NA NA 2558 3774 2066 NA NA NA NA
1477472400.0 1337.0 NA 189 265 0 NA NA NA NA NA 241 317 0 NA NA NA NA NA 1851 2482 2175 NA NA NA NA NA 1939 2589 2204 NA NA NA NA
1477472400.0 1338.0 NA 180 267 0 NA NA NA NA NA 237 313 0 NA NA NA NA NA 1142 1406 2061 NA NA NA NA NA 1230 1478 2081 NA NA NA NA
1477472400.0 1339.0 NA 188 269 0 NA NA NA NA NA 238 313 0 NA NA NA NA NA 1619 2083 2071 NA NA NA NA NA 2000 2153 2091 NA NA NA NA
1477472400.0 134.0 NA 228 43 0 NA NA NA NA NA 281 74 0 NA NA NA NA NA 4587 9 14 NA NA NA NA NA 4630 12 16 NA NA NA NA
1477472400.0 134.701 NA 56 247 0 NA NA NA NA NA 97 297 0 NA NA NA NA NA 232 8522 916 NA NA NA NA NA 242 8653 947 NA NA NA NA
1477472400.0 134.702 NA 57 245 0 NA NA NA NA NA 94 289 0 NA NA NA NA NA 254 12109 892 NA NA NA NA NA 269 12211 902 NA NA NA NA
1477472400.0 134.703 NA 56 264 0 NA NA NA NA NA 94 302 0 NA NA NA NA NA 243 11935 929 NA NA NA NA NA 280 12047 948 NA NA NA NA
1477472400.0 134.704 NA 51 256 0 NA NA NA NA NA 91 291 0 NA NA NA NA NA 257 11403 889 NA NA NA NA NA 298 11507 907 NA NA NA NA
1477472400.0 134.705 NA 59 249 0 NA NA NA NA NA 95 301 0 NA NA NA NA NA 243 12625 927 NA NA NA NA NA 259 12734 948 NA NA NA NA
1477472400.0 134.706 NA 54 249 0 NA NA NA NA NA 95 300 0 NA NA NA NA NA 257 13090 972 NA NA NA NA NA 279 13248 1021 NA NA NA NA
1477472400.0 134.707 NA 58 241 0 NA NA NA NA NA 95 290 0 NA NA NA NA NA 245 11382 893 NA NA NA NA NA 332 11545 912 NA NA NA NA
1477472400.0 134.708 NA 51 239 0 NA NA NA NA NA 93 289 0 NA NA NA NA NA 255 10904 944 NA NA NA NA NA 340 11061 967 NA NA NA NA
1477472400.0 134.709 NA 57 267 0 NA NA NA NA NA 96 310 0 NA NA NA NA NA 238 11877 886 NA NA NA NA NA 279 12001 917 NA NA NA NA
1477472400.0 134.71 NA 53 237 0 NA NA NA NA NA 86 286 0 NA NA NA NA NA 217 7353 883 NA NA NA NA NA 228 7519 905 NA NA NA NA
1477472400.0 134.801 NA 49 240 0 NA NA NA NA NA 94 288 0 NA NA NA NA NA 227 8098 845 NA NA NA NA NA 241 8242 859 NA NA NA NA
1477472400.0 134.802 NA 56 243 0 NA NA NA NA NA 95 294 0 NA NA NA NA NA 319 15722 878 NA NA NA NA NA 336 15863 892 NA NA NA NA
1477472400.0 134.803 NA 56 243 0 NA NA NA NA NA 95 291 0 NA NA NA NA NA 310 13609 895 NA NA NA NA NA 334 13744 909 NA NA NA NA
1477472400.0 134.804 NA 54 249 0 NA NA NA NA NA 95 301 0 NA NA NA NA NA 305 15708 898 NA NA NA NA NA 319 15864 916 NA NA NA NA
1477472400.0 134.805 NA 51 256 0 NA NA NA NA NA 97 304 0 NA NA NA NA NA 315 15014 909 NA NA NA NA NA 336 15141 918 NA NA NA NA
1477472400.0 134.806 NA 57 253 0 NA NA NA NA NA 94 301 0 NA NA NA NA NA 317 16865 923 NA NA NA NA NA 329 16987 940 NA NA NA NA
1477472400.0 134.807 NA 114 263 0 NA NA NA NA NA 147 314 0 NA NA NA NA NA 1003 14717 1000 NA NA NA NA NA 1032 14825 1013 NA NA NA NA
1477472400.0 134.808 NA 114 265 0 NA NA NA NA NA 146 315 0 NA NA NA NA NA 1034 15458 941 NA NA NA NA NA 1067 15576 956 NA NA NA NA
1477472400.0 134.809 NA 57 243 0 NA NA NA NA NA 93 293 0 NA NA NA NA NA 306 14309 918 NA NA NA NA NA 321 14471 959 NA NA NA NA
1477472400.0 134.81 NA 56 259 0 NA NA NA NA NA 96 293 0 NA NA NA NA NA 303 14324 914 NA NA NA NA NA 340 14453 927 NA NA NA NA
1477472400.0 134.811 NA 57 247 0 NA NA NA NA NA 99 299 0 NA NA NA NA NA 299 15271 880 NA NA NA NA NA 322 15434 895 NA NA NA NA
1477472400.0 134.812 NA 54 238 0 NA NA NA NA NA 91 285 0 NA NA NA NA NA 229 7910 863 NA NA NA NA NA 239 8129 884 NA NA NA NA
1477472400.0 134.813 NA 124 74 0 NA NA NA NA NA 201 98 0 NA NA NA NA NA 1226 120 249 NA NA NA NA NA 2641 174 532 NA NA NA NA
1477472400.0 134.901 NA 56 241 0 NA NA NA NA NA 94 285 0 NA NA NA NA NA 238 8157 877 NA NA NA NA NA 255 8301 898 NA NA NA NA
1477472400.0 134.902 NA 47 239 0 NA NA NA NA NA 96 287 0 NA NA NA NA NA 279 11020 893 NA NA NA NA NA 311 11176 921 NA NA NA NA
1477472400.0 134.903 NA 59 239 0 NA NA NA NA NA 98 286 0 NA NA NA NA NA 270 9832 918 NA NA NA NA NA 289 9967 1011 NA NA NA NA
1477472400.0 134.904 NA 48 243 0 NA NA NA NA NA 94 294 0 NA NA NA NA NA 257 12311 897 NA NA NA NA NA 272 12430 912 NA NA NA NA
1477472400.0 134.905 NA 58 240 0 NA NA NA NA NA 95 287 0 NA NA NA NA NA 255 9746 926 NA NA NA NA NA 273 9924 954 NA NA NA NA
1477472400.0 134.906 NA 56 255 0 NA NA NA NA NA 94 289 0 NA NA NA NA NA 270 11712 917 NA NA NA NA NA 294 11829 956 NA NA NA NA
1477472400.0 134.907 NA 107 257 0 NA NA NA NA NA 147 305 0 NA NA NA NA NA 795 10511 919 NA NA NA NA NA 821 10601 938 NA NA NA NA
1477472400.0 134.908 NA 116 259 0 NA NA NA NA NA 148 308 0 NA NA NA NA NA 819 10629 950 NA NA NA NA NA 849 10740 971 NA NA NA NA
1477472400.0 134.909 NA 46 238 0 NA NA NA NA NA 97 285 0 NA NA NA NA NA 270 10372 895 NA NA NA NA NA 290 10522 943 NA NA NA NA
1477472400.0 134.91 NA 54 248 0 NA NA NA NA NA 93 286 0 NA NA NA NA NA 264 9218 896 NA NA NA NA NA 285 9357 914 NA NA NA NA
1477472400.0 134.911 NA 58 240 0 NA NA NA NA NA 95 287 0 NA NA NA NA NA 250 9939 915 NA NA NA NA NA 264 10055 940 NA NA NA NA
1477472400.0 134.912 NA 53 235 0 NA NA NA NA NA 92 282 0 NA NA NA NA NA 235 7184 859 NA NA NA NA NA 253 7324 881 NA NA NA NA
1477472400.0 134.99601 NA 57 247 0 NA NA NA NA NA 95 293 0 NA NA NA NA NA 324 17344 916 NA NA NA NA NA 355 17495 930 NA NA NA NA
1477472400.0 134.99602 NA 53 243 0 NA NA NA NA NA 94 286 0 NA NA NA NA NA 271 9201 884 NA NA NA NA NA 289 9346 902 NA NA NA NA
1477472400.0 134.99603 NA 55 243 0 NA NA NA NA NA 94 292 0 NA NA NA NA NA 308 13656 905 NA NA NA NA NA 337 13835 917 NA NA NA NA
1477472400.0 134.99901 NA 47 243 0 NA NA NA NA NA 95 287 0 NA NA NA NA NA 273 9386 865 NA NA NA NA NA 322 9496 890 NA NA NA NA
1477472400.0 1340.0 NA 177 262 0 NA NA NA NA NA 230 305 0 NA NA NA NA NA 916 1030 1945 NA NA NA NA NA 1011 1122 1961 NA NA NA NA
1477472400.0 1341.0 NA 183 269 0 NA NA NA NA NA 240 313 0 NA NA NA NA NA 1632 2069 2143 NA NA NA NA NA 1743 2144 2165 NA NA NA NA
1477472400.0 1343.0 NA 178 266 0 NA NA NA NA NA 232 307 0 NA NA NA NA NA 1030 1250 2043 NA NA NA NA NA 1125 1341 2063 NA NA NA NA
1477472400.0 1344.0 NA 179 261 0 NA NA NA NA NA 234 310 0 NA NA NA NA NA 1109 1444 2056 NA NA NA NA NA 1202 1539 2079 NA NA NA NA
1477472400.0 1345.0 NA 182 264 0 NA NA NA NA NA 236 309 0 NA NA NA NA NA 1068 1301 2051 NA NA NA NA NA 1138 1398 2074 NA NA NA NA
1477472400.0 1347.0 NA 183 260 0 NA NA NA NA NA 236 309 0 NA NA NA NA NA 1063 1345 2028 NA NA NA NA NA 1149 1563 2058 NA NA NA NA
1477472400.0 1348.0 NA 178 263 0 NA NA NA NA NA 232 306 0 NA NA NA NA NA 967 1091 2033 NA NA NA NA NA 1032 1173 2054 NA NA NA NA
1477472400.0 1349.0 NA 179 261 0 NA NA NA NA NA 232 307 0 NA NA NA NA NA 969 1176 2034 NA NA NA NA NA 1048 1271 2089 NA NA NA NA
1477472400.0 135.1 258 0 120 NA NA NA NA NA 303 0 149 NA NA NA NA NA 1431 677 381 NA NA NA NA NA 1507 698 436 NA NA NA NA NA
1477472400.0 135.11 263 0 123 NA NA NA NA NA 316 0 152 NA NA NA NA NA 2479 741 635 NA NA NA NA NA 2557 762 697 NA NA NA NA NA
1477472400.0 135.12 258 0 115 NA NA NA NA NA 301 0 148 NA NA NA NA NA 1260 662 353 NA NA NA NA NA 1335 673 425 NA NA NA NA NA
1477472400.0 135.13 225 0 NA NA NA NA NA NA 266 0 NA NA NA NA NA NA 1194 796 NA NA NA NA NA NA 1258 809 NA NA NA NA NA NA
1477472400.0 135.2 244 0 126 NA NA NA NA NA 287 0 148 NA NA NA NA NA 1047 524 309 NA NA NA NA NA 1112 533 376 NA NA NA NA NA
1477472400.0 135.3 243 0 126 NA NA NA NA NA 287 0 148 NA NA NA NA NA 1055 529 309 NA NA NA NA NA 1134 536 369 NA NA NA NA NA
1477472400.0 135.4 257 0 119 NA NA NA NA NA 299 0 149 NA NA NA NA NA 1261 643 344 NA NA NA NA NA 1350 651 396 NA NA NA NA NA
1477472400.0 135.5 258 0 117 NA NA NA NA NA 299 0 149 NA NA NA NA NA 1169 621 332 NA NA NA NA NA 1223 645 383 NA NA NA NA NA
1477472400.0 135.6 259 0 119 NA NA NA NA NA 302 0 149 NA NA NA NA NA 1388 676 381 NA NA NA NA NA 1473 684 456 NA NA NA NA NA
1477472400.0 135.7 255 0 125 NA NA NA NA NA 299 0 148 NA NA NA NA NA 1158 627 335 NA NA NA NA NA 1253 640 395 NA NA NA NA NA
1477472400.0 135.8 110 NA NA NA NA NA NA NA 139 NA NA NA NA NA NA NA 476 NA NA NA NA NA NA NA 529 NA NA NA NA NA NA NA
1477472400.0 135.9 259 0 120 NA NA NA NA NA 299 0 149 NA NA NA NA NA 1027 599 313 NA NA NA NA NA 1121 615 381 NA NA NA NA NA
1477472400.0 1350.0 NA 178 258 0 NA NA NA NA NA 231 306 0 NA NA NA NA NA 994 1151 2039 NA NA NA NA NA 1061 1263 2059 NA NA NA NA
1477472400.0 1351.0 NA 180 259 0 NA NA NA NA NA 233 307 0 NA NA NA NA NA 978 1172 2038 NA NA NA NA NA 1038 1253 2063 NA NA NA NA
1477472400.0 1352.0 NA 178 261 0 NA NA NA NA NA 235 308 0 NA NA NA NA NA 996 1174 2024 NA NA NA NA NA 1067 1262 2059 NA NA NA NA
1477472400.0 1353.0 NA 177 265 0 NA NA NA NA NA 233 308 0 NA NA NA NA NA 1058 1252 1986 NA NA NA NA NA 1134 1336 2001 NA NA NA NA
1477472400.0 1354.0 NA 179 260 0 NA NA NA NA NA 238 309 0 NA NA NA NA NA 1078 1392 2087 NA NA NA NA NA 1181 1464 2112 NA NA NA NA
1477472400.0 1355.0 NA 179 262 0 NA NA NA NA NA 236 310 0 NA NA NA NA NA 1098 1374 2063 NA NA NA NA NA 1181 1468 2085 NA NA NA NA
1477472400.0 1356.0 63 181 284 0 124 NA NA NA 103 219 317 0 154 NA NA NA 7523 1001 1256 2045 358 NA NA NA 7630 1059 1306 2073 402 NA NA NA
1477472400.0 136.721 NA 181 260 0 NA NA NA NA NA 236 307 0 NA NA NA NA NA 6891 15055 1315 NA NA NA NA NA 7188 15175 1328 NA NA NA NA
1477472400.0 136.722 NA 174 281 0 NA NA NA NA NA 238 327 0 NA NA NA NA NA 8503 18078 1347 NA NA NA NA NA 8633 18227 1359 NA NA NA NA
1477472400.0 136.723 NA 172 268 0 NA NA NA NA NA 238 306 0 NA NA NA NA NA 7066 16354 1352 NA NA NA NA NA 7176 16492 1374 NA NA NA NA
1477472400.0 136.724 NA 174 277 0 NA NA NA NA NA 241 315 0 NA NA NA NA NA 10837 20515 1341 NA NA NA NA NA 11094 20631 1372 NA NA NA NA
1477472400.0 136.725 NA 175 269 0 NA NA NA NA NA 239 309 0 NA NA NA NA NA 7847 17972 1299 NA NA NA NA NA 7983 18116 1324 NA NA NA NA
1477472400.0 136.726 NA 192 266 0 NA NA NA NA NA 237 314 0 NA NA NA NA NA 8766 18953 1354 NA NA NA NA NA 8863 19111 1375 NA NA NA NA
1477472400.0 136.727 NA 235 280 0 NA NA NA NA NA 283 325 0 NA NA NA NA NA 7942 16794 1313 NA NA NA NA NA 8065 16904 1354 NA NA NA NA
1477472400.0 136.728 NA 221 277 0 NA NA NA NA NA 276 321 0 NA NA NA NA NA 8963 18549 1348 NA NA NA NA NA 9122 18673 1356 NA NA NA NA
1477472400.0 136.729 NA 183 267 0 NA NA NA NA NA 234 310 0 NA NA NA NA NA 7496 18140 1296 NA NA NA NA NA 7747 18289 1326 NA NA NA NA
1477472400.0 136.73 NA 175 286 0 NA NA NA NA NA 234 334 0 NA NA NA NA NA 8271 18288 1355 NA NA NA NA NA 8433 18456 1367 NA NA NA NA
1477472400.0 136.731 NA 184 268 0 NA NA NA NA NA 238 317 0 NA NA NA NA NA 8534 18434 1306 NA NA NA NA NA 8618 18576 1321 NA NA NA NA
1477472400.0 136.732 NA 183 259 0 NA NA NA NA NA 239 305 0 NA NA NA NA NA 5072 13350 1326 NA NA NA NA NA 5345 13483 1352 NA NA NA NA
1477472400.0 136.7321 NA 178 279 0 NA NA NA NA NA 242 327 0 NA NA NA NA NA 5114 13701 1324 NA NA NA NA NA 5408 13810 1382 NA NA NA NA
1477472400.0 136.733 NA 133 70 0 NA NA NA NA NA 210 104 0 NA NA NA NA NA 1387 178 275 NA NA NA NA NA 1480 251 287 NA NA NA NA
1477472400.0 136.734 NA 179 266 0 NA NA NA NA NA 239 312 0 NA NA NA NA NA 8403 17909 1342 NA NA NA NA NA 8508 18045 1379 NA NA NA NA
1477472400.0 136.735 NA 166 234 0 NA NA NA NA NA 221 275 0 NA NA NA NA NA 1690 2710 1006 NA NA NA NA NA 2043 2839 1025 NA NA NA NA
1477472400.0 136.736 NA 193 272 0 NA NA NA NA NA 247 320 0 NA NA NA NA NA 13146 30001 1396 NA NA NA NA NA 13232 30167 1427 NA NA NA NA
1477472400.0 136.737 NA 188 284 0 NA NA NA NA NA 241 327 0 NA NA NA NA NA 15680 31029 1172 NA NA NA NA NA 15902 31084 1178 NA NA NA NA
1477472400.0 136.738 NA 180 267 0 NA NA NA NA NA 248 321 0 NA NA NA NA NA 14885 33784 1335 NA NA NA NA NA 15012 33913 1353 NA NA NA NA
1477472400.0 136.739 NA 199 298 0 NA NA NA NA NA 245 344 0 NA NA NA NA NA 20121 39320 1301 NA NA NA NA NA 20259 39443 1330 NA NA NA NA
1477472400.0 136.74 NA 184 275 0 NA NA NA NA NA 252 326 0 NA NA NA NA NA 16835 34955 1321 NA NA NA NA NA 16928 35101 1344 NA NA NA NA
1477472400.0 136.741 NA 190 272 0 NA NA NA NA NA 245 322 0 NA NA NA NA NA 16756 33821 1333 NA NA NA NA NA 16915 33964 1356 NA NA NA NA
1477472400.0 136.742 NA 184 273 0 NA NA NA NA NA 237 318 0 NA NA NA NA NA 12988 28897 1176 NA NA NA NA NA 13164 28956 1184 NA NA NA NA
1477472400.0 136.743 NA 180 274 0 NA NA NA NA NA 238 319 0 NA NA NA NA NA 13012 29996 1335 NA NA NA NA NA 13117 30135 1347 NA NA NA NA
1477472400.0 136.744 NA 178 275 0 NA NA NA NA NA 247 323 0 NA NA NA NA NA 17132 34369 1254 NA NA NA NA NA 17273 34528 1263 NA NA NA NA
1477472400.0 136.745 NA 172 264 0 NA NA NA NA NA 237 311 0 NA NA NA NA NA 9189 22865 1317 NA NA NA NA NA 9295 23022 1339 NA NA NA NA
1477472400.0 136.746 NA 188 285 0 NA NA NA NA NA 242 318 0 NA NA NA NA NA 14602 30717 1303 NA NA NA NA NA 14747 30792 1320 NA NA NA NA
1477472400.0 136.747 NA 179 279 0 NA NA NA NA NA 241 326 0 NA NA NA NA NA 12841 31353 1385 NA NA NA NA NA 13081 31448 1406 NA NA NA NA
1477472400.0 136.748 NA 189 285 0 NA NA NA NA NA 243 319 0 NA NA NA NA NA 14205 31447 1266 NA NA NA NA NA 14424 31597 1273 NA NA NA NA
1477472400.0 136.749 NA 200 292 0 NA NA NA NA NA 248 323 0 NA NA NA NA NA 15288 35637 1317 NA NA NA NA NA 15375 35720 1325 NA NA NA NA
1477472400.0 136.75 NA 191 292 0 NA NA NA NA NA 246 343 0 NA NA NA NA NA 22408 45004 1355 NA NA NA NA NA 22550 45183 1370 NA NA NA NA
1477472400.0 136.751 NA 180 279 0 NA NA NA NA NA 245 325 0 NA NA NA NA NA 18223 43792 1343 NA NA NA NA NA 18654 43956 1355 NA NA NA NA
1477472400.0 136.752 NA 184 273 0 NA NA NA NA NA 242 322 0 NA NA NA NA NA 15421 35261 1415 NA NA NA NA NA 15514 35417 1427 NA NA NA NA
1477472400.0 136.753 NA 187 277 0 NA NA NA NA NA 241 323 0 NA NA NA NA NA 12991 34105 1256 NA NA NA NA NA 13132 34207 1262 NA NA NA NA
1477472400.0 136.754 NA 188 272 0 NA NA NA NA NA 243 324 0 NA NA NA NA NA 12055 27937 1352 NA NA NA NA NA 12341 28099 1361 NA NA NA NA
1477472400.0 136.755 NA 187 274 0 NA NA NA NA NA 244 323 0 NA NA NA NA NA 16573 39039 1320 NA NA NA NA NA 16723 39222 1344 NA NA NA NA
1477472400.0 136.756 NA 180 269 0 NA NA NA NA NA 239 319 0 NA NA NA NA NA 8252 21734 1301 NA NA NA NA NA 8344 21844 1312 NA NA NA NA
1477472400.0 136.757 NA 185 280 0 NA NA NA NA NA 246 328 0 NA NA NA NA NA 12842 32103 1354 NA NA NA NA NA 12984 32292 1368 NA NA NA NA
1477472400.0 136.758 NA 183 276 0 NA NA NA NA NA 244 326 0 NA NA NA NA NA 15162 41931 1378 NA NA NA NA NA 15432 42114 1400 NA NA NA NA
1477472400.0 136.759 NA 198 293 0 NA NA NA NA NA 245 344 0 NA NA NA NA NA 18244 48049 1355 NA NA NA NA NA 18462 48311 1388 NA NA NA NA
1477472400.0 136.76 NA 186 281 0 NA NA NA NA NA 253 333 0 NA NA NA NA NA 22266 52484 1385 NA NA NA NA NA 22474 52622 1394 NA NA NA NA
1477472400.0 136.761 NA 185 NA NA NA NA NA NA NA 246 NA NA NA NA NA NA NA 26318 NA NA NA NA NA NA NA 26595 NA NA NA NA NA NA
1477472400.0 136.762 NA 217 317 0 NA NA NA NA NA 276 352 0 NA NA NA NA NA 26580 65097 1290 NA NA NA NA NA 26745 65216 1305 NA NA NA NA
1477472400.0 136.763 NA 184 277 0 NA NA NA NA NA 250 331 0 NA NA NA NA NA 22255 53272 1295 NA NA NA NA NA 22401 53539 1302 NA NA NA NA
1477472400.0 136.764 NA 204 279 0 NA NA NA NA NA 247 331 0 NA NA NA NA NA 21557 44019 1165 NA NA NA NA NA 21916 44102 1181 NA NA NA NA
1477472400.0 136.765 NA 192 282 0 NA NA NA NA NA 240 326 0 NA NA NA NA NA 13855 41740 1362 NA NA NA NA NA 14006 41872 1388 NA NA NA NA
1477472400.0 136.766 NA 189 291 0 NA NA NA NA NA 253 331 0 NA NA NA NA NA 27259 45905 1149 NA NA NA NA NA 27531 45962 1154 NA NA NA NA
1477472400.0 136.767 NA 190 269 0 NA NA NA NA NA 244 322 0 NA NA NA NA NA 9009 35174 1315 NA NA NA NA NA 9084 35324 1333 NA NA NA NA
1477472400.0 136.768 NA 0 NA NA NA NA NA NA NA 0 NA NA NA NA NA NA NA 204 NA NA NA NA NA NA NA 722 NA NA NA NA NA NA
1477472400.0 1360.0 0 NA NA NA NA NA NA NA 0 NA NA NA NA NA NA NA 354 NA NA NA NA NA NA NA 459 NA NA NA NA NA NA NA
1477472400.0 1361.0 0 NA NA NA NA NA NA NA 0 NA NA NA NA NA NA NA 17 NA NA NA NA NA NA NA 74 NA NA NA NA NA NA NA
1477472400.0 1362.0 0 NA NA NA NA NA NA NA 0 NA NA NA NA NA NA NA 17 NA NA NA NA NA NA NA 78 NA NA NA NA NA NA NA
1477472400.0 1363.0 0 NA NA NA NA NA NA NA 0 NA NA NA NA NA NA NA 17 NA NA NA NA NA NA NA 80 NA NA NA NA NA NA NA
1477472400.0 1364.0 NA 179 260 0 NA NA NA NA NA 231 305 0 NA NA NA NA NA 959 1180 1990 NA NA NA NA NA 1021 1270 2022 NA NA NA NA
1477472400.0 1365.0 NA 180 263 0 NA NA NA NA NA 235 308 0 NA NA NA NA NA 1038 1194 2029 NA NA NA NA NA 1126 1278 2051 NA NA NA NA
1477472400.0 1366.0 NA 177 260 0 NA NA NA NA NA 229 307 0 NA NA NA NA NA 972 1145 2009 NA NA NA NA NA 1060 1226 2033 NA NA NA NA
1477472400.0 139901.0 NA 185 260 0 NA NA NA NA NA 232 308 0 NA NA NA NA NA 1062 1230 2065 NA NA NA NA NA 1172 1338 2085 NA NA NA NA
1477472400.0 139902.0 NA 184 266 0 NA NA NA NA NA 237 310 0 NA NA NA NA NA 1176 1512 2086 NA NA NA NA NA 1235 1582 2118 NA NA NA NA
1477472400.0 13992501.0 NA 0 NA NA NA NA NA NA NA 0 NA NA NA NA NA NA NA 0 NA NA NA NA NA NA NA 0 NA NA NA NA NA NA
1477472400.0 13992502.0 NA 0 NA NA NA NA NA NA NA 0 NA NA NA NA NA NA NA 0 NA NA NA NA NA NA NA 0 NA NA NA NA NA NA
1477472400.0 14.0 NA 92 213 0 NA NA NA NA NA 160 262 0 NA NA NA NA NA 3992 3246 1212 NA NA NA NA NA 4044 3313 1230 NA NA NA NA
1477472400.0 140.1 NA 153 214 0 NA NA NA NA NA 207 258 0 NA NA NA NA NA 455 582 352 NA NA NA NA NA 511 636 364 NA NA NA NA
1477472400.0 140.2 NA 152 207 0 NA NA NA NA NA 206 258 0 NA NA NA NA NA 437 584 355 NA NA NA NA NA 499 646 365 NA NA NA NA
1477472400.0 140.4 NA 157 209 0 NA NA NA NA NA 209 258 0 NA NA NA NA NA 453 613 357 NA NA NA NA NA 529 696 367 NA NA NA NA
1477472400.0 140.51 NA 45 198 0 NA NA NA NA NA 77 248 0 NA NA NA NA NA 785 2351 447 NA NA NA NA NA 872 2400 464 NA NA NA NA
1477472400.0 140.52 NA 213 212 0 NA NA NA NA NA 273 248 0 NA NA NA NA NA 2986 2311 437 NA NA NA NA NA 3048 2340 445 NA NA NA NA
1477472400.0 140.53 NA 232 0 NA NA NA NA NA NA 505 0 NA NA NA NA NA NA 7528 458 NA NA NA NA NA NA 7633 470 NA NA NA NA NA
1477472400.0 144.6 NA 227 NA NA NA NA NA NA NA 280 NA NA NA NA NA NA NA 3047 NA NA NA NA NA NA NA 3131 NA NA NA NA NA NA
1477472400.0 145.0 NA 242 272 0 NA NA NA NA NA 326 450 0 NA NA NA NA NA 6230 5997 385 NA NA NA NA NA 6311 6099 393 NA NA NA NA
1477472400.0 15.0 NA 90 219 0 NA NA NA NA NA 160 261 0 NA NA NA NA NA 3465 1484 884 NA NA NA NA NA 3514 1514 904 NA NA NA NA
1477472400.0 16.0 NA 92 213 0 NA NA NA NA NA 161 261 0 NA NA NA NA NA 3581 2058 913 NA NA NA NA NA 3649 2088 926 NA NA NA NA
1477472400.0 17.0 NA 88 216 0 NA NA NA NA NA 160 260 0 NA NA NA NA NA 3439 1625 873 NA NA NA NA NA 3480 1653 888 NA NA NA NA
1477472400.0 18.0 NA 96 212 0 NA NA NA NA NA 160 260 0 NA NA NA NA NA 3437 1302 857 NA NA NA NA NA 3481 1334 871 NA NA NA NA
1477472400.0 19.0 NA 98 211 0 NA NA NA NA NA 161 260 0 NA NA NA NA NA 3420 1449 845 NA NA NA NA NA 3447 1482 861 NA NA NA NA
1477472400.0 2.0 60 77 146 NA NA NA NA NA 104 138 178 NA NA NA NA NA 9673 626 778 NA NA NA NA NA 9783 639 805 NA NA NA NA NA
1477472400.0 20.0 NA 100 216 0 NA NA NA NA NA 160 262 0 NA NA NA NA NA 3591 2072 964 NA NA NA NA NA 3627 2115 981 NA NA NA NA
1477472400.0 200.0 NA 0 NA NA NA NA NA NA NA 0 NA NA NA NA NA NA NA 0 NA NA NA NA NA NA NA 0 NA NA NA NA NA NA
1477472400.0 20021.0 92 NA NA NA NA NA NA NA 112 NA NA NA NA NA NA NA 2728 NA NA NA NA NA NA NA 2762 NA NA NA NA NA NA NA
1477472400.0 20024.0 96 NA NA NA NA NA NA NA 119 NA NA NA NA NA NA NA 9832 NA NA NA NA NA NA NA 9899 NA NA NA NA NA NA NA
1477472400.0 20025.0 84 NA NA NA NA NA NA NA 118 NA NA NA NA NA NA NA 7433 NA NA NA NA NA NA NA 7551 NA NA NA NA NA NA NA
1477472400.0 20026.0 87 NA NA NA NA NA NA NA 121 NA NA NA NA NA NA NA 16239 NA NA NA NA NA NA NA 16381 NA NA NA NA NA NA NA
1477472400.0 202.0 NA 0 NA NA NA NA NA NA NA 0 NA NA NA NA NA NA NA 0 NA NA NA NA NA NA NA 0 NA NA NA NA NA NA
1477472400.0 203.0 NA 0 NA NA NA NA NA NA NA 0 NA NA NA NA NA NA NA 0 NA NA NA NA NA NA NA 0 NA NA NA NA NA NA
1477472400.0 204.0 68 0 NA NA NA NA NA NA 105 0 NA NA NA NA NA NA 8923 0 NA NA NA NA NA NA 9026 0 NA NA NA NA NA NA
1477472400.0 20421.0 86 NA NA NA NA NA NA NA 118 NA NA NA NA NA NA NA 2909 NA NA NA NA NA NA NA 2977 NA NA NA NA NA NA NA
1477472400.0 20424.0 91 NA NA NA NA NA NA NA 124 NA NA NA NA NA NA NA 10191 NA NA NA NA NA NA NA 10263 NA NA NA NA NA NA NA
1477472400.0 20425.0 89 NA NA NA NA NA NA NA 123 NA NA NA NA NA NA NA 7954 NA NA NA NA NA NA NA 8108 NA NA NA NA NA NA NA
1477472400.0 20426.0 103 NA NA NA NA NA NA NA 126 NA NA NA NA NA NA NA 17339 NA NA NA NA NA NA NA 17448 NA NA NA NA NA NA NA
1477472400.0 205.0 NA 0 NA NA NA NA NA NA NA 0 NA NA NA NA NA NA NA 0 NA NA NA NA NA NA NA 0 NA NA NA NA NA NA
1477472400.0 20821.0 99 NA NA NA NA NA NA NA 118 NA NA NA NA NA NA NA 6158 NA NA NA NA NA NA NA 6192 NA NA NA NA NA NA NA
1477472400.0 20824.0 106 NA NA NA NA NA NA NA 129 NA NA NA NA NA NA NA 24121 NA NA NA NA NA NA NA 24234 NA NA NA NA NA NA NA
1477472400.0 20825.0 105 NA NA NA NA NA NA NA 126 NA NA NA NA NA NA NA 17161 NA NA NA NA NA NA NA 17260 NA NA NA NA NA NA NA
1477472400.0 20826.0 106 NA NA NA NA NA NA NA 137 NA NA NA NA NA NA NA 40574 NA NA NA NA NA NA NA 40728 NA NA NA NA NA NA NA
1477472400.0 21.0 NA 97 213 0 NA NA NA NA NA 160 262 0 NA NA NA NA NA 3677 2390 1023 NA NA NA NA NA 3703 2431 1042 NA NA NA NA
1477472400.0 21221.0 92 NA NA NA NA NA NA NA 122 NA NA NA NA NA NA NA 6568 NA NA NA NA NA NA NA 6641 NA NA NA NA NA NA NA
1477472400.0 21224.0 110 NA NA NA NA NA NA NA 132 NA NA NA NA NA NA NA 23517 NA NA NA NA NA NA NA 23641 NA NA NA NA NA NA NA
1477472400.0 21225.0 109 NA NA NA NA NA NA NA 130 NA NA NA NA NA NA NA 17222 NA NA NA NA NA NA NA 17337 NA NA NA NA NA NA NA
1477472400.0 21226.0 110 NA NA NA NA NA NA NA 140 NA NA NA NA NA NA NA 40385 NA NA NA NA NA NA NA 40517 NA NA NA NA NA NA NA
1477472400.0 22.0 NA 97 214 0 NA NA NA NA NA 160 263 0 NA NA NA NA NA 3826 2914 954 NA NA NA NA NA 3878 2944 965 NA NA NA NA
1477472400.0 22424.0 109 NA NA NA NA NA NA NA 136 NA NA NA NA NA NA NA 24104 NA NA NA NA NA NA NA 24208 NA NA NA NA NA NA NA
1477472400.0 23.0 NA 93 211 0 NA NA NA NA NA 161 262 0 NA NA NA NA NA 4062 3101 1210 NA NA NA NA NA 4135 3166 1236 NA NA NA NA
1477472400.0 24.0 NA 102 215 0 NA NA NA NA NA 161 264 0 NA NA NA NA NA 4295 4786 1253 NA NA NA NA NA 4354 4848 1271 NA NA NA NA
1477472400.0 25.0 NA 107 233 0 92 NA NA NA NA 160 274 0 122 NA NA NA NA 4481 5756 1327 175 NA NA NA NA 4555 5799 1353 195 NA NA NA
1477472400.0 250199.0 0 NA NA NA NA NA NA NA 0 NA NA NA NA NA NA NA 0 NA NA NA NA NA NA NA 0 NA NA NA NA NA NA NA
1477472400.0 250200.0 NA 0 NA NA NA NA NA NA NA 0 NA NA NA NA NA NA NA 0 NA NA NA NA NA NA NA 0 NA NA NA NA NA NA
1477472400.0 250200.1 64 0 NA NA NA NA NA NA 103 0 NA NA NA NA NA NA 7461 0 NA NA NA NA NA NA 7541 0 NA NA NA NA NA NA
1477472400.0 250202.0 NA 0 NA NA NA NA NA NA NA 0 NA NA NA NA NA NA NA 0 NA NA NA NA NA NA NA 0 NA NA NA NA NA NA
1477472400.0 250203.0 NA 0 NA NA NA NA NA NA NA 0 NA NA NA NA NA NA NA 0 NA NA NA NA NA NA NA 0 NA NA NA NA NA NA
1477472400.0 250204.0 NA 0 NA NA NA NA NA NA NA 0 NA NA NA NA NA NA NA 0 NA NA NA NA NA NA NA 0 NA NA NA NA NA NA
1477472400.0 250205.0 NA 0 NA NA NA NA NA NA NA 0 NA NA NA NA NA NA NA 0 NA NA NA NA NA NA NA 0 NA NA NA NA NA NA
1477472400.0 250206.0 NA 0 NA NA NA NA NA NA NA 0 NA NA NA NA NA NA NA 0 NA NA NA NA NA NA NA 0 NA NA NA NA NA NA
1477472400.0 250207.0 NA 0 NA NA NA NA NA NA NA 0 NA NA NA NA NA NA NA 0 NA NA NA NA NA NA NA 0 NA NA NA NA NA NA
1477472400.0 250399.0 0 NA NA NA NA NA NA NA 0 NA NA NA NA NA NA NA 0 NA NA NA NA NA NA NA 0 NA NA NA NA NA NA NA
1477472400.0 250400.0 0 NA NA NA NA NA NA NA 0 NA NA NA NA NA NA NA 0 NA NA NA NA NA NA NA 0 NA NA NA NA NA NA NA
1477472400.0 250402.0 0 NA NA NA NA NA NA NA 0 NA NA NA NA NA NA NA 0 NA NA NA NA NA NA NA 0 NA NA NA NA NA NA NA
1477472400.0 250403.0 0 NA NA NA NA NA NA NA 0 NA NA NA NA NA NA NA 0 NA NA NA NA NA NA NA 0 NA NA NA NA NA NA NA
1477472400.0 250405.0 0 NA NA NA NA NA NA NA 0 NA NA NA NA NA NA NA 0 NA NA NA NA NA NA NA 0 NA NA NA NA NA NA NA
1477472400.0 250406.0 0 NA NA NA NA NA NA NA 0 NA NA NA NA NA NA NA 0 NA NA NA NA NA NA NA 0 NA NA NA NA NA NA NA
1477472400.0 250407.0 0 NA NA NA NA NA NA NA 0 NA NA NA NA NA NA NA 0 NA NA NA NA NA NA NA 0 NA NA NA NA NA NA NA
1477472400.0 250408.0 0 NA NA NA NA NA NA NA 0 NA NA NA NA NA NA NA 0 NA NA NA NA NA NA NA 0 NA NA NA NA NA NA NA
1477472400.0 250409.0 0 NA NA NA NA NA NA NA 0 NA NA NA NA NA NA NA 0 NA NA NA NA NA NA NA 0 NA NA NA NA NA NA NA
1477472400.0 25200.0 NA 0 NA NA NA NA NA NA NA 0 NA NA NA NA NA NA NA 0 NA NA NA NA NA NA NA 0 NA NA NA NA NA NA
1477472400.0 25202.0 NA 0 NA NA NA NA NA NA NA 0 NA NA NA NA NA NA NA 0 NA NA NA NA NA NA NA 0 NA NA NA NA NA NA
1477472400.0 25203.0 NA 0 NA NA NA NA NA NA NA 0 NA NA NA NA NA NA NA 0 NA NA NA NA NA NA NA 0 NA NA NA NA NA NA
1477472400.0 25204.0 NA 0 NA NA NA NA NA NA NA 0 NA NA NA NA NA NA NA 0 NA NA NA NA NA NA NA 0 NA NA NA NA NA NA
1477472400.0 25205.0 NA 0 NA NA NA NA NA NA NA 0 NA NA NA NA NA NA NA 0 NA NA NA NA NA NA NA 0 NA NA NA NA NA NA
1477472400.0 25206.0 NA 0 NA NA NA NA NA NA NA 0 NA NA NA NA NA NA NA 0 NA NA NA NA NA NA NA 0 NA NA NA NA NA NA
1477472400.0 25207.0 NA 0 NA NA NA NA NA NA NA 0 NA NA NA NA NA NA NA 0 NA NA NA NA NA NA NA 0 NA NA NA NA NA NA
1477472400.0 25208.0 NA 0 NA NA NA NA NA NA NA 0 NA NA NA NA NA NA NA 0 NA NA NA NA NA NA NA 0 NA NA NA NA NA NA
1477472400.0 25209.0 NA 0 NA NA NA NA NA NA NA 0 NA NA NA NA NA NA NA 0 NA NA NA NA NA NA NA 0 NA NA NA NA NA NA
1477472400.0 25210.0 0 NA NA NA NA NA NA NA 0 NA NA NA NA NA NA NA 362 NA NA NA NA NA NA NA 825 NA NA NA NA NA NA NA
1477472400.0 25211.0 0 NA NA NA NA NA NA NA 0 NA NA NA NA NA NA NA 18 NA NA NA NA NA NA NA 85 NA NA NA NA NA NA NA
1477472400.0 25212.0 0 NA NA NA NA NA NA NA 0 NA NA NA NA NA NA NA 17 NA NA NA NA NA NA NA 83 NA NA NA NA NA NA NA
1477472400.0 25213.0 0 NA NA NA NA NA NA NA 0 NA NA NA NA NA NA NA 17 NA NA NA NA NA NA NA 94 NA NA NA NA NA NA NA
1477472400.0 25400.0 0 NA NA NA NA NA NA NA 0 NA NA NA NA NA NA NA 0 NA NA NA NA NA NA NA 0 NA NA NA NA NA NA NA
1477472400.0 25402.0 0 NA NA NA NA NA NA NA 0 NA NA NA NA NA NA NA 0 NA NA NA NA NA NA NA 0 NA NA NA NA NA NA NA
1477472400.0 25403.0 0 NA NA NA NA NA NA NA 0 NA NA NA NA NA NA NA 0 NA NA NA NA NA NA NA 0 NA NA NA NA NA NA NA
1477472400.0 25405.0 0 NA NA NA NA NA NA NA 0 NA NA NA NA NA NA NA 0 NA NA NA NA NA NA NA 0 NA NA NA NA NA NA NA
1477472400.0 25406.0 0 NA NA NA NA NA NA NA 0 NA NA NA NA NA NA NA 0 NA NA NA NA NA NA NA 0 NA NA NA NA NA NA NA
1477472400.0 25407.0 0 NA NA NA NA NA NA NA 0 NA NA NA NA NA NA NA 0 NA NA NA NA NA NA NA 0 NA NA NA NA NA NA NA
1477472400.0 25408.0 0 NA NA NA NA NA NA NA 0 NA NA NA NA NA NA NA 0 NA NA NA NA NA NA NA 0 NA NA NA NA NA NA NA
1477472400.0 25409.0 0 NA NA NA NA NA NA NA 0 NA NA NA NA NA NA NA 0 NA NA NA NA NA NA NA 0 NA NA NA NA NA NA NA
1477472400.0 26.0 NA 100 219 0 NA NA NA NA NA 160 270 0 NA NA NA NA NA 3939 2637 1143 NA NA NA NA NA 3978 2694 1165 NA NA NA NA
1477472400.0 27.0 NA 94 212 0 NA NA NA NA NA 160 262 0 NA NA NA NA NA 3949 2633 1156 NA NA NA NA NA 4019 2711 1186 NA NA NA NA
1477472400.0 28.0 NA 102 214 0 NA NA NA NA NA 160 263 0 NA NA NA NA NA 4239 3958 1185 NA NA NA NA NA 4298 4017 1201 NA NA NA NA
1477472400.0 280.0 61 100 213 0 NA NA NA NA 183 147 259 0 NA NA NA NA 6648 660 858 965 NA NA NA NA 6721 699 953 977 NA NA NA NA
1477472400.0 281.0 73 107 249 0 NA NA NA NA 213 186 283 0 NA NA NA NA 5241 724 930 998 NA NA NA NA 5322 784 991 1008 NA NA NA NA
1477472400.0 29.0 NA 105 225 0 NA NA NA NA NA 161 270 0 NA NA NA NA NA 3966 2900 1166 NA NA NA NA NA 4012 2952 1182 NA NA NA NA
1477472400.0 3.0 58 89 143 NA NA NA NA NA 105 137 180 NA NA NA NA NA 15663 431 1239 NA NA NA NA NA 15721 439 1272 NA NA NA NA NA
1477472400.0 30.0 NA 96 212 0 NA NA NA NA NA 160 262 0 NA NA NA NA NA 4030 3252 1197 NA NA NA NA NA 4095 3290 1221 NA NA NA NA
1477472400.0 300.0 0 NA NA NA NA NA NA NA 0 NA NA NA NA NA NA NA 0 NA NA NA NA NA NA NA 0 NA NA NA NA NA NA NA
1477472400.0 301.0 0 NA NA NA NA NA NA NA 0 NA NA NA NA NA NA NA 0 NA NA NA NA NA NA NA 0 NA NA NA NA NA NA NA
1477472400.0 302.0 0 NA NA NA NA NA NA NA 0 NA NA NA NA NA NA NA 0 NA NA NA NA NA NA NA 0 NA NA NA NA NA NA NA
1477472400.0 31.0 NA 91 212 0 NA NA NA NA NA 161 261 0 NA NA NA NA NA 3896 2440 1119 NA NA NA NA NA 3944 2505 1145 NA NA NA NA
1477472400.0 32.0 NA 96 218 0 NA NA NA NA NA 160 263 0 NA NA NA NA NA 3994 2982 1161 NA NA NA NA NA 4068 3044 1182 NA NA NA NA
1477472400.0 33.0 NA 92 210 0 NA NA NA NA NA 160 261 0 NA NA NA NA NA 3931 2461 1112 NA NA NA NA NA 3976 2569 1136 NA NA NA NA
1477472400.0 34.0 55 87 213 0 NA NA NA NA 105 147 257 0 NA NA NA NA 9034 666 946 1006 NA NA NA NA 9113 700 971 1020 NA NA NA NA
1477472400.0 35.0 NA 93 216 0 NA NA NA NA NA 160 263 0 NA NA NA NA NA 4164 3475 1223 NA NA NA NA NA 4256 3544 1251 NA NA NA NA
1477472400.0 36.0 NA 101 222 0 NA NA NA NA NA 160 268 0 NA NA NA NA NA 4133 17627 1287 NA NA NA NA NA 4173 17705 1304 NA NA NA NA
1477472400.0 37.0 NA 97 214 0 NA NA NA NA NA 161 265 0 NA NA NA NA NA 4438 5779 1260 NA NA NA NA NA 4643 5862 1278 NA NA NA NA
1477472400.0 38.0 NA 94 212 0 NA NA NA NA NA 160 264 0 NA NA NA NA NA 4314 4811 1261 NA NA NA NA NA 4397 4895 1280 NA NA NA NA
1477472400.0 39.0 NA 103 216 0 NA NA NA NA NA 161 268 0 NA NA NA NA NA 4494 9480 1284 NA NA NA NA NA 4537 9571 1302 NA NA NA NA
1477472400.0 4.17 NA 55 224 0 132 NA NA NA NA 87 270 0 186 NA NA NA NA 179 4179 805 767 NA NA NA NA 189 4255 826 805 NA NA NA
1477472400.0 4.22 NA 135 67 76 0 NA NA NA NA 208 96 111 0 NA NA NA NA 1514 103 145 248 NA NA NA NA 1543 109 155 260 NA NA NA
1477472400.0 4.23 NA 76 240 0 NA NA NA NA NA 121 284 0 NA NA NA NA NA 201 3841 1045 NA NA NA NA NA 258 3912 1057 NA NA NA NA
1477472400.0 4.24 NA 75 231 0 NA NA NA NA NA 107 281 0 NA NA NA NA NA 149 4140 971 NA NA NA NA NA 164 4203 985 NA NA NA NA
1477472400.0 4.25 NA 64 229 0 NA NA NA NA NA 110 278 0 NA NA NA NA NA 155 4054 955 NA NA NA NA NA 167 4101 971 NA NA NA NA
1477472400.0 4.26 NA 71 229 0 NA NA NA NA NA 103 279 0 NA NA NA NA NA 146 5271 1000 NA NA NA NA NA 177 5397 1013 NA NA NA NA
1477472400.0 4.27 NA 77 231 0 NA NA NA NA NA 104 279 0 NA NA NA NA NA 178 5687 943 NA NA NA NA NA 223 5777 965 NA NA NA NA
1477472400.0 4.28 NA 78 244 0 NA NA NA NA NA 122 281 0 NA NA NA NA NA 185 2767 1951 NA NA NA NA NA 354 2810 1986 NA NA NA NA
1477472400.0 4.29 NA 52 228 0 145 NA NA NA NA 87 274 0 186 NA NA NA NA 178 4890 872 800 NA NA NA NA 195 4970 896 846 NA NA NA
1477472400.0 4.34 NA 80 236 0 NA NA NA NA NA 117 283 0 NA NA NA NA NA 193 5062 968 NA NA NA NA NA 286 5138 980 NA NA NA NA
1477472400.0 4.36 NA 77 229 0 NA NA NA NA NA 104 279 0 NA NA NA NA NA 182 5719 878 NA NA NA NA NA 210 5811 899 NA NA NA NA
1477472400.0 4.37 NA 77 233 0 NA NA NA NA NA 104 283 0 NA NA NA NA NA 179 7036 915 NA NA NA NA NA 187 7112 938 NA NA NA NA
1477472400.0 4.4 NA 50 230 0 NA NA NA NA NA 90 280 0 NA NA NA NA NA 198 6718 862 NA NA NA NA NA 217 6829 877 NA NA NA NA
1477472400.0 4.41 NA 54 233 0 NA NA NA NA NA 89 280 0 NA NA NA NA NA 231 9882 893 NA NA NA NA NA 261 9984 915 NA NA NA NA
1477472400.0 4.42 NA 54 236 0 NA NA NA NA NA 89 286 0 NA NA NA NA NA 251 12449 875 NA NA NA NA NA 270 12553 890 NA NA NA NA
1477472400.0 4.43 NA 55 230 0 NA NA NA NA NA 89 278 0 NA NA NA NA NA 199 6021 901 NA NA NA NA NA 218 6095 916 NA NA NA NA
1477472400.0 4.44 NA 45 235 0 NA NA NA NA NA 89 278 0 NA NA NA NA NA 217 8488 880 NA NA NA NA NA 236 8559 897 NA NA NA NA
1477472400.0 4.45 NA 44 236 0 NA NA NA NA NA 88 285 0 NA NA NA NA NA 255 13560 902 NA NA NA NA NA 276 13677 912 NA NA NA NA
1477472400.0 4.51 NA 53 238 0 NA NA NA NA NA 90 286 0 NA NA NA NA NA 235 11293 899 NA NA NA NA NA 268 11417 915 NA NA NA NA
1477472400.0 4.52 NA 53 243 0 NA NA NA NA NA 87 287 0 NA NA NA NA NA 251 14504 943 NA NA NA NA NA 271 14577 993 NA NA NA NA
1477472400.0 4.53 NA 53 234 0 NA NA NA NA NA 89 286 0 NA NA NA NA NA 252 13017 880 NA NA NA NA NA 269 13098 892 NA NA NA NA
1477472400.0 4.54 NA 50 240 0 NA NA NA NA NA 89 290 0 NA NA NA NA NA 256 13495 902 NA NA NA NA NA 278 13562 917 NA NA NA NA
1477472400.0 4.55 NA 54 235 0 NA NA NA NA NA 87 287 0 NA NA NA NA NA 265 17077 887 NA NA NA NA NA 401 17153 896 NA NA NA NA
1477472400.0 4.57 NA 73 244 0 NA NA NA NA NA 101 295 0 NA NA NA NA NA 240 16851 868 NA NA NA NA NA 265 16922 882 NA NA NA NA
1477472400.0 4.58 NA 64 250 0 NA NA NA NA NA 98 280 0 NA NA NA NA NA 190 8466 886 NA NA NA NA NA 212 8510 903 NA NA NA NA
1477472400.0 4.6 NA 231 0 NA NA NA NA NA NA 286 0 NA NA NA NA NA NA 3056 576 NA NA NA NA NA NA 3141 598 NA NA NA NA NA
1477472400.0 4.61 NA 49 240 0 NA NA NA NA NA 88 289 0 NA NA NA NA NA 247 13470 885 NA NA NA NA NA 282 13579 903 NA NA NA NA
1477472400.0 4.62 NA 53 236 0 NA NA NA NA NA 88 286 0 NA NA NA NA NA 254 12927 883 NA NA NA NA NA 292 13018 900 NA NA NA NA
1477472400.0 4.63 NA 54 237 0 NA NA NA NA NA 88 286 0 NA NA NA NA NA 253 15219 890 NA NA NA NA NA 312 15315 909 NA NA NA NA
1477472400.0 4.64 NA 53 236 0 NA NA NA NA NA 88 286 0 NA NA NA NA NA 256 14575 878 NA NA NA NA NA 273 14742 900 NA NA NA NA
1477472400.0 4.65 NA 53 245 0 NA NA NA NA NA 87 295 0 NA NA NA NA NA 292 21655 909 NA NA NA NA NA 321 21735 941 NA NA NA NA
1477472400.0 4.67 NA 73 248 0 NA NA NA NA NA 103 296 0 NA NA NA NA NA 236 16727 889 NA NA NA NA NA 269 16799 900 NA NA NA NA
1477472400.0 4.68 NA 63 240 0 NA NA NA NA NA 98 285 0 NA NA NA NA NA 215 12304 864 NA NA NA NA NA 275 12406 887 NA NA NA NA
1477472400.0 4.71 NA 54 242 0 NA NA NA NA NA 89 282 0 NA NA NA NA NA 230 9129 856 NA NA NA NA NA 247 9324 889 NA NA NA NA
1477472400.0 4.72 NA 52 249 0 NA NA NA NA NA 88 283 0 NA NA NA NA NA 238 11372 882 NA NA NA NA NA 276 11420 928 NA NA NA NA
1477472400.0 4.73 NA 53 254 0 NA NA NA NA NA 91 291 0 NA NA NA NA NA 257 14501 849 NA NA NA NA NA 311 14569 881 NA NA NA NA
1477472400.0 4.74 NA 53 249 0 NA NA NA NA NA 89 284 0 NA NA NA NA NA 240 11547 856 NA NA NA NA NA 317 11606 875 NA NA NA NA
1477472400.0 4.75 NA 53 235 0 NA NA NA NA NA 90 287 0 NA NA NA NA NA 260 14187 844 NA NA NA NA NA 282 14302 860 NA NA NA NA
1477472400.0 4.76 NA 77 244 0 NA NA NA NA NA 107 295 0 NA NA NA NA NA 243 16240 855 NA NA NA NA NA 268 16324 865 NA NA NA NA
1477472400.0 4.77 NA 73 249 0 NA NA NA NA NA 103 299 0 NA NA NA NA NA 259 19017 881 NA NA NA NA NA 295 19120 910 NA NA NA NA
1477472400.0 4.78 NA 50 221 NA NA NA NA NA NA 98 266 NA NA NA NA NA NA 257 739 NA NA NA NA NA NA 286 781 NA NA NA NA NA
1477472400.0 4000.0 NA 106 218 NA NA NA NA NA NA 160 265 NA NA NA NA NA NA 4502 5714 NA NA NA NA NA NA 4564 5777 NA NA NA NA NA
1477472400.0 4001.0 NA 0 NA NA NA NA NA NA NA 0 NA NA NA NA NA NA NA 0 NA NA NA NA NA NA NA 0 NA NA NA NA NA NA
1477472400.0 4002.0 NA 101 210 NA NA NA NA NA NA 160 262 NA NA NA NA NA NA 3939 2750 NA NA NA NA NA NA 3988 2790 NA NA NA NA NA
1477472400.0 4003.0 NA 102 213 NA NA NA NA NA NA 160 261 NA NA NA NA NA NA 4050 3199 NA NA NA NA NA NA 4092 3246 NA NA NA NA NA
1477472400.0 4006.0 51 0 NA NA NA NA NA NA 91 0 NA NA NA NA NA NA 2699 0 NA NA NA NA NA NA 2716 0 NA NA NA NA NA NA
1477472400.0 4007.0 61 0 NA NA NA NA NA NA 98 0 NA NA NA NA NA NA 1096 0 NA NA NA NA NA NA 1113 0 NA NA NA NA NA NA
1477472400.0 4008.0 53 0 NA NA NA NA NA NA 97 0 NA NA NA NA NA NA 1395 0 NA NA NA NA NA NA 1418 0 NA NA NA NA NA NA
1477472400.0 43.0 NA 102 211 0 NA NA NA NA NA 160 263 0 NA NA NA NA NA 4092 4150 1241 NA NA NA NA NA 4166 4196 1255 NA NA NA NA
1477472400.0 44.0 NA 98 210 0 NA NA NA NA NA 160 262 0 NA NA NA NA NA 3999 3465 1183 NA NA NA NA NA 4053 3533 1201 NA NA NA NA
1477472400.0 45.0 NA 99 215 0 NA NA NA NA NA 160 262 0 NA NA NA NA NA 4013 3483 1232 NA NA NA NA NA 4068 3534 1252 NA NA NA NA
1477472400.0 5.1 205 0 NA NA NA NA NA NA 256 0 NA NA NA NA NA NA 1150 599 NA NA NA NA NA NA 1174 608 NA NA NA NA NA NA
1477472400.0 5.2 196 0 NA NA NA NA NA NA 239 0 NA NA NA NA NA NA 800 475 NA NA NA NA NA NA 835 490 NA NA NA NA NA NA
1477472400.0 5.3 195 0 NA NA NA NA NA NA 239 0 NA NA NA NA NA NA 822 456 NA NA NA NA NA NA 854 952 NA NA NA NA NA NA
1477472400.0 5.4 203 0 NA NA NA NA NA NA 254 0 NA NA NA NA NA NA 973 561 NA NA NA NA NA NA 1009 642 NA NA NA NA NA NA
1477472400.0 5.5 201 0 NA NA NA NA NA NA 253 0 NA NA NA NA NA NA 952 560 NA NA NA NA NA NA 985 581 NA NA NA NA NA NA
1477472400.0 5.6 208 0 NA NA NA NA NA NA 256 0 NA NA NA NA NA NA 1107 613 NA NA NA NA NA NA 1134 624 NA NA NA NA NA NA
1477472400.0 5.7 202 0 NA NA NA NA NA NA 251 0 NA NA NA NA NA NA 898 563 NA NA NA NA NA NA 919 575 NA NA NA NA NA NA
1477472400.0 500199.0 0 NA NA NA NA NA NA NA 0 NA NA NA NA NA NA NA 0 NA NA NA NA NA NA NA 0 NA NA NA NA NA NA NA
1477472400.0 500200.0 NA 0 NA NA NA NA NA NA NA 0 NA NA NA NA NA NA NA 0 NA NA NA NA NA NA NA 0 NA NA NA NA NA NA
1477472400.0 500200.1 62 0 NA NA NA NA NA NA 103 0 NA NA NA NA NA NA 7696 0 NA NA NA NA NA NA 7912 0 NA NA NA NA NA NA
1477472400.0 500202.0 NA 0 NA NA NA NA NA NA NA 0 NA NA NA NA NA NA NA 0 NA NA NA NA NA NA NA 0 NA NA NA NA NA NA
1477472400.0 500203.0 NA 0 NA NA NA NA NA NA NA 0 NA NA NA NA NA NA NA 0 NA NA NA NA NA NA NA 0 NA NA NA NA NA NA
1477472400.0 500204.0 NA 0 NA NA NA NA NA NA NA 0 NA NA NA NA NA NA NA 0 NA NA NA NA NA NA NA 0 NA NA NA NA NA NA
1477472400.0 500205.0 NA 0 NA NA NA NA NA NA NA 0 NA NA NA NA NA NA NA 0 NA NA NA NA NA NA NA 0 NA NA NA NA NA NA
1477472400.0 500206.0 NA 0 NA NA NA NA NA NA NA 0 NA NA NA NA NA NA NA 0 NA NA NA NA NA NA NA 0 NA NA NA NA NA NA
1477472400.0 500207.0 NA 0 NA NA NA NA NA NA NA 0 NA NA NA NA NA NA NA 0 NA NA NA NA NA NA NA 0 NA NA NA NA NA NA
1477472400.0 50200.0 NA 0 NA NA NA NA NA NA NA 0 NA NA NA NA NA NA NA 0 NA NA NA NA NA NA NA 0 NA NA NA NA NA NA
1477472400.0 50202.0 NA 0 NA NA NA NA NA NA NA 0 NA NA NA NA NA NA NA 0 NA NA NA NA NA NA NA 0 NA NA NA NA NA NA
1477472400.0 50203.0 NA 0 NA NA NA NA NA NA NA 0 NA NA NA NA NA NA NA 0 NA NA NA NA NA NA NA 0 NA NA NA NA NA NA
1477472400.0 50204.0 NA 0 NA NA NA NA NA NA NA 0 NA NA NA NA NA NA NA 0 NA NA NA NA NA NA NA 0 NA NA NA NA NA NA
1477472400.0 50205.0 NA 0 NA NA NA NA NA NA NA 0 NA NA NA NA NA NA NA 0 NA NA NA NA NA NA NA 0 NA NA NA NA NA NA
1477472400.0 50206.0 NA 0 NA NA NA NA NA NA NA 0 NA NA NA NA NA NA NA 0 NA NA NA NA NA NA NA 0 NA NA NA NA NA NA
1477472400.0 50207.0 NA 0 NA NA NA NA NA NA NA 0 NA NA NA NA NA NA NA 0 NA NA NA NA NA NA NA 0 NA NA NA NA NA NA
1477472400.0 50208.0 NA 0 NA NA NA NA NA NA NA 0 NA NA NA NA NA NA NA 0 NA NA NA NA NA NA NA 0 NA NA NA NA NA NA
1477472400.0 503.0 38 0 NA NA NA NA NA NA 67 0 NA NA NA NA NA NA 165 16 NA NA NA NA NA NA 242 26 NA NA NA NA NA NA
1477472400.0 504.0 49 0 NA NA NA NA NA NA 67 0 NA NA NA NA NA NA 84 18 NA NA NA NA NA NA 87 24 NA NA NA NA NA NA
1477472400.0 505.0 49 0 NA NA NA NA NA NA 67 0 NA NA NA NA NA NA 84 18 NA NA NA NA NA NA 198 31 NA NA NA NA NA NA
1477472400.0 506.0 49 0 NA NA NA NA NA NA 67 0 NA NA NA NA NA NA 74 16 NA NA NA NA NA NA 699 32 NA NA NA NA NA NA
1477472400.0 507.0 38 0 NA NA NA NA NA NA 66 0 NA NA NA NA NA NA 166 18 NA NA NA NA NA NA 266 27 NA NA NA NA NA NA
1477472400.0 508.0 48 0 NA NA NA NA NA NA 67 0 NA NA NA NA NA NA 68 16 NA NA NA NA NA NA 196 92 NA NA NA NA NA NA
1477472400.0 509.0 48 0 NA NA NA NA NA NA 66 0 NA NA NA NA NA NA 58 17 NA NA NA NA NA NA 360 81 NA NA NA NA NA NA
1477472400.0 510.0 40 0 NA NA NA NA NA NA 67 0 NA NA NA NA NA NA 309 19 NA NA NA NA NA NA 1299 29 NA NA NA NA NA NA
1477472400.0 512.0 0 NA NA NA NA NA NA NA 0 NA NA NA NA NA NA NA 841 NA NA NA NA NA NA NA 15888 NA NA NA NA NA NA NA
1477472400.0 513.0 0 NA NA NA NA NA NA NA 0 NA NA NA NA NA NA NA 681 NA NA NA NA NA NA NA 11771 NA NA NA NA NA NA NA
1477472400.0 514.0 0 NA NA NA NA NA NA NA 0 NA NA NA NA NA NA NA 16 NA NA NA NA NA NA NA 90 NA NA NA NA NA NA NA
1477472400.0 515.0 0 NA NA NA NA NA NA NA 0 NA NA NA NA NA NA NA 854 NA NA NA NA NA NA NA 16189 NA NA NA NA NA NA NA
1477472400.0 516.0 0 NA NA NA NA NA NA NA 0 NA NA NA NA NA NA NA 705 NA NA NA NA NA NA NA 12453 NA NA NA NA NA NA NA
1477472400.0 517.0 0 NA NA NA NA NA NA NA 0 NA NA NA NA NA NA NA 23 NA NA NA NA NA NA NA 71 NA NA NA NA NA NA NA
1477472400.0 518.0 0 NA NA NA NA NA NA NA 0 NA NA NA NA NA NA NA 815 NA NA NA NA NA NA NA 16292 NA NA NA NA NA NA NA
1477472400.0 519.0 0 NA NA NA NA NA NA NA 0 NA NA NA NA NA NA NA 646 NA NA NA NA NA NA NA 13183 NA NA NA NA NA NA NA
1477472400.0 520.0 0 NA NA NA NA NA NA NA 0 NA NA NA NA NA NA NA 23 NA NA NA NA NA NA NA 99 NA NA NA NA NA NA NA
1477472400.0 521.0 0 NA NA NA NA NA NA NA 0 NA NA NA NA NA NA NA 705 NA NA NA NA NA NA NA 13804 NA NA NA NA NA NA NA
1477472400.0 522.0 0 NA NA NA NA NA NA NA 0 NA NA NA NA NA NA NA 840 NA NA NA NA NA NA NA 13488 NA NA NA NA NA NA NA
1477472400.0 523.0 0 NA NA NA NA NA NA NA 0 NA NA NA NA NA NA NA 360 NA NA NA NA NA NA NA 781 NA NA NA NA NA NA NA
1477472400.0 524.0 0 NA NA NA NA NA NA NA 0 NA NA NA NA NA NA NA 24 NA NA NA NA NA NA NA 91 NA NA NA NA NA NA NA
1477472400.0 525.0 0 NA NA NA NA NA NA NA 0 NA NA NA NA NA NA NA 673 NA NA NA NA NA NA NA 11480 NA NA NA NA NA NA NA
1477472400.0 526.0 0 NA NA NA NA NA NA NA 0 NA NA NA NA NA NA NA 834 NA NA NA NA NA NA NA 15377 NA NA NA NA NA NA NA
1477472400.0 527.0 0 NA NA NA NA NA NA NA 0 NA NA NA NA NA NA NA 23 NA NA NA NA NA NA NA 94 NA NA NA NA NA NA NA
1477472400.0 528.0 0 NA NA NA NA NA NA NA 0 NA NA NA NA NA NA NA 666 NA NA NA NA NA NA NA 9822 NA NA NA NA NA NA NA
1477472400.0 529.0 0 NA NA NA NA NA NA NA 0 NA NA NA NA NA NA NA 813 NA NA NA NA NA NA NA 14698 NA NA NA NA NA NA NA
1477472400.0 530.0 0 NA NA NA NA NA NA NA 0 NA NA NA NA NA NA NA 24 NA NA NA NA NA NA NA 92 NA NA NA NA NA NA NA
1477472400.0 531.0 60 0 NA NA NA NA NA NA 178 0 NA NA NA NA NA NA 52 16 NA NA NA NA NA NA 198 36 NA NA NA NA NA NA
1477472400.0 541.0 51 0 NA NA NA NA NA NA 79 0 NA NA NA NA NA NA 126 17 NA NA NA NA NA NA 840 76 NA NA NA NA NA NA
1477472400.0 545.0 58 0 NA NA NA NA NA NA 78 0 NA NA NA NA NA NA 123 18 NA NA NA NA NA NA 876 26 NA NA NA NA NA NA
1477472400.0 551.0 0 NA NA NA NA NA NA NA 0 NA NA NA NA NA NA NA 361 NA NA NA NA NA NA NA 1048 NA NA NA NA NA NA NA
1477472400.0 552.0 0 NA NA NA NA NA NA NA 0 NA NA NA NA NA NA NA 24 NA NA NA NA NA NA NA 97 NA NA NA NA NA NA NA
1477472400.0 554.0 0 NA NA NA NA NA NA NA 0 NA NA NA NA NA NA NA 17 NA NA NA NA NA NA NA 77 NA NA NA NA NA NA NA
1477472400.0 555.0 0 NA NA NA NA NA NA NA 0 NA NA NA NA NA NA NA 446 NA NA NA NA NA NA NA 982 NA NA NA NA NA NA NA
1477472400.0 556.0 0 NA NA NA NA NA NA NA 0 NA NA NA NA NA NA NA 10 NA NA NA NA NA NA NA 16 NA NA NA NA NA NA NA
1477472400.0 560.0 48 0 NA NA NA NA NA NA 67 0 NA NA NA NA NA NA 75 17 NA NA NA NA NA NA 700 22 NA NA NA NA NA NA
1477472400.0 561.0 49 0 NA NA NA NA NA NA 67 0 NA NA NA NA NA NA 81 18 NA NA NA NA NA NA 93 23 NA NA NA NA NA NA
1477472400.0 562.0 0 NA NA NA NA NA NA NA 0 NA NA NA NA NA NA NA 97 NA NA NA NA NA NA NA 114 NA NA NA NA NA NA NA
1477472400.0 6.0 NA 98 209 0 NA NA NA NA NA 160 260 0 NA NA NA NA NA 3480 1254 895 NA NA NA NA NA 3523 1282 909 NA NA NA NA
1477472400.0 7.0 40 0 0 0 0 NA NA NA 75 0 0 0 0 NA NA NA 745 95 210 35 219 NA NA NA 755 106 980 72 235 NA NA NA
1477472400.0 7.1 40 0 0 0 0 NA NA NA 75 0 0 0 0 NA NA NA 743 97 196 34 229 NA NA NA 768 104 203 49 292 NA NA NA
1477472400.0 8.0 NA 83 122 57 0 NA NA NA NA 155 180 79 0 NA NA NA NA 3410 737 19 237 NA NA NA NA 3434 766 22 254 NA NA NA
1477472400.0 9.0 NA 95 214 0 NA NA NA NA NA 160 264 0 NA NA NA NA NA 4415 5260 1313 NA NA NA NA NA 4477 5339 1330 NA NA NA NA
