
/store/data/Run2010A/MinimumBias/RAW-RECO/v6/000/138/924/D87FB9A7-4485-DF11-88B8-0025B3E05DFE.root
/store/data/Run2011A/Cosmics/RAW/v1/000/160/960/049F6443-8E53-E011-A943-003048F117EA.root
/store/data/Run2011A/DoubleElectron/RAW-RECO/ZElectron-08Nov2011-v1/0000/0663D01B-F71B-E111-99F4-002618943958.root
/store/data/Run2011A/DoubleMu/RAW-RECO/ZMu-08Nov2011-v1/0000/000D85E7-191B-E111-BD5F-003048679168.root
/store/data/Run2011A/Jet/RAW-RECO/HighMET-08Nov2011-v1/0000/7069975F-5F0B-E111-B0DB-0015178C4BE8.root
/store/data/Run2011A/Jet/RAW-RECO/HighMET-08Nov2011-v1/0000/A831F356-520B-E111-ABB9-001D0967DAAD.root
/store/data/Run2011A/Jet/RAW-RECO/HighMET-08Nov2011-v1/0000/EE6CEF95-590B-E111-B8AD-00266CFADFCC.root
/store/data/Run2011A/MinimumBias/RAW-RECO/ValSkim-08Nov2011-v1/0000/065CC727-800F-E111-B1A6-002618943986.root
/store/data/Run2011A/MinimumBias/RAW-RECO/ValSkim-08Nov2011-v1/0000/203B0788-730F-E111-A952-001A92971BDC.root
/store/data/Run2011A/MinimumBias/RAW/v1/000/165/121/0699429A-B37F-E011-A57A-0019B9F72D71.root
/store/data/Run2011A/SingleElectron/RAW-RECO/WElectron-08Nov2011-v1/0000/006185E9-A80D-E111-9BF2-0030487F3EA7.root
/store/data/Run2011A/SingleMu/RAW-RECO/WMu-08Nov2011-v1/0001/E2E5EAC0-0E0E-E111-A580-1CC1DE040FA0.root
/store/data/Run2011B/DoubleMu/RAW-RECO/ZMu-19Nov2011-v1/0000/002D1B33-1A1E-E111-87B7-003048678B14.root
/store/data/Run2011B/MinimumBias/RAW-RECO/ValSkim-19Nov2011-v1/0000/00F44289-EB20-E111-A005-001A92811728.root
/store/data/Run2011B/MinimumBias/RAW-RECO/ValSkim-19Nov2011-v1/0000/02E54ABC-E520-E111-AC76-0026189438E9.root
/store/data/Run2011B/MinimumBias/RAW/v1/000/177/719/065F5CDD-E6EC-E011-ACBF-001D09F26509.root
/store/data/Run2011B/SingleElectron/RAW-RECO/WElectron-19Nov2011-v1/0000/02DB8323-191B-E111-A9C5-003048D4390A.root
/store/data/Run2012A/Jet/RAW/v1/000/191/226/001B8B6C-0B86-E111-9E49-002481E0D7EC.root
/store/data/Run2012A/MET/RAW/v1/000/191/226/0CA2B2A0-0886-E111-9523-BCAEC518FF62.root
/store/data/Run2012A/MinimumBias/RAW/v1/000/191/226/02F7EB61-0986-E111-A66F-5404A63886B4.root
/store/data/Run2012A/SingleElectron/RAW/v1/000/191/226/008F013E-0E86-E111-97D3-BCAEC5364C93.root
/store/data/Run2012A/SingleMu/RAW/v1/000/191/226/06565B5C-2386-E111-B3F1-001D09F23D1D.root
/store/data/Run2012A/Tau/RAW/v1/000/191/226/226A5C54-0986-E111-8990-BCAEC5329705.root
/store/data/Run2012B/DoubleElectron/RAW-RECO/ZElectron-22Jan2013-v1/20000/02C6B867-2D6A-E211-8403-00248C0BE018.root
/store/data/Run2012B/JetHT/RAW/v1/000/194/533/0EE52A7A-B4A2-E111-858A-0025B32036D2.root
/store/data/Run2012B/MinimumBias/RAW/v1/000/194/533/0C1BB1C7-ACA2-E111-A831-003048D3750A.root
/store/data/Run2012B/SingleElectron/RAW/v1/000/194/533/00753D67-A6A2-E111-ADB5-001D09F290BF.root
/store/data/Run2012B/SingleElectron/USER/WElectron-13Jul2012-v1/0000/00631726-CCD7-E111-BD80-00261894398C.root
/store/data/Run2012B/SingleMu/RAW/v1/000/194/533/000B1519-A0A2-E111-8704-BCAEC518FF41.root
/store/data/Run2012B/SinglePhoton/RAW/v1/000/194/533/1084D9DA-AEA2-E111-B3AB-001D09F24DA8.root
/store/data/Run2012C/DoubleElectron/RAW-RECO/ZElectron-22Jan2013-v1/20000/08F26277-3B70-E211-B4FE-00304867920C.root
/store/data/Run2012C/JetHT/RAW/v1/000/199/812/0C450FA0-6BD8-E111-BB28-BCAEC5329727.root
/store/data/Run2012C/MinimumBias/RAW/v1/000/199/812/007E76FB-9ED8-E111-8986-003048D2BE12.root
/store/data/Run2012C/SingleElectron/RAW/v1/000/199/812/02879045-71D8-E111-8C28-BCAEC5364C93.root
/store/data/Run2012C/SingleElectron/USER/WElectron-PromptSkim-v3/000/199/812/00000/0286E6B0-35DB-E111-AF30-001A92810AA8.root
/store/data/Run2012C/SingleMu/RAW/v1/000/199/812/004DDFFD-78D8-E111-820E-5404A63886C1.root
/store/data/Run2012C/SinglePhoton/RAW/v1/000/199/812/0EB0C76B-75D8-E111-86E6-BCAEC518FF7A.root
/store/data/Run2012D/DoubleElectron/RAW-RECO/ZElectron-22Jan2013-v1/10000/00387FB7-A48F-E211-9530-0025905964C2.root
/store/data/Run2012D/JetHT/RAW/v1/000/208/307/04EB1882-CF3A-E211-B575-0030486780EC.root
/store/data/Run2012D/MinimumBias/RAW/v1/000/208/307/020716B4-CC3A-E211-B309-5404A63886B6.root
/store/data/Run2012D/SingleElectron/RAW/v1/000/208/307/0085A34B-BD3A-E211-B6E9-003048D2BC4C.root
/store/data/Run2012D/SingleElectron/USER/WElectron-22Jan2013-v1/10000/0064F8DC-E592-E211-A6C5-003048FFD71E.root
/store/data/Run2012D/SingleMu/RAW-RECO/ZMu-15Apr2014-v1/00000/0A3C1F91-2ECD-E311-8E64-90E6BA442F3F.root
/store/data/Run2012D/SingleMu/RAW/v1/000/208/307/005458DB-BD3A-E211-B11D-5404A63886AB.root
/store/data/Run2012D/SinglePhoton/RAW/v1/000/208/307/00CEDBEF-BF3A-E211-96F9-5404A63886E6.root
/store/data/Run2015B/DoubleEG/RAW/v1/000/251/251/00000/069C1D5D-EA25-E511-8377-02163E013807.root
/store/data/Run2015B/DoubleMuon/RAW/v1/000/251/251/00000/9C66B64C-CA25-E511-818A-02163E0140E1.root
/store/data/Run2015B/HLTPhysics/RAW/v1/000/251/251/00000/B0325638-EB25-E511-BBDC-02163E013852.root
/store/data/Run2015B/JetHT/RAW/v1/000/251/251/00000/10FBD0D4-C925-E511-B35C-02163E011DAE.root
/store/data/Run2015B/MET/RAW/v1/000/251/251/00000/16CD9951-CA25-E511-AE31-02163E013823.root
/store/data/Run2015B/MuonEG/RAW/v1/000/251/251/00000/2CED917D-CA25-E511-AE88-02163E01416E.root
/store/data/Run2015B/SingleElectron/RAW/v1/000/251/251/00000/0A90FB72-EA25-E511-A4B7-02163E013597.root
/store/data/Run2015B/SingleMuon/RAW/v1/000/251/251/00000/02E8B556-CA25-E511-A441-02163E011BB9.root
/store/data/Run2015B/SinglePhoton/RAW/v1/000/251/251/00000/04E8EBFD-EA25-E511-BAB2-02163E0123FE.root
/store/data/Run2015B/ZeroBias/RAW/v1/000/251/251/00000/0C585694-EA25-E511-B5EC-02163E0118F0.root
/store/data/Run2015C/Cosmics/RAW/v1/000/256/259/00000/0A6BB38F-B857-E511-B438-02163E0124A9.root
/store/data/Run2015C/DoubleEG/RAW-RECO/ZElectron-PromptReco-v1/000/254/790/00000/123BAA37-D749-E511-905A-02163E013866.root
/store/data/Run2015C/DoubleEG/RAW/v1/000/254/790/00000/02E1BF07-4E48-E511-ABC5-02163E011A56.root
/store/data/Run2015C/DoubleMuon/RAW/v1/000/254/790/00000/00298AA3-4248-E511-91CB-02163E013537.root
/store/data/Run2015C/HLTPhysics/RAW/v1/000/254/790/00000/16122521-4E48-E511-AE5D-02163E011BE4.root
/store/data/Run2015C/JetHT/RAW/v1/000/254/790/00000/0415D552-3F48-E511-9D3A-02163E011EDC.root
/store/data/Run2015C/MET/RAW/v1/000/254/790/00000/2695039F-3B48-E511-956A-02163E01464A.root
/store/data/Run2015C/MuonEG/RAW/v1/000/254/790/00000/060BC03F-4248-E511-808A-02163E012A4C.root
/store/data/Run2015C/SingleElectron/RAW/v1/000/254/790/00000/00F09353-4E48-E511-9E0A-02163E014775.root
/store/data/Run2015C/SingleMuon/RAW-RECO/ZMu-PromptReco-v1/000/254/790/00000/243E0D71-254A-E511-8458-02163E014250.root
/store/data/Run2015C/SingleMuon/RAW/v1/000/254/790/00000/046221E0-3648-E511-828C-02163E011E5B.root
/store/data/Run2015C/SinglePhoton/RAW/v1/000/254/790/00000/0A201B06-4E48-E511-AC5E-02163E01419F.root
/store/data/Run2015C/ZeroBias/RAW/v1/000/254/790/00000/06C4AF99-3048-E511-B738-02163E0137F4.root
/store/data/Run2015D/DoubleEG/RAW-RECO/ZElectron-PromptReco-v3/000/256/677/00000/06AF3B43-2B5F-E511-A97A-02163E011FEF.root
/store/data/Run2015D/DoubleEG/RAW/v1/000/256/677/00000/0057358A-405D-E511-BA6E-02163E01391B.root
/store/data/Run2015D/DoubleMuon/RAW/v1/000/256/677/00000/02B22ACD-5A5D-E511-8CA7-02163E0133E5.root
/store/data/Run2015D/HLTPhysics/RAW/v1/000/256/677/00000/024F6F90-605D-E511-8CC7-02163E0146A2.root
/store/data/Run2015D/HLTPhysics/RAW/v1/000/258/712/00000/00537BC3-996F-E511-9B42-02163E014473.root
/store/data/Run2015D/JetHT/RAW/v1/000/256/677/00000/04798841-5B5D-E511-8610-02163E01424B.root
/store/data/Run2015D/JetHT/RAW/v1/000/260/627/00000/0021ABE7-3282-E511-B229-02163E012312.root
/store/data/Run2015D/MET/RAW/v1/000/256/677/00000/185BD6EA-315D-E511-8A78-02163E0143B0.root
/store/data/Run2015D/MuonEG/RAW/v1/000/256/677/00000/4A874FB5-585D-E511-A3D8-02163E0143B5.root
/store/data/Run2015D/SingleElectron/RAW/v1/000/256/677/00000/02D2C860-405D-E511-A459-02163E01468C.root
/store/data/Run2015D/SingleMuon/RAW-RECO/ZMu-PromptReco-v3/000/256/677/00000/0EC78D60-1E5F-E511-B77F-02163E0123C5.root
/store/data/Run2015D/SingleMuon/RAW/v1/000/256/677/00000/00060F82-335D-E511-A1BA-02163E01410B.root
/store/data/Run2015D/SingleMuon/RAW/v1/000/260/627/00000/0000A363-0D82-E511-9AA9-02163E01476B.root
/store/data/Run2015D/SinglePhoton/RAW/v1/000/256/677/00000/1ADDE997-605D-E511-944F-02163E01424B.root
/store/data/Run2015D/ZeroBias/RAW/v1/000/256/677/00000/00FAA776-5C5D-E511-88B7-02163E014742.root
/store/data/Run2015D/ZeroBias/RAW/v1/000/260/627/00000/00A76FFA-0C82-E511-B441-02163E01450F.root
/store/data/Run2016B/Cosmics/RAW/v1/000/272/133/00000/06129B6A-3B0F-E611-830D-02163E011BDE.root
/store/data/Run2016B/DoubleEG/RAW-RECO/ZElectron-PromptReco-v2/000/274/199/00000/02B7D4DF-C827-E611-B160-02163E014373.root
/store/data/Run2016B/DoubleEG/RAW/v2/000/274/199/00000/00327171-8726-E611-B4CD-02163E013527.root
/store/data/Run2016B/DoubleMuon/RAW/v2/000/274/199/00000/02893BCB-6426-E611-B266-02163E012552.root
/store/data/Run2016B/HLTPhysics/RAW/v2/000/274/199/00000/4CC1E375-8526-E611-BAAF-02163E012584.root
/store/data/Run2016B/JetHT/RAW/v2/000/274/199/00000/045AEAE0-BD26-E611-A713-02163E01391E.root
/store/data/Run2016B/MET/RAW/v2/000/274/199/00000/14705311-BD26-E611-94A1-02163E014145.root
/store/data/Run2016B/MuonEG/RAW/v2/000/274/199/00000/0C5AF54C-6226-E611-8285-02163E012889.root
/store/data/Run2016B/MuOnia/RAW/v2/000/274/199/00000/04FE3A0C-6226-E611-85F3-02163E013469.root
/store/data/Run2016B/NoBPTX/RAW/v2/000/274/199/00000/30D69255-8526-E611-983C-02163E01477F.root
/store/data/Run2016B/SingleElectron/RAW/v2/000/274/199/00000/00D650E6-2526-E611-A0EB-02163E0142AE.root
/store/data/Run2016B/SingleMuon/RAW-RECO/ZMu-PromptReco-v2/000/274/199/00000/02B1C097-B227-E611-90BA-02163E01352A.root
/store/data/Run2016B/SingleMuon/RAW/v2/000/274/199/00000/0478A55D-1826-E611-AE64-02163E013957.root
/store/data/Run2016B/SinglePhoton/RAW/v2/000/274/199/00000/007498A6-8426-E611-8BA8-02163E013754.root
/store/data/Run2016B/ZeroBias/RAW/v2/000/274/199/00000/28AE6C59-8726-E611-BC09-02163E014373.root
/store/data/Run2016C/DoubleEG/RAW/v2/000/276/092/00000/02573961-3A3F-E611-8C3A-02163E011857.root
/store/data/Run2016C/DoubleMuon/RAW/v2/000/276/092/00000/00E35B2C-4A3F-E611-AE34-02163E014479.root
/store/data/Run2016C/HLTPhysics/RAW/v2/000/276/092/00000/38B031AC-443F-E611-BCE8-02163E014765.root
/store/data/Run2016C/JetHT/RAW/v2/000/276/092/00000/0E78AB21-3A3F-E611-8336-02163E01456D.root
/store/data/Run2016C/MET/RAW/v2/000/276/092/00000/0AFF1531-4C3F-E611-ACC5-02163E01439B.root
/store/data/Run2016C/MuonEG/RAW/v2/000/276/092/00000/0CB4D599-4E3F-E611-AC3C-02163E014481.root
/store/data/Run2016C/MuOnia/RAW/v2/000/276/092/00000/1621EF20-463F-E611-AEF7-02163E013899.root
/store/data/Run2016C/SingleElectron/RAW/v2/000/276/092/00000/009A480E-383F-E611-99C9-02163E0124D2.root
/store/data/Run2016C/SingleMuon/RAW/v2/000/276/092/00000/00389A3C-383F-E611-B3CC-02163E0142AC.root
/store/data/Run2016C/SinglePhoton/RAW/v2/000/276/092/00000/14024D95-803F-E611-966E-02163E012970.root
/store/data/Run2016C/ZeroBias/RAW/v2/000/276/092/00000/00B92CF5-433F-E611-8127-02163E01462E.root
/store/data/Run2016D/DoubleEG/RAW/v2/000/276/807/00000/08B44079-9D4A-E611-9B90-02163E0124A7.root
/store/data/Run2016D/DoubleMuon/RAW/v2/000/276/807/00000/0867236C-924A-E611-8592-02163E011D2C.root
/store/data/Run2016D/HLTPhysics/RAW/v2/000/276/807/00000/B0E6323E-A74A-E611-A565-02163E01342C.root
/store/data/Run2016D/JetHT/RAW/v2/000/276/807/00000/02AFF400-8B4A-E611-9660-FA163E62A74D.root
/store/data/Run2016D/MET/RAW/v2/000/276/807/00000/28252CC5-B14A-E611-ADBA-FA163EDED501.root
/store/data/Run2016D/MuonEG/RAW/v2/000/276/807/00000/02AC91AF-924A-E611-9E9C-02163E0122D3.root
/store/data/Run2016D/MuOnia/RAW/v2/000/276/807/00000/22F76665-924A-E611-9E6D-02163E0134C7.root
/store/data/Run2016D/SingleElectron/RAW/v2/000/276/807/00000/000FCEFD-834A-E611-BD47-02163E011F35.root
/store/data/Run2016D/SingleMuon/RAW/v2/000/276/807/00000/06996CF1-664A-E611-A2C6-02163E01420C.root
/store/data/Run2016D/SingleMuon/RAW/v2/000/276/807/00000/0A95EB24-824A-E611-9DFD-02163E014392.root
/store/data/Run2016D/SinglePhoton/RAW/v2/000/276/807/00000/1EDE1772-9C4A-E611-AAB7-02163E01374E.root
/store/data/Run2016D/ZeroBias/RAW/v2/000/276/807/00000/14F435D1-8B4A-E611-9BF8-FA163E27896C.root
/store/data/Run2016E/DoubleEG/RAW/v2/000/277/069/00000/04A0A5F8-EB4D-E611-A62B-02163E0134F4.root
/store/data/Run2016E/DoubleMuon/RAW/v2/000/277/069/00000/06A80CC4-FA4D-E611-849C-FA163E5751CB.root
/store/data/Run2016E/HLTPhysics/RAW/v2/000/277/069/00000/8A5191F8-E14D-E611-A7CB-02163E014328.root
/store/data/Run2016E/JetHT/RAW/v2/000/277/069/00000/0021152B-E14D-E611-97D0-FA163E46B997.root
/store/data/Run2016E/MET/RAW/v2/000/277/069/00000/00366441-074E-E611-84E9-FA163E8B4B51.root
/store/data/Run2016E/MuonEG/RAW/v2/000/277/069/00000/001DDDE9-EA4D-E611-A874-02163E013586.root
/store/data/Run2016E/MuOnia/RAW/v2/000/277/069/00000/66E757A8-034E-E611-BBC5-02163E0140D5.root
/store/data/Run2016E/SingleElectron/RAW/v2/000/277/069/00000/020F2281-E34D-E611-9664-FA163E6FCC86.root
/store/data/Run2016E/SingleMuon/RAW/v2/000/277/069/00000/001B73AD-ED4D-E611-A29F-FA163E590755.root
/store/data/Run2016E/SinglePhoton/RAW/v2/000/277/069/00000/0A650C1A-EE4D-E611-96C7-02163E014260.root
/store/data/Run2016E/ZeroBias/RAW/v2/000/277/069/00000/06A5A3F8-E14D-E611-A7CB-02163E014328.root
/store/data/Run2016H/DoubleEG/RAW/v1/000/283/877/00000/00B1E52F-889B-E611-B4B9-FA163EA8BEB3.root
/store/data/Run2016H/DoubleMuon/RAW/v1/000/283/877/00000/0CEA1E63-EF9B-E611-AE44-02163E011CD4.root
/store/data/Run2016H/HLTPhysics/RAW/v1/000/283/877/00000/20A8B144-909B-E611-BAB5-FA163E4C308B.root
/store/data/Run2016H/JetHT/RAW/v1/000/283/877/00000/167A89D3-ED9B-E611-9477-02163E011FFE.root
/store/data/Run2016H/MET/RAW/v1/000/283/877/00000/085E8C9A-EE9B-E611-AB43-02163E0134AA.root
/store/data/Run2016H/MuonEG/RAW/v1/000/283/877/00000/38D0668B-EF9B-E611-97B6-02163E011B45.root
/store/data/Run2016H/MuOnia/RAW/v1/000/283/877/00000/2409A069-EF9B-E611-907D-FA163E7AC83E.root
/store/data/Run2016H/SingleElectron/RAW/v1/000/283/877/00000/0045FD26-6D9B-E611-A7ED-FA163E2C38F6.root
/store/data/Run2016H/SingleMuon/RAW/v1/000/283/877/00000/008D4329-D29B-E611-90ED-02163E013662.root
/store/data/Run2016H/SinglePhoton/RAW/v1/000/283/877/00000/06E02513-8F9B-E611-8FC4-FA163E14352B.root
/store/data/Run2016H/ZeroBias/RAW/v1/000/283/877/00000/3C3D5E54-879B-E611-95FC-02163E0139A1.root
/store/hidata/HIRun2010/HIAllPhysics/RAW/v1/000/152/698/00EF189B-CAFB-DF11-B3E7-003048F024FE.root
/store/hidata/HIRun2011/HIMinBiasUPC/RAW/v1/000/182/124/0011F55A-8F13-E111-A987-003048F118C6.root
/store/hidata/HIRun2013/PAMinBiasUPC/RAW/v1/000/211/313/00000/2CD4EFBC-6F6D-E211-9AF6-001D09F241F0.root
/store/relval/CMSSW_7_1_0_pre7/RelValADDMonoJet_d3MD3/GEN-SIM/PRE_STA71_V3-v1/00000/36E238A4-5DD1-E311-BF73-003048FFD796.root
/store/relval/CMSSW_7_1_0_pre7/RelValBeamHalo/GEN-SIM/PRE_STA71_V3-v1/00000/E86B31A6-6DD1-E311-A7AA-002618943949.root
/store/relval/CMSSW_7_1_0_pre7/RelValH130GGgluonfusion/GEN-SIM/PRE_STA71_V3-v1/00000/5AF0FE78-2CD1-E311-89DC-002618FDA28E.root
/store/relval/CMSSW_7_1_0_pre7/RelValHiggs200ChargedTaus/GEN-SIM/PRE_STA71_V3-v1/00000/FE4B0E0C-8FD1-E311-BDAA-002618943972.root
/store/relval/CMSSW_7_1_0_pre7/RelValJpsiMM/GEN-SIM/PRE_STA71_V3-v1/00000/2CE4DAE3-29D1-E311-839C-00261894390B.root
/store/relval/CMSSW_7_1_0_pre7/RelValLM1_sfts/GEN-SIM/PRE_STA71_V3-v1/00000/54246EB0-2FD1-E311-B146-003048678AC0.root
/store/relval/CMSSW_7_1_0_pre7/RelValMinBias/GEN-SIM/PRE_STA71_V3-v1/00000/94026D36-50D1-E311-AE6F-0025905A612E.root
/store/relval/CMSSW_7_1_0_pre7/RelValPhotonJets_Pt_10/GEN-SIM/PRE_STA71_V3-v1/00000/30E50358-50D1-E311-A8F7-003048FFD740.root
/store/relval/CMSSW_7_1_0_pre7/RelValQCD_FlatPt_15_3000HS/GEN-SIM/PRE_STA71_V3-v1/00000/E4AF95F5-6FD1-E311-A4AE-003048679076.root
/store/relval/CMSSW_7_1_0_pre7/RelValQCD_Pt_3000_3500/GEN-SIM/PRE_STA71_V3-v1/00000/52C790B2-37D1-E311-9741-0026189438AB.root
/store/relval/CMSSW_7_1_0_pre7/RelValQCD_Pt_600_800/GEN-SIM/PRE_STA71_V3-v1/00000/060AF0FE-2BD1-E311-A2ED-00259059391E.root
/store/relval/CMSSW_7_1_0_pre7/RelValQCD_Pt_80_120/GEN-SIM/PRE_STA71_V3-v1/00000/7871FE30-5DD1-E311-B535-0025905A48B2.root
/store/relval/CMSSW_7_1_0_pre7/RelValSingleElectronPt1000/GEN-SIM/PRE_STA71_V3-v1/00000/44E1B095-69D1-E311-A580-0026189438FD.root
/store/relval/CMSSW_7_1_0_pre7/RelValSingleElectronPt10/GEN-SIM/PRE_STA71_V3-v1/00000/584BC388-36D1-E311-8B63-0025905A612E.root
/store/relval/CMSSW_7_1_0_pre7/RelValSingleElectronPt35/GEN-SIM/PRE_STA71_V3-v1/00000/0C26755C-36D1-E311-AE97-002618FDA208.root
/store/relval/CMSSW_7_1_0_pre7/RelValSingleGammaPt10/GEN-SIM/PRE_STA71_V3-v1/00000/0418888C-36D1-E311-84F2-003048FFCC1E.root
/store/relval/CMSSW_7_1_0_pre7/RelValSingleGammaPt35/GEN-SIM/PRE_STA71_V3-v1/00000/54DF00A8-3AD1-E311-8ABB-0025905A6134.root
/store/relval/CMSSW_7_1_0_pre7/RelValSingleMuPt1000/GEN-SIM/PRE_STA71_V3-v1/00000/9A6567D1-38D1-E311-8109-00248C0BE01E.root
/store/relval/CMSSW_7_1_0_pre7/RelValSingleMuPt100/GEN-SIM/PRE_STA71_V3-v1/00000/9651FD64-36D1-E311-A97D-003048678FE4.root
/store/relval/CMSSW_7_1_0_pre7/RelValSingleMuPt10/GEN-SIM/PRE_STA71_V3-v1/00000/EC57E8A1-3ED1-E311-8416-002618943882.root
/store/relval/CMSSW_7_1_0_pre7/RelValSingleMuPt1/GEN-SIM/PRE_STA71_V3-v1/00000/14B3D561-36D1-E311-86CC-002618FDA250.root
/store/relval/CMSSW_7_1_0_pre7/RelValTTbar/GEN-SIM/PRE_STA71_V3-v1/00000/46102B27-7DD1-E311-8DFC-002618943834.root
/store/relval/CMSSW_7_1_0_pre7/RelValTTbarLepton/GEN-SIM/PRE_STA71_V3-v1/00000/4030AFBB-7CD1-E311-83C0-00261894387A.root
/store/relval/CMSSW_7_1_0_pre7/RelValWE/GEN-SIM/PRE_STA71_V3-v1/00000/36A4CB05-43D1-E311-BEF2-002618943834.root
/store/relval/CMSSW_7_1_0_pre7/RelValWjet_Pt_3000_3500/GEN-SIM/PRE_STA71_V3-v1/00000/00883027-50D1-E311-98BB-0025905A611E.root
/store/relval/CMSSW_7_1_0_pre7/RelValWjet_Pt_80_120/GEN-SIM/PRE_STA71_V3-v1/00000/08842EBF-56D1-E311-B600-002354EF3BCE.root
/store/relval/CMSSW_7_1_0_pre7/RelValWM/GEN-SIM/PRE_STA71_V3-v1/00000/A4386EE2-34D1-E311-8D63-001BFCDBD166.root
/store/relval/CMSSW_7_1_0_pre7/RelValWpM/GEN-SIM/PRE_STA71_V3-v1/00000/06863007-67D1-E311-B04F-0026189438E1.root
/store/relval/CMSSW_7_1_0_pre7/RelValZEE/GEN-SIM/PRE_STA71_V3-v1/00000/34B86D62-55D1-E311-B9A0-0025905A60EE.root
/store/relval/CMSSW_7_1_0_pre7/RelValZMM/GEN-SIM/PRE_STA71_V3-v1/00000/28C59D70-43D1-E311-9D09-0025905A6064.root
/store/relval/CMSSW_7_1_0_pre7/RelValZpEE_2250_8TeV_Tauola/GEN-SIM/PRE_STA71_V3-v1/00000/10893417-6ED1-E311-B217-002618943896.root
/store/relval/CMSSW_7_1_0_pre7/RelValZpMM_2250_8TeV_Tauola/GEN-SIM/PRE_STA71_V3-v1/00000/365991C7-2ED1-E311-8AD0-00261894391C.root
/store/relval/CMSSW_7_1_0_pre7/RelValZpMM/GEN-SIM/PRE_STA71_V3-v1/00000/2C67914E-3AD1-E311-8B3C-002618943858.root
/store/relval/CMSSW_7_1_0_pre7/RelValZpTT_1500_8TeV_Tauola/GEN-SIM/PRE_STA71_V3-v1/00000/20E3CCD7-37D1-E311-9191-0025905A611E.root
/store/relval/CMSSW_7_1_0_pre7/RelValZTT/GEN-SIM/PRE_STA71_V3-v1/00000/2097A26E-30D1-E311-908A-0025905A48FC.root
/store/relval/CMSSW_7_6_0_pre6/RelValHydjetQ_MinBias_5020GeV/GEN-SIM/76X_mcRun2_HeavyIon_v4-v1/00000/0CCAD3A2-6269-E511-A42C-00266CF9AEA4.root
/store/relval/CMSSW_7_6_0_pre6/RelValHydjetQ_MinBias_5020GeV/GEN-SIM/76X_mcRun2_HeavyIon_v4-v1/00000/1E017DE3-7A69-E511-9316-00266CF9B184.root
/store/relval/CMSSW_7_6_0_pre6/RelValHydjetQ_MinBias_5020GeV/GEN-SIM/76X_mcRun2_HeavyIon_v4-v1/00000/1E8D6563-5E69-E511-80D8-3417EBE64C0C.root
/store/relval/CMSSW_7_6_0_pre6/RelValHydjetQ_MinBias_5020GeV/GEN-SIM/76X_mcRun2_HeavyIon_v4-v1/00000/32B59C88-6169-E511-BB96-00266CF9B3FC.root
/store/relval/CMSSW_7_6_0_pre6/RelValHydjetQ_MinBias_5020GeV/GEN-SIM/76X_mcRun2_HeavyIon_v4-v1/00000/3A23861D-6869-E511-86C8-00A0D1EE8E94.root
/store/relval/CMSSW_7_6_0_pre6/RelValHydjetQ_MinBias_5020GeV/GEN-SIM/76X_mcRun2_HeavyIon_v4-v1/00000/4ADBF7F4-6569-E511-B86B-00266CFAE7AC.root
/store/relval/CMSSW_7_6_0_pre6/RelValHydjetQ_MinBias_5020GeV/GEN-SIM/76X_mcRun2_HeavyIon_v4-v1/00000/50D00E88-7069-E511-9B4B-008CFA15FEB8.root
/store/relval/CMSSW_7_6_0_pre6/RelValHydjetQ_MinBias_5020GeV/GEN-SIM/76X_mcRun2_HeavyIon_v4-v1/00000/54CAC4FC-7469-E511-BAB0-00266CF268B8.root
/store/relval/CMSSW_7_6_0_pre6/RelValHydjetQ_MinBias_5020GeV/GEN-SIM/76X_mcRun2_HeavyIon_v4-v1/00000/96AA239B-5A69-E511-9306-3417EBE643F0.root
/store/relval/CMSSW_7_6_0_pre6/RelValHydjetQ_MinBias_5020GeV/GEN-SIM/76X_mcRun2_HeavyIon_v4-v1/00000/A8487DBF-6D69-E511-BB73-00A0D1EE8A14.root
/store/relval/CMSSW_7_6_0_pre6/RelValHydjetQ_MinBias_5020GeV/GEN-SIM/76X_mcRun2_HeavyIon_v4-v1/00000/ACA03E7D-9769-E511-8999-00266CF9B868.root
/store/relval/CMSSW_7_6_0_pre6/RelValHydjetQ_MinBias_5020GeV/GEN-SIM/76X_mcRun2_HeavyIon_v4-v1/00000/BCAFE7B9-6A69-E511-BC59-00A0D1EE8A14.root
/store/relval/CMSSW_7_6_0_pre6/RelValHydjetQ_MinBias_5020GeV/GEN-SIM/76X_mcRun2_HeavyIon_v4-v1/00000/E2CB284B-6069-E511-956D-008CFA00148C.root
/store/relval/CMSSW_7_6_0_pre6/RelValPhotonJets_Pt_10_13_HI/GEN-SIM/76X_mcRun2_HeavyIon_v4-v1/00000/10909E63-6769-E511-9494-00266CF25DF8.root
/store/relval/CMSSW_7_6_0_pre6/RelValQCD_Pt_80_120_13_HI/GEN-SIM/76X_mcRun2_HeavyIon_v4-v1/00000/78E7CB22-6169-E511-94AF-00266CF9B3FC.root
/store/relval/CMSSW_7_6_0_pre6/RelValZEEMM_13_HI/GEN-SIM/76X_mcRun2_HeavyIon_v4-v1/00000/3A3DCE12-6669-E511-837B-008CFA0016A4.root
/store/relval/CMSSW_7_6_0_pre7/RelValMinBias_13/GEN-SIM/76X_mcRun2_asymptotic_v9_realBS-v1/00000/1E73E3F5-407C-E511-81C2-0025905B85B2.root
/store/relval/CMSSW_7_6_0_pre7/RelValMinBias_13/GEN-SIM/76X_mcRun2_asymptotic_v9_realBS-v1/00000/30C84ABE-407C-E511-AE6D-0025905AA9F0.root
/store/relval/CMSSW_7_6_0_pre7/RelValMinBias_13/GEN-SIM/76X_mcRun2_asymptotic_v9_realBS-v1/00000/42571E6D-407C-E511-8246-0025905964BA.root
/store/relval/CMSSW_7_6_0_pre7/RelValMinBias_13/GEN-SIM/76X_mcRun2_asymptotic_v9_realBS-v1/00000/B0A1A82E-3C7C-E511-826C-00259059642A.root
/store/relval/CMSSW_7_6_0_pre7/RelValMinBias_13/GEN-SIM/76X_mcRun2_asymptotic_v9_realBS-v1/00000/D62E0B34-3F7C-E511-936A-0025905964CC.root
/store/relval/CMSSW_7_6_0_pre7/RelValMinBias_13/GEN-SIM/76X_mcRun2_asymptotic_v9_realBS-v1/00000/D646D608-467C-E511-954D-0025905B8610.root
/store/relval/CMSSW_7_6_0_pre7/RelValMinBias_13/GEN-SIM/76X_mcRun2_asymptotic_v9_realBS-v1/00000/DC4E51E2-427C-E511-9C0E-002618943857.root
/store/relval/CMSSW_7_6_0_pre7/RelValMinBias_13/GEN-SIM/76X_mcRun2_asymptotic_v9_realBS-v1/00000/E0EE60E0-3B7C-E511-BC3B-0025905A612A.root
/store/relval/CMSSW_7_6_0_pre7/RelValMinBias_13/GEN-SIM/76X_mcRun2_asymptotic_v9_realBS-v1/00000/E6B563A5-3D7C-E511-86B5-0025905A60B4.root
/store/relval/CMSSW_7_6_0/RelValTTbar_13_HS/GEN-SIM/76X_mcRun2_asymptotic_v11-v1/00000/02F8AE4A-F886-E511-B29B-003048FF86CA.root
/store/relval/CMSSW_7_6_0/RelValZMM_13_HS/GEN-SIM/76X_mcRun2_asymptotic_v11-v1/00000/1A6BA964-BF84-E511-8607-0025905A6088.root
/store/relval/CMSSW_8_1_0_pre15/RelValPREMIXUP15_PU50/GEN-SIM-DIGI-RAW/PU50ns_81X_mcRun2_startup_v12-v1/10000/00B0163C-DB98-E611-9F7D-0025905B85B6.root
/store/relval/CMSSW_8_1_0_pre15/RelValPREMIXUP15_PU50/GEN-SIM-DIGI-RAW/PU50ns_81X_mcRun2_startup_v12-v1/10000/0414A9AF-DB98-E611-91FB-0CC47A78A340.root
/store/relval/CMSSW_8_1_0_pre15/RelValPREMIXUP15_PU50/GEN-SIM-DIGI-RAW/PU50ns_81X_mcRun2_startup_v12-v1/10000/0492EA10-DE98-E611-AEE3-0CC47A4D7678.root
/store/relval/CMSSW_8_1_0_pre15/RelValPREMIXUP15_PU50/GEN-SIM-DIGI-RAW/PU50ns_81X_mcRun2_startup_v12-v1/10000/04CCE033-DB98-E611-B88B-003048FFD72C.root
/store/relval/CMSSW_8_1_0_pre15/RelValPREMIXUP15_PU50/GEN-SIM-DIGI-RAW/PU50ns_81X_mcRun2_startup_v12-v1/10000/06BAEAD7-DD98-E611-80A5-0025905B85B2.root
/store/relval/CMSSW_8_1_0_pre15/RelValPREMIXUP15_PU50/GEN-SIM-DIGI-RAW/PU50ns_81X_mcRun2_startup_v12-v1/10000/06F68233-DB98-E611-AF05-0CC47A7C3472.root
/store/relval/CMSSW_8_1_0_pre15/RelValPREMIXUP15_PU50/GEN-SIM-DIGI-RAW/PU50ns_81X_mcRun2_startup_v12-v1/10000/085AD836-DB98-E611-8C79-0025905B85DA.root
/store/relval/CMSSW_8_1_0_pre15/RelValPREMIXUP15_PU50/GEN-SIM-DIGI-RAW/PU50ns_81X_mcRun2_startup_v12-v1/10000/0A4579B7-DB98-E611-923E-0025905AA9CC.root
/store/relval/CMSSW_8_1_0_pre15/RelValPREMIXUP15_PU50/GEN-SIM-DIGI-RAW/PU50ns_81X_mcRun2_startup_v12-v1/10000/0E25A938-DD98-E611-858C-0CC47A4D7618.root
/store/relval/CMSSW_8_1_0_pre15/RelValPREMIXUP15_PU50/GEN-SIM-DIGI-RAW/PU50ns_81X_mcRun2_startup_v12-v1/10000/10280579-DC98-E611-AE8C-0CC47A7C346E.root
/store/relval/CMSSW_8_1_0_pre15/RelValPREMIXUP15_PU50/GEN-SIM-DIGI-RAW/PU50ns_81X_mcRun2_startup_v12-v1/10000/12A38536-DB98-E611-A607-0CC47A4D7606.root
/store/relval/CMSSW_8_1_0_pre15/RelValPREMIXUP15_PU50/GEN-SIM-DIGI-RAW/PU50ns_81X_mcRun2_startup_v12-v1/10000/14FC4C2B-DD98-E611-9630-0025905B85DE.root
/store/relval/CMSSW_8_1_0_pre15/RelValPREMIXUP15_PU50/GEN-SIM-DIGI-RAW/PU50ns_81X_mcRun2_startup_v12-v1/10000/18025B12-DE98-E611-9A3F-0CC47A7C357E.root
/store/relval/CMSSW_8_1_0_pre15/RelValPREMIXUP15_PU50/GEN-SIM-DIGI-RAW/PU50ns_81X_mcRun2_startup_v12-v1/10000/1A678686-DC98-E611-B37D-0025905A6082.root
/store/relval/CMSSW_8_1_0_pre15/RelValPREMIXUP15_PU50/GEN-SIM-DIGI-RAW/PU50ns_81X_mcRun2_startup_v12-v1/10000/1A9F7C03-DC98-E611-BFB5-0CC47A78A30E.root
/store/relval/CMSSW_8_1_0_pre15/RelValPREMIXUP15_PU50/GEN-SIM-DIGI-RAW/PU50ns_81X_mcRun2_startup_v12-v1/10000/1C1329DA-DD98-E611-9FB6-0025905B85B6.root
/store/relval/CMSSW_8_1_0_pre15/RelValPREMIXUP15_PU50/GEN-SIM-DIGI-RAW/PU50ns_81X_mcRun2_startup_v12-v1/10000/1EA27CAC-DB98-E611-9EE2-0025905B8572.root
/store/relval/CMSSW_8_1_0_pre15/RelValPREMIXUP15_PU50/GEN-SIM-DIGI-RAW/PU50ns_81X_mcRun2_startup_v12-v1/10000/1EB2500F-DB98-E611-9168-0CC47A4C8E98.root
/store/relval/CMSSW_8_1_0_pre9_Geant4102/RelValCosmicsSPLoose_UP15/GEN-SIM/81X_mcRun2cosmics_startup_peak_v2-v1/10000/2E5F2DB7-3255-E611-934D-0025905B85DC.root
/store/relval/CMSSW_8_1_0_pre9/RelValBdToMuMu_13/GEN-SIM/81X_mcRun2_asymptotic_v2-v1/10000/96E99D30-7455-E611-BC9B-0025905A60B8.root
/store/relval/CMSSW_8_1_0_pre9/RelValBsToJpsiPhi_13/GEN-SIM/81X_mcRun2_asymptotic_v2-v1/10000/3227C53E-8855-E611-969A-0025905A60CA.root
/store/relval/CMSSW_8_1_0_pre9/RelValBsToMuMu_13/GEN-SIM/81X_mcRun2_asymptotic_v2-v1/10000/6AC97ACF-8055-E611-9C23-0025905A48C0.root
/store/relval/CMSSW_8_1_0_pre9/RelValBuToJpsiK_13/GEN-SIM/81X_mcRun2_asymptotic_v2-v1/10000/20903E80-9455-E611-83F0-0CC47A4D7630.root
/store/relval/CMSSW_9_0_0_pre4/RelValADDMonoJet_d3MD3_13/GEN-SIM/90X_mcRun2_asymptotic_v1-v1/10000/3C7C5263-69EA-E611-91CC-0CC47A7C345E.root
/store/relval/CMSSW_9_0_0_pre4/RelValBeamHalo_13/GEN-SIM/90X_mcRun2_asymptotic_v1-v1/10000/92A26E94-6DEA-E611-92C4-0025905A48B2.root
/store/relval/CMSSW_9_0_0_pre4/RelValBuMixing_13/GEN-SIM/90X_mcRun2_asymptotic_v1-v1/10000/681BD527-C0EA-E611-B61C-0CC47A4C8E22.root
/store/relval/CMSSW_9_0_0_pre4/RelValDisplacedSUSY_stopToBottom_M_300_1000mm_13/GEN-SIM/90X_mcRun2_asymptotic_v1-v1/10000/3051B28A-A5EA-E611-B9BB-0025905B856E.root
/store/relval/CMSSW_9_0_0_pre4/RelValEtaBToJpsiJpsi_13/GEN-SIM/90X_mcRun2_asymptotic_v1-v1/10000/247AD96D-BFEA-E611-98B6-0025905A48BC.root
/store/relval/CMSSW_9_0_0_pre4/RelValFS_PREMIXUP15_PU25/GEN-SIM-DIGI-RAW/PU25ns_90X_mcRun2_asymptotic_v1_FastSim-v1/10000/0A4A96EA-B9EC-E611-9A5F-0025905A60B2.root
/store/relval/CMSSW_9_0_0_pre4/RelValFS_PREMIXUP15_PU25/GEN-SIM-DIGI-RAW/PU25ns_90X_mcRun2_asymptotic_v1_FastSim-v1/10000/0ED03A64-B7EC-E611-A354-0CC47A4C8F12.root
/store/relval/CMSSW_9_0_0_pre4/RelValFS_PREMIXUP15_PU25/GEN-SIM-DIGI-RAW/PU25ns_90X_mcRun2_asymptotic_v1_FastSim-v1/10000/124356E1-B6EC-E611-8F72-0025905A48D8.root
/store/relval/CMSSW_9_0_0_pre4/RelValFS_PREMIXUP15_PU25/GEN-SIM-DIGI-RAW/PU25ns_90X_mcRun2_asymptotic_v1_FastSim-v1/10000/1E722DD4-B6EC-E611-90DD-0025905A613C.root
/store/relval/CMSSW_9_0_0_pre4/RelValFS_PREMIXUP15_PU25/GEN-SIM-DIGI-RAW/PU25ns_90X_mcRun2_asymptotic_v1_FastSim-v1/10000/203A4881-ACEC-E611-8182-0CC47A4D7600.root
/store/relval/CMSSW_9_0_0_pre4/RelValFS_PREMIXUP15_PU25/GEN-SIM-DIGI-RAW/PU25ns_90X_mcRun2_asymptotic_v1_FastSim-v1/10000/243ED45C-B0EC-E611-891F-0CC47A7C3572.root
/store/relval/CMSSW_9_0_0_pre4/RelValFS_PREMIXUP15_PU25/GEN-SIM-DIGI-RAW/PU25ns_90X_mcRun2_asymptotic_v1_FastSim-v1/10000/265D587A-B1EC-E611-8C17-0025905A6066.root
/store/relval/CMSSW_9_0_0_pre4/RelValFS_PREMIXUP15_PU25/GEN-SIM-DIGI-RAW/PU25ns_90X_mcRun2_asymptotic_v1_FastSim-v1/10000/281670BA-43ED-E611-91E0-0CC47A4C8E86.root
/store/relval/CMSSW_9_0_0_pre4/RelValFS_PREMIXUP15_PU25/GEN-SIM-DIGI-RAW/PU25ns_90X_mcRun2_asymptotic_v1_FastSim-v1/10000/2CF1F1DF-AEEC-E611-9D9E-0CC47A4C8E38.root
/store/relval/CMSSW_9_0_0_pre4/RelValFS_PREMIXUP15_PU25/GEN-SIM-DIGI-RAW/PU25ns_90X_mcRun2_asymptotic_v1_FastSim-v1/10000/3EBFBDB7-B7EC-E611-81DF-0CC47A7C3408.root
/store/relval/CMSSW_9_0_0_pre4/RelValFS_PREMIXUP15_PU25/GEN-SIM-DIGI-RAW/PU25ns_90X_mcRun2_asymptotic_v1_FastSim-v1/10000/3ED9A0D6-C8EC-E611-B0CC-0CC47A4D7650.root
/store/relval/CMSSW_9_0_0_pre4/RelValFS_PREMIXUP15_PU25/GEN-SIM-DIGI-RAW/PU25ns_90X_mcRun2_asymptotic_v1_FastSim-v1/10000/3EFA4577-ADEC-E611-8B80-0025905A48D6.root
/store/relval/CMSSW_9_0_0_pre4/RelValFS_PREMIXUP15_PU25/GEN-SIM-DIGI-RAW/PU25ns_90X_mcRun2_asymptotic_v1_FastSim-v1/10000/56718559-0BED-E611-A7B7-0025905A610C.root
/store/relval/CMSSW_9_0_0_pre4/RelValFS_PREMIXUP15_PU25/GEN-SIM-DIGI-RAW/PU25ns_90X_mcRun2_asymptotic_v1_FastSim-v1/10000/568A8DAB-B1EC-E611-9C74-0CC47A4C8E98.root
/store/relval/CMSSW_9_0_0_pre4/RelValFS_PREMIXUP15_PU25/GEN-SIM-DIGI-RAW/PU25ns_90X_mcRun2_asymptotic_v1_FastSim-v1/10000/5E83ADE5-D8EC-E611-AB59-0CC47A4D7678.root
/store/relval/CMSSW_9_0_0_pre4/RelValFS_PREMIXUP15_PU25/GEN-SIM-DIGI-RAW/PU25ns_90X_mcRun2_asymptotic_v1_FastSim-v1/10000/5ECF38D6-B6EC-E611-A817-0025905B8590.root
/store/relval/CMSSW_9_0_0_pre4/RelValFS_PREMIXUP15_PU25/GEN-SIM-DIGI-RAW/PU25ns_90X_mcRun2_asymptotic_v1_FastSim-v1/10000/62BEF44D-FEEC-E611-8EB1-0025905A48FC.root
/store/relval/CMSSW_9_0_0_pre4/RelValFS_PREMIXUP15_PU25/GEN-SIM-DIGI-RAW/PU25ns_90X_mcRun2_asymptotic_v1_FastSim-v1/10000/6848290D-B2EC-E611-B17E-0025905B85A2.root
/store/relval/CMSSW_9_0_0_pre4/RelValFS_PREMIXUP15_PU25/GEN-SIM-DIGI-RAW/PU25ns_90X_mcRun2_asymptotic_v1_FastSim-v1/10000/70977371-B1EC-E611-A1E9-0CC47A4D762E.root
/store/relval/CMSSW_9_0_0_pre4/RelValFS_PREMIXUP15_PU25/GEN-SIM-DIGI-RAW/PU25ns_90X_mcRun2_asymptotic_v1_FastSim-v1/10000/70DB045D-AAEC-E611-8D76-0025905A48F0.root
/store/relval/CMSSW_9_0_0_pre4/RelValH125GGgluonfusion_13/GEN-SIM/90X_mcRun2_asymptotic_v1-v1/10000/1A8F759D-CAEA-E611-ACD1-0CC47A4D7692.root
/store/relval/CMSSW_9_0_0_pre4/RelValHiggs200ChargedTaus_13/GEN-SIM/90X_mcRun2_asymptotic_v1-v1/10000/0CBDF116-74EA-E611-A38F-0025905B855A.root
/store/relval/CMSSW_9_0_0_pre4/RelValHSCPstop_M_200_13/GEN-SIM/90X_mcRun2_asymptotic_v1-v1/10000/12D5828E-BBEA-E611-A886-0CC47A4C8E86.root
/store/relval/CMSSW_9_0_0_pre4/RelValJpsiMuMu_Pt-8/GEN-SIM/90X_mcRun2_asymptotic_v1-v1/10000/0E3CEB51-DCEA-E611-9F07-0CC47A4D7634.root
/store/relval/CMSSW_9_0_0_pre4/RelValMinBias_13/GEN-SIM/90X_mcRun2_asymptotic_v1-v1/10000/020D6CED-73EA-E611-8ED3-0025905B855A.root
/store/relval/CMSSW_9_0_0_pre4/RelValMinBias_13/GEN-SIM/90X_mcRun2_asymptotic_v1-v1/10000/34CC30DD-73EA-E611-A248-0025905B85B2.root
/store/relval/CMSSW_9_0_0_pre4/RelValMinBias_13/GEN-SIM/90X_mcRun2_asymptotic_v1-v1/10000/5C3FD687-65EA-E611-B153-0025905B85FC.root
/store/relval/CMSSW_9_0_0_pre4/RelValMinBias_13/GEN-SIM/90X_mcRun2_asymptotic_v1-v1/10000/728451EA-63EA-E611-9485-0CC47A4C8E1E.root
/store/relval/CMSSW_9_0_0_pre4/RelValMinBias_13/GEN-SIM/90X_mcRun2_asymptotic_v1-v1/10000/80A7D7A4-65EA-E611-9F23-0CC47A4D765E.root
/store/relval/CMSSW_9_0_0_pre4/RelValMinBias_13/GEN-SIM/90X_mcRun2_asymptotic_v1-v1/10000/98B471A5-64EA-E611-B958-0CC47A4D76B6.root
/store/relval/CMSSW_9_0_0_pre4/RelValMinBias_13/GEN-SIM/90X_mcRun2_asymptotic_v1-v1/10000/CCA5941C-64EA-E611-9420-0CC47A4D763C.root
/store/relval/CMSSW_9_0_0_pre4/RelValMinBias_13/GEN-SIM/90X_mcRun2_asymptotic_v1-v1/10000/E49C6C33-66EA-E611-B28F-0025905B8562.root
/store/relval/CMSSW_9_0_0_pre4/RelValMinBias_13/GEN-SIM/90X_mcRun2_asymptotic_v1-v1/10000/FAAFF794-64EA-E611-8AFD-0CC47A4D765E.root
/store/relval/CMSSW_9_0_0_pre4/RelValMinBiasFS_13_ForMixing/GEN-SIM-RECO/90X_mcRun2_asymptotic_v1_FastSim-v1/10000/925F6088-9DEA-E611-A133-0CC47A4D75F2.root
/store/relval/CMSSW_9_0_0_pre4/RelValMinBiasFS_13_ForMixing/GEN-SIM-RECO/90X_mcRun2_asymptotic_v1_FastSim-v1/10000/D000F079-9CEA-E611-AAA0-0CC47A78A3EC.root
/store/relval/CMSSW_9_0_0_pre4/RelValMinBiasFS_13_ForMixing/GEN-SIM-RECO/90X_mcRun2_asymptotic_v1_FastSim-v1/10000/D4C40C85-9DEA-E611-9914-0CC47A78A468.root
/store/relval/CMSSW_9_0_0_pre4/RelValMinBiasFS_13_ForMixing/GEN-SIM-RECO/90X_mcRun2_asymptotic_v1_FastSim-v1/10000/DED1CD7B-9CEA-E611-8351-0CC47A78A3F4.root
/store/relval/CMSSW_9_0_0_pre4/RelValNuGun_UP15/GEN-SIM/90X_mcRun2_asymptotic_v1-v1/10000/6EC87601-65EA-E611-BBFE-0CC47A4C8E1E.root
/store/relval/CMSSW_9_0_0_pre4/RelValPhiToMuMu_13/GEN-SIM/90X_mcRun2_asymptotic_v1-v1/10000/2899444B-D6EA-E611-AA6F-0CC47A7452D8.root
/store/relval/CMSSW_9_0_0_pre4/RelValPhotonJets_Pt_10_13/GEN-SIM/90X_mcRun2_asymptotic_v1-v1/10000/9A5198A0-BCEA-E611-A610-0025905A60D0.root
/store/relval/CMSSW_9_0_0_pre4/RelValPREMIXUP15_PU25/GEN-SIM-DIGI-RAW/PU25ns_90X_mcRun2_asymptotic_v1-v1/10000/0049FA41-A0EC-E611-AF9B-0025905A611C.root
/store/relval/CMSSW_9_0_0_pre4/RelValPREMIXUP15_PU25/GEN-SIM-DIGI-RAW/PU25ns_90X_mcRun2_asymptotic_v1-v1/10000/0053C97F-B1EC-E611-B884-0CC47A4D762E.root
/store/relval/CMSSW_9_0_0_pre4/RelValPREMIXUP15_PU25/GEN-SIM-DIGI-RAW/PU25ns_90X_mcRun2_asymptotic_v1-v1/10000/0061D0D0-9BEC-E611-81BE-0CC47A4C8E16.root
/store/relval/CMSSW_9_0_0_pre4/RelValPREMIXUP15_PU25/GEN-SIM-DIGI-RAW/PU25ns_90X_mcRun2_asymptotic_v1-v1/10000/007FC6E4-B4EC-E611-8F8A-0025905B85AA.root
/store/relval/CMSSW_9_0_0_pre4/RelValPREMIXUP15_PU25/GEN-SIM-DIGI-RAW/PU25ns_90X_mcRun2_asymptotic_v1-v1/10000/00C6C1D5-B3EC-E611-96AB-0025905B85AA.root
/store/relval/CMSSW_9_0_0_pre4/RelValPREMIXUP15_PU25/GEN-SIM-DIGI-RAW/PU25ns_90X_mcRun2_asymptotic_v1-v1/10000/00CF2687-9EEC-E611-8319-0CC47A4D7630.root
/store/relval/CMSSW_9_0_0_pre4/RelValPREMIXUP15_PU25/GEN-SIM-DIGI-RAW/PU25ns_90X_mcRun2_asymptotic_v1-v1/10000/00F299C3-B2EC-E611-B7BC-0CC47A4C8F26.root
/store/relval/CMSSW_9_0_0_pre4/RelValPREMIXUP15_PU25/GEN-SIM-DIGI-RAW/PU25ns_90X_mcRun2_asymptotic_v1-v1/10000/020640D1-B6EC-E611-A632-0CC47A7C3408.root
/store/relval/CMSSW_9_0_0_pre4/RelValPREMIXUP15_PU25/GEN-SIM-DIGI-RAW/PU25ns_90X_mcRun2_asymptotic_v1-v1/10000/021697C5-B5EC-E611-A9E9-0025905B85AA.root
/store/relval/CMSSW_9_0_0_pre4/RelValPREMIXUP15_PU25/GEN-SIM-DIGI-RAW/PU25ns_90X_mcRun2_asymptotic_v1-v1/10000/029AB30F-B2EC-E611-944F-0CC47A78A4BA.root
/store/relval/CMSSW_9_0_0_pre4/RelValPREMIXUP15_PU25/GEN-SIM-DIGI-RAW/PU25ns_90X_mcRun2_asymptotic_v1-v1/10000/02ED6EA8-B5EC-E611-83F0-0CC47A78A436.root
/store/relval/CMSSW_9_0_0_pre4/RelValPREMIXUP15_PU25/GEN-SIM-DIGI-RAW/PU25ns_90X_mcRun2_asymptotic_v1-v1/10000/02F76A8C-9EEC-E611-9DC2-0025905B8610.root
/store/relval/CMSSW_9_0_0_pre4/RelValPREMIXUP15_PU25/GEN-SIM-DIGI-RAW/PU25ns_90X_mcRun2_asymptotic_v1-v1/10000/04384B16-B5EC-E611-99AC-0CC47A74527A.root
/store/relval/CMSSW_9_0_0_pre4/RelValPREMIXUP15_PU25/GEN-SIM-DIGI-RAW/PU25ns_90X_mcRun2_asymptotic_v1-v1/10000/0658777C-B5EC-E611-A672-0025905A613C.root
/store/relval/CMSSW_9_0_0_pre4/RelValPREMIXUP15_PU25/GEN-SIM-DIGI-RAW/PU25ns_90X_mcRun2_asymptotic_v1-v1/10000/06BD53A8-9DEC-E611-928C-0CC47A78A41C.root
/store/relval/CMSSW_9_0_0_pre4/RelValPREMIXUP15_PU25/GEN-SIM-DIGI-RAW/PU25ns_90X_mcRun2_asymptotic_v1-v1/10000/06FD9A76-B1EC-E611-9EE7-0025905A48FC.root
/store/relval/CMSSW_9_0_0_pre4/RelValPREMIXUP15_PU25/GEN-SIM-DIGI-RAW/PU25ns_90X_mcRun2_asymptotic_v1-v1/10000/087869D0-B6EC-E611-B424-0CC47A4D7654.root
/store/relval/CMSSW_9_0_0_pre4/RelValPREMIXUP15_PU25/GEN-SIM-DIGI-RAW/PU25ns_90X_mcRun2_asymptotic_v1-v1/10000/08904B98-B3EC-E611-81A3-0CC47A74527A.root
/store/relval/CMSSW_9_0_0_pre4/RelValPREMIXUP15_PU25/GEN-SIM-DIGI-RAW/PU25ns_90X_mcRun2_asymptotic_v1-v1/10000/08CE5875-9FEC-E611-90E7-0CC47A4D76C8.root
/store/relval/CMSSW_9_0_0_pre4/RelValPREMIXUP15_PU25/GEN-SIM-DIGI-RAW/PU25ns_90X_mcRun2_asymptotic_v1-v1/10000/08FDFDCF-B6EC-E611-B75B-0CC47A4C8F18.root
/store/relval/CMSSW_9_0_0_pre4/RelValQCD_FlatPt_15_3000HS_13/GEN-SIM/90X_mcRun2_asymptotic_v1-v1/10000/24DA8A9C-D4EA-E611-A816-0025905A6126.root
/store/relval/CMSSW_9_0_0_pre4/RelValQCD_Pt_3000_3500_13/GEN-SIM/90X_mcRun2_asymptotic_v1-v1/10000/52FE3539-6DEA-E611-A7D8-0CC47A4C8F10.root
/store/relval/CMSSW_9_0_0_pre4/RelValQCD_Pt_600_800_13/GEN-SIM/90X_mcRun2_asymptotic_v1-v1/10000/0E4CCF8B-C7EA-E611-87C5-0025905A60A0.root
/store/relval/CMSSW_9_0_0_pre4/RelValQCD_Pt_80_120_13/GEN-SIM/90X_mcRun2_asymptotic_v1-v1/10000/3274DF5C-6DEA-E611-8A5A-0025905B85A2.root
/store/relval/CMSSW_9_0_0_pre4/RelValQQH1352T_13/GEN-SIM/90X_mcRun2_asymptotic_v1-v1/10000/4671E8DA-CFEA-E611-BB06-0025905B856E.root
/store/relval/CMSSW_9_0_0_pre4/RelValRSGravitonToGaGa_13/GEN-SIM/90X_mcRun2_asymptotic_v1-v1/10000/BED86CB7-CBEA-E611-B279-0025905B85E8.root
/store/relval/CMSSW_9_0_0_pre4/RelValRSKKGluon_m3000GeV_13/GEN-SIM/90X_mcRun2_asymptotic_v1-v1/10000/08063728-D3EA-E611-BAEC-0025905B85E8.root
/store/relval/CMSSW_9_0_0_pre4/RelValSingleElectronPt1000_UP15/GEN-SIM/90X_mcRun2_asymptotic_v1-v1/10000/3A8457A8-78EA-E611-830B-0CC47A4C8F06.root
/store/relval/CMSSW_9_0_0_pre4/RelValSingleElectronPt10_UP15/GEN-SIM/90X_mcRun2_asymptotic_v1-v1/10000/2038751C-75EA-E611-B1CB-0CC47A4D7698.root
/store/relval/CMSSW_9_0_0_pre4/RelValSingleElectronPt35_UP15/GEN-SIM/90X_mcRun2_asymptotic_v1-v1/10000/248B0F65-68EA-E611-AC55-0025905A48D6.root
/store/relval/CMSSW_9_0_0_pre4/RelValSingleGammaPt10_UP15/GEN-SIM/90X_mcRun2_asymptotic_v1-v1/10000/D476765C-69EA-E611-874B-0CC47A78A2F6.root
/store/relval/CMSSW_9_0_0_pre4/RelValSingleGammaPt35_UP15/GEN-SIM/90X_mcRun2_asymptotic_v1-v1/10000/028B8E7F-6EEA-E611-883B-0025905B85D0.root
/store/relval/CMSSW_9_0_0_pre4/RelValSingleMuPt1000_UP15/GEN-SIM/90X_mcRun2_asymptotic_v1-v1/10000/00AA84EF-63EA-E611-A1C0-0CC47A7452D8.root
/store/relval/CMSSW_9_0_0_pre4/RelValSingleMuPt100_UP15/GEN-SIM/90X_mcRun2_asymptotic_v1-v1/10000/9C70F2A9-65EA-E611-A731-0025905A6088.root
/store/relval/CMSSW_9_0_0_pre4/RelValSingleMuPt10_UP15/GEN-SIM/90X_mcRun2_asymptotic_v1-v1/10000/F4CD5271-6AEA-E611-9537-0025905A611C.root
/store/relval/CMSSW_9_0_0_pre4/RelValSingleMuPt1_UP15/GEN-SIM/90X_mcRun2_asymptotic_v1-v1/10000/8E09B78E-6DEA-E611-9BCA-0CC47A4C8E14.root
/store/relval/CMSSW_9_0_0_pre4/RelValSMS-T1tttt_mGl-1500_mLSP-100_13/GEN-SIM/90X_mcRun2_asymptotic_v1-v1/10000/32DCB52A-A7EA-E611-8A89-0CC47A4C8E8A.root
/store/relval/CMSSW_9_0_0_pre4/RelValTTbar_13/GEN-SIM/90X_mcRun2_asymptotic_v1-v1/10000/2656DE3E-6BEA-E611-82CB-0CC47A4D769A.root
/store/relval/CMSSW_9_0_0_pre4/RelValTTbarLepton_13/GEN-SIM/90X_mcRun2_asymptotic_v1-v1/10000/2EB603EF-64EA-E611-AD89-0025905B85B2.root
/store/relval/CMSSW_9_0_0_pre4/RelValUpsilon1SToMuMu_13/GEN-SIM/90X_mcRun2_asymptotic_v1-v1/10000/56C5B906-CEEA-E611-B4F5-0CC47A78A468.root
/store/relval/CMSSW_9_0_0_pre4/RelValWE_13/GEN-SIM/90X_mcRun2_asymptotic_v1-v1/10000/94E938C0-6FEA-E611-AA44-0CC47A4D7692.root
/store/relval/CMSSW_9_0_0_pre4/RelValWjet_Pt_3000_3500_13/GEN-SIM/90X_mcRun2_asymptotic_v1-v1/10000/0E19C9E1-D7EA-E611-B2A3-0CC47A78A468.root
/store/relval/CMSSW_9_0_0_pre4/RelValWjet_Pt_80_120_13/GEN-SIM/90X_mcRun2_asymptotic_v1-v1/10000/26A62A1A-A3EA-E611-B15A-0025905B858E.root
/store/relval/CMSSW_9_0_0_pre4/RelValWM_13/GEN-SIM/90X_mcRun2_asymptotic_v1-v1/10000/02442FBF-70EA-E611-9C36-0025905B85FC.root
/store/relval/CMSSW_9_0_0_pre4/RelValWpM_13/GEN-SIM/90X_mcRun2_asymptotic_v1-v1/10000/0C524EBF-70EA-E611-A393-0025905B85FC.root
/store/relval/CMSSW_9_0_0_pre4/RelValWpToENu_M-2000_13/GEN-SIM/90X_mcRun2_asymptotic_v1-v1/10000/124B0D9D-CAEA-E611-9DFF-0CC47A4C8E1E.root
/store/relval/CMSSW_9_0_0_pre4/RelValZEE_13/GEN-SIM/90X_mcRun2_asymptotic_v1-v1/10000/74EADE92-C0EA-E611-85FE-0025905B85BA.root
/store/relval/CMSSW_9_0_0_pre4/RelValZMM_13/GEN-SIM/90X_mcRun2_asymptotic_v1-v1/10000/0E224FFF-D5EA-E611-9F41-0025905B85FC.root
/store/relval/CMSSW_9_0_0_pre4/RelValZpEE_2250_13/GEN-SIM/90X_mcRun2_asymptotic_v1-v1/10000/1065B97B-D2EA-E611-8389-0CC47A4C8EA8.root
/store/relval/CMSSW_9_0_0_pre4/RelValZpMM_13/GEN-SIM/90X_mcRun2_asymptotic_v1-v1/10000/10BE8EBE-70EA-E611-8C9A-0025905A610C.root
/store/relval/CMSSW_9_0_0_pre4/RelValZpMM_2250_13/GEN-SIM/90X_mcRun2_asymptotic_v1-v1/10000/5250E782-9DEA-E611-A4FF-0025905A60BC.root
/store/relval/CMSSW_9_0_0_pre4/RelValZpTT_1500_13/GEN-SIM/90X_mcRun2_asymptotic_v1-v1/10000/8C6352D3-9EEA-E611-AA9E-0CC47A78A2EC.root
/store/relval/CMSSW_9_0_0_pre4/RelValZTT_13/GEN-SIM/90X_mcRun2_asymptotic_v1-v1/10000/12800B4F-D6EA-E611-821D-0025905B8564.root
/store/relval/CMSSW_9_0_0_pre5/RelValMinBias_13/GEN-SIM/90X_upgrade2017_realistic_v15-v1/00000/0A32E659-7EFE-E611-BB3B-0025905B85EE.root
/store/relval/CMSSW_9_0_0_pre5/RelValMinBias_13/GEN-SIM/90X_upgrade2017_realistic_v15-v1/00000/56D756A9-81FE-E611-8684-0CC47A4D76C6.root
/store/relval/CMSSW_9_0_0_pre5/RelValMinBias_13/GEN-SIM/90X_upgrade2017_realistic_v15-v1/00000/74BEFE12-7FFE-E611-A65F-0025905B858E.root
/store/relval/CMSSW_9_0_0_pre5/RelValMinBias_13/GEN-SIM/90X_upgrade2017_realistic_v15-v1/00000/7ED4D5CF-7FFE-E611-8458-0025905B859E.root
/store/relval/CMSSW_9_0_0_pre5/RelValMinBias_13/GEN-SIM/90X_upgrade2017_realistic_v15-v1/00000/805B40F0-7FFE-E611-988E-0CC47A4D75F0.root
/store/relval/CMSSW_9_0_0_pre5/RelValMinBias_13/GEN-SIM/90X_upgrade2017_realistic_v15-v1/00000/B66B8B56-7EFE-E611-81FB-0CC47A4C8F06.root
/store/relval/CMSSW_9_0_0_pre5/RelValMinBias_13/GEN-SIM/90X_upgrade2017_realistic_v15-v1/00000/BE0F263A-81FE-E611-8DEC-0CC47A7C357A.root
/store/relval/CMSSW_9_0_0_pre5/RelValMinBias_13/GEN-SIM/90X_upgrade2017_realistic_v15-v1/00000/D0E55988-80FE-E611-B313-0CC47A7C34C8.root
/store/relval/CMSSW_9_0_0_pre5/RelValMinBias_13/GEN-SIM/90X_upgrade2017_realistic_v15-v1/00000/D84F6511-7FFE-E611-BA14-0CC47A4C8E96.root
/store/relval/CMSSW_9_0_0_pre5/RelValQCD_Pt_600_800_13/GEN-SIM/90X_upgrade2017_realistic_v15-v1/00000/525ED9E8-8CFE-E611-BBEE-0CC47A4C8F12.root
/store/relval/CMSSW_9_0_0_pre5/RelValTTbar_13/GEN-SIM/90X_upgrade2017_design_IdealBS_v15-v1/00000/1A937D0E-8FFE-E611-A7DF-0CC47A4C8E16.root
/store/relval/CMSSW_9_0_0_pre5/RelValTTbar_13/GEN-SIM/90X_upgrade2017_realistic_v15-v1/00000/14F749AC-8AFE-E611-9821-0CC47A78A4A0.root
/store/relval/CMSSW_9_0_0_pre5/RelValZEE_13/GEN-SIM/90X_upgrade2017_realistic_v15-v1/00000/060E0F6D-97FE-E611-BE6A-0025905A48B2.root
/store/relval/CMSSW_9_0_0_pre5/RelValZMM_13/GEN-SIM/90X_upgrade2017_realistic_v15-v1/00000/0A1D7A2C-96FE-E611-A9F2-0CC47A4D75F2.root
