Timestamp WorkflowId PeakValueRss1 PeakValueRss2 PeakValueRss3 PeakValueRss4 PeakValueRss5 PeakValueRss6 PeakValueRss7 PeakValueRss8 PeakValueVsize1 PeakValueVsize2 PeakValueVsize3 PeakValueVsize4 PeakValueVsize5 PeakValueVsize6 PeakValueVsize7 PeakValueVsize8 TotalJobCPU1 TotalJobCPU2 TotalJobCPU3 TotalJobCPU4 TotalJobCPU5 TotalJobCPU6 TotalJobCPU7 TotalJobCPU8 TotalJobTime1 TotalJobTime2 TotalJobTime3 TotalJobTime4 TotalJobTime5 TotalJobTime6 TotalJobTime7 TotalJobTime8
1523743200.0 1.0 100 92 173 NA NA NA NA NA 187 368 244 NA NA NA NA NA 1518 702 831 NA NA NA NA NA 1515 1239 1874 NA NA NA NA NA
1523743200.0 10.0 NA 122 429 0 NA NA NA NA NA 377 529 0 NA NA NA NA NA 2548 3018 494 NA NA NA NA NA 2290 2111 594 NA NA NA NA
1523743200.0 1000.0 NA 395 158 0 52 NA NA NA NA 516 250 0 89 NA NA NA NA 2736 1347 626 275 NA NA NA NA 3539 2055 824 694 NA NA NA
1523743200.0 10001.0 NA 112 567 82 0 NA NA NA NA 387 689 122 0 NA NA NA NA 531 1819 261 1108 NA NA NA NA 751 2261 397 1192 NA NA NA
1523743200.0 10002.0 NA 106 568 76 0 NA NA NA NA 387 712 122 0 NA NA NA NA 571 1776 252 1113 NA NA NA NA 783 2313 376 1166 NA NA NA
1523743200.0 10003.0 NA 109 570 83 0 NA NA NA NA 387 722 121 0 NA NA NA NA 558 1794 254 1118 NA NA NA NA 531 1953 375 1181 NA NA NA
1523743200.0 10004.0 NA 108 566 86 0 NA NA NA NA 387 683 121 0 NA NA NA NA 708 1750 253 1127 NA NA NA NA 693 1964 353 1226 NA NA NA
1523743200.0 10005.0 NA 110 569 85 0 NA NA NA NA 387 713 121 0 NA NA NA NA 519 1740 255 1127 NA NA NA NA 486 1903 368 1280 NA NA NA
1523743200.0 10006.0 NA 111 565 75 0 NA NA NA NA 387 715 121 0 NA NA NA NA 534 1785 260 1107 NA NA NA NA 534 2337 408 1194 NA NA NA
1523743200.0 10007.0 NA 112 572 84 0 NA NA NA NA 387 703 123 0 NA NA NA NA 542 1807 254 1162 NA NA NA NA 548 1920 375 1316 NA NA NA
1523743200.0 10008.0 NA 110 567 71 0 NA NA NA NA 379 718 122 0 NA NA NA NA 563 1910 278 1124 NA NA NA NA 639 2850 698 1236 NA NA NA
1523743200.0 10009.0 NA 115 571 76 0 NA NA NA NA 379 713 122 0 NA NA NA NA 666 1875 262 1142 NA NA NA NA 556 2533 458 1467 NA NA NA
1523743200.0 1001.0 NA 370 186 0 0 0 0 0 NA 461 230 0 0 0 0 0 NA 2277 573 68 91 229 115 265 NA 1562 588 121 126 305 153 314
1523743200.0 1002.0 NA 388 67 NA NA NA NA NA NA 458 122 NA NA NA NA NA NA 2662 388 NA NA NA NA NA NA 1964 267 NA NA NA NA NA
1523743200.0 10023.0 NA 105 512 75 0 NA NA NA NA 384 702 121 0 NA NA NA NA 701 1832 289 1149 NA NA NA NA 926 2636 580 1404 NA NA NA
1523743200.0 10024.0 NA 125 NA NA NA NA NA NA NA 380 NA NA NA NA NA NA NA 600 NA NA NA NA NA NA NA 544 NA NA NA NA NA NA
1523743200.0 10024.1 NA 117 273 0 NA NA NA NA NA 380 347 0 NA NA NA NA NA 792 769 305 NA NA NA NA NA 1248 775 396 NA NA NA NA
1523743200.0 10024.2 NA 118 580 0 NA NA NA NA NA 388 723 0 NA NA NA NA NA 701 2152 1131 NA NA NA NA NA 671 2165 1244 NA NA NA NA
1523743200.0 10024.3 NA 126 241 0 NA NA NA NA NA 387 324 0 NA NA NA NA NA 604 768 266 NA NA NA NA NA 539 824 324 NA NA NA NA
1523743200.0 10024.4 NA 124 578 0 NA NA NA NA NA 388 691 0 NA NA NA NA NA 627 2019 1110 NA NA NA NA NA 601 1995 1252 NA NA NA NA
1523743200.0 10024.5 NA 119 80 0 NA NA NA NA NA 388 168 0 NA NA NA NA NA 801 372 124 NA NA NA NA NA 1357 548 203 NA NA NA NA
1523743200.0 10025.0 NA 115 581 85 0 NA NA NA NA 388 718 122 0 NA NA NA NA 620 1870 255 1140 NA NA NA NA 677 2031 379 1245 NA NA NA
1523743200.0 10026.0 NA 129 602 87 0 NA NA NA NA 380 754 123 0 NA NA NA NA 663 2842 258 1161 NA NA NA NA 547 2143 358 1560 NA NA NA
1523743200.0 1003.0 NA 320 0 NA NA NA NA NA NA 423 0 NA NA NA NA NA NA 2844 445 NA NA NA NA NA NA 1731 522 NA NA NA NA NA
1523743200.0 1004.0 NA 321 161 0 0 0 0 NA NA 426 211 0 0 0 0 NA NA 974 372 70 100 257 232 NA NA 1949 688 145 197 545 284 NA
1523743200.0 10042.0 NA 121 575 78 0 NA NA NA NA 388 727 123 0 NA NA NA NA 573 1976 260 1134 NA NA NA NA 890 2486 477 1541 NA NA NA
1523743200.0 10059.0 NA 124 586 81 0 NA NA NA NA 380 722 123 0 NA NA NA NA 846 2629 266 1167 NA NA NA NA 994 2978 469 1294 NA NA NA
1523743200.0 10071.0 NA 123 531 77 0 NA NA NA NA 380 731 122 0 NA NA NA NA 801 2126 264 1136 NA NA NA NA 681 2694 403 1213 NA NA NA
1523743200.0 101.0 85 NA NA NA NA NA NA NA 154 NA NA NA NA NA NA NA 1180 NA NA NA NA NA NA NA 1430 NA NA NA NA NA NA NA
1523743200.0 1010.0 NA 29 70 0 NA NA NA NA NA 72 120 0 NA NA NA NA NA 114 181 209 NA NA NA NA NA 261 296 778 NA NA NA NA
1523743200.0 102.0 86 NA NA NA NA NA NA NA 152 NA NA NA NA NA NA NA 889 NA NA NA NA NA NA NA 1111 NA NA NA NA NA NA NA
1523743200.0 1020.0 NA 35 23 0 38 NA NA NA NA 100 57 0 101 NA NA NA NA 222 91 67 221 NA NA NA NA 385 174 152 365 NA NA NA
1523743200.0 10224.0 NA 255 817 0 NA NA NA NA NA 420 1029 0 NA NA NA NA NA 4054 4598 1159 NA NA NA NA NA 13628 3120 1388 NA NA NA NA
1523743200.0 10225.0 NA 258 849 0 NA NA NA NA NA 405 1062 0 NA NA NA NA NA 4074 4114 1167 NA NA NA NA NA 14570 3020 1237 NA NA NA NA
1523743200.0 103.0 49 0 0 NA NA NA NA NA 92 0 0 NA NA NA NA NA 919 447 1820 NA NA NA NA NA 641 324 3430 NA NA NA NA NA
1523743200.0 1030.0 NA 178 47 0 NA NA NA NA NA 318 85 0 NA NA NA NA NA 7578 242 68 NA NA NA NA NA 3715 489 513 NA NA NA NA
1523743200.0 10424.0 NA 122 591 0 NA NA NA NA NA 387 735 0 NA NA NA NA NA 584 2000 1138 NA NA NA NA NA 594 2270 1210 NA NA NA NA
1523743200.0 105.0 93 89 31 NA NA NA NA NA 187 369 65 NA NA NA NA NA 2291 678 141 NA NA NA NA NA 1734 759 213 NA NA NA NA NA
1523743200.0 106.0 44 0 0 NA NA NA NA NA 92 0 0 NA NA NA NA NA 936 560 1801 NA NA NA NA NA 961 351 4487 NA NA NA NA NA
1523743200.0 107.0 104 92 401 NA NA NA NA NA 188 361 488 NA NA NA NA NA 3690 705 2366 NA NA NA NA NA 3222 1171 3225 NA NA NA NA NA
1523743200.0 108.0 109 93 307 NA NA NA NA NA 190 361 515 NA NA NA NA NA 5158 854 2396 NA NA NA NA NA 3100 1602 4004 NA NA NA NA NA
1523743200.0 10801.0 NA 199 636 92 0 NA NA NA NA 482 781 133 0 NA NA NA NA 1526 2255 389 1986 NA NA NA NA 1521 3532 827 2194 NA NA NA
1523743200.0 10802.0 NA 223 606 84 0 NA NA NA NA 466 787 134 0 NA NA NA NA 2132 2769 462 2183 NA NA NA NA 4003 2983 688 2284 NA NA NA
1523743200.0 10803.0 NA 200 645 93 0 NA NA NA NA 472 781 134 0 NA NA NA NA 2050 2711 500 2281 NA NA NA NA 2366 2981 670 2425 NA NA NA
1523743200.0 10804.0 NA 194 631 83 0 NA NA NA NA 468 773 133 0 NA NA NA NA 1957 2671 522 2517 NA NA NA NA 2033 4393 1443 3037 NA NA NA
1523743200.0 10805.0 NA 194 637 84 0 NA NA NA NA 464 784 134 0 NA NA NA NA 2115 2510 534 2249 NA NA NA NA 3116 2655 720 2417 NA NA NA
1523743200.0 10806.0 NA 217 637 86 0 NA NA NA NA 474 791 134 0 NA NA NA NA 1960 2461 473 2144 NA NA NA NA 3225 2420 597 2232 NA NA NA
1523743200.0 10807.0 NA 197 354 105 0 NA NA NA NA 477 762 144 0 NA NA NA NA 2122 3540 519 2164 NA NA NA NA 2454 5031 661 2256 NA NA NA
1523743200.0 10808.0 NA 224 646 96 0 NA NA NA NA 475 785 145 0 NA NA NA NA 1806 2737 482 2222 NA NA NA NA 2799 2778 632 2357 NA NA NA
1523743200.0 10809.0 NA 219 636 95 0 NA NA NA NA 476 785 144 0 NA NA NA NA 2134 2667 486 2213 NA NA NA NA 2926 2934 716 2321 NA NA NA
1523743200.0 10823.0 NA 198 646 86 0 NA NA NA NA 469 787 134 0 NA NA NA NA 2050 2826 459 2231 NA NA NA NA 2032 3400 888 2338 NA NA NA
1523743200.0 10824.0 NA 232 613 99 0 NA NA NA NA 475 796 145 0 NA NA NA NA 2174 3095 510 2502 NA NA NA NA 2761 3604 811 3477 NA NA NA
1523743200.0 10824.1 NA 129 266 0 NA NA NA NA NA 388 351 0 NA NA NA NA NA 885 971 371 NA NA NA NA NA 1435 1132 507 NA NA NA NA
1523743200.0 10824.5 NA 125 88 0 NA NA NA NA NA 380 174 0 NA NA NA NA NA 1018 499 181 NA NA NA NA NA 962 767 502 NA NA NA NA
1523743200.0 10824.6 NA 244 660 102 0 NA NA NA NA 476 793 147 0 NA NA NA NA 2306 2892 495 2332 NA NA NA NA 3437 2731 622 2446 NA NA NA
1523743200.0 10825.0 NA 228 638 84 0 NA NA NA NA 469 791 135 0 NA NA NA NA 2035 2799 465 2257 NA NA NA NA 3933 2772 666 2535 NA NA NA
1523743200.0 10826.0 NA 226 531 105 0 NA NA NA NA 483 814 144 0 NA NA NA NA 2524 3757 507 2165 NA NA NA NA 4120 3913 694 2277 NA NA NA
1523743200.0 10842.0 NA 204 646 97 0 NA NA NA NA 476 787 145 0 NA NA NA NA 1957 3114 504 2662 NA NA NA NA 2000 5488 1310 3189 NA NA NA
1523743200.0 10859.0 NA 226 671 96 0 NA NA NA NA 475 803 145 0 NA NA NA NA 2425 4016 488 2241 NA NA NA NA 2527 2944 587 2354 NA NA NA
1523743200.0 10871.0 NA 211 578 104 0 NA NA NA NA 478 805 144 0 NA NA NA NA 2303 3202 539 2261 NA NA NA NA 3218 3130 663 2401 NA NA NA
1523743200.0 109.0 101 101 410 NA NA NA NA NA 187 361 520 NA NA NA NA NA 4367 716 2170 NA NA NA NA NA 2583 621 2694 NA NA NA NA NA
1523743200.0 11.0 NA 105 478 0 67 NA NA NA NA 377 582 0 104 NA NA NA NA 2212 2035 681 282 NA NA NA NA 1726 1818 862 467 NA NA NA
1523743200.0 110.0 62 85 400 NA NA NA NA NA 133 369 507 NA NA NA NA NA 1310 687 1927 NA NA NA NA NA 1069 1051 2440 NA NA NA NA NA
1523743200.0 1102.0 NA 122 421 141 75 NA NA NA NA 377 525 211 163 NA NA NA NA 2491 4116 1644 364 NA NA NA NA 1843 2477 1036 309 NA NA NA
1523743200.0 11024.0 NA 429 1019 0 NA NA NA NA NA 662 1280 0 NA NA NA NA NA 9102 6793 2170 NA NA NA NA NA 16068 4048 2256 NA NA NA NA
1523743200.0 11024.6 NA 429 994 0 NA NA NA NA NA 665 1317 0 NA NA NA NA NA 8936 6936 2148 NA NA NA NA NA 16104 4096 2228 NA NA NA NA
1523743200.0 11025.0 NA 400 1011 0 NA NA NA NA NA 658 1237 0 NA NA NA NA NA 7853 6158 2264 NA NA NA NA NA 22584 4096 2427 NA NA NA NA
1523743200.0 111.0 85 84 402 NA NA NA NA NA 176 361 490 NA NA NA NA NA 1902 683 1690 NA NA NA NA NA 1892 1079 1936 NA NA NA NA NA
1523743200.0 112.0 102 93 385 NA NA NA NA NA 192 361 499 NA NA NA NA NA 3616 849 2123 NA NA NA NA NA 2803 1713 4517 NA NA NA NA NA
1523743200.0 11224.0 78 238 368 0 NA NA NA NA 136 469 809 0 NA NA NA NA 5370 2195 4375 2221 NA NA NA NA 2985 2779 5071 2493 NA NA NA NA
1523743200.0 11224.6 75 230 538 0 NA NA NA NA 136 461 780 0 NA NA NA NA 4515 2333 3454 2418 NA NA NA NA 2256 3274 4023 3190 NA NA NA NA
1523743200.0 113.0 102 93 403 NA NA NA NA NA 190 361 499 NA NA NA NA NA 4058 616 1755 NA NA NA NA NA 2939 990 1981 NA NA NA NA NA
1523743200.0 114.0 95 99 397 NA NA NA NA NA 187 361 493 NA NA NA NA NA 3928 624 1807 NA NA NA NA NA 2423 1066 1971 NA NA NA NA NA
1523743200.0 115.0 101 96 399 NA NA NA NA NA 189 361 502 NA NA NA NA NA 3658 741 1835 NA NA NA NA NA 2342 1893 1937 NA NA NA NA NA
1523743200.0 116.0 88 95 246 NA NA NA NA NA 178 361 510 NA NA NA NA NA 3680 716 2608 NA NA NA NA NA 2954 936 4518 NA NA NA NA NA
1523743200.0 11623.0 68 119 284 83 0 NA NA NA 112 385 689 121 0 NA NA NA 1688 1224 3399 373 1465 NA NA NA 1464 870 6311 802 1978 NA NA NA
1523743200.0 11624.0 72 123 590 77 0 NA NA NA 122 386 715 123 0 NA NA NA 4495 1108 2697 491 1506 NA NA NA 2014 1416 2684 1002 1630 NA NA NA
1523743200.0 11625.0 74 121 584 76 0 NA NA NA 116 385 728 123 0 NA NA NA 2928 1239 2426 369 1460 NA NA NA 1415 1313 2581 745 1559 NA NA NA
1523743200.0 11626.0 80 127 503 86 0 NA NA NA 125 385 710 123 0 NA NA NA 7559 1154 3697 369 1479 NA NA NA 4807 1745 4178 593 1775 NA NA NA
1523743200.0 11642.0 58 118 568 75 0 NA NA NA 105 385 726 122 0 NA NA NA 2302 928 2401 412 1404 NA NA NA 2176 988 4972 913 1525 NA NA NA
1523743200.0 117.0 97 87 398 NA NA NA NA NA 189 361 507 NA NA NA NA NA 3847 814 1909 NA NA NA NA NA 2504 1210 2003 NA NA NA NA NA
1523743200.0 118.0 108 91 407 NA NA NA NA NA 194 369 495 NA NA NA NA NA 5296 834 1893 NA NA NA NA NA 3273 1151 1956 NA NA NA NA NA
1523743200.0 119.0 105 93 368 NA NA NA NA NA 191 369 495 NA NA NA NA NA 4266 668 1939 NA NA NA NA NA 3967 623 2253 NA NA NA NA NA
1523743200.0 12.0 NA 122 424 0 NA NA NA NA NA 377 523 0 NA NA NA NA NA 2311 3624 600 NA NA NA NA NA 1653 2362 667 NA NA NA NA
1523743200.0 120.0 59 89 377 NA NA NA NA NA 131 361 501 NA NA NA NA NA 1163 604 1894 NA NA NA NA NA 1896 772 2629 NA NA NA NA NA
1523743200.0 12024.0 71 128 404 0 NA NA NA NA 122 378 744 0 NA NA NA NA 4261 1073 3110 1477 NA NA NA NA 1966 1396 5968 2247 NA NA NA NA
1523743200.0 121.0 92 103 370 NA NA NA NA NA 187 361 504 NA NA NA NA NA 4317 697 2111 NA NA NA NA NA 2346 804 2303 NA NA NA NA NA
1523743200.0 122.0 63 90 391 NA NA NA NA NA 132 361 490 NA NA NA NA NA 886 628 1665 NA NA NA NA NA 1092 703 2031 NA NA NA NA NA
1523743200.0 123.1 379 NA NA NA NA NA NA NA 501 NA NA NA NA NA NA NA 1347 NA NA NA NA NA NA NA 1232 NA NA NA NA NA NA NA
1523743200.0 123.2 377 NA NA NA NA NA NA NA 502 NA NA NA NA NA NA NA 1580 NA NA NA NA NA NA NA 1424 NA NA NA NA NA NA NA
1523743200.0 123.3 288 NA NA NA NA NA NA NA 500 NA NA NA NA NA NA NA 1124 NA NA NA NA NA NA NA 1351 NA NA NA NA NA NA NA
1523743200.0 124.1 353 NA NA NA NA NA NA NA 500 NA NA NA NA NA NA NA 1250 NA NA NA NA NA NA NA 1282 NA NA NA NA NA NA NA
1523743200.0 124.2 368 NA NA NA NA NA NA NA 501 NA NA NA NA NA NA NA 1483 NA NA NA NA NA NA NA 1472 NA NA NA NA NA NA NA
1523743200.0 124.4 351 NA NA NA NA NA NA NA 500 NA NA NA NA NA NA NA 1259 NA NA NA NA NA NA NA 1629 NA NA NA NA NA NA NA
1523743200.0 124.5 363 NA NA NA NA NA NA NA 509 NA NA NA NA NA NA NA 1186 NA NA NA NA NA NA NA 1136 NA NA NA NA NA NA NA
1523743200.0 124.6 282 NA NA NA NA NA NA NA 500 NA NA NA NA NA NA NA 951 NA NA NA NA NA NA NA 982 NA NA NA NA NA NA NA
1523743200.0 125.0 102 92 398 NA NA NA NA NA 189 361 493 NA NA NA NA NA 2786 580 1446 NA NA NA NA NA 1599 800 1568 NA NA NA NA NA
1523743200.0 126.0 62 88 316 NA NA NA NA NA 142 369 488 NA NA NA NA NA 1442 501 1510 NA NA NA NA NA 1401 555 2411 NA NA NA NA NA
1523743200.0 127.0 66 85 309 NA NA NA NA NA 134 361 494 NA NA NA NA NA 1268 498 1488 NA NA NA NA NA 803 664 2404 NA NA NA NA NA
1523743200.0 128.0 60 83 390 NA NA NA NA NA 116 369 501 NA NA NA NA NA 526 557 1389 NA NA NA NA NA 802 766 1568 NA NA NA NA NA
1523743200.0 129.0 62 89 391 NA NA NA NA NA 117 369 484 NA NA NA NA NA 805 484 1405 NA NA NA NA NA 667 696 1681 NA NA NA NA NA
1523743200.0 13.0 NA 99 368 0 NA NA NA NA NA 369 508 0 NA NA NA NA NA 554 3145 599 NA NA NA NA NA 948 5358 687 NA NA NA NA
1523743200.0 130.0 64 79 394 NA NA NA NA NA 128 365 492 NA NA NA NA NA 820 575 1550 NA NA NA NA NA 717 925 2409 NA NA NA NA NA
1523743200.0 1301.0 89 112 180 NA NA NA NA NA 157 378 299 NA NA NA NA NA 1429 568 1071 NA NA NA NA NA 1509 464 1618 NA NA NA NA NA
1523743200.0 1302.0 102 115 192 NA NA NA NA NA 167 378 293 NA NA NA NA NA 3704 673 1230 NA NA NA NA NA 2133 531 2107 NA NA NA NA NA
1523743200.0 1303.0 92 112 196 NA NA NA NA NA 159 378 291 NA NA NA NA NA 5924 600 1698 NA NA NA NA NA 2912 930 1758 NA NA NA NA NA
1523743200.0 1306.0 NA 102 521 0 NA NA NA NA NA 387 619 0 NA NA NA NA NA 593 1554 747 NA NA NA NA NA 948 2249 1678 NA NA NA NA
1523743200.0 1307.0 NA 100 184 45 0 NA NA NA NA 384 258 86 0 NA NA NA NA 524 617 168 231 NA NA NA NA 1128 1098 774 329 NA NA NA
1523743200.0 1308.0 NA 101 178 49 0 NA NA NA NA 377 258 85 0 NA NA NA NA 493 543 145 246 NA NA NA NA 851 1033 346 626 NA NA NA
1523743200.0 1309.0 NA 127 438 0 NA NA NA NA NA 387 654 0 NA NA NA NA NA 551 2056 731 NA NA NA NA NA 947 2788 829 NA NA NA NA
1523743200.0 131.0 69 83 396 NA NA NA NA NA 136 361 500 NA NA NA NA NA 1385 540 1402 NA NA NA NA NA 826 689 1614 NA NA NA NA NA
1523743200.0 1310.0 NA 112 523 0 NA NA NA NA NA 379 641 0 NA NA NA NA NA 567 1921 744 NA NA NA NA NA 1545 2553 824 NA NA NA NA
1523743200.0 1311.0 NA 106 496 0 58 NA NA NA NA 386 600 0 104 NA NA NA NA 473 1269 780 217 NA NA NA NA 786 2582 1012 363 NA NA NA
1523743200.0 1312.0 NA 113 540 0 NA NA NA NA NA 387 631 0 NA NA NA NA NA 656 1708 704 NA NA NA NA NA 1058 1647 756 NA NA NA NA
1523743200.0 1313.0 NA 115 542 0 NA NA NA NA NA 387 663 0 NA NA NA NA NA 545 2152 723 NA NA NA NA NA 1290 1995 845 NA NA NA NA
1523743200.0 1314.0 NA 113 529 0 NA NA NA NA NA 387 628 0 NA NA NA NA NA 554 1735 734 NA NA NA NA NA 738 2533 1285 NA NA NA NA
1523743200.0 1315.0 NA 104 525 0 NA NA NA NA NA 387 637 0 NA NA NA NA NA 527 1594 716 NA NA NA NA NA 747 1947 851 NA NA NA NA
1523743200.0 1316.0 NA 107 520 0 NA NA NA NA NA 387 638 0 NA NA NA NA NA 574 1628 697 NA NA NA NA NA 924 1973 785 NA NA NA NA
1523743200.0 1317.0 NA 106 528 0 NA NA NA NA NA 386 638 0 NA NA NA NA NA 485 1612 719 NA NA NA NA NA 616 2476 821 NA NA NA NA
1523743200.0 1318.0 NA 102 530 0 NA NA NA NA NA 379 625 0 NA NA NA NA NA 514 1545 728 NA NA NA NA NA 735 2082 870 NA NA NA NA
1523743200.0 1319.0 NA 106 522 0 NA NA NA NA NA 386 634 0 NA NA NA NA NA 589 1631 707 NA NA NA NA NA 893 2146 771 NA NA NA NA
1523743200.0 132.0 104 87 351 NA NA NA NA NA 185 361 498 NA NA NA NA NA 2946 617 1738 NA NA NA NA NA 1555 779 2990 NA NA NA NA NA
1523743200.0 1320.0 NA 102 464 0 NA NA NA NA NA 387 632 0 NA NA NA NA NA 601 1815 721 NA NA NA NA NA 1467 2641 806 NA NA NA NA
1523743200.0 1321.0 NA 102 527 0 NA NA NA NA NA 386 628 0 NA NA NA NA NA 571 1600 706 NA NA NA NA NA 1033 1855 776 NA NA NA NA
1523743200.0 1322.0 NA 108 527 0 NA NA NA NA NA 386 624 0 NA NA NA NA NA 516 1522 703 NA NA NA NA NA 539 1594 1160 NA NA NA NA
1523743200.0 1323.0 NA 104 529 0 NA NA NA NA NA 383 615 0 NA NA NA NA NA 524 1580 697 NA NA NA NA NA 1166 1895 759 NA NA NA NA
1523743200.0 1324.0 NA 123 540 0 NA NA NA NA NA 387 630 0 NA NA NA NA NA 540 1783 744 NA NA NA NA NA 748 2918 854 NA NA NA NA
1523743200.0 1325.0 NA 127 424 0 69 NA NA NA NA 387 634 0 114 NA NA NA NA 584 2097 740 246 NA NA NA NA 913 3203 1243 385 NA NA NA
1523743200.0 1325.1 NA 112 224 0 NA NA NA NA NA 387 303 0 NA NA NA NA NA 660 715 264 NA NA NA NA NA 602 839 321 NA NA NA NA
1523743200.0 1325.2 NA 114 506 0 NA NA NA NA NA 387 646 0 NA NA NA NA NA 591 1975 722 NA NA NA NA NA 706 2847 797 NA NA NA NA
1523743200.0 1325.3 NA 119 208 0 NA NA NA NA NA 387 281 0 NA NA NA NA NA 590 739 252 NA NA NA NA NA 509 1501 326 NA NA NA NA
1523743200.0 1325.4 NA 116 541 0 NA NA NA NA NA 387 641 0 NA NA NA NA NA 623 1878 726 NA NA NA NA NA 1193 3352 838 NA NA NA NA
1523743200.0 1325.5 NA 138 0 NA NA NA NA NA NA 203 0 NA NA NA NA NA NA 1375 137 NA NA NA NA NA NA 1435 507 NA NA NA NA NA
1523743200.0 1325.6 NA 103 NA NA NA NA NA NA NA 163 NA NA NA NA NA NA NA 1850 NA NA NA NA NA NA NA 2902 NA NA NA NA NA NA
1523743200.0 1325.7 NA 107 0 NA NA NA NA NA NA 157 0 NA NA NA NA NA NA 1473 125 NA NA NA NA NA NA 1943 354 NA NA NA NA NA
1523743200.0 1325.8 NA 108 0 NA NA NA NA NA NA 165 0 NA NA NA NA NA NA 1361 127 NA NA NA NA NA NA 1505 217 NA NA NA NA NA
1523743200.0 1326.0 NA 121 531 0 NA NA NA NA NA 387 646 0 NA NA NA NA NA 579 1663 788 NA NA NA NA NA 840 2432 1835 NA NA NA NA
1523743200.0 1327.0 NA 109 549 0 NA NA NA NA NA 387 620 0 NA NA NA NA NA 649 1680 728 NA NA NA NA NA 1383 1926 803 NA NA NA NA
1523743200.0 1328.0 NA 119 540 0 NA NA NA NA NA 387 640 0 NA NA NA NA NA 616 1719 770 NA NA NA NA NA 916 1966 1899 NA NA NA NA
1523743200.0 1329.0 NA 108 504 0 NA NA NA NA NA 386 629 0 NA NA NA NA NA 520 1656 706 NA NA NA NA NA 891 2728 813 NA NA NA NA
1523743200.0 1329.1 NA 102 0 NA NA NA NA NA NA 179 0 NA NA NA NA NA NA 1252 127 NA NA NA NA NA NA 1344 447 NA NA NA NA NA
1523743200.0 133.0 98 99 338 NA NA NA NA NA 193 369 509 NA NA NA NA NA 5160 578 1859 NA NA NA NA NA 2977 466 2028 NA NA NA NA NA
1523743200.0 1330.0 NA 111 542 0 NA NA NA NA NA 379 640 0 NA NA NA NA NA 533 1725 736 NA NA NA NA NA 718 2885 856 NA NA NA NA
1523743200.0 1331.0 NA 108 464 0 NA NA NA NA NA 387 635 0 NA NA NA NA NA 584 1845 721 NA NA NA NA NA 1478 2621 807 NA NA NA NA
1523743200.0 1332.0 NA 116 544 0 NA NA NA NA NA 379 633 0 NA NA NA NA NA 574 1658 717 NA NA NA NA NA 1042 1680 898 NA NA NA NA
1523743200.0 1333.0 NA 112 533 0 NA NA NA NA NA 387 642 0 NA NA NA NA NA 510 1645 748 NA NA NA NA NA 588 2175 1043 NA NA NA NA
1523743200.0 1334.0 NA 117 545 0 NA NA NA NA NA 387 642 0 NA NA NA NA NA 546 1627 698 NA NA NA NA NA 843 1593 754 NA NA NA NA
1523743200.0 1335.0 NA 109 508 0 NA NA NA NA NA 387 641 0 NA NA NA NA NA 623 1777 728 NA NA NA NA NA 915 2570 816 NA NA NA NA
1523743200.0 1336.0 NA 109 544 0 NA NA NA NA NA 379 631 0 NA NA NA NA NA 675 2407 706 NA NA NA NA NA 978 1795 770 NA NA NA NA
1523743200.0 1337.0 NA 119 414 0 NA NA NA NA NA 387 654 0 NA NA NA NA NA 664 2690 793 NA NA NA NA NA 829 3812 1125 NA NA NA NA
1523743200.0 1338.0 NA 118 555 0 NA NA NA NA NA 379 646 0 NA NA NA NA NA 550 1725 721 NA NA NA NA NA 562 2127 769 NA NA NA NA
1523743200.0 1339.0 NA 116 419 0 NA NA NA NA NA 387 650 0 NA NA NA NA NA 595 2273 711 NA NA NA NA NA 773 2301 781 NA NA NA NA
1523743200.0 134.0 NA 396 41 0 NA NA NA NA NA 474 76 0 NA NA NA NA NA 2948 129 68 NA NA NA NA NA 2114 241 114 NA NA NA NA
1523743200.0 134.701 NA 34 484 0 NA NA NA NA NA 85 559 0 NA NA NA NA NA 237 4351 677 NA NA NA NA NA 304 2337 740 NA NA NA NA
1523743200.0 134.702 NA 35 482 0 NA NA NA NA NA 86 558 0 NA NA NA NA NA 233 5550 642 NA NA NA NA NA 244 2610 720 NA NA NA NA
1523743200.0 134.703 NA 34 499 0 NA NA NA NA NA 88 576 0 NA NA NA NA NA 259 5467 657 NA NA NA NA NA 325 2594 707 NA NA NA NA
1523743200.0 134.704 NA 33 486 0 NA NA NA NA NA 86 555 0 NA NA NA NA NA 239 5294 643 NA NA NA NA NA 318 2574 692 NA NA NA NA
1523743200.0 134.705 NA 35 490 0 NA NA NA NA NA 86 561 0 NA NA NA NA NA 235 5849 709 NA NA NA NA NA 231 2769 795 NA NA NA NA
1523743200.0 134.706 NA 36 478 0 NA NA NA NA NA 86 564 0 NA NA NA NA NA 258 6001 717 NA NA NA NA NA 296 2898 781 NA NA NA NA
1523743200.0 134.707 NA 36 489 0 NA NA NA NA NA 88 572 0 NA NA NA NA NA 228 5281 645 NA NA NA NA NA 355 2512 710 NA NA NA NA
1523743200.0 134.708 NA 32 481 0 NA NA NA NA NA 85 553 0 NA NA NA NA NA 278 5083 658 NA NA NA NA NA 397 2492 772 NA NA NA NA
1523743200.0 134.709 NA 36 663 0 NA NA NA NA NA 86 753 0 NA NA NA NA NA 249 5536 658 NA NA NA NA NA 271 2634 716 NA NA NA NA
1523743200.0 134.71 NA 30 479 0 NA NA NA NA NA 81 552 0 NA NA NA NA NA 260 3905 650 NA NA NA NA NA 430 2168 714 NA NA NA NA
1523743200.0 134.801 NA 34 480 0 NA NA NA NA NA 88 554 0 NA NA NA NA NA 250 4106 642 NA NA NA NA NA 444 2268 711 NA NA NA NA
1523743200.0 134.802 NA 39 483 0 NA NA NA NA NA 89 566 0 NA NA NA NA NA 246 6702 641 NA NA NA NA NA 277 3036 695 NA NA NA NA
1523743200.0 134.803 NA 36 486 0 NA NA NA NA NA 87 563 0 NA NA NA NA NA 231 6060 654 NA NA NA NA NA 262 2761 758 NA NA NA NA
1523743200.0 134.804 NA 32 480 0 NA NA NA NA NA 90 573 0 NA NA NA NA NA 240 6764 634 NA NA NA NA NA 246 3018 680 NA NA NA NA
1523743200.0 134.805 NA 35 480 0 NA NA NA NA NA 94 585 0 NA NA NA NA NA 277 6808 645 NA NA NA NA NA 295 3366 733 NA NA NA NA
1523743200.0 134.806 NA 35 487 0 NA NA NA NA NA 86 593 0 NA NA NA NA NA 244 7235 648 NA NA NA NA NA 249 3440 1253 NA NA NA NA
1523743200.0 134.807 NA 91 518 0 NA NA NA NA NA 195 635 0 NA NA NA NA NA 1104 7513 792 NA NA NA NA NA 674 3330 860 NA NA NA NA
1523743200.0 134.808 NA 91 512 0 NA NA NA NA NA 195 633 0 NA NA NA NA NA 1175 7648 753 NA NA NA NA NA 1040 3304 1069 NA NA NA NA
1523743200.0 134.809 NA 40 483 0 NA NA NA NA NA 86 566 0 NA NA NA NA NA 247 6314 633 NA NA NA NA NA 274 2841 682 NA NA NA NA
1523743200.0 134.81 NA 33 487 0 NA NA NA NA NA 89 571 0 NA NA NA NA NA 253 6294 647 NA NA NA NA NA 343 2772 944 NA NA NA NA
1523743200.0 134.811 NA 31 493 0 NA NA NA NA NA 88 569 0 NA NA NA NA NA 256 6686 648 NA NA NA NA NA 312 2948 721 NA NA NA NA
1523743200.0 134.812 NA 31 468 0 NA NA NA NA NA 86 551 0 NA NA NA NA NA 249 4049 621 NA NA NA NA NA 407 2221 680 NA NA NA NA
1523743200.0 134.813 NA 187 63 0 NA NA NA NA NA 283 109 0 NA NA NA NA NA 883 197 236 NA NA NA NA NA 785 255 328 NA NA NA NA
1523743200.0 134.901 NA 32 468 0 NA NA NA NA NA 87 552 0 NA NA NA NA NA 231 4149 638 NA NA NA NA NA 304 2329 693 NA NA NA NA
1523743200.0 134.902 NA 31 479 0 NA NA NA NA NA 89 547 0 NA NA NA NA NA 251 5074 690 NA NA NA NA NA 416 2514 867 NA NA NA NA
1523743200.0 134.903 NA 37 480 0 NA NA NA NA NA 88 553 0 NA NA NA NA NA 225 4735 686 NA NA NA NA NA 295 2430 742 NA NA NA NA
1523743200.0 134.904 NA 35 488 0 NA NA NA NA NA 94 568 0 NA NA NA NA NA 254 5620 637 NA NA NA NA NA 309 2621 696 NA NA NA NA
1523743200.0 134.905 NA 33 469 0 NA NA NA NA NA 90 547 0 NA NA NA NA NA 255 4709 635 NA NA NA NA NA 281 2494 710 NA NA NA NA
1523743200.0 134.906 NA 36 482 0 NA NA NA NA NA 87 552 0 NA NA NA NA NA 238 5462 646 NA NA NA NA NA 380 2599 1313 NA NA NA NA
1523743200.0 134.907 NA 90 500 0 NA NA NA NA NA 194 613 0 NA NA NA NA NA 959 5713 681 NA NA NA NA NA 1500 2976 758 NA NA NA NA
1523743200.0 134.908 NA 93 511 0 NA NA NA NA NA 199 620 0 NA NA NA NA NA 958 5660 676 NA NA NA NA NA 898 2718 731 NA NA NA NA
1523743200.0 134.909 NA 41 467 0 NA NA NA NA NA 87 557 0 NA NA NA NA NA 241 5000 649 NA NA NA NA NA 398 2584 1288 NA NA NA NA
1523743200.0 134.91 NA 37 481 0 NA NA NA NA NA 91 557 0 NA NA NA NA NA 256 4588 639 NA NA NA NA NA 284 2364 690 NA NA NA NA
1523743200.0 134.911 NA 35 422 0 NA NA NA NA NA 90 550 0 NA NA NA NA NA 239 5102 653 NA NA NA NA NA 289 2677 704 NA NA NA NA
1523743200.0 134.912 NA 32 466 0 NA NA NA NA NA 87 552 0 NA NA NA NA NA 234 3919 628 NA NA NA NA NA 271 2219 750 NA NA NA NA
1523743200.0 134.99601 NA 37 426 0 NA NA NA NA NA 90 565 0 NA NA NA NA NA 257 7643 666 NA NA NA NA NA 258 3688 1507 NA NA NA NA
1523743200.0 134.99602 NA 38 466 0 NA NA NA NA NA 90 549 0 NA NA NA NA NA 243 4613 636 NA NA NA NA NA 385 2467 685 NA NA NA NA
1523743200.0 134.99603 NA 33 476 0 NA NA NA NA NA 91 561 0 NA NA NA NA NA 246 6126 641 NA NA NA NA NA 287 3000 716 NA NA NA NA
1523743200.0 134.99901 NA 37 423 0 NA NA NA NA NA 87 565 0 NA NA NA NA NA 230 4905 631 NA NA NA NA NA 439 2623 710 NA NA NA NA
1523743200.0 1340.0 NA 109 530 0 NA NA NA NA NA 379 632 0 NA NA NA NA NA 503 1582 703 NA NA NA NA NA 640 1711 757 NA NA NA NA
1523743200.0 1341.0 NA 118 442 0 NA NA NA NA NA 387 654 0 NA NA NA NA NA 598 2406 712 NA NA NA NA NA 696 2266 795 NA NA NA NA
1523743200.0 1343.0 NA 112 543 0 NA NA NA NA NA 387 624 0 NA NA NA NA NA 551 1677 706 NA NA NA NA NA 788 1661 777 NA NA NA NA
1523743200.0 1344.0 NA 115 538 0 NA NA NA NA NA 387 623 0 NA NA NA NA NA 567 1692 720 NA NA NA NA NA 528 2075 838 NA NA NA NA
1523743200.0 1345.0 NA 104 532 0 NA NA NA NA NA 387 632 0 NA NA NA NA NA 650 1672 714 NA NA NA NA NA 1047 1703 788 NA NA NA NA
1523743200.0 1347.0 NA 106 542 0 NA NA NA NA NA 387 630 0 NA NA NA NA NA 697 1678 742 NA NA NA NA NA 1037 2097 1759 NA NA NA NA
1523743200.0 1348.0 NA 111 458 0 NA NA NA NA NA 379 637 0 NA NA NA NA NA 518 2081 707 NA NA NA NA NA 591 5227 765 NA NA NA NA
1523743200.0 1349.0 NA 105 532 0 NA NA NA NA NA 387 629 0 NA NA NA NA NA 632 1658 725 NA NA NA NA NA 1050 1775 842 NA NA NA NA
1523743200.0 135.1 382 0 103 NA NA NA NA NA 518 0 154 NA NA NA NA NA 1211 245 502 NA NA NA NA NA 1099 343 619 NA NA NA NA NA
1523743200.0 135.11 384 0 109 NA NA NA NA NA 517 0 157 NA NA NA NA NA 1476 251 799 NA NA NA NA NA 1032 381 739 NA NA NA NA NA
1523743200.0 135.12 382 0 99 NA NA NA NA NA 517 0 149 NA NA NA NA NA 1186 250 490 NA NA NA NA NA 1257 438 646 NA NA NA NA NA
1523743200.0 135.13 395 0 NA NA NA NA NA NA 554 0 NA NA NA NA NA NA 1160 246 NA NA NA NA NA NA 936 372 NA NA NA NA NA NA
1523743200.0 135.2 294 0 96 NA NA NA NA NA 509 0 151 NA NA NA NA NA 955 290 513 NA NA NA NA NA 1002 970 874 NA NA NA NA NA
1523743200.0 135.3 294 0 96 NA NA NA NA NA 517 0 149 NA NA NA NA NA 994 227 529 NA NA NA NA NA 1242 473 882 NA NA NA NA NA
1523743200.0 135.4 365 0 96 NA NA NA NA NA 514 0 150 NA NA NA NA NA 1155 242 489 NA NA NA NA NA 1029 314 690 NA NA NA NA NA
1523743200.0 135.5 363 0 101 NA NA NA NA NA 510 0 152 NA NA NA NA NA 1148 240 482 NA NA NA NA NA 1046 333 643 NA NA NA NA NA
1523743200.0 135.6 372 0 98 NA NA NA NA NA 510 0 152 NA NA NA NA NA 1211 242 527 NA NA NA NA NA 1115 335 717 NA NA NA NA NA
1523743200.0 135.7 343 0 100 NA NA NA NA NA 510 0 149 NA NA NA NA NA 1166 236 495 NA NA NA NA NA 1319 315 700 NA NA NA NA NA
1523743200.0 135.8 146 NA NA NA NA NA NA NA 236 NA NA NA NA NA NA NA 460 NA NA NA NA NA NA NA 1162 NA NA NA NA NA NA NA
1523743200.0 135.9 326 0 94 NA NA NA NA NA 510 0 147 NA NA NA NA NA 1001 233 572 NA NA NA NA NA 1110 321 1388 NA NA NA NA NA
1523743200.0 1350.0 NA 114 537 0 NA NA NA NA NA 387 625 0 NA NA NA NA NA 531 1631 704 NA NA NA NA NA 675 1734 756 NA NA NA NA
1523743200.0 1351.0 NA 113 533 0 NA NA NA NA NA 379 650 0 NA NA NA NA NA 529 1630 709 NA NA NA NA NA 469 1715 778 NA NA NA NA
1523743200.0 1352.0 NA 115 456 0 NA NA NA NA NA 387 629 0 NA NA NA NA NA 528 2154 719 NA NA NA NA NA 632 5368 803 NA NA NA NA
1523743200.0 1353.0 NA 116 388 0 NA NA NA NA NA 387 643 0 NA NA NA NA NA 582 2290 710 NA NA NA NA NA 581 4283 788 NA NA NA NA
1523743200.0 1354.0 NA 117 543 0 NA NA NA NA NA 380 637 0 NA NA NA NA NA 527 1628 721 NA NA NA NA NA 582 1877 849 NA NA NA NA
1523743200.0 1355.0 NA 115 540 0 NA NA NA NA NA 387 649 0 NA NA NA NA NA 556 1673 731 NA NA NA NA NA 517 1632 810 NA NA NA NA
1523743200.0 1356.0 90 111 366 0 104 NA NA NA 161 379 676 0 166 NA NA NA 3184 659 1942 729 494 NA NA NA 1771 580 2833 818 596 NA NA NA
1523743200.0 136.721 NA 79 495 0 NA NA NA NA NA 135 591 0 NA NA NA NA NA 591 6275 766 NA NA NA NA NA 705 2816 841 NA NA NA NA
1523743200.0 136.722 NA 72 507 0 NA NA NA NA NA 137 637 0 NA NA NA NA NA 611 7331 764 NA NA NA NA NA 1076 3130 844 NA NA NA NA
1523743200.0 136.723 NA 77 495 0 NA NA NA NA NA 136 584 0 NA NA NA NA NA 955 6836 752 NA NA NA NA NA 989 2950 816 NA NA NA NA
1523743200.0 136.724 NA 73 521 0 NA NA NA NA NA 135 640 0 NA NA NA NA NA 587 8275 736 NA NA NA NA NA 510 3332 791 NA NA NA NA
1523743200.0 136.725 NA 79 533 0 NA NA NA NA NA 136 677 0 NA NA NA NA NA 587 7266 751 NA NA NA NA NA 927 3113 801 NA NA NA NA
1523743200.0 136.726 NA 72 508 0 NA NA NA NA NA 135 596 0 NA NA NA NA NA 653 7459 768 NA NA NA NA NA 955 3145 849 NA NA NA NA
1523743200.0 136.727 NA 130 526 0 NA NA NA NA NA 243 656 0 NA NA NA NA NA 1449 7630 768 NA NA NA NA NA 1300 3193 825 NA NA NA NA
1523743200.0 136.728 NA 135 532 0 NA NA NA NA NA 244 661 0 NA NA NA NA NA 1614 8236 771 NA NA NA NA NA 1710 3375 852 NA NA NA NA
1523743200.0 136.729 NA 70 511 0 NA NA NA NA NA 131 621 0 NA NA NA NA NA 514 7394 757 NA NA NA NA NA 1187 3122 809 NA NA NA NA
1523743200.0 136.73 NA 71 526 0 NA NA NA NA NA 134 659 0 NA NA NA NA NA 617 7451 765 NA NA NA NA NA 808 3197 843 NA NA NA NA
1523743200.0 136.731 NA 81 533 0 NA NA NA NA NA 135 675 0 NA NA NA NA NA 616 7544 750 NA NA NA NA NA 916 3193 806 NA NA NA NA
1523743200.0 136.732 NA 80 496 0 NA NA NA NA NA 135 586 0 NA NA NA NA NA 551 5750 750 NA NA NA NA NA 680 2750 811 NA NA NA NA
1523743200.0 136.7321 NA 88 512 0 NA NA NA NA NA 149 615 0 NA NA NA NA NA 481 5817 729 NA NA NA NA NA 602 2688 774 NA NA NA NA
1523743200.0 136.733 NA 198 69 0 NA NA NA NA NA 284 118 0 NA NA NA NA NA 943 318 234 NA NA NA NA NA 1132 442 516 NA NA NA NA
1523743200.0 136.734 NA 71 501 0 NA NA NA NA NA 132 595 0 NA NA NA NA NA 819 7376 782 NA NA NA NA NA 739 3125 855 NA NA NA NA
1523743200.0 136.735 NA 75 420 0 NA NA NA NA NA 133 502 0 NA NA NA NA NA 815 2224 622 NA NA NA NA NA 1149 1968 679 NA NA NA NA
1523743200.0 136.736 NA 70 520 0 NA NA NA NA NA 139 621 0 NA NA NA NA NA 705 10720 748 NA NA NA NA NA 851 3997 802 NA NA NA NA
1523743200.0 136.737 NA 69 526 0 NA NA NA NA NA 133 668 0 NA NA NA NA NA 692 11982 763 NA NA NA NA NA 1235 4449 835 NA NA NA NA
1523743200.0 136.738 NA 79 508 0 NA NA NA NA NA 135 621 0 NA NA NA NA NA 829 11908 765 NA NA NA NA NA 738 4359 838 NA NA NA NA
1523743200.0 136.739 NA 70 531 0 NA NA NA NA NA 131 672 0 NA NA NA NA NA 796 14163 772 NA NA NA NA NA 1338 4979 858 NA NA NA NA
1523743200.0 136.74 NA 78 553 0 NA NA NA NA NA 136 717 0 NA NA NA NA NA 786 12147 759 NA NA NA NA NA 924 4423 860 NA NA NA NA
1523743200.0 136.741 NA 67 518 0 NA NA NA NA NA 131 622 0 NA NA NA NA NA 793 12274 769 NA NA NA NA NA 1268 4690 847 NA NA NA NA
1523743200.0 136.742 NA 71 521 0 NA NA NA NA NA 131 620 0 NA NA NA NA NA 793 11306 745 NA NA NA NA NA 877 4194 803 NA NA NA NA
1523743200.0 136.743 NA 69 515 0 NA NA NA NA NA 132 619 0 NA NA NA NA NA 780 10782 767 NA NA NA NA NA 1283 4049 842 NA NA NA NA
1523743200.0 136.744 NA 69 553 0 NA NA NA NA NA 133 705 0 NA NA NA NA NA 809 12488 785 NA NA NA NA NA 1530 4661 874 NA NA NA NA
1523743200.0 136.745 NA 73 509 0 NA NA NA NA NA 137 604 0 NA NA NA NA NA 676 8832 736 NA NA NA NA NA 495 3772 792 NA NA NA NA
1523743200.0 136.746 NA 68 512 0 NA NA NA NA NA 133 623 0 NA NA NA NA NA 900 11482 754 NA NA NA NA NA 1370 4663 808 NA NA NA NA
1523743200.0 136.747 NA 69 516 0 NA NA NA NA NA 138 623 0 NA NA NA NA NA 735 10834 868 NA NA NA NA NA 1219 4077 1060 NA NA NA NA
1523743200.0 136.748 NA 71 531 0 NA NA NA NA NA 137 655 0 NA NA NA NA NA 657 10912 768 NA NA NA NA NA 1467 4118 854 NA NA NA NA
1523743200.0 136.749 NA 70 520 0 NA NA NA NA NA 133 629 0 NA NA NA NA NA 931 12092 809 NA NA NA NA NA 1389 4376 884 NA NA NA NA
1523743200.0 136.75 NA 78 492 0 NA NA NA NA NA 131 689 0 NA NA NA NA NA 750 15162 775 NA NA NA NA NA 642 5760 871 NA NA NA NA
1523743200.0 136.751 NA 68 523 0 NA NA NA NA NA 136 714 0 NA NA NA NA NA 697 15378 781 NA NA NA NA NA 955 5924 873 NA NA NA NA
1523743200.0 136.752 NA 69 514 0 NA NA NA NA NA 134 623 0 NA NA NA NA NA 781 12031 768 NA NA NA NA NA 1602 4418 846 NA NA NA NA
1523743200.0 136.753 NA 69 513 0 NA NA NA NA NA 130 628 0 NA NA NA NA NA 755 11463 769 NA NA NA NA NA 1347 4189 860 NA NA NA NA
1523743200.0 136.754 NA 69 528 0 NA NA NA NA NA 138 632 0 NA NA NA NA NA 1179 9732 761 NA NA NA NA NA 1064 3781 822 NA NA NA NA
1523743200.0 136.755 NA 70 535 0 NA NA NA NA NA 138 695 0 NA NA NA NA NA 804 13337 780 NA NA NA NA NA 1696 5042 845 NA NA NA NA
1523743200.0 136.756 NA 73 513 0 NA NA NA NA NA 133 602 0 NA NA NA NA NA 599 8293 770 NA NA NA NA NA 961 3515 844 NA NA NA NA
1523743200.0 136.757 NA 72 527 0 NA NA NA NA NA 136 625 0 NA NA NA NA NA 917 11064 787 NA NA NA NA NA 1859 4112 854 NA NA NA NA
1523743200.0 136.758 NA 68 521 0 NA NA NA NA NA 134 643 0 NA NA NA NA NA 745 13241 765 NA NA NA NA NA 1401 4751 843 NA NA NA NA
1523743200.0 136.759 NA 78 526 0 NA NA NA NA NA 131 691 0 NA NA NA NA NA 722 15829 843 NA NA NA NA NA 812 8529 1078 NA NA NA NA
1523743200.0 136.76 NA 80 522 0 NA NA NA NA NA 133 662 0 NA NA NA NA NA 837 16973 771 NA NA NA NA NA 932 6592 847 NA NA NA NA
1523743200.0 136.761 NA 80 368 0 NA NA NA NA NA 135 712 0 NA NA NA NA NA 799 20086 786 NA NA NA NA NA 886 8775 891 NA NA NA NA
1523743200.0 136.7611 NA 161 0 NA NA NA NA NA NA 234 0 NA NA NA NA NA NA 2530 134 NA NA NA NA NA NA 1616 264 NA NA NA NA NA
1523743200.0 136.762 NA 70 572 0 NA NA NA NA NA 137 728 0 NA NA NA NA NA 809 20868 770 NA NA NA NA NA 912 6683 831 NA NA NA NA
1523743200.0 136.763 NA 79 516 0 NA NA NA NA NA 135 656 0 NA NA NA NA NA 775 17352 775 NA NA NA NA NA 886 9199 931 NA NA NA NA
1523743200.0 136.764 NA 80 506 0 NA NA NA NA NA 131 648 0 NA NA NA NA NA 709 16767 826 NA NA NA NA NA 812 7774 1740 NA NA NA NA
1523743200.0 136.765 NA 69 526 0 NA NA NA NA NA 133 641 0 NA NA NA NA NA 738 13311 786 NA NA NA NA NA 1469 4705 864 NA NA NA NA
1523743200.0 136.766 NA 76 521 0 NA NA NA NA NA 136 731 0 NA NA NA NA NA 717 17477 870 NA NA NA NA NA 664 6266 1154 NA NA NA NA
1523743200.0 136.767 NA 69 523 0 NA NA NA NA NA 134 634 0 NA NA NA NA NA 608 11469 769 NA NA NA NA NA 789 4208 819 NA NA NA NA
1523743200.0 136.768 NA 79 501 0 NA NA NA NA NA 135 650 0 NA NA NA NA NA 853 15966 834 NA NA NA NA NA 966 6446 1350 NA NA NA NA
1523743200.0 136.769 NA 73 531 0 NA NA NA NA NA 136 620 0 NA NA NA NA NA 818 10208 767 NA NA NA NA NA 1173 3942 827 NA NA NA NA
1523743200.0 136.77 NA 72 525 0 NA NA NA NA NA 134 654 0 NA NA NA NA NA 750 10947 756 NA NA NA NA NA 1467 4122 852 NA NA NA NA
1523743200.0 136.771 NA 73 513 0 NA NA NA NA NA 137 612 0 NA NA NA NA NA 1061 10250 761 NA NA NA NA NA 803 3918 838 NA NA NA NA
1523743200.0 136.772 NA 70 550 0 NA NA NA NA NA 136 671 0 NA NA NA NA NA 781 12793 768 NA NA NA NA NA 891 4572 842 NA NA NA NA
1523743200.0 136.7721 NA 150 0 NA NA NA NA NA NA 278 0 NA NA NA NA NA NA 2180 130 NA NA NA NA NA NA 1674 271 NA NA NA NA NA
1523743200.0 136.7722 NA 102 0 NA NA NA NA NA NA 178 0 NA NA NA NA NA NA 992 122 NA NA NA NA NA NA 1184 388 NA NA NA NA NA
1523743200.0 136.773 NA 72 540 0 NA NA NA NA NA 131 699 0 NA NA NA NA NA 780 11196 763 NA NA NA NA NA 1467 4220 839 NA NA NA NA
1523743200.0 136.774 NA 72 519 0 NA NA NA NA NA 137 615 0 NA NA NA NA NA 832 11012 738 NA NA NA NA NA 566 4177 783 NA NA NA NA
1523743200.0 136.775 NA 70 505 0 NA NA NA NA NA 131 607 0 NA NA NA NA NA 961 16221 794 NA NA NA NA NA 846 6820 833 NA NA NA NA
1523743200.0 136.776 NA 70 510 0 NA NA NA NA NA 130 606 0 NA NA NA NA NA 1314 13482 1157 NA NA NA NA NA 1161 5929 1888 NA NA NA NA
1523743200.0 136.777 NA 70 535 0 NA NA NA NA NA 134 682 0 NA NA NA NA NA 1022 18277 767 NA NA NA NA NA 963 7112 809 NA NA NA NA
1523743200.0 136.778 NA 72 503 0 NA NA NA NA NA 134 602 0 NA NA NA NA NA 913 7376 747 NA NA NA NA NA 782 3145 791 NA NA NA NA
1523743200.0 136.779 NA 70 507 0 NA NA NA NA NA 135 613 0 NA NA NA NA NA 1162 16592 744 NA NA NA NA NA 1057 6981 775 NA NA NA NA
1523743200.0 136.78 NA 77 573 0 NA NA NA NA NA 141 785 0 NA NA NA NA NA 918 23033 1810 NA NA NA NA NA 1063 8701 2405 NA NA NA NA
1523743200.0 136.7801 NA 103 0 NA NA NA NA NA NA 162 0 NA NA NA NA NA NA 628 311 NA NA NA NA NA NA 1331 835 NA NA NA NA NA
1523743200.0 136.7802 NA 130 0 NA NA NA NA NA NA 188 0 NA NA NA NA NA NA 691 325 NA NA NA NA NA NA 1423 745 NA NA NA NA NA
1523743200.0 136.7803 NA 95 NA NA NA NA NA NA NA 158 NA NA NA NA NA NA NA 951 NA NA NA NA NA NA NA 1650 NA NA NA NA NA NA
1523743200.0 136.781 NA 81 574 0 NA NA NA NA NA 138 840 0 NA NA NA NA NA 907 26062 1182 NA NA NA NA NA 1722 9894 1228 NA NA NA NA
1523743200.0 136.782 NA 81 576 0 NA NA NA NA NA 138 814 0 NA NA NA NA NA 1345 28378 1103 NA NA NA NA NA 1896 10265 1134 NA NA NA NA
1523743200.0 136.783 NA 82 597 0 NA NA NA NA NA 141 858 0 NA NA NA NA NA 1100 32810 1790 NA NA NA NA NA 1890 11821 2469 NA NA NA NA
1523743200.0 136.784 NA 82 582 0 NA NA NA NA NA 142 836 0 NA NA NA NA NA 843 26851 1129 NA NA NA NA NA 1414 10001 1167 NA NA NA NA
1523743200.0 136.785 NA 81 584 0 NA NA NA NA NA 141 795 0 NA NA NA NA NA 1311 28274 1929 NA NA NA NA NA 1897 10280 3330 NA NA NA NA
1523743200.0 136.786 NA 76 569 0 NA NA NA NA NA 139 812 0 NA NA NA NA NA 641 26879 1823 NA NA NA NA NA 867 10279 2557 NA NA NA NA
1523743200.0 136.787 NA 77 591 0 NA NA NA NA NA 139 835 0 NA NA NA NA NA 915 25137 1225 NA NA NA NA NA 623 10081 1267 NA NA NA NA
1523743200.0 136.788 NA 80 606 0 NA NA NA NA NA 146 863 0 NA NA NA NA NA 1188 30776 1763 NA NA NA NA NA 1414 10735 2544 NA NA NA NA
1523743200.0 136.789 NA 82 571 0 NA NA NA NA NA 141 776 0 NA NA NA NA NA 727 22933 1206 NA NA NA NA NA 1897 8629 1259 NA NA NA NA
1523743200.0 136.79 NA 81 566 0 NA NA NA NA NA 147 730 0 NA NA NA NA NA 1192 15192 1180 NA NA NA NA NA 1163 6710 1218 NA NA NA NA
1523743200.0 136.791 NA 81 459 0 NA NA NA NA NA 145 565 0 NA NA NA NA NA 973 3197 1732 NA NA NA NA NA 1063 2598 2599 NA NA NA NA
1523743200.0 136.792 NA 79 580 0 NA NA NA NA NA 148 743 0 NA NA NA NA NA 982 18704 1176 NA NA NA NA NA 1006 7097 1209 NA NA NA NA
1523743200.0 136.793 NA 77 578 0 NA NA NA NA NA 139 789 0 NA NA NA NA NA 933 19812 1769 NA NA NA NA NA 885 7896 2727 NA NA NA NA
1523743200.0 136.794 NA 79 568 0 NA NA NA NA NA 149 754 0 NA NA NA NA NA 981 20878 1354 NA NA NA NA NA 989 8353 1423 NA NA NA NA
1523743200.0 136.795 NA 82 588 0 NA NA NA NA NA 142 809 0 NA NA NA NA NA 893 20281 1705 NA NA NA NA NA 872 9005 2092 NA NA NA NA
1523743200.0 136.796 NA 81 585 0 NA NA NA NA NA 144 783 0 NA NA NA NA NA 953 20851 1163 NA NA NA NA NA 940 8055 1204 NA NA NA NA
1523743200.0 136.797 NA 80 569 0 NA NA NA NA NA 143 755 0 NA NA NA NA NA 911 21491 1972 NA NA NA NA NA 981 8355 2668 NA NA NA NA
1523743200.0 136.798 NA 78 563 0 NA NA NA NA NA 142 744 0 NA NA NA NA NA 877 20021 1102 NA NA NA NA NA 871 7621 1131 NA NA NA NA
1523743200.0 136.799 NA 78 596 0 NA NA NA NA NA 145 793 0 NA NA NA NA NA 844 19321 1076 NA NA NA NA NA 938 7554 1118 NA NA NA NA
1523743200.0 136.8 NA 81 589 0 NA NA NA NA NA 145 824 0 NA NA NA NA NA 925 22008 1216 NA NA NA NA NA 872 8495 1254 NA NA NA NA
1523743200.0 136.801 NA 78 566 0 NA NA NA NA NA 141 710 0 NA NA NA NA NA 851 9206 1006 NA NA NA NA NA 851 3676 1034 NA NA NA NA
1523743200.0 136.802 NA 78 561 0 NA NA NA NA NA 143 742 0 NA NA NA NA NA 999 19433 1180 NA NA NA NA NA 993 7749 1213 NA NA NA NA
1523743200.0 136.803 NA 81 466 0 NA NA NA NA NA 141 578 0 NA NA NA NA NA 1165 4076 1705 NA NA NA NA NA 1140 3916 2725 NA NA NA NA
1523743200.0 136.804 NA 82 565 0 NA NA NA NA NA 147 735 0 NA NA NA NA NA 1032 19477 1298 NA NA NA NA NA 958 7574 1447 NA NA NA NA
1523743200.0 136.805 NA 80 584 0 NA NA NA NA NA 147 807 0 NA NA NA NA NA 738 21564 1394 NA NA NA NA NA 925 8413 1479 NA NA NA NA
1523743200.0 136.806 NA 79 562 0 NA NA NA NA NA 142 732 0 NA NA NA NA NA 1183 19689 1342 NA NA NA NA NA 1010 7830 1382 NA NA NA NA
1523743200.0 136.807 NA 80 581 0 NA NA NA NA NA 141 807 0 NA NA NA NA NA 769 23055 1430 NA NA NA NA NA 959 8673 1475 NA NA NA NA
1523743200.0 136.808 NA 79 606 0 NA NA NA NA NA 142 840 0 NA NA NA NA NA 886 21784 1718 NA NA NA NA NA 612 8212 1996 NA NA NA NA
1523743200.0 136.809 NA 84 564 0 NA NA NA NA NA 145 759 0 NA NA NA NA NA 1217 21592 1209 NA NA NA NA NA 1895 8734 1248 NA NA NA NA
1523743200.0 136.81 NA 79 560 0 NA NA NA NA NA 141 734 0 NA NA NA NA NA 883 20199 1235 NA NA NA NA NA 839 7672 1268 NA NA NA NA
1523743200.0 136.811 NA 77 585 0 NA NA NA NA NA 140 783 0 NA NA NA NA NA 940 19957 1299 NA NA NA NA NA 915 7783 1360 NA NA NA NA
1523743200.0 136.812 NA 79 602 0 NA NA NA NA NA 145 847 0 NA NA NA NA NA 844 24143 2009 NA NA NA NA NA 818 9779 2798 NA NA NA NA
1523743200.0 136.813 NA 81 559 0 NA NA NA NA NA 141 725 0 NA NA NA NA NA 627 14192 1221 NA NA NA NA NA 705 6285 1294 NA NA NA NA
1523743200.0 136.814 NA 80 571 0 NA NA NA NA NA 143 760 0 NA NA NA NA NA 1244 18664 1212 NA NA NA NA NA 1081 7598 1246 NA NA NA NA
1523743200.0 136.815 NA 84 472 0 NA NA NA NA NA 144 570 0 NA NA NA NA NA 923 3704 1886 NA NA NA NA NA 812 2781 3179 NA NA NA NA
1523743200.0 136.816 NA 83 593 0 NA NA NA NA NA 146 820 0 NA NA NA NA NA 900 31525 2000 NA NA NA NA NA 1727 10906 2528 NA NA NA NA
1523743200.0 136.817 NA 81 613 0 NA NA NA NA NA 141 851 0 NA NA NA NA NA 753 28289 1901 NA NA NA NA NA 1890 10422 2250 NA NA NA NA
1523743200.0 136.818 NA 81 589 0 NA NA NA NA NA 145 799 0 NA NA NA NA NA 1323 29041 1803 NA NA NA NA NA 1901 10884 2037 NA NA NA NA
1523743200.0 136.819 NA 82 608 0 NA NA NA NA NA 145 849 0 NA NA NA NA NA 934 35750 1961 NA NA NA NA NA 1892 16380 2872 NA NA NA NA
1523743200.0 136.82 NA 83 601 0 NA NA NA NA NA 148 865 0 NA NA NA NA NA 1030 35085 1936 NA NA NA NA NA 1895 15999 2285 NA NA NA NA
1523743200.0 136.821 NA 82 578 0 NA NA NA NA NA 144 814 0 NA NA NA NA NA 1073 30708 1419 NA NA NA NA NA 1892 14805 1472 NA NA NA NA
1523743200.0 136.822 NA 82 583 0 NA NA NA NA NA 143 807 0 NA NA NA NA NA 1137 28248 1210 NA NA NA NA NA 1897 10559 1249 NA NA NA NA
1523743200.0 136.823 NA 77 590 0 NA NA NA NA NA 136 853 0 NA NA NA NA NA 982 26214 1387 NA NA NA NA NA 906 10208 1429 NA NA NA NA
1523743200.0 136.824 NA 83 627 0 NA NA NA NA NA 139 898 0 NA NA NA NA NA 958 36037 1913 NA NA NA NA NA 1900 12879 2408 NA NA NA NA
1523743200.0 136.825 NA 80 575 0 NA NA NA NA NA 141 772 0 NA NA NA NA NA 884 19518 1325 NA NA NA NA NA 941 7744 1408 NA NA NA NA
1523743200.0 136.826 NA 82 580 0 NA NA NA NA NA 143 806 0 NA NA NA NA NA 1257 29969 1830 NA NA NA NA NA 1895 11466 2088 NA NA NA NA
1523743200.0 136.827 NA 82 470 0 NA NA NA NA NA 141 572 0 NA NA NA NA NA 866 4507 1875 NA NA NA NA NA 889 4498 3188 NA NA NA NA
1523743200.0 136.828 NA 82 593 0 NA NA NA NA NA 146 812 0 NA NA NA NA NA 1093 30053 1797 NA NA NA NA NA 1903 11705 2196 NA NA NA NA
1523743200.0 136.829 NA 83 587 0 NA NA NA NA NA 144 856 0 NA NA NA NA NA 924 31720 1821 NA NA NA NA NA 1895 11575 2048 NA NA NA NA
1523743200.0 136.83 NA 82 580 0 NA NA NA NA NA 146 808 0 NA NA NA NA NA 1299 32089 1457 NA NA NA NA NA 1895 15359 1549 NA NA NA NA
1523743200.0 136.831 NA 83 596 0 NA NA NA NA NA 147 902 0 NA NA NA NA NA 1085 34132 1869 NA NA NA NA NA 1893 12185 2343 NA NA NA NA
1523743200.0 136.832 NA 83 629 0 NA NA NA NA NA 137 889 0 NA NA NA NA NA 1084 37895 2060 NA NA NA NA NA 1893 16796 2737 NA NA NA NA
1523743200.0 136.833 NA 83 584 0 NA NA NA NA NA 146 860 0 NA NA NA NA NA 957 32548 1916 NA NA NA NA NA 1897 11731 2424 NA NA NA NA
1523743200.0 136.834 NA 84 579 0 NA NA NA NA NA 146 852 0 NA NA NA NA NA 1133 31337 1157 NA NA NA NA NA 1895 11427 1190 NA NA NA NA
1523743200.0 136.835 NA 84 612 0 NA NA NA NA NA 140 871 0 NA NA NA NA NA 1182 30782 1336 NA NA NA NA NA 1895 10807 1381 NA NA NA NA
1523743200.0 136.836 NA 84 612 0 NA NA NA NA NA 145 911 0 NA NA NA NA NA 1179 35231 1744 NA NA NA NA NA 1891 15973 2040 NA NA NA NA
1523743200.0 136.837 NA 85 580 0 NA NA NA NA NA 146 791 0 NA NA NA NA NA 932 23507 1292 NA NA NA NA NA 1890 9462 1342 NA NA NA NA
1523743200.0 136.838 NA 81 577 0 NA NA NA NA NA 142 825 0 NA NA NA NA NA 1574 31104 1583 NA NA NA NA NA 1900 14988 1795 NA NA NA NA
1523743200.0 136.839 NA 87 471 0 NA NA NA NA NA 149 597 0 NA NA NA NA NA 1076 4543 1771 NA NA NA NA NA 1030 3982 2297 NA NA NA NA
1523743200.0 1360.0 74 100 526 0 NA NA NA NA 196 378 618 0 NA NA NA NA 1980 355 1512 702 NA NA NA NA 2614 446 1694 787 NA NA NA NA
1523743200.0 1361.0 89 109 371 0 NA NA NA NA 222 379 629 0 NA NA NA NA 3644 592 2235 714 NA NA NA NA 2800 769 4550 800 NA NA NA NA
1523743200.0 1361.17 70 117 581 0 NA NA NA NA 202 380 728 0 NA NA NA NA 3671 559 1878 1129 NA NA NA NA 2630 547 1906 1191 NA NA NA NA
1523743200.0 1362.0 96 110 417 0 NA NA NA NA 222 371 639 0 NA NA NA NA 4070 526 1843 718 NA NA NA NA 3701 480 2285 800 NA NA NA NA
1523743200.0 1362.17 75 117 584 0 NA NA NA NA 204 380 728 0 NA NA NA NA 4608 567 1941 1147 NA NA NA NA 3788 582 2104 1247 NA NA NA NA
1523743200.0 1363.0 93 110 NA NA NA NA NA NA 227 379 NA NA NA NA NA NA 4270 548 NA NA NA NA NA NA 3766 453 NA NA NA NA NA NA
1523743200.0 1363.17 77 117 474 0 NA NA NA NA 204 380 731 0 NA NA NA NA 4794 629 2371 1143 NA NA NA NA 3816 632 4878 1532 NA NA NA NA
1523743200.0 1364.0 NA 109 537 0 NA NA NA NA NA 387 623 0 NA NA NA NA NA 530 1605 716 NA NA NA NA NA 590 1634 778 NA NA NA NA
1523743200.0 1365.0 NA 113 524 0 NA NA NA NA NA 387 644 0 NA NA NA NA NA 542 1725 736 NA NA NA NA NA 676 2690 1633 NA NA NA NA
1523743200.0 1366.0 NA 110 464 0 NA NA NA NA NA 387 637 0 NA NA NA NA NA 527 1712 724 NA NA NA NA NA 574 2082 930 NA NA NA NA
1523743200.0 139901.0 NA 106 504 0 NA NA NA NA NA 387 642 0 NA NA NA NA NA 739 1633 711 NA NA NA NA NA 1291 1963 801 NA NA NA NA
1523743200.0 139902.0 NA 114 553 0 NA NA NA NA NA 387 643 0 NA NA NA NA NA 744 1754 731 NA NA NA NA NA 1085 2300 1010 NA NA NA NA
1523743200.0 13992501.0 NA 259 747 0 NA NA NA NA NA 416 990 0 NA NA NA NA NA 3028 3702 726 NA NA NA NA NA 3938 2633 791 NA NA NA NA
1523743200.0 13992502.0 NA 267 773 0 NA NA NA NA NA 397 989 0 NA NA NA NA NA 3231 3690 717 NA NA NA NA NA 3837 2366 790 NA NA NA NA
1523743200.0 14.0 NA 124 430 0 NA NA NA NA NA 377 518 0 NA NA NA NA NA 2821 5399 644 NA NA NA NA NA 2674 3036 816 NA NA NA NA
1523743200.0 140.0 75 95 290 0 NA NA NA NA 131 369 391 0 NA NA NA NA 9477 1254 1356 399 NA NA NA NA 7029 1568 2490 756 NA NA NA NA
1523743200.0 140.51 NA 40 320 0 NA NA NA NA NA 113 425 0 NA NA NA NA NA 719 2008 427 NA NA NA NA NA 708 1176 721 NA NA NA NA
1523743200.0 140.52 NA 360 331 0 NA NA NA NA NA 488 429 0 NA NA NA NA NA 2167 2013 443 NA NA NA NA NA 1322 1424 915 NA NA NA NA
1523743200.0 140.53 NA 403 0 NA NA NA NA NA NA 513 0 NA NA NA NA NA NA 3991 447 NA NA NA NA NA NA 2199 769 NA NA NA NA NA
1523743200.0 140.54 NA 330 0 NA NA NA NA NA NA 441 0 NA NA NA NA NA NA 2254 551 NA NA NA NA NA NA 3934 829 NA NA NA NA NA
1523743200.0 144.6 NA 384 NA NA NA NA NA NA NA 454 NA NA NA NA NA NA NA 3842 NA NA NA NA NA NA NA 4152 NA NA NA NA NA NA
1523743200.0 145.0 79 101 301 0 NA NA NA NA 130 364 404 0 NA NA NA NA 5420 1106 1370 395 NA NA NA NA 7127 1191 2097 707 NA NA NA NA
1523743200.0 148.0 65 115 575 0 NA NA NA NA 113 380 725 0 NA NA NA NA 4221 1050 1933 999 NA NA NA NA 5451 1059 1967 1034 NA NA NA NA
1523743200.0 149.0 61 108 561 0 NA NA NA NA 114 380 685 0 NA NA NA NA 2619 743 2846 1842 NA NA NA NA 1977 755 5164 2791 NA NA NA NA
1523743200.0 15.0 NA 98 395 0 NA NA NA NA NA 386 518 0 NA NA NA NA NA 2112 2461 553 NA NA NA NA NA 1803 4466 678 NA NA NA NA
1523743200.0 150.0 68 112 343 0 NA NA NA NA 118 390 468 0 NA NA NA NA 4610 1253 1503 558 NA NA NA NA 5858 1488 2146 618 NA NA NA NA
1523743200.0 150.1 NA 112 337 0 NA NA NA NA NA 392 455 0 NA NA NA NA NA 611 1612 628 NA NA NA NA NA 939 3081 953 NA NA NA NA
1523743200.0 150.2 NA 108 340 0 NA NA NA NA NA 388 452 0 NA NA NA NA NA 827 1387 635 NA NA NA NA NA 956 1743 1264 NA NA NA NA
1523743200.0 150.3 NA 108 338 0 NA NA NA NA NA 388 454 0 NA NA NA NA NA 766 1543 616 NA NA NA NA NA 911 2367 1011 NA NA NA NA
1523743200.0 16.0 NA 109 403 0 NA NA NA NA NA 377 523 0 NA NA NA NA NA 1944 3102 672 NA NA NA NA NA 1569 3591 836 NA NA NA NA
1523743200.0 17.0 NA 101 400 0 NA NA NA NA NA 369 526 0 NA NA NA NA NA 2251 2553 586 NA NA NA NA NA 1705 4141 712 NA NA NA NA
1523743200.0 18.0 NA 91 392 0 NA NA NA NA NA 376 494 0 NA NA NA NA NA 1880 2507 639 NA NA NA NA NA 2225 3714 1026 NA NA NA NA
1523743200.0 19.0 NA 102 395 0 NA NA NA NA NA 376 511 0 NA NA NA NA NA 2078 2291 573 NA NA NA NA NA 1731 3933 664 NA NA NA NA
1523743200.0 2.0 102 95 172 NA NA NA NA NA 190 361 269 NA NA NA NA NA 3594 796 970 NA NA NA NA NA 2009 872 1699 NA NA NA NA NA
1523743200.0 20.0 NA 93 390 0 NA NA NA NA NA 369 496 0 NA NA NA NA NA 2110 3084 587 NA NA NA NA NA 1330 3756 719 NA NA NA NA
1523743200.0 200.0 NA 153 477 0 NA NA NA NA NA 381 585 0 NA NA NA NA NA 1609 3428 761 NA NA NA NA NA 1938 4169 1226 NA NA NA NA
1523743200.0 20034.0 93 288 574 0 NA NA NA NA 137 367 735 0 NA NA NA NA 7537 2876 2993 769 NA NA NA NA 4820 2340 4417 929 NA NA NA NA
1523743200.0 20034.1 87 305 263 0 NA NA NA NA 137 359 320 0 NA NA NA NA 6618 2689 1430 336 NA NA NA NA 4154 1592 1708 782 NA NA NA NA
1523743200.0 20034.2 106 305 479 0 NA NA NA NA 157 374 739 0 NA NA NA NA 7114 2802 3460 769 NA NA NA NA 4459 1662 5268 867 NA NA NA NA
1523743200.0 202.0 NA 150 479 0 NA NA NA NA NA 388 601 0 NA NA NA NA NA 1548 3519 793 NA NA NA NA NA 1678 4201 1331 NA NA NA NA
1523743200.0 203.0 NA 151 475 0 NA NA NA NA NA 387 605 0 NA NA NA NA NA 1609 3396 821 NA NA NA NA NA 1698 4217 1285 NA NA NA NA
1523743200.0 204.0 100 152 483 0 NA NA NA NA 186 385 589 0 NA NA NA NA 4355 1482 2220 786 NA NA NA NA 2506 1773 2080 1392 NA NA NA NA
1523743200.0 20434.0 105 326 531 0 NA NA NA NA 161 392 750 0 NA NA NA NA 6609 3124 2975 718 NA NA NA NA 4035 2279 3047 806 NA NA NA NA
1523743200.0 205.0 NA 152 484 0 NA NA NA NA NA 399 591 0 NA NA NA NA NA 1623 3022 774 NA NA NA NA NA 2005 3393 1187 NA NA NA NA
1523743200.0 20834.0 90 293 597 0 NA NA NA NA 139 373 731 0 NA NA NA NA 7168 2724 2969 738 NA NA NA NA 4754 3072 4378 848 NA NA NA NA
1523743200.0 20834.2 106 305 NA NA NA NA NA NA 161 376 NA NA NA NA NA NA 6097 2594 NA NA NA NA NA NA 2752 2194 NA NA NA NA NA NA
1523743200.0 21.0 NA 90 395 0 NA NA NA NA NA 369 490 0 NA NA NA NA NA 2495 2876 662 NA NA NA NA NA 2696 3499 1698 NA NA NA NA
1523743200.0 21234.0 88 295 413 0 NA NA NA NA 137 365 739 0 NA NA NA NA 6806 2843 3566 711 NA NA NA NA 4534 2392 5261 810 NA NA NA NA
1523743200.0 21234.2 103 301 609 0 NA NA NA NA 158 371 737 0 NA NA NA NA 6429 2727 2900 708 NA NA NA NA 2733 2925 4551 795 NA NA NA NA
1523743200.0 22.0 NA 109 407 0 NA NA NA NA NA 377 517 0 NA NA NA NA NA 2208 2774 603 NA NA NA NA NA 1630 2457 696 NA NA NA NA
1523743200.0 23.0 NA 117 426 0 NA NA NA NA NA 369 524 0 NA NA NA NA NA 2892 3325 644 NA NA NA NA NA 2342 2525 772 NA NA NA NA
1523743200.0 24.0 NA 123 426 0 NA NA NA NA NA 377 512 0 NA NA NA NA NA 2855 4025 621 NA NA NA NA NA 2674 2519 709 NA NA NA NA
1523743200.0 25.0 NA 123 455 0 92 NA NA NA NA 370 546 0 128 NA NA NA NA 3122 4588 611 347 NA NA NA NA 2030 2818 700 504 NA NA NA
1523743200.0 250199.0 279 NA NA NA NA NA NA NA 425 NA NA NA NA NA NA NA 3634 NA NA NA NA NA NA NA 4322 NA NA NA NA NA NA NA
1523743200.0 250199.17 274 NA NA NA NA NA NA NA 447 NA NA NA NA NA NA NA 5095 NA NA NA NA NA NA NA 11463 NA NA NA NA NA NA NA
1523743200.0 250199.18 369 NA NA NA NA NA NA NA 528 NA NA NA NA NA NA NA 6149 NA NA NA NA NA NA NA 19883 NA NA NA NA NA NA NA
1523743200.0 250200.0 NA 275 624 0 NA NA NA NA NA 528 729 0 NA NA NA NA NA 11717 2554 714 NA NA NA NA NA 5991 1860 776 NA NA NA NA
1523743200.0 250200.1 92 257 223 NA NA NA NA NA 161 426 328 NA NA NA NA NA 2600 1554 1683 NA NA NA NA NA 2224 1405 1335 NA NA NA NA NA
1523743200.0 250200.117 71 263 239 NA NA NA NA NA 131 414 316 NA NA NA NA NA 3091 1718 1482 NA NA NA NA NA 1817 1340 1200 NA NA NA NA NA
1523743200.0 250200.17 NA 292 692 0 NA NA NA NA NA 541 838 0 NA NA NA NA NA 12483 3454 1156 NA NA NA NA NA 7491 2222 1230 NA NA NA NA
1523743200.0 250200.18 NA 522 807 0 NA NA NA NA NA 1002 975 0 NA NA NA NA NA 26866 4850 1998 NA NA NA NA NA 9579 2676 2087 NA NA NA NA
1523743200.0 250202.0 NA 281 638 0 NA NA NA NA NA 530 762 0 NA NA NA NA NA 12509 3164 727 NA NA NA NA NA 6003 2035 793 NA NA NA NA
1523743200.0 250202.17 NA 306 698 0 NA NA NA NA NA 599 823 0 NA NA NA NA NA 12585 3718 1171 NA NA NA NA NA 6562 2270 1232 NA NA NA NA
1523743200.0 250202.18 NA 544 813 0 NA NA NA NA NA 988 959 0 NA NA NA NA NA 27341 5078 2019 NA NA NA NA NA 10442 2778 2076 NA NA NA NA
1523743200.0 250203.0 NA 286 632 0 NA NA NA NA NA 567 759 0 NA NA NA NA NA 12771 3048 718 NA NA NA NA NA 5431 2016 790 NA NA NA NA
1523743200.0 250203.17 NA 304 680 0 NA NA NA NA NA 579 847 0 NA NA NA NA NA 12446 3478 1168 NA NA NA NA NA 7316 2205 1251 NA NA NA NA
1523743200.0 250203.18 NA 548 794 0 NA NA NA NA NA 1041 970 0 NA NA NA NA NA 27871 4677 2016 NA NA NA NA NA 10134 2674 2087 NA NA NA NA
1523743200.0 250204.0 NA 283 635 0 NA NA NA NA NA 544 736 0 NA NA NA NA NA 12907 2868 720 NA NA NA NA NA 6237 1889 790 NA NA NA NA
1523743200.0 250204.17 NA 303 678 0 NA NA NA NA NA 571 835 0 NA NA NA NA NA 12626 3144 1159 NA NA NA NA NA 6046 2128 1253 NA NA NA NA
1523743200.0 250204.18 NA 542 808 0 NA NA NA NA NA 1014 963 0 NA NA NA NA NA 27960 4671 2025 NA NA NA NA NA 11060 2709 2098 NA NA NA NA
1523743200.0 250205.0 NA 278 628 0 NA NA NA NA NA 558 750 0 NA NA NA NA NA 11166 2611 717 NA NA NA NA NA 6461 1904 797 NA NA NA NA
1523743200.0 250205.17 NA 295 687 0 NA NA NA NA NA 548 819 0 NA NA NA NA NA 13205 3364 1174 NA NA NA NA NA 7102 2208 1227 NA NA NA NA
1523743200.0 250205.18 NA 516 798 0 NA NA NA NA NA 974 963 0 NA NA NA NA NA 26574 4669 1987 NA NA NA NA NA 10861 2793 2058 NA NA NA NA
1523743200.0 250206.0 NA 281 616 0 NA NA NA NA NA 535 756 0 NA NA NA NA NA 13154 3018 723 NA NA NA NA NA 5512 2054 802 NA NA NA NA
1523743200.0 250206.17 NA 294 673 0 NA NA NA NA NA 587 844 0 NA NA NA NA NA 13130 3391 1188 NA NA NA NA NA 5725 2265 1237 NA NA NA NA
1523743200.0 250206.18 NA 522 817 0 NA NA NA NA NA 997 968 0 NA NA NA NA NA 27316 4999 2025 NA NA NA NA NA 10332 2776 2105 NA NA NA NA
1523743200.0 250207.0 NA 265 626 0 NA NA NA NA NA 517 739 0 NA NA NA NA NA 11520 2597 705 NA NA NA NA NA 6432 1938 756 NA NA NA NA
1523743200.0 250207.17 NA 284 681 0 NA NA NA NA NA 583 822 0 NA NA NA NA NA 12598 3004 1149 NA NA NA NA NA 7352 2093 1206 NA NA NA NA
1523743200.0 250207.18 NA 505 789 0 NA NA NA NA NA 965 943 0 NA NA NA NA NA 26156 4291 2013 NA NA NA NA NA 10231 2526 2114 NA NA NA NA
1523743200.0 250208.17 NA 304 696 0 NA NA NA NA NA 585 831 0 NA NA NA NA NA 14194 4835 1184 NA NA NA NA NA 7565 2566 1248 NA NA NA NA
1523743200.0 250208.18 NA 566 828 0 NA NA NA NA NA 1124 973 0 NA NA NA NA NA 31670 7634 2004 NA NA NA NA NA 10561 3371 2080 NA NA NA NA
1523743200.0 250399.0 245 NA NA NA NA NA NA NA 431 NA NA NA NA NA NA NA 1393 NA NA NA NA NA NA NA 2213 NA NA NA NA NA NA NA
1523743200.0 250400.0 378 0 103 NA NA NA NA NA 534 0 158 NA NA NA NA NA 1502 227 524 NA NA NA NA NA 1506 299 610 NA NA NA NA NA
1523743200.0 250402.0 419 0 105 NA NA NA NA NA 541 0 159 NA NA NA NA NA 1475 229 558 NA NA NA NA NA 1585 272 744 NA NA NA NA NA
1523743200.0 250403.0 414 0 110 NA NA NA NA NA 529 0 161 NA NA NA NA NA 1366 220 532 NA NA NA NA NA 1385 357 580 NA NA NA NA NA
1523743200.0 250405.0 372 0 104 NA NA NA NA NA 537 0 156 NA NA NA NA NA 1391 220 495 NA NA NA NA NA 1315 285 591 NA NA NA NA NA
1523743200.0 250406.0 326 0 97 NA NA NA NA NA 529 0 151 NA NA NA NA NA 1286 222 466 NA NA NA NA NA 1587 797 1178 NA NA NA NA NA
1523743200.0 250407.0 328 0 109 NA NA NA NA NA 529 0 159 NA NA NA NA NA 1365 203 546 NA NA NA NA NA 1435 439 1012 NA NA NA NA NA
1523743200.0 250408.0 420 0 104 NA NA NA NA NA 548 0 158 NA NA NA NA NA 1424 238 607 NA NA NA NA NA 1260 321 627 NA NA NA NA NA
1523743200.0 250409.0 397 0 109 NA NA NA NA NA 534 0 161 NA NA NA NA NA 2174 243 948 NA NA NA NA NA 1570 384 728 NA NA NA NA NA
1523743200.0 25200.0 NA 264 681 0 NA NA NA NA NA 413 1044 0 NA NA NA NA NA 3336 4809 855 NA NA NA NA NA 4086 3201 943 NA NA NA NA
1523743200.0 25202.0 NA 275 802 0 NA NA NA NA NA 404 1000 0 NA NA NA NA NA 3606 3960 793 NA NA NA NA NA 5316 2634 891 NA NA NA NA
1523743200.0 25203.0 NA 261 813 0 NA NA NA NA NA 403 982 0 NA NA NA NA NA 3733 4039 854 NA NA NA NA NA 4680 2645 942 NA NA NA NA
1523743200.0 25204.0 NA 259 747 0 NA NA NA NA NA 408 960 0 NA NA NA NA NA 3162 4103 823 NA NA NA NA NA 4750 2992 907 NA NA NA NA
1523743200.0 25205.0 NA 249 796 0 NA NA NA NA NA 404 1002 0 NA NA NA NA NA 3446 3695 819 NA NA NA NA NA 5334 2562 905 NA NA NA NA
1523743200.0 25206.0 NA 266 781 0 NA NA NA NA NA 402 973 0 NA NA NA NA NA 3695 3890 809 NA NA NA NA NA 6368 2694 922 NA NA NA NA
1523743200.0 25207.0 NA 254 683 0 NA NA NA NA NA 403 1026 0 NA NA NA NA NA 3140 4443 880 NA NA NA NA NA 4028 3159 1040 NA NA NA NA
1523743200.0 25208.0 NA 274 795 0 NA NA NA NA NA 421 977 0 NA NA NA NA NA 3411 5155 825 NA NA NA NA NA 3767 2975 932 NA NA NA NA
1523743200.0 25209.0 NA 255 802 0 NA NA NA NA NA 399 990 0 NA NA NA NA NA 3568 3937 802 NA NA NA NA NA 4453 2594 885 NA NA NA NA
1523743200.0 25210.0 97 276 781 0 NA NA NA NA 228 407 935 0 NA NA NA NA 4357 2202 3033 911 NA NA NA NA 3121 2997 2737 998 NA NA NA NA
1523743200.0 25211.0 91 256 755 0 NA NA NA NA 222 409 943 0 NA NA NA NA 3542 3688 3939 806 NA NA NA NA 2241 5880 2730 881 NA NA NA NA
1523743200.0 25211.17 75 264 573 0 NA NA NA NA 200 402 839 0 NA NA NA NA 3650 4918 4320 1335 NA NA NA NA 2743 11348 3173 1444 NA NA NA NA
1523743200.0 25212.0 90 265 721 0 NA NA NA NA 220 392 992 0 NA NA NA NA 4250 3564 5001 902 NA NA NA NA 3811 4448 3283 1056 NA NA NA NA
1523743200.0 25212.17 75 252 680 0 NA NA NA NA 203 406 836 0 NA NA NA NA 5355 5119 4035 1354 NA NA NA NA 4042 12090 3193 1493 NA NA NA NA
1523743200.0 25213.0 92 261 759 0 NA NA NA NA 227 405 982 0 NA NA NA NA 5876 3600 3862 821 NA NA NA NA 4558 6000 2617 922 NA NA NA NA
1523743200.0 25213.17 76 263 677 0 NA NA NA NA 203 408 837 0 NA NA NA NA 5154 4036 4032 1383 NA NA NA NA 3891 11653 2860 1539 NA NA NA NA
1523743200.0 25214.0 NA 261 688 0 NA NA NA NA NA 410 1038 0 NA NA NA NA NA 3343 4653 906 NA NA NA NA NA 6182 3507 1070 NA NA NA NA
1523743200.0 25400.0 542 0 105 NA NA NA NA NA 695 0 158 NA NA NA NA NA 5883 311 656 NA NA NA NA NA 4084 436 1027 NA NA NA NA NA
1523743200.0 25402.0 554 0 112 NA NA NA NA NA 685 0 159 NA NA NA NA NA 6156 303 723 NA NA NA NA NA 3460 373 724 NA NA NA NA NA
1523743200.0 25403.0 543 0 103 NA NA NA NA NA 682 0 159 NA NA NA NA NA 5126 309 707 NA NA NA NA NA 3574 610 1441 NA NA NA NA NA
1523743200.0 25405.0 555 0 105 NA NA NA NA NA 671 0 156 NA NA NA NA NA 5084 312 617 NA NA NA NA NA 3139 433 756 NA NA NA NA NA
1523743200.0 25406.0 404 0 107 NA NA NA NA NA 566 0 154 NA NA NA NA NA 2079 293 557 NA NA NA NA NA 1881 380 688 NA NA NA NA NA
1523743200.0 25407.0 369 0 111 NA NA NA NA NA 591 0 160 NA NA NA NA NA 5038 294 614 NA NA NA NA NA 3495 367 785 NA NA NA NA NA
1523743200.0 25408.0 535 0 107 NA NA NA NA NA 696 0 160 NA NA NA NA NA 6499 250 1035 NA NA NA NA NA 4080 301 976 NA NA NA NA NA
1523743200.0 25409.0 543 0 105 NA NA NA NA NA 685 0 155 NA NA NA NA NA 4695 243 581 NA NA NA NA NA 3426 310 574 NA NA NA NA NA
1523743200.0 26.0 NA 122 439 0 NA NA NA NA NA 370 535 0 NA NA NA NA NA 2724 3193 588 NA NA NA NA NA 2666 2545 683 NA NA NA NA
1523743200.0 27.0 NA 125 415 0 NA NA NA NA NA 369 518 0 NA NA NA NA NA 2409 3204 664 NA NA NA NA NA 1960 2655 970 NA NA NA NA
1523743200.0 28.0 NA 123 425 0 NA NA NA NA NA 369 521 0 NA NA NA NA NA 3221 3528 591 NA NA NA NA NA 2179 2326 712 NA NA NA NA
1523743200.0 280.0 140 94 396 0 NA NA NA NA 263 369 484 0 NA NA NA NA 7722 754 2557 771 NA NA NA NA 4476 851 4594 1277 NA NA NA NA
1523743200.0 281.0 125 107 479 0 NA NA NA NA 273 381 612 0 NA NA NA NA 4923 1020 2137 1065 NA NA NA NA 2746 1414 3601 1743 NA NA NA NA
1523743200.0 29.0 NA 123 444 0 NA NA NA NA NA 377 538 0 NA NA NA NA NA 2552 3058 614 NA NA NA NA NA 1988 2340 734 NA NA NA NA
1523743200.0 3.0 86 89 170 NA NA NA NA NA 181 361 273 NA NA NA NA NA 5927 669 1103 NA NA NA NA NA 3959 1114 1721 NA NA NA NA NA
1523743200.0 30.0 NA 121 423 0 NA NA NA NA NA 370 519 0 NA NA NA NA NA 2946 3186 632 NA NA NA NA NA 2059 2320 742 NA NA NA NA
1523743200.0 300.0 67 136 366 0 NA NA NA NA 131 399 498 0 NA NA NA NA 1905 768 1722 638 NA NA NA NA 1675 1017 2846 972 NA NA NA NA
1523743200.0 301.0 69 141 369 0 NA NA NA NA 133 399 526 0 NA NA NA NA 2399 713 1748 632 NA NA NA NA 1763 1160 2530 968 NA NA NA NA
1523743200.0 302.0 66 132 369 0 NA NA NA NA 131 399 524 0 NA NA NA NA 1656 1355 1606 588 NA NA NA NA 1475 1269 2724 670 NA NA NA NA
1523743200.0 31.0 NA 124 422 0 NA NA NA NA NA 369 511 0 NA NA NA NA NA 2294 2939 594 NA NA NA NA NA 1674 2208 767 NA NA NA NA
1523743200.0 32.0 NA 122 424 0 NA NA NA NA NA 369 517 0 NA NA NA NA NA 2392 3254 610 NA NA NA NA NA 2464 2352 736 NA NA NA NA
1523743200.0 33.0 NA 125 386 0 NA NA NA NA NA 369 536 0 NA NA NA NA NA 2603 3716 634 NA NA NA NA NA 2380 5242 1043 NA NA NA NA
1523743200.0 34.0 101 94 396 0 NA NA NA NA 186 369 491 0 NA NA NA NA 3147 688 2298 568 NA NA NA NA 2390 1228 4850 674 NA NA NA NA
1523743200.0 35.0 NA 124 429 0 NA NA NA NA NA 377 516 0 NA NA NA NA NA 2949 3261 658 NA NA NA NA NA 2533 2243 765 NA NA NA NA
1523743200.0 36.0 NA 112 435 0 NA NA NA NA NA 369 546 0 NA NA NA NA NA 2908 12642 645 NA NA NA NA NA 1893 6750 902 NA NA NA NA
1523743200.0 37.0 NA 119 432 0 NA NA NA NA NA 369 527 0 NA NA NA NA NA 2950 4834 613 NA NA NA NA NA 2423 3128 699 NA NA NA NA
1523743200.0 38.0 NA 131 429 0 NA NA NA NA NA 369 542 0 NA NA NA NA NA 3150 4319 614 NA NA NA NA NA 2418 2645 710 NA NA NA NA
1523743200.0 39.0 NA 129 439 0 NA NA NA NA NA 369 519 0 NA NA NA NA NA 3521 7084 638 NA NA NA NA NA 2632 3303 730 NA NA NA NA
1523743200.0 4.17 NA 33 381 0 156 NA NA NA NA 75 463 0 251 NA NA NA NA 247 2728 541 1291 NA NA NA NA 221 1893 689 1580 NA NA NA
1523743200.0 4.22 NA 197 67 62 0 NA NA NA NA 281 114 126 0 NA NA NA NA 984 273 298 219 NA NA NA NA 1397 711 983 360 NA NA NA
1523743200.0 4.23 NA 63 389 0 NA NA NA NA NA 112 459 0 NA NA NA NA NA 394 2595 733 NA NA NA NA NA 540 1950 903 NA NA NA NA
1523743200.0 4.24 NA 62 385 0 NA NA NA NA NA 102 462 0 NA NA NA NA NA 367 2722 624 NA NA NA NA NA 665 2221 671 NA NA NA NA
1523743200.0 4.25 NA 61 387 0 NA NA NA NA NA 102 456 0 NA NA NA NA NA 357 2848 639 NA NA NA NA NA 580 2247 770 NA NA NA NA
1523743200.0 4.26 NA 64 386 0 NA NA NA NA NA 101 481 0 NA NA NA NA NA 419 3110 684 NA NA NA NA NA 593 1982 748 NA NA NA NA
1523743200.0 4.27 NA 58 392 0 NA NA NA NA NA 103 459 0 NA NA NA NA NA 349 3347 712 NA NA NA NA NA 516 2210 841 NA NA NA NA
1523743200.0 4.28 NA 61 376 0 NA NA NA NA NA 112 455 0 NA NA NA NA NA 268 2491 2325 NA NA NA NA NA 632 2091 2521 NA NA NA NA
1523743200.0 4.29 NA 41 380 0 163 NA NA NA NA 82 460 0 254 NA NA NA NA 351 2957 572 1347 NA NA NA NA 358 1959 699 1334 NA NA NA
1523743200.0 4.34 NA 70 390 0 NA NA NA NA NA 114 465 0 NA NA NA NA NA 440 3202 709 NA NA NA NA NA 897 2077 1016 NA NA NA NA
1523743200.0 4.36 NA 58 391 0 NA NA NA NA NA 105 465 0 NA NA NA NA NA 362 3348 585 NA NA NA NA NA 900 2232 896 NA NA NA NA
1523743200.0 4.37 NA 60 396 0 NA NA NA NA NA 103 478 0 NA NA NA NA NA 406 3787 614 NA NA NA NA NA 1575 2315 678 NA NA NA NA
1523743200.0 4.4 NA 39 396 0 NA NA NA NA NA 82 476 0 NA NA NA NA NA 250 3570 555 NA NA NA NA NA 308 2100 684 NA NA NA NA
1523743200.0 4.41 NA 36 394 0 NA NA NA NA NA 78 479 0 NA NA NA NA NA 280 4702 563 NA NA NA NA NA 398 2372 649 NA NA NA NA
1523743200.0 4.42 NA 37 410 0 NA NA NA NA NA 79 491 0 NA NA NA NA NA 318 5688 565 NA NA NA NA NA 359 3328 655 NA NA NA NA
1523743200.0 4.43 NA 35 393 0 NA NA NA NA NA 83 467 0 NA NA NA NA NA 252 3405 575 NA NA NA NA NA 531 2180 650 NA NA NA NA
1523743200.0 4.44 NA 37 394 0 NA NA NA NA NA 79 479 0 NA NA NA NA NA 252 4266 562 NA NA NA NA NA 275 2487 687 NA NA NA NA
1523743200.0 4.45 NA 35 401 0 NA NA NA NA NA 78 491 0 NA NA NA NA NA 239 6303 558 NA NA NA NA NA 424 2800 628 NA NA NA NA
1523743200.0 4.51 NA 36 407 0 NA NA NA NA NA 80 497 0 NA NA NA NA NA 280 5164 554 NA NA NA NA NA 285 2779 633 NA NA NA NA
1523743200.0 4.52 NA 36 404 0 NA NA NA NA NA 79 497 0 NA NA NA NA NA 271 6321 566 NA NA NA NA NA 264 3041 676 NA NA NA NA
1523743200.0 4.53 NA 37 404 0 NA NA NA NA NA 81 489 0 NA NA NA NA NA 336 5992 557 NA NA NA NA NA 504 2733 635 NA NA NA NA
1523743200.0 4.54 NA 31 411 0 NA NA NA NA NA 79 498 0 NA NA NA NA NA 306 6037 567 NA NA NA NA NA 469 2766 632 NA NA NA NA
1523743200.0 4.55 NA 36 414 0 NA NA NA NA NA 80 495 0 NA NA NA NA NA 314 7695 570 NA NA NA NA NA 437 3668 685 NA NA NA NA
1523743200.0 4.57 NA 62 423 0 NA NA NA NA NA 99 502 0 NA NA NA NA NA 312 7202 583 NA NA NA NA NA 318 3981 704 NA NA NA NA
1523743200.0 4.58 NA 47 396 0 NA NA NA NA NA 97 476 0 NA NA NA NA NA 392 4353 578 NA NA NA NA NA 516 2368 643 NA NA NA NA
1523743200.0 4.6 NA 443 0 NA NA NA NA NA NA 522 0 NA NA NA NA NA NA 2419 539 NA NA NA NA NA NA 1907 611 NA NA NA NA NA
1523743200.0 4.61 NA 34 416 0 NA NA NA NA NA 79 501 0 NA NA NA NA NA 431 5848 561 NA NA NA NA NA 533 3187 707 NA NA NA NA
1523743200.0 4.62 NA 36 410 0 NA NA NA NA NA 81 488 0 NA NA NA NA NA 345 5894 571 NA NA NA NA NA 442 3083 747 NA NA NA NA
1523743200.0 4.63 NA 36 407 0 NA NA NA NA NA 80 493 0 NA NA NA NA NA 309 6616 566 NA NA NA NA NA 404 3010 806 NA NA NA NA
1523743200.0 4.64 NA 36 412 0 NA NA NA NA NA 80 489 0 NA NA NA NA NA 291 6243 552 NA NA NA NA NA 384 2833 628 NA NA NA NA
1523743200.0 4.65 NA 36 419 0 NA NA NA NA NA 80 510 0 NA NA NA NA NA 272 9180 577 NA NA NA NA NA 336 3782 650 NA NA NA NA
1523743200.0 4.67 NA 61 423 0 NA NA NA NA NA 103 499 0 NA NA NA NA NA 377 7179 598 NA NA NA NA NA 600 3090 708 NA NA NA NA
1523743200.0 4.68 NA 51 409 0 NA NA NA NA NA 94 497 0 NA NA NA NA NA 321 5626 562 NA NA NA NA NA 470 3065 746 NA NA NA NA
1523743200.0 4.71 NA 36 403 0 NA NA NA NA NA 79 485 0 NA NA NA NA NA 277 4481 566 NA NA NA NA NA 255 2306 682 NA NA NA NA
1523743200.0 4.72 NA 37 409 0 NA NA NA NA NA 81 481 0 NA NA NA NA NA 310 5340 550 NA NA NA NA NA 277 2551 703 NA NA NA NA
1523743200.0 4.73 NA 38 416 0 NA NA NA NA NA 83 489 0 NA NA NA NA NA 275 6307 562 NA NA NA NA NA 366 2840 636 NA NA NA NA
1523743200.0 4.74 NA 34 406 0 NA NA NA NA NA 77 482 0 NA NA NA NA NA 289 5326 547 NA NA NA NA NA 416 2669 647 NA NA NA NA
1523743200.0 4.75 NA 37 409 0 NA NA NA NA NA 81 496 0 NA NA NA NA NA 254 6414 565 NA NA NA NA NA 312 2845 621 NA NA NA NA
1523743200.0 4.76 NA 65 419 0 NA NA NA NA NA 103 503 0 NA NA NA NA NA 352 6869 573 NA NA NA NA NA 434 3420 647 NA NA NA NA
1523743200.0 4.77 NA 62 414 0 NA NA NA NA NA 102 511 0 NA NA NA NA NA 380 7948 582 NA NA NA NA NA 528 3595 676 NA NA NA NA
1523743200.0 4.78 NA 52 420 0 NA NA NA NA NA 98 504 0 NA NA NA NA NA 286 6654 555 NA NA NA NA NA 523 3352 720 NA NA NA NA
1523743200.0 4000.0 NA 120 429 NA NA NA NA NA NA 370 530 NA NA NA NA NA NA 2529 3911 NA NA NA NA NA NA 1394 2233 NA NA NA NA NA
1523743200.0 4001.0 NA 167 498 NA NA NA NA NA NA 380 612 NA NA NA NA NA NA 1111 2174 NA NA NA NA NA NA 1028 2049 NA NA NA NA NA
1523743200.0 4002.0 NA 123 422 NA NA NA NA NA NA 377 522 NA NA NA NA NA NA 2071 2640 NA NA NA NA NA NA 1034 2470 NA NA NA NA NA
1523743200.0 4003.0 NA 125 437 NA NA NA NA NA NA 370 520 NA NA NA NA NA NA 2091 2673 NA NA NA NA NA NA 1146 1816 NA NA NA NA NA
1523743200.0 4006.0 69 166 491 NA NA NA NA NA 142 378 603 NA NA NA NA NA 1257 1164 2088 NA NA NA NA NA 798 1419 1818 NA NA NA NA NA
1523743200.0 4007.0 54 94 390 NA NA NA NA NA 116 385 525 NA NA NA NA NA 1141 431 1468 NA NA NA NA NA 1253 617 2141 NA NA NA NA NA
1523743200.0 4008.0 45 0 0 NA NA NA NA NA 92 0 0 NA NA NA NA NA 942 290 1222 NA NA NA NA NA 807 457 1868 NA NA NA NA NA
1523743200.0 43.0 NA 120 426 0 NA NA NA NA NA 369 523 0 NA NA NA NA NA 2331 3634 627 NA NA NA NA NA 1481 2372 778 NA NA NA NA
1523743200.0 44.0 NA 119 421 0 NA NA NA NA NA 377 520 0 NA NA NA NA NA 2443 3288 600 NA NA NA NA NA 1979 2313 771 NA NA NA NA
1523743200.0 45.0 NA 132 427 0 NA NA NA NA NA 369 530 0 NA NA NA NA NA 2888 3395 615 NA NA NA NA NA 2269 2324 775 NA NA NA NA
1523743200.0 5.1 353 0 NA NA NA NA NA NA 500 0 NA NA NA NA NA NA 1267 243 NA NA NA NA NA NA 1065 564 NA NA NA NA NA NA
1523743200.0 5.2 276 0 NA NA NA NA NA NA 500 0 NA NA NA NA NA NA 1165 218 NA NA NA NA NA NA 2267 501 NA NA NA NA NA NA
1523743200.0 5.3 276 0 NA NA NA NA NA NA 508 0 NA NA NA NA NA NA 1090 217 NA NA NA NA NA NA 1797 418 NA NA NA NA NA NA
1523743200.0 5.4 369 0 NA NA NA NA NA NA 501 0 NA NA NA NA NA NA 1054 225 NA NA NA NA NA NA 975 283 NA NA NA NA NA NA
1523743200.0 5.5 368 0 NA NA NA NA NA NA 512 0 NA NA NA NA NA NA 1200 225 NA NA NA NA NA NA 1539 300 NA NA NA NA NA NA
1523743200.0 5.6 332 0 NA NA NA NA NA NA 500 0 NA NA NA NA NA NA 1323 235 NA NA NA NA NA NA 2358 284 NA NA NA NA NA NA
1523743200.0 5.7 359 0 NA NA NA NA NA NA 500 0 NA NA NA NA NA NA 1290 247 NA NA NA NA NA NA 1163 388 NA NA NA NA NA NA
1523743200.0 500199.0 187 NA NA NA NA NA NA NA 407 NA NA NA NA NA NA NA 2566 NA NA NA NA NA NA NA 3393 NA NA NA NA NA NA NA
1523743200.0 500200.0 NA 192 459 0 NA NA NA NA NA 402 564 0 NA NA NA NA NA 6657 2249 481 NA NA NA NA NA 4979 2019 630 NA NA NA NA
1523743200.0 500200.1 87 174 203 NA NA NA NA NA 162 399 310 NA NA NA NA NA 2911 1133 1634 NA NA NA NA NA 2635 2042 2299 NA NA NA NA NA
1523743200.0 500202.0 NA 201 478 0 NA NA NA NA NA 402 578 0 NA NA NA NA NA 7979 2575 496 NA NA NA NA NA 4270 1978 573 NA NA NA NA
1523743200.0 500203.0 NA 207 480 0 NA NA NA NA NA 402 578 0 NA NA NA NA NA 7128 2559 493 NA NA NA NA NA 3724 1800 648 NA NA NA NA
1523743200.0 500204.0 NA 193 475 0 NA NA NA NA NA 402 575 0 NA NA NA NA NA 6721 2578 496 NA NA NA NA NA 4375 1782 652 NA NA NA NA
1523743200.0 500205.0 NA 195 462 0 NA NA NA NA NA 402 567 0 NA NA NA NA NA 7106 2388 487 NA NA NA NA NA 3740 1949 562 NA NA NA NA
1523743200.0 500206.0 NA 197 461 0 NA NA NA NA NA 402 564 0 NA NA NA NA NA 7125 2461 496 NA NA NA NA NA 5102 1796 562 NA NA NA NA
1523743200.0 500207.0 NA 183 463 0 NA NA NA NA NA 403 555 0 NA NA NA NA NA 6733 2413 484 NA NA NA NA NA 3840 1885 559 NA NA NA NA
1523743200.0 50200.0 NA 183 569 0 NA NA NA NA NA 389 698 0 NA NA NA NA NA 1739 2614 491 NA NA NA NA NA 2979 2031 552 NA NA NA NA
1523743200.0 50202.0 NA 179 563 0 NA NA NA NA NA 389 692 0 NA NA NA NA NA 1748 2862 493 NA NA NA NA NA 2688 2262 553 NA NA NA NA
1523743200.0 50203.0 NA 189 544 0 NA NA NA NA NA 381 682 0 NA NA NA NA NA 1920 2789 497 NA NA NA NA NA 3450 2083 562 NA NA NA NA
1523743200.0 50204.0 NA 182 533 0 NA NA NA NA NA 389 664 0 NA NA NA NA NA 1744 2653 493 NA NA NA NA NA 3924 1958 576 NA NA NA NA
1523743200.0 50205.0 NA 182 555 0 NA NA NA NA NA 381 689 0 NA NA NA NA NA 1742 2768 490 NA NA NA NA NA 2354 1969 560 NA NA NA NA
1523743200.0 50206.0 NA 185 548 0 NA NA NA NA NA 381 720 0 NA NA NA NA NA 2377 2819 496 NA NA NA NA NA 2846 2333 592 NA NA NA NA
1523743200.0 50207.0 NA 177 521 0 NA NA NA NA NA 389 668 0 NA NA NA NA NA 1730 2495 487 NA NA NA NA NA 2661 2137 531 NA NA NA NA
1523743200.0 50208.0 NA 193 562 0 NA NA NA NA NA 389 725 0 NA NA NA NA NA 1936 4335 498 NA NA NA NA NA 3071 2446 559 NA NA NA NA
1523743200.0 503.0 35 0 NA NA NA NA NA NA 78 0 NA NA NA NA NA NA 295 201 NA NA NA NA NA NA 558 607 NA NA NA NA NA NA
1523743200.0 504.0 39 0 NA NA NA NA NA NA 80 0 NA NA NA NA NA NA 320 196 NA NA NA NA NA NA 539 543 NA NA NA NA NA NA
1523743200.0 505.0 36 0 NA NA NA NA NA NA 79 0 NA NA NA NA NA NA 264 196 NA NA NA NA NA NA 332 522 NA NA NA NA NA NA
1523743200.0 506.0 42 0 NA NA NA NA NA NA 79 0 NA NA NA NA NA NA 305 200 NA NA NA NA NA NA 763 485 NA NA NA NA NA NA
1523743200.0 507.0 35 0 NA NA NA NA NA NA 78 0 NA NA NA NA NA NA 318 195 NA NA NA NA NA NA 675 529 NA NA NA NA NA NA
1523743200.0 508.0 38 0 NA NA NA NA NA NA 78 0 NA NA NA NA NA NA 279 196 NA NA NA NA NA NA 633 485 NA NA NA NA NA NA
1523743200.0 509.0 35 0 NA NA NA NA NA NA 76 0 NA NA NA NA NA NA 238 199 NA NA NA NA NA NA 655 418 NA NA NA NA NA NA
1523743200.0 510.0 36 0 NA NA NA NA NA NA 79 0 NA NA NA NA NA NA 381 196 NA NA NA NA NA NA 576 540 NA NA NA NA NA NA
1523743200.0 511.0 36 0 NA NA NA NA NA NA 84 0 NA NA NA NA NA NA 20299 179 NA NA NA NA NA NA 27502 327 NA NA NA NA NA NA
1523743200.0 512.0 0 NA NA NA NA NA NA NA 0 NA NA NA NA NA NA NA 76 NA NA NA NA NA NA NA 104 NA NA NA NA NA NA NA
1523743200.0 513.0 0 NA NA NA NA NA NA NA 0 NA NA NA NA NA NA NA 84 NA NA NA NA NA NA NA 151 NA NA NA NA NA NA NA
1523743200.0 514.0 16 36 0 NA NA NA NA NA 137 81 0 NA NA NA NA NA 536 280 198 NA NA NA NA NA 1681 464 576 NA NA NA NA NA
1523743200.0 515.0 0 NA NA NA NA NA NA NA 0 NA NA NA NA NA NA NA 86 NA NA NA NA NA NA NA 272 NA NA NA NA NA NA NA
1523743200.0 516.0 0 NA NA NA NA NA NA NA 0 NA NA NA NA NA NA NA 82 NA NA NA NA NA NA NA 123 NA NA NA NA NA NA NA
1523743200.0 517.0 16 36 0 NA NA NA NA NA 137 81 0 NA NA NA NA NA 2385 337 200 NA NA NA NA NA 5223 750 527 NA NA NA NA NA
1523743200.0 518.0 0 NA NA NA NA NA NA NA 0 NA NA NA NA NA NA NA 84 NA NA NA NA NA NA NA 377 NA NA NA NA NA NA NA
1523743200.0 519.0 0 NA NA NA NA NA NA NA 0 NA NA NA NA NA NA NA 77 NA NA NA NA NA NA NA 102 NA NA NA NA NA NA NA
1523743200.0 520.0 16 42 0 NA NA NA NA NA 137 82 0 NA NA NA NA NA 2452 328 196 NA NA NA NA NA 5301 585 473 NA NA NA NA NA
1523743200.0 521.0 0 NA NA NA NA NA NA NA 0 NA NA NA NA NA NA NA 83 NA NA NA NA NA NA NA 207 NA NA NA NA NA NA NA
1523743200.0 522.0 0 NA NA NA NA NA NA NA 0 NA NA NA NA NA NA NA 86 NA NA NA NA NA NA NA 162 NA NA NA NA NA NA NA
1523743200.0 523.0 16 45 0 NA NA NA NA NA 137 92 0 NA NA NA NA NA 1241 360 196 NA NA NA NA NA 1303 614 526 NA NA NA NA NA
1523743200.0 524.0 16 39 0 NA NA NA NA NA 137 81 0 NA NA NA NA NA 2350 313 194 NA NA NA NA NA 4982 740 500 NA NA NA NA NA
1523743200.0 525.0 0 NA NA NA NA NA NA NA 0 NA NA NA NA NA NA NA 74 NA NA NA NA NA NA NA 103 NA NA NA NA NA NA NA
1523743200.0 526.0 0 NA NA NA NA NA NA NA 0 NA NA NA NA NA NA NA 83 NA NA NA NA NA NA NA 153 NA NA NA NA NA NA NA
1523743200.0 527.0 16 37 0 NA NA NA NA NA 137 82 0 NA NA NA NA NA 2434 337 191 NA NA NA NA NA 5283 799 470 NA NA NA NA NA
1523743200.0 528.0 0 NA NA NA NA NA NA NA 0 NA NA NA NA NA NA NA 85 NA NA NA NA NA NA NA 156 NA NA NA NA NA NA NA
1523743200.0 529.0 0 NA NA NA NA NA NA NA 0 NA NA NA NA NA NA NA 79 NA NA NA NA NA NA NA 115 NA NA NA NA NA NA NA
1523743200.0 530.0 16 37 0 NA NA NA NA NA 138 81 0 NA NA NA NA NA 2604 298 187 NA NA NA NA NA 5808 637 465 NA NA NA NA NA
1523743200.0 531.0 64 0 NA NA NA NA NA NA 187 0 NA NA NA NA NA NA 292 199 NA NA NA NA NA NA 508 594 NA NA NA NA NA NA
1523743200.0 534.0 40 0 NA NA NA NA NA NA 93 0 NA NA NA NA NA NA 286 205 NA NA NA NA NA NA 945 592 NA NA NA NA NA NA
1523743200.0 541.0 43 0 NA NA NA NA NA NA 88 0 NA NA NA NA NA NA 261 198 NA NA NA NA NA NA 513 607 NA NA NA NA NA NA
1523743200.0 545.0 46 0 NA NA NA NA NA NA 90 0 NA NA NA NA NA NA 372 198 NA NA NA NA NA NA 769 567 NA NA NA NA NA NA
1523743200.0 551.0 16 37 0 NA NA NA NA NA 137 81 0 NA NA NA NA NA 823 166 119 NA NA NA NA NA 2077 257 209 NA NA NA NA NA
1523743200.0 552.0 16 37 0 NA NA NA NA NA 137 82 0 NA NA NA NA NA 1511 190 117 NA NA NA NA NA 2468 302 241 NA NA NA NA NA
1523743200.0 554.0 16 42 0 NA NA NA NA NA 137 82 0 NA NA NA NA NA 2381 184 145 NA NA NA NA NA 3420 280 655 NA NA NA NA NA
1523743200.0 555.0 16 36 0 NA NA NA NA NA 137 80 0 NA NA NA NA NA 1053 171 116 NA NA NA NA NA 1746 266 199 NA NA NA NA NA
1523743200.0 556.0 16 39 0 NA NA NA NA NA 137 82 0 NA NA NA NA NA 408 186 126 NA NA NA NA NA 2637 272 271 NA NA NA NA NA
1523743200.0 560.0 36 0 NA NA NA NA NA NA 79 0 NA NA NA NA NA NA 183 118 NA NA NA NA NA NA 278 244 NA NA NA NA NA NA
1523743200.0 561.0 40 0 NA NA NA NA NA NA 79 0 NA NA NA NA NA NA 186 116 NA NA NA NA NA NA 290 219 NA NA NA NA NA NA
1523743200.0 562.0 19 36 0 NA NA NA NA NA 137 82 0 NA NA NA NA NA 260 189 146 NA NA NA NA NA 908 335 655 NA NA NA NA NA
1523743200.0 6.0 NA 91 392 0 NA NA NA NA NA 376 498 0 NA NA NA NA NA 1923 1729 483 NA NA NA NA NA 1274 3532 771 NA NA NA NA
1523743200.0 7.0 60 85 181 56 0 NA NA NA 113 367 250 102 0 NA NA NA 1369 608 521 171 202 NA NA NA 1282 1457 1396 355 441 NA NA NA
1523743200.0 7.1 65 85 178 65 0 NA NA NA 114 359 247 103 0 NA NA NA 1599 656 553 175 207 NA NA NA 1218 983 828 528 436 NA NA NA
1523743200.0 7.2 62 103 215 62 0 NA NA NA 115 378 314 106 0 NA NA NA 1144 621 752 174 317 NA NA NA 887 1516 1005 809 435 NA NA NA
1523743200.0 7.3 61 102 217 63 0 NA NA NA 115 378 344 108 0 NA NA NA 1516 681 790 177 342 NA NA NA 1479 1366 1531 316 644 NA NA NA
1523743200.0 7.4 63 103 215 61 0 NA NA NA 115 378 316 106 0 NA NA NA 1075 621 758 312 315 NA NA NA 597 1070 1663 803 438 NA NA NA
1523743200.0 8.0 NA 94 181 50 0 NA NA NA NA 375 255 85 0 NA NA NA NA 1962 669 141 210 NA NA NA NA 1148 1291 544 413 NA NA NA
1523743200.0 9.0 NA 114 431 0 NA NA NA NA NA 377 535 0 NA NA NA NA NA 2509 3580 517 NA NA NA NA NA 2041 2074 859 NA NA NA NA
