Timestamp WorkflowId PeakValueRss1 PeakValueRss2 PeakValueRss3 PeakValueRss4 PeakValueRss5 PeakValueRss6 PeakValueRss7 PeakValueRss8 PeakValueRss9 PeakValueVsize1 PeakValueVsize2 PeakValueVsize3 PeakValueVsize4 PeakValueVsize5 PeakValueVsize6 PeakValueVsize7 PeakValueVsize8 PeakValueVsize9 TotalJobCPU1 TotalJobCPU2 TotalJobCPU3 TotalJobCPU4 TotalJobCPU5 TotalJobCPU6 TotalJobCPU7 TotalJobCPU8 TotalJobCPU9 TotalJobTime1 TotalJobTime2 TotalJobTime3 TotalJobTime4 TotalJobTime5 TotalJobTime6 TotalJobTime7 TotalJobTime8 TotalJobTime9
1577138400.0 1.0 74 149 183 NA NA NA NA NA NA 193 591 303 NA NA NA NA NA NA 1711 440 1282 NA NA NA NA NA NA 904 527 1580 NA NA NA NA NA NA
1577138400.0 10.0 NA 148 294 0 NA NA NA NA NA NA 586 459 0 NA NA NA NA NA NA 2111 3232 529 NA NA NA NA NA NA 815 2171 578 NA NA NA NA NA
1577138400.0 1000.0 NA 309 165 0 54 NA NA NA NA NA 437 263 0 100 NA NA NA NA NA 4093 1970 1052 380 NA NA NA NA NA 2571 2306 1147 548 NA NA NA NA
1577138400.0 10001.0 NA 156 350 0 85 NA NA NA NA NA 558 519 0 128 NA NA NA NA NA 1486 3758 1942 463 NA NA NA NA NA 1007 4237 2245 644 NA NA NA NA
1577138400.0 10002.0 NA 158 349 0 76 NA NA NA NA NA 513 526 0 126 NA NA NA NA NA 1338 3837 1856 511 NA NA NA NA NA 976 4542 1976 648 NA NA NA NA
1577138400.0 10003.0 NA 159 355 0 76 NA NA NA NA NA 468 529 0 124 NA NA NA NA NA 1419 3843 1801 376 NA NA NA NA NA 1065 4511 1932 648 NA NA NA NA
1577138400.0 10004.0 NA 157 349 0 76 NA NA NA NA NA 513 544 0 128 NA NA NA NA NA 1352 3894 1692 493 NA NA NA NA NA 847 4482 1818 691 NA NA NA NA
1577138400.0 10005.0 NA 151 350 0 76 NA NA NA NA NA 513 519 0 129 NA NA NA NA NA 1382 3823 1797 380 NA NA NA NA NA 900 4564 1914 654 NA NA NA NA
1577138400.0 10006.0 NA 155 343 0 77 NA NA NA NA NA 558 552 0 128 NA NA NA NA NA 1359 3782 1842 374 NA NA NA NA NA 971 4472 1970 648 NA NA NA NA
1577138400.0 10007.0 NA 163 347 0 77 NA NA NA NA NA 558 530 0 128 NA NA NA NA NA 1171 3555 2106 591 NA NA NA NA NA 662 3867 2595 1101 NA NA NA NA
1577138400.0 10008.0 NA 155 352 0 72 NA NA NA NA NA 552 551 0 127 NA NA NA NA NA 1349 4013 1844 709 NA NA NA NA NA 1016 4681 2114 1041 NA NA NA NA
1577138400.0 10009.0 NA 155 353 0 77 NA NA NA NA NA 468 557 0 129 NA NA NA NA NA 1318 3984 1772 385 NA NA NA NA NA 1021 4591 1898 673 NA NA NA NA
1577138400.0 1001.0 NA 259 123 0 0 0 0 0 0 NA 389 182 0 0 0 0 0 0 NA 3978 1163 154 142 155 452 316 242 NA 2473 1253 183 172 185 546 707 284
1577138400.0 1001.2 NA 375 136 0 NA NA NA NA NA NA 584 215 0 NA NA NA NA NA NA 23798 2281 134 NA NA NA NA NA NA 8856 1523 184 NA NA NA NA NA
1577138400.0 1002.0 NA 294 79 NA NA NA NA NA NA NA 447 133 NA NA NA NA NA NA NA 3123 361 NA NA NA NA NA NA NA 2855 228 NA NA NA NA NA NA
1577138400.0 10023.0 NA 159 344 0 76 NA NA NA NA NA 559 522 0 127 NA NA NA NA NA 1436 3813 1794 532 NA NA NA NA NA 1035 4521 1957 647 NA NA NA NA
1577138400.0 10024.0 NA 165 361 0 78 NA NA NA NA NA 558 563 0 129 NA NA NA NA NA 1508 3971 1900 399 NA NA NA NA NA 891 3917 2037 661 NA NA NA NA
1577138400.0 10024.1 NA 164 188 0 NA NA NA NA NA NA 597 324 0 NA NA NA NA NA NA 651 704 305 NA NA NA NA NA NA 503 894 371 NA NA NA NA NA
1577138400.0 10024.2 NA 167 374 0 NA NA NA NA NA NA 552 544 0 NA NA NA NA NA NA 1456 3777 1908 NA NA NA NA NA NA 944 3813 2049 NA NA NA NA NA
1577138400.0 10024.3 NA 167 179 0 NA NA NA NA NA NA 602 318 0 NA NA NA NA NA NA 659 680 281 NA NA NA NA NA NA 503 893 344 NA NA NA NA NA
1577138400.0 10024.4 NA 167 375 0 NA NA NA NA NA NA 514 519 0 NA NA NA NA NA NA 1505 3705 1912 NA NA NA NA NA NA 971 3765 2078 NA NA NA NA NA
1577138400.0 10024.5 NA 168 150 0 NA NA NA NA NA NA 605 235 0 NA NA NA NA NA NA 659 423 122 NA NA NA NA NA NA 529 703 197 NA NA NA NA NA
1577138400.0 10025.0 NA 162 354 0 78 NA NA NA NA NA 558 551 0 127 NA NA NA NA NA 1453 4025 2090 607 NA NA NA NA NA 919 4480 2531 1066 NA NA NA NA
1577138400.0 10026.0 NA 183 363 0 79 NA NA NA NA NA 602 574 0 129 NA NA NA NA NA 1151 4603 1966 581 NA NA NA NA NA 603 4176 2189 937 NA NA NA NA
1577138400.0 1003.0 NA 254 0 NA NA NA NA NA NA NA 394 0 NA NA NA NA NA NA NA 2486 509 NA NA NA NA NA NA NA 1527 569 NA NA NA NA NA NA
1577138400.0 1004.0 NA 212 93 0 0 0 0 NA NA NA 340 149 0 0 0 0 NA NA NA 866 283 74 116 256 251 NA NA NA 1376 376 134 174 343 306 NA NA
1577138400.0 10042.0 NA 165 352 0 76 NA NA NA NA NA 603 523 0 130 NA NA NA NA NA 1147 3753 2125 434 NA NA NA NA NA 630 3891 2586 585 NA NA NA NA
1577138400.0 10059.0 NA 179 366 0 78 NA NA NA NA NA 557 571 0 134 NA NA NA NA NA 1417 4960 1748 400 NA NA NA NA NA 969 4208 2071 659 NA NA NA NA
1577138400.0 10071.0 NA 167 357 0 77 NA NA NA NA NA 557 577 0 128 NA NA NA NA NA 1514 3884 2124 541 NA NA NA NA NA 905 3831 2530 672 NA NA NA NA
1577138400.0 101.0 87 NA NA NA NA NA NA NA NA 159 NA NA NA NA NA NA NA NA 752 NA NA NA NA NA NA NA NA 843 NA NA NA NA NA NA NA NA
1577138400.0 1010.0 NA 31 38 0 NA NA NA NA NA NA 84 100 0 NA NA NA NA NA NA 121 183 127 NA NA NA NA NA NA 300 243 186 NA NA NA NA NA
1577138400.0 102.0 95 NA NA NA NA NA NA NA NA 175 NA NA NA NA NA NA NA NA 653 NA NA NA NA NA NA NA NA 738 NA NA NA NA NA NA NA NA
1577138400.0 1020.0 NA 77 31 0 70 NA NA NA NA NA 142 71 0 137 NA NA NA NA NA 215 91 60 222 NA NA NA NA NA 383 178 94 304 NA NA NA NA
1577138400.0 10224.0 NA 321 581 0 NA NA NA NA NA NA 574 830 0 NA NA NA NA NA NA 3769 8258 1828 NA NA NA NA NA NA 1774 5627 1978 NA NA NA NA NA
1577138400.0 10225.0 NA 318 540 0 NA NA NA NA NA NA 573 849 0 NA NA NA NA NA NA 4160 7056 1964 NA NA NA NA NA NA 2321 5248 2129 NA NA NA NA NA
1577138400.0 103.0 65 161 267 NA NA NA NA NA NA 151 583 410 NA NA NA NA NA NA 1179 323 1585 NA NA NA NA NA NA 724 420 2077 NA NA NA NA NA NA
1577138400.0 1030.0 NA 200 52 0 0 NA NA NA NA NA 452 100 0 0 NA NA NA NA NA 6632 230 53 53 NA NA NA NA NA 2139 199 98 83 NA NA NA NA
1577138400.0 1040.0 NA 362 29 0 NA NA NA NA NA NA 616 75 0 NA NA NA NA NA NA 10963 110 120 NA NA NA NA NA NA 3527 151 180 NA NA NA NA NA
1577138400.0 1040.1 NA 78 29 0 NA NA NA NA NA NA 140 75 0 NA NA NA NA NA NA 358 114 111 NA NA NA NA NA NA 509 201 167 NA NA NA NA NA
1577138400.0 10424.0 NA 168 377 0 NA NA NA NA NA NA 558 543 0 NA NA NA NA NA NA 1660 3845 1865 NA NA NA NA NA NA 1102 4638 2006 NA NA NA NA NA
1577138400.0 105.0 73 175 32 NA NA NA NA NA NA 197 583 77 NA NA NA NA NA NA 1493 391 97 NA NA NA NA NA NA 782 313 162 NA NA NA NA NA NA
1577138400.0 106.0 47 0 0 NA NA NA NA NA NA 106 0 0 NA NA NA NA NA NA 920 201 1527 NA NA NA NA NA NA 691 238 2079 NA NA NA NA NA NA
1577138400.0 107.0 86 163 280 NA NA NA NA NA NA 203 538 421 NA NA NA NA NA NA 2189 464 1727 NA NA NA NA NA NA 865 417 1833 NA NA NA NA NA NA
1577138400.0 108.0 84 153 284 NA NA NA NA NA NA 213 582 434 NA NA NA NA NA NA 3214 510 1818 NA NA NA NA NA NA 1249 458 1826 NA NA NA NA NA NA
1577138400.0 10801.0 NA 258 397 0 84 166 NA NA NA NA 711 570 0 148 251 NA NA NA NA 1859 2149 2045 589 1426 NA NA NA NA 2380 3118 2398 703 1699 NA NA NA
1577138400.0 10802.0 NA 262 387 0 84 177 NA NA NA NA 650 572 0 145 269 NA NA NA NA 1604 1899 1837 364 1309 NA NA NA NA 1428 2205 2070 640 1478 NA NA NA
1577138400.0 10803.0 NA 258 391 0 88 183 NA NA NA NA 621 600 0 138 285 NA NA NA NA 1658 1938 1836 383 1308 NA NA NA NA 1603 1996 2052 758 1495 NA NA NA
1577138400.0 10804.0 NA 255 380 0 84 165 NA NA NA NA 707 545 0 139 260 NA NA NA NA 1810 2082 2054 547 1405 NA NA NA NA 1775 2438 2345 569 1805 NA NA NA
1577138400.0 10805.0 NA 262 383 0 88 180 NA NA NA NA 678 553 0 138 278 NA NA NA NA 1631 1903 1837 357 1286 NA NA NA NA 1563 2288 2023 481 1471 NA NA NA
1577138400.0 10806.0 NA 256 375 0 85 145 NA NA NA NA 702 562 0 148 223 NA NA NA NA 1808 2110 2086 589 1407 NA NA NA NA 2250 2906 2312 770 1752 NA NA NA
1577138400.0 10807.0 NA 263 379 0 93 169 NA NA NA NA 667 583 0 157 264 NA NA NA NA 1732 2144 2056 438 1418 NA NA NA NA 1677 3201 2285 860 1819 NA NA NA
1577138400.0 10808.0 NA 263 381 0 97 178 NA NA NA NA 692 570 0 153 269 NA NA NA NA 1871 2169 2051 441 1428 NA NA NA NA 1842 2590 2219 615 1957 NA NA NA
1577138400.0 10809.0 NA 260 385 0 93 183 NA NA NA NA 678 595 0 147 279 NA NA NA NA 1768 2189 2052 452 1453 NA NA NA NA 2027 3019 2478 611 1805 NA NA NA
1577138400.0 10823.0 NA 257 379 0 83 145 NA NA NA NA 677 551 0 140 230 NA NA NA NA 1692 2069 2037 561 1404 NA NA NA NA 1954 2591 2288 797 1844 NA NA NA
1577138400.0 10824.0 NA 271 392 0 94 180 NA NA NA NA 650 570 0 155 274 NA NA NA NA 1847 2356 2100 616 1454 NA NA NA NA 1626 2702 2319 850 1809 NA NA NA
1577138400.0 10824.1 NA 272 196 0 NA NA NA NA NA NA 638 335 0 NA NA NA NA NA NA 1869 813 330 NA NA NA NA NA NA 1767 1355 395 NA NA NA NA NA
1577138400.0 10824.5 NA 268 166 0 NA NA NA NA NA NA 643 241 0 NA NA NA NA NA NA 1904 545 142 NA NA NA NA NA NA 2012 1014 320 NA NA NA NA NA
1577138400.0 10824.6 NA 269 395 0 93 174 NA NA NA NA 673 588 0 154 286 NA NA NA NA 1986 2355 2085 437 1479 NA NA NA NA 1917 2633 2293 714 1747 NA NA NA
1577138400.0 10824.8 NA 269 404 0 102 180 NA NA NA NA 645 759 0 163 292 NA NA NA NA 1703 2451 1885 527 1401 NA NA NA NA 1530 2331 2118 750 1610 NA NA NA
1577138400.0 10825.0 NA 267 387 0 85 175 NA NA NA NA 685 592 0 147 266 NA NA NA NA 1816 2224 2092 576 1413 NA NA NA NA 1583 2471 2403 643 1588 NA NA NA
1577138400.0 10826.0 NA 280 403 0 85 190 NA NA NA NA 680 602 0 144 288 NA NA NA NA 2068 2600 2100 596 1491 NA NA NA NA 2390 2938 2364 707 1693 NA NA NA
1577138400.0 10842.0 NA 269 391 0 94 183 NA NA NA NA 684 602 0 160 265 NA NA NA NA 1936 2321 2083 452 1438 NA NA NA NA 2406 2825 2268 829 1665 NA NA NA
1577138400.0 10859.0 NA 291 401 0 94 189 NA NA NA NA 642 614 0 159 292 NA NA NA NA 1902 2915 2100 456 1486 NA NA NA NA 1600 2609 2321 724 1775 NA NA NA
1577138400.0 10871.0 NA 274 397 0 86 186 NA NA NA NA 600 592 0 146 279 NA NA NA NA 1716 2115 1870 377 1353 NA NA NA NA 1451 2044 2008 562 1481 NA NA NA
1577138400.0 109.0 89 186 284 NA NA NA NA NA NA 215 580 412 NA NA NA NA NA NA 2615 431 1661 NA NA NA NA NA NA 962 292 1579 NA NA NA NA NA NA
1577138400.0 11.0 NA 162 295 0 61 NA NA NA NA NA 585 451 0 121 NA NA NA NA NA 1584 1303 557 241 NA NA NA NA NA 643 1045 604 241 NA NA NA NA
1577138400.0 110.0 63 160 276 NA NA NA NA NA NA 138 581 409 NA NA NA NA NA NA 1054 393 1575 NA NA NA NA NA NA 880 474 2056 NA NA NA NA NA NA
1577138400.0 1102.0 NA 136 308 136 114 NA NA NA NA NA 586 463 242 177 NA NA NA NA NA 3557 6946 2680 392 NA NA NA NA NA 1458 4491 1477 310 NA NA NA NA
1577138400.0 11024.0 NA 483 792 0 179 NA NA NA NA NA 793 1088 0 270 NA NA NA NA NA 5081 5293 1901 1336 NA NA NA NA NA 2729 3190 1963 1512 NA NA NA NA
1577138400.0 11024.2 NA 510 773 0 178 NA NA NA NA NA 829 1177 0 286 NA NA NA NA NA 5478 5490 1921 1332 NA NA NA NA NA 3701 3376 2000 1510 NA NA NA NA
1577138400.0 11024.3 NA 511 791 0 184 NA NA NA NA NA 780 1121 0 286 NA NA NA NA NA 5040 5222 1906 1330 NA NA NA NA NA 3365 3692 2052 1520 NA NA NA NA
1577138400.0 11024.6 NA 483 775 0 184 NA NA NA NA NA 787 1084 0 285 NA NA NA NA NA 4925 4907 1930 1320 NA NA NA NA NA 2736 3007 2131 1524 NA NA NA NA
1577138400.0 11025.0 NA 490 760 0 181 NA NA NA NA NA 756 1052 0 263 NA NA NA NA NA 5038 4815 1933 1314 NA NA NA NA NA 2665 3419 2037 1608 NA NA NA NA
1577138400.0 111.0 79 157 270 NA NA NA NA NA NA 185 581 418 NA NA NA NA NA NA 1502 383 1719 NA NA NA NA NA NA 831 625 2337 NA NA NA NA NA NA
1577138400.0 112.0 92 147 286 NA NA NA NA NA NA 207 583 413 NA NA NA NA NA NA 2078 460 1773 NA NA NA NA NA NA 878 364 2177 NA NA NA NA NA NA
1577138400.0 11224.0 NA 273 393 0 NA NA NA NA NA NA 634 579 0 NA NA NA NA NA NA 1565 2165 1924 NA NA NA NA NA NA 1506 2632 2139 NA NA NA NA NA
1577138400.0 11224.6 NA 268 398 0 NA NA NA NA NA NA 642 601 0 NA NA NA NA NA NA 1560 2202 1929 NA NA NA NA NA NA 1487 2388 2149 NA NA NA NA NA
1577138400.0 113.0 86 172 291 NA NA NA NA NA NA 213 582 426 NA NA NA NA NA NA 1959 440 1753 NA NA NA NA NA NA 842 316 2212 NA NA NA NA NA NA
1577138400.0 114.0 88 144 280 NA NA NA NA NA NA 202 583 429 NA NA NA NA NA NA 2274 430 1663 NA NA NA NA NA NA 1462 387 2042 NA NA NA NA NA NA
1577138400.0 115.0 86 138 281 NA NA NA NA NA NA 207 583 425 NA NA NA NA NA NA 2292 444 1715 NA NA NA NA NA NA 875 299 1722 NA NA NA NA NA NA
1577138400.0 116.0 92 160 283 NA NA NA NA NA NA 215 583 424 NA NA NA NA NA NA 2573 433 1658 NA NA NA NA NA NA 950 296 1586 NA NA NA NA NA NA
1577138400.0 11623.0 75 166 357 0 74 NA NA NA NA 122 558 555 0 127 NA NA NA NA 2559 1152 3663 2382 504 NA NA NA NA 1516 866 4328 3257 588 NA NA NA NA
1577138400.0 11624.0 80 168 369 0 72 NA NA NA NA 131 603 563 0 131 NA NA NA NA 2895 814 1970 1208 243 NA NA NA NA 1001 543 1820 1276 314 NA NA NA NA
1577138400.0 11625.0 76 167 360 0 72 NA NA NA NA 129 604 565 0 124 NA NA NA NA 3618 1287 3696 2281 644 NA NA NA NA 1855 1126 4317 2908 1057 NA NA NA NA
1577138400.0 11626.0 74 176 374 0 72 NA NA NA NA 137 604 541 0 126 NA NA NA NA 4649 836 2208 1209 257 NA NA NA NA 1919 573 2076 1387 357 NA NA NA NA
1577138400.0 11642.0 76 165 360 0 75 NA NA NA NA 121 559 563 0 127 NA NA NA NA 2373 1231 3651 2469 497 NA NA NA NA 1425 1110 4315 3372 585 NA NA NA NA
1577138400.0 117.0 89 153 280 NA NA NA NA NA NA 214 582 433 NA NA NA NA NA NA 2908 457 1778 NA NA NA NA NA NA 1073 300 1686 NA NA NA NA NA NA
1577138400.0 118.0 89 157 288 NA NA NA NA NA NA 208 538 427 NA NA NA NA NA NA 3190 464 1837 NA NA NA NA NA NA 1211 328 1755 NA NA NA NA NA NA
1577138400.0 119.0 88 168 288 NA NA NA NA NA NA 208 580 425 NA NA NA NA NA NA 2232 444 1744 NA NA NA NA NA NA 891 326 1859 NA NA NA NA NA NA
1577138400.0 12.0 NA 137 297 0 NA NA NA NA NA NA 586 434 0 NA NA NA NA NA NA 1860 3144 551 NA NA NA NA NA NA 732 2074 603 NA NA NA NA NA
1577138400.0 120.0 62 150 265 NA NA NA NA NA NA 140 581 426 NA NA NA NA NA NA 976 437 1687 NA NA NA NA NA NA 655 662 2346 NA NA NA NA NA NA
1577138400.0 12024.0 73 170 362 0 NA NA NA NA NA 129 560 575 0 NA NA NA NA NA 5422 1798 4370 1997 NA NA NA NA NA 2229 1088 4832 2148 NA NA NA NA NA
1577138400.0 121.0 91 153 284 NA NA NA NA NA NA 213 578 419 NA NA NA NA NA NA 3128 456 1800 NA NA NA NA NA NA 1184 298 1695 NA NA NA NA NA NA
1577138400.0 122.0 47 0 0 NA NA NA NA NA NA 106 0 0 NA NA NA NA NA NA 920 201 1520 NA NA NA NA NA NA 877 331 2146 NA NA NA NA NA NA
1577138400.0 123.1 317 NA NA NA NA NA NA NA NA 685 NA NA NA NA NA NA NA NA 954 NA NA NA NA NA NA NA NA 1056 NA NA NA NA NA NA NA NA
1577138400.0 123.2 303 NA NA NA NA NA NA NA NA 680 NA NA NA NA NA NA NA NA 1003 NA NA NA NA NA NA NA NA 1061 NA NA NA NA NA NA NA NA
1577138400.0 123.3 223 NA NA NA NA NA NA NA NA 723 NA NA NA NA NA NA NA NA 817 NA NA NA NA NA NA NA NA 1003 NA NA NA NA NA NA NA NA
1577138400.0 124.1 267 NA NA NA NA NA NA NA NA 683 NA NA NA NA NA NA NA NA 831 NA NA NA NA NA NA NA NA 969 NA NA NA NA NA NA NA NA
1577138400.0 124.2 310 NA NA NA NA NA NA NA NA 637 NA NA NA NA NA NA NA NA 908 NA NA NA NA NA NA NA NA 1096 NA NA NA NA NA NA NA NA
1577138400.0 124.4 282 NA NA NA NA NA NA NA NA 714 NA NA NA NA NA NA NA NA 851 NA NA NA NA NA NA NA NA 1042 NA NA NA NA NA NA NA NA
1577138400.0 124.5 273 NA NA NA NA NA NA NA NA 640 NA NA NA NA NA NA NA NA 840 NA NA NA NA NA NA NA NA 1041 NA NA NA NA NA NA NA NA
1577138400.0 124.6 226 NA NA NA NA NA NA NA NA 680 NA NA NA NA NA NA NA NA 827 NA NA NA NA NA NA NA NA 985 NA NA NA NA NA NA NA NA
1577138400.0 125.0 92 141 284 NA NA NA NA NA NA 214 582 419 NA NA NA NA NA NA 2053 419 1550 NA NA NA NA NA NA 867 299 1546 NA NA NA NA NA NA
1577138400.0 126.0 63 144 282 NA NA NA NA NA NA 139 582 417 NA NA NA NA NA NA 1474 386 1597 NA NA NA NA NA NA 831 322 1973 NA NA NA NA NA NA
1577138400.0 127.0 62 174 268 NA NA NA NA NA NA 138 582 397 NA NA NA NA NA NA 1323 434 1739 NA NA NA NA NA NA 991 485 2361 NA NA NA NA NA NA
1577138400.0 128.0 62 125 268 NA NA NA NA NA NA 135 537 423 NA NA NA NA NA NA 954 448 1684 NA NA NA NA NA NA 602 478 2331 NA NA NA NA NA NA
1577138400.0 129.0 62 121 265 NA NA NA NA NA NA 135 582 413 NA NA NA NA NA NA 1036 462 1695 NA NA NA NA NA NA 823 899 2238 NA NA NA NA NA NA
1577138400.0 13.0 NA 123 282 0 NA NA NA NA NA NA 585 423 0 NA NA NA NA NA NA 398 2097 493 NA NA NA NA NA NA 555 2086 554 NA NA NA NA NA
1577138400.0 130.0 63 145 281 NA NA NA NA NA NA 143 583 424 NA NA NA NA NA NA 1084 438 1723 NA NA NA NA NA NA 741 469 2385 NA NA NA NA NA NA
1577138400.0 1301.0 83 185 192 NA NA NA NA NA NA 171 589 334 NA NA NA NA NA NA 1591 437 1299 NA NA NA NA NA NA 939 532 1503 NA NA NA NA NA NA
1577138400.0 1301.17 68 154 218 NA NA NA NA NA NA 141 589 427 NA NA NA NA NA NA 1626 610 1358 NA NA NA NA NA NA 1035 459 1543 NA NA NA NA NA NA
1577138400.0 1302.0 82 197 221 NA NA NA NA NA NA 169 588 361 NA NA NA NA NA NA 2947 430 1263 NA NA NA NA NA NA 1067 293 1207 NA NA NA NA NA NA
1577138400.0 1302.17 74 170 215 NA NA NA NA NA NA 146 588 401 NA NA NA NA NA NA 3193 591 1316 NA NA NA NA NA NA 1127 356 1214 NA NA NA NA NA NA
1577138400.0 1302.18 82 257 190 NA NA NA NA NA NA 150 665 377 NA NA NA NA NA NA 2978 1495 701 NA NA NA NA NA NA 1072 1123 653 NA NA NA NA NA NA
1577138400.0 1303.0 85 192 199 NA NA NA NA NA NA 181 588 345 NA NA NA NA NA NA 5584 400 1609 NA NA NA NA NA NA 2215 351 1355 NA NA NA NA NA NA
1577138400.0 1303.17 85 163 245 NA NA NA NA NA NA 155 453 405 NA NA NA NA NA NA 11460 1613 3384 NA NA NA NA NA NA 5382 1487 3532 NA NA NA NA NA NA
1577138400.0 1304.18 68 248 177 140 NA NA NA NA NA 141 640 347 216 NA NA NA NA NA 2080 1517 646 919 NA NA NA NA NA 827 1161 698 980 NA NA NA NA NA
1577138400.0 1304.181 68 248 206 140 NA NA NA NA NA 139 669 575 223 NA NA NA NA NA 2112 1498 887 921 NA NA NA NA NA 844 1238 985 940 NA NA NA NA NA
1577138400.0 1306.0 NA 184 322 0 NA NA NA NA NA NA 604 453 0 NA NA NA NA NA NA 416 1598 720 NA NA NA NA NA NA 520 1878 867 NA NA NA NA NA
1577138400.0 1307.0 NA 194 196 44 0 NA NA NA NA NA 557 284 98 0 NA NA NA NA NA 412 618 127 344 NA NA NA NA NA 371 616 229 447 NA NA NA NA
1577138400.0 1308.0 NA 190 200 42 0 NA NA NA NA NA 600 284 97 0 NA NA NA NA NA 392 541 126 341 NA NA NA NA NA 326 596 226 429 NA NA NA NA
1577138400.0 1309.0 NA 137 348 0 NA NA NA NA NA NA 602 481 0 NA NA NA NA NA NA 497 1850 725 NA NA NA NA NA NA 565 1941 784 NA NA NA NA NA
1577138400.0 131.0 64 113 276 NA NA NA NA NA NA 140 583 411 NA NA NA NA NA NA 1468 459 1729 NA NA NA NA NA NA 830 840 2270 NA NA NA NA NA NA
1577138400.0 1310.0 NA 161 337 0 NA NA NA NA NA NA 603 460 0 NA NA NA NA NA NA 468 1766 734 NA NA NA NA NA NA 574 1934 798 NA NA NA NA NA
1577138400.0 1311.0 NA 198 308 0 65 NA NA NA NA NA 558 435 0 118 NA NA NA NA NA 441 1065 840 202 NA NA NA NA NA 376 1699 943 326 NA NA NA NA
1577138400.0 1312.0 NA 169 341 0 NA NA NA NA NA NA 552 479 0 NA NA NA NA NA NA 473 1830 745 NA NA NA NA NA NA 600 2238 862 NA NA NA NA NA
1577138400.0 1313.0 NA 177 341 0 NA NA NA NA NA NA 601 486 0 NA NA NA NA NA NA 400 2089 731 NA NA NA NA NA NA 577 2068 788 NA NA NA NA NA
1577138400.0 1314.0 NA 178 340 0 NA NA NA NA NA NA 603 496 0 NA NA NA NA NA NA 469 1765 734 NA NA NA NA NA NA 646 1900 798 NA NA NA NA NA
1577138400.0 1315.0 NA 160 327 0 NA NA NA NA NA NA 557 480 0 NA NA NA NA NA NA 426 1631 702 NA NA NA NA NA NA 522 1792 759 NA NA NA NA NA
1577138400.0 1316.0 NA 164 332 0 NA NA NA NA NA NA 601 485 0 NA NA NA NA NA NA 432 1681 716 NA NA NA NA NA NA 496 1976 869 NA NA NA NA NA
1577138400.0 1317.0 NA 176 333 0 NA NA NA NA NA NA 603 480 0 NA NA NA NA NA NA 414 1645 701 NA NA NA NA NA NA 486 1844 756 NA NA NA NA NA
1577138400.0 1318.0 NA 197 328 0 NA NA NA NA NA NA 604 490 0 NA NA NA NA NA NA 413 1612 701 NA NA NA NA NA NA 561 1866 770 NA NA NA NA NA
1577138400.0 1319.0 NA 200 328 0 NA NA NA NA NA NA 602 466 0 NA NA NA NA NA NA 416 1661 704 NA NA NA NA NA NA 580 2061 775 NA NA NA NA NA
1577138400.0 132.0 85 178 279 NA NA NA NA NA NA 210 581 431 NA NA NA NA NA NA 2430 460 1862 NA NA NA NA NA NA 904 315 2066 NA NA NA NA NA NA
1577138400.0 1320.0 NA 177 329 0 NA NA NA NA NA NA 602 461 0 NA NA NA NA NA NA 446 1670 714 NA NA NA NA NA NA 593 1928 771 NA NA NA NA NA
1577138400.0 1321.0 NA 149 330 0 NA NA NA NA NA NA 559 457 0 NA NA NA NA NA NA 436 1685 720 NA NA NA NA NA NA 581 2172 831 NA NA NA NA NA
1577138400.0 1322.0 NA 174 333 0 NA NA NA NA NA NA 600 451 0 NA NA NA NA NA NA 428 1677 702 NA NA NA NA NA NA 617 2089 769 NA NA NA NA NA
1577138400.0 1323.0 NA 192 322 0 NA NA NA NA NA NA 603 466 0 NA NA NA NA NA NA 412 1605 714 NA NA NA NA NA NA 504 2113 828 NA NA NA NA NA
1577138400.0 1324.0 NA 154 339 0 NA NA NA NA NA NA 604 468 0 NA NA NA NA NA NA 487 1816 741 NA NA NA NA NA NA 578 1828 803 NA NA NA NA NA
1577138400.0 1325.0 NA 146 359 0 73 NA NA NA NA NA 559 501 0 126 NA NA NA NA NA 1164 3616 1319 480 NA NA NA NA NA 1023 4398 1449 540 NA NA NA NA
1577138400.0 1325.1 NA 178 169 0 NA NA NA NA NA NA 605 259 0 NA NA NA NA NA NA 491 624 268 NA NA NA NA NA NA 589 817 323 NA NA NA NA NA
1577138400.0 1325.2 NA 141 341 0 NA NA NA NA NA NA 557 465 0 NA NA NA NA NA NA 506 1838 731 NA NA NA NA NA NA 542 1972 793 NA NA NA NA NA
1577138400.0 1325.3 NA 134 188 0 NA NA NA NA NA NA 602 278 0 NA NA NA NA NA NA 491 609 256 NA NA NA NA NA NA 750 856 310 NA NA NA NA NA
1577138400.0 1325.4 NA 165 345 0 NA NA NA NA NA NA 604 483 0 NA NA NA NA NA NA 502 1883 733 NA NA NA NA NA NA 554 2221 794 NA NA NA NA NA
1577138400.0 1325.5 NA 177 0 NA NA NA NA NA NA NA 259 0 NA NA NA NA NA NA NA 7160 317 NA NA NA NA NA NA NA 7386 432 NA NA NA NA NA NA
1577138400.0 1325.51 NA 156 0 NA NA NA NA NA NA NA 249 0 NA NA NA NA NA NA NA 1700 136 NA NA NA NA NA NA NA 2086 218 NA NA NA NA NA NA
1577138400.0 1325.6 NA 203 NA NA NA NA NA NA NA NA 331 NA NA NA NA NA NA NA NA 4964 NA NA NA NA NA NA NA NA 3465 NA NA NA NA NA NA NA
1577138400.0 1325.7 NA 204 0 NA NA NA NA NA NA NA 330 0 NA NA NA NA NA NA NA 5344 140 NA NA NA NA NA NA NA 3492 283 NA NA NA NA NA NA
1577138400.0 1325.8 NA 205 0 NA NA NA NA NA NA NA 329 0 NA NA NA NA NA NA NA 4694 124 NA NA NA NA NA NA NA 3389 312 NA NA NA NA NA NA
1577138400.0 1326.0 NA 176 335 0 NA NA NA NA NA NA 603 452 0 NA NA NA NA NA NA 446 1681 732 NA NA NA NA NA NA 548 1946 826 NA NA NA NA NA
1577138400.0 1327.0 NA 178 339 0 NA NA NA NA NA NA 602 496 0 NA NA NA NA NA NA 478 1888 784 NA NA NA NA NA NA 427 2438 960 NA NA NA NA NA
1577138400.0 1328.0 NA 163 339 0 NA NA NA NA NA NA 602 474 0 NA NA NA NA NA NA 461 1748 735 NA NA NA NA NA NA 538 1810 914 NA NA NA NA NA
1577138400.0 1329.0 NA 136 343 0 NA NA NA NA NA NA 558 471 0 NA NA NA NA NA NA 452 1714 723 NA NA NA NA NA NA 602 2027 890 NA NA NA NA NA
1577138400.0 1329.1 NA 198 0 NA NA NA NA NA NA NA 311 0 NA NA NA NA NA NA NA 8888 276 NA NA NA NA NA NA NA 7607 452 NA NA NA NA NA NA
1577138400.0 133.0 91 148 284 NA NA NA NA NA NA 213 583 434 NA NA NA NA NA NA 3628 486 1875 NA NA NA NA NA NA 1250 318 1761 NA NA NA NA NA NA
1577138400.0 1330.0 NA 148 332 0 NA NA NA NA NA NA 604 477 0 NA NA NA NA NA NA 457 1700 740 NA NA NA NA NA NA 538 1824 868 NA NA NA NA NA
1577138400.0 1331.0 NA 133 336 0 NA NA NA NA NA NA 602 506 0 NA NA NA NA NA NA 466 1707 714 NA NA NA NA NA NA 594 1912 774 NA NA NA NA NA
1577138400.0 1332.0 NA 150 342 0 NA NA NA NA NA NA 604 505 0 NA NA NA NA NA NA 486 1776 725 NA NA NA NA NA NA 602 2061 805 NA NA NA NA NA
1577138400.0 1333.0 NA 162 338 0 NA NA NA NA NA NA 603 487 0 NA NA NA NA NA NA 454 1710 714 NA NA NA NA NA NA 614 1962 769 NA NA NA NA NA
1577138400.0 1334.0 NA 181 341 0 NA NA NA NA NA NA 559 465 0 NA NA NA NA NA NA 482 1796 728 NA NA NA NA NA NA 552 1876 805 NA NA NA NA NA
1577138400.0 1335.0 NA 170 333 0 NA NA NA NA NA NA 604 464 0 NA NA NA NA NA NA 453 1707 717 NA NA NA NA NA NA 615 1939 780 NA NA NA NA NA
1577138400.0 1336.0 NA 199 341 0 NA NA NA NA NA NA 603 494 0 NA NA NA NA NA NA 515 2171 740 NA NA NA NA NA NA 481 1934 851 NA NA NA NA NA
1577138400.0 1337.0 NA 143 351 0 NA NA NA NA NA NA 557 483 0 NA NA NA NA NA NA 1256 4541 1370 NA NA NA NA NA NA 710 4472 1620 NA NA NA NA NA
1577138400.0 1338.0 NA 174 342 0 NA NA NA NA NA NA 604 463 0 NA NA NA NA NA NA 494 1832 723 NA NA NA NA NA NA 558 2035 781 NA NA NA NA NA
1577138400.0 1339.0 NA 167 344 0 NA NA NA NA NA NA 603 480 0 NA NA NA NA NA NA 549 2023 733 NA NA NA NA NA NA 659 1863 827 NA NA NA NA NA
1577138400.0 134.0 NA 301 36 0 NA NA NA NA NA NA 431 89 0 NA NA NA NA NA NA 3388 137 80 NA NA NA NA NA NA 3047 321 205 NA NA NA NA NA
1577138400.0 134.701 NA 39 325 0 NA NA NA NA NA NA 96 450 0 NA NA NA NA NA NA 236 4345 649 NA NA NA NA NA NA 403 2527 761 NA NA NA NA NA
1577138400.0 134.702 NA 46 327 0 NA NA NA NA NA NA 104 464 0 NA NA NA NA NA NA 268 5559 678 NA NA NA NA NA NA 380 2720 800 NA NA NA NA NA
1577138400.0 134.703 NA 42 333 0 NA NA NA NA NA NA 110 484 0 NA NA NA NA NA NA 285 5559 664 NA NA NA NA NA NA 227 2779 721 NA NA NA NA NA
1577138400.0 134.704 NA 46 324 0 NA NA NA NA NA NA 101 469 0 NA NA NA NA NA NA 265 5647 671 NA NA NA NA NA NA 379 2746 792 NA NA NA NA NA
1577138400.0 134.705 NA 36 336 0 NA NA NA NA NA NA 104 466 0 NA NA NA NA NA NA 269 6052 695 NA NA NA NA NA NA 232 2880 738 NA NA NA NA NA
1577138400.0 134.706 NA 39 329 0 NA NA NA NA NA NA 106 465 0 NA NA NA NA NA NA 243 5566 645 NA NA NA NA NA NA 275 2705 681 NA NA NA NA NA
1577138400.0 134.707 NA 44 323 0 NA NA NA NA NA NA 100 467 0 NA NA NA NA NA NA 268 5286 679 NA NA NA NA NA NA 220 2650 796 NA NA NA NA NA
1577138400.0 134.708 NA 37 322 0 NA NA NA NA NA NA 105 472 0 NA NA NA NA NA NA 268 5199 676 NA NA NA NA NA NA 242 2661 785 NA NA NA NA NA
1577138400.0 134.709 NA 40 512 0 NA NA NA NA NA NA 100 702 0 NA NA NA NA NA NA 261 5237 601 NA NA NA NA NA NA 282 2581 641 NA NA NA NA NA
1577138400.0 134.71 NA 33 320 0 NA NA NA NA NA NA 96 435 0 NA NA NA NA NA NA 255 3963 632 NA NA NA NA NA NA 285 2717 762 NA NA NA NA NA
1577138400.0 134.801 NA 41 325 0 NA NA NA NA NA NA 103 460 0 NA NA NA NA NA NA 226 4062 622 NA NA NA NA NA NA 282 2841 742 NA NA NA NA NA
1577138400.0 134.802 NA 36 330 0 NA NA NA NA NA NA 112 476 0 NA NA NA NA NA NA 273 6285 589 NA NA NA NA NA NA 275 2774 641 NA NA NA NA NA
1577138400.0 134.803 NA 39 328 0 NA NA NA NA NA NA 108 464 0 NA NA NA NA NA NA 256 5765 558 NA NA NA NA NA NA 209 2689 600 NA NA NA NA NA
1577138400.0 134.804 NA 35 335 0 NA NA NA NA NA NA 104 465 0 NA NA NA NA NA NA 269 6194 594 NA NA NA NA NA NA 309 2783 635 NA NA NA NA NA
1577138400.0 134.805 NA 39 335 0 NA NA NA NA NA NA 110 475 0 NA NA NA NA NA NA 252 6091 635 NA NA NA NA NA NA 306 2731 675 NA NA NA NA NA
1577138400.0 134.806 NA 40 340 0 NA NA NA NA NA NA 113 499 0 NA NA NA NA NA NA 267 7095 600 NA NA NA NA NA NA 246 3198 647 NA NA NA NA NA
1577138400.0 134.807 NA 151 391 0 NA NA NA NA NA NA 221 534 0 NA NA NA NA NA NA 1361 8999 1326 NA NA NA NA NA NA 921 4161 1620 NA NA NA NA NA
1577138400.0 134.808 NA 148 365 0 NA NA NA NA NA NA 218 566 0 NA NA NA NA NA NA 1402 9606 1035 NA NA NA NA NA NA 991 4335 1182 NA NA NA NA NA
1577138400.0 134.809 NA 47 330 0 NA NA NA NA NA NA 96 481 0 NA NA NA NA NA NA 229 5909 597 NA NA NA NA NA NA 221 2727 638 NA NA NA NA NA
1577138400.0 134.81 NA 38 333 0 NA NA NA NA NA NA 101 452 0 NA NA NA NA NA NA 241 5983 586 NA NA NA NA NA NA 243 2750 621 NA NA NA NA NA
1577138400.0 134.811 NA 38 339 0 NA NA NA NA NA NA 102 479 0 NA NA NA NA NA NA 263 6199 596 NA NA NA NA NA NA 289 2793 641 NA NA NA NA NA
1577138400.0 134.812 NA 44 317 0 NA NA NA NA NA NA 102 471 0 NA NA NA NA NA NA 221 4060 618 NA NA NA NA NA NA 190 2654 732 NA NA NA NA NA
1577138400.0 134.813 NA 168 58 0 NA NA NA NA NA NA 271 119 0 NA NA NA NA NA NA 759 182 356 NA NA NA NA NA NA 828 267 453 NA NA NA NA NA
1577138400.0 134.901 NA 38 327 0 NA NA NA NA NA NA 98 453 0 NA NA NA NA NA NA 320 7263 1037 NA NA NA NA NA NA 267 4496 1218 NA NA NA NA NA
1577138400.0 134.902 NA 37 322 0 NA NA NA NA NA NA 106 460 0 NA NA NA NA NA NA 238 4988 582 NA NA NA NA NA NA 305 2485 625 NA NA NA NA NA
1577138400.0 134.903 NA 36 331 0 NA NA NA NA NA NA 104 453 0 NA NA NA NA NA NA 251 4906 598 NA NA NA NA NA NA 204 2662 646 NA NA NA NA NA
1577138400.0 134.904 NA 51 329 0 NA NA NA NA NA NA 110 464 0 NA NA NA NA NA NA 280 5690 679 NA NA NA NA NA NA 402 2747 793 NA NA NA NA NA
1577138400.0 134.905 NA 34 323 0 NA NA NA NA NA NA 102 466 0 NA NA NA NA NA NA 254 4684 617 NA NA NA NA NA NA 259 2646 742 NA NA NA NA NA
1577138400.0 134.906 NA 47 321 0 NA NA NA NA NA NA 102 482 0 NA NA NA NA NA NA 258 5540 640 NA NA NA NA NA NA 388 2728 767 NA NA NA NA NA
1577138400.0 134.907 NA 96 356 0 NA NA NA NA NA NA 212 545 0 NA NA NA NA NA NA 859 5378 524 NA NA NA NA NA NA 642 2641 577 NA NA NA NA NA
1577138400.0 134.908 NA 109 349 0 NA NA NA NA NA NA 216 523 0 NA NA NA NA NA NA 905 5455 636 NA NA NA NA NA NA 572 2672 681 NA NA NA NA NA
1577138400.0 134.909 NA 36 320 0 NA NA NA NA NA NA 104 442 0 NA NA NA NA NA NA 249 5020 663 NA NA NA NA NA NA 242 2666 730 NA NA NA NA NA
1577138400.0 134.91 NA 37 319 0 NA NA NA NA NA NA 105 449 0 NA NA NA NA NA NA 239 4534 630 NA NA NA NA NA NA 240 2632 762 NA NA NA NA NA
1577138400.0 134.911 NA 37 320 0 NA NA NA NA NA NA 104 461 0 NA NA NA NA NA NA 253 4789 618 NA NA NA NA NA NA 252 2673 732 NA NA NA NA NA
1577138400.0 134.912 NA 35 313 0 NA NA NA NA NA NA 99 431 0 NA NA NA NA NA NA 248 4114 619 NA NA NA NA NA NA 271 2821 732 NA NA NA NA NA
1577138400.0 134.99601 NA 43 340 0 NA NA NA NA NA NA 111 497 0 NA NA NA NA NA NA 437 10052 898 NA NA NA NA NA NA 366 4256 1032 NA NA NA NA NA
1577138400.0 134.99602 NA 43 331 0 NA NA NA NA NA NA 107 452 0 NA NA NA NA NA NA 380 7737 1077 NA NA NA NA NA NA 304 4787 1271 NA NA NA NA NA
1577138400.0 134.99603 NA 38 334 0 NA NA NA NA NA NA 106 479 0 NA NA NA NA NA NA 291 6302 681 NA NA NA NA NA NA 230 2933 785 NA NA NA NA NA
1577138400.0 134.99901 NA 39 327 0 NA NA NA NA NA NA 107 454 0 NA NA NA NA NA NA 251 5025 649 NA NA NA NA NA NA 259 2700 732 NA NA NA NA NA
1577138400.0 1340.0 NA 194 332 0 NA NA NA NA NA NA 603 459 0 NA NA NA NA NA NA 446 1671 723 NA NA NA NA NA NA 577 1982 786 NA NA NA NA NA
1577138400.0 1341.0 NA 173 349 0 NA NA NA NA NA NA 605 495 0 NA NA NA NA NA NA 523 2059 728 NA NA NA NA NA NA 614 2009 788 NA NA NA NA NA
1577138400.0 1343.0 NA 175 338 0 NA NA NA NA NA NA 603 473 0 NA NA NA NA NA NA 487 1804 722 NA NA NA NA NA NA 675 1914 782 NA NA NA NA NA
1577138400.0 1344.0 NA 145 340 0 NA NA NA NA NA NA 603 486 0 NA NA NA NA NA NA 477 1749 721 NA NA NA NA NA NA 515 1940 784 NA NA NA NA NA
1577138400.0 1345.0 NA 193 336 0 NA NA NA NA NA NA 604 484 0 NA NA NA NA NA NA 495 1977 788 NA NA NA NA NA NA 432 2518 892 NA NA NA NA NA
1577138400.0 1347.0 NA 155 333 0 NA NA NA NA NA NA 603 477 0 NA NA NA NA NA NA 476 1753 737 NA NA NA NA NA NA 625 2060 923 NA NA NA NA NA
1577138400.0 1348.0 NA 156 333 0 NA NA NA NA NA NA 602 472 0 NA NA NA NA NA NA 451 1693 728 NA NA NA NA NA NA 521 1993 876 NA NA NA NA NA
1577138400.0 1349.0 NA 134 335 0 NA NA NA NA NA NA 604 463 0 NA NA NA NA NA NA 465 1690 722 NA NA NA NA NA NA 569 1800 787 NA NA NA NA NA
1577138400.0 135.1 308 0 124 NA NA NA NA NA NA 705 0 205 NA NA NA NA NA NA 1000 247 850 NA NA NA NA NA NA 933 330 1101 NA NA NA NA NA NA
1577138400.0 135.11 331 0 128 NA NA NA NA NA NA 640 0 203 NA NA NA NA NA NA 1309 282 996 NA NA NA NA NA NA 1399 376 1264 NA NA NA NA NA NA
1577138400.0 135.12 319 0 125 NA NA NA NA NA NA 688 0 205 NA NA NA NA NA NA 928 237 848 NA NA NA NA NA NA 962 339 1004 NA NA NA NA NA NA
1577138400.0 135.13 315 0 NA NA NA NA NA NA NA 730 0 NA NA NA NA NA NA NA 953 256 NA NA NA NA NA NA NA 1042 315 NA NA NA NA NA NA NA
1577138400.0 135.2 257 0 125 NA NA NA NA NA NA 703 0 218 NA NA NA NA NA NA 860 236 822 NA NA NA NA NA NA 1115 432 1054 NA NA NA NA NA NA
1577138400.0 135.3 260 0 120 NA NA NA NA NA NA 700 0 202 NA NA NA NA NA NA 852 228 826 NA NA NA NA NA NA 896 346 994 NA NA NA NA NA NA
1577138400.0 135.4 321 0 124 NA NA NA NA NA NA 684 0 211 NA NA NA NA NA NA 989 258 906 NA NA NA NA NA NA 1294 321 1497 NA NA NA NA NA NA
1577138400.0 135.5 320 0 124 NA NA NA NA NA NA 686 0 215 NA NA NA NA NA NA 867 243 830 NA NA NA NA NA NA 872 615 1050 NA NA NA NA NA NA
1577138400.0 135.6 313 0 125 NA NA NA NA NA NA 703 0 199 NA NA NA NA NA NA 1129 272 935 NA NA NA NA NA NA 1355 459 1193 NA NA NA NA NA NA
1577138400.0 135.7 315 0 125 NA NA NA NA NA NA 681 0 204 NA NA NA NA NA NA 999 268 917 NA NA NA NA NA NA 1408 388 1169 NA NA NA NA NA NA
1577138400.0 135.8 149 NA NA NA NA NA NA NA NA 263 NA NA NA NA NA NA NA NA 369 NA NA NA NA NA NA NA NA 440 NA NA NA NA NA NA NA NA
1577138400.0 135.9 328 0 122 NA NA NA NA NA NA 703 0 204 NA NA NA NA NA NA 852 238 827 NA NA NA NA NA NA 787 357 1075 NA NA NA NA NA NA
1577138400.0 1350.0 NA 173 337 0 NA NA NA NA NA NA 603 493 0 NA NA NA NA NA NA 482 1703 737 NA NA NA NA NA NA 583 1815 848 NA NA NA NA NA
1577138400.0 1351.0 NA 198 340 0 NA NA NA NA NA NA 603 485 0 NA NA NA NA NA NA 468 1739 721 NA NA NA NA NA NA 591 1940 782 NA NA NA NA NA
1577138400.0 1352.0 NA 177 335 0 NA NA NA NA NA NA 603 471 0 NA NA NA NA NA NA 473 1741 722 NA NA NA NA NA NA 550 1961 786 NA NA NA NA NA
1577138400.0 1353.0 NA 153 338 0 NA NA NA NA NA NA 604 485 0 NA NA NA NA NA NA 485 1799 727 NA NA NA NA NA NA 554 1979 801 NA NA NA NA NA
1577138400.0 1354.0 NA 156 339 0 NA NA NA NA NA NA 511 498 0 NA NA NA NA NA NA 467 1761 721 NA NA NA NA NA NA 525 2071 783 NA NA NA NA NA
1577138400.0 1355.0 NA 174 343 0 NA NA NA NA NA NA 603 498 0 NA NA NA NA NA NA 499 1785 732 NA NA NA NA NA NA 554 1870 855 NA NA NA NA NA
1577138400.0 1356.0 102 136 374 0 139 NA NA NA NA 168 544 513 0 215 NA NA NA NA 3623 844 3514 1545 1600 NA NA NA NA 1676 601 4275 2176 2070 NA NA NA NA
1577138400.0 136.721 NA 83 341 0 NA NA NA NA NA NA 153 466 0 NA NA NA NA NA NA 761 9701 1054 NA NA NA NA NA NA 649 4247 1200 NA NA NA NA NA
1577138400.0 136.722 NA 87 353 0 NA NA NA NA NA NA 159 555 0 NA NA NA NA NA NA 757 10214 1280 NA NA NA NA NA NA 765 4837 1483 NA NA NA NA NA
1577138400.0 136.723 NA 86 350 0 NA NA NA NA NA NA 152 507 0 NA NA NA NA NA NA 979 8223 1215 NA NA NA NA NA NA 788 4018 1374 NA NA NA NA NA
1577138400.0 136.724 NA 84 389 0 NA NA NA NA NA NA 160 553 0 NA NA NA NA NA NA 895 11529 1476 NA NA NA NA NA NA 795 4756 1745 NA NA NA NA NA
1577138400.0 136.725 NA 84 405 0 NA NA NA NA NA NA 150 592 0 NA NA NA NA NA NA 820 10263 1394 NA NA NA NA NA NA 744 4439 1689 NA NA NA NA NA
1577138400.0 136.726 NA 85 360 0 NA NA NA NA NA NA 151 510 0 NA NA NA NA NA NA 993 9309 1224 NA NA NA NA NA NA 936 4429 1389 NA NA NA NA NA
1577138400.0 136.727 NA 151 406 0 NA NA NA NA NA NA 264 573 0 NA NA NA NA NA NA 2016 9425 1445 NA NA NA NA NA NA 1383 4094 1731 NA NA NA NA NA
1577138400.0 136.728 NA 182 417 0 NA NA NA NA NA NA 279 567 0 NA NA NA NA NA NA 1910 10289 1347 NA NA NA NA NA NA 947 4874 1593 NA NA NA NA NA
1577138400.0 136.729 NA 85 356 0 NA NA NA NA NA NA 152 494 0 NA NA NA NA NA NA 743 9441 1612 NA NA NA NA NA NA 1024 4150 1851 NA NA NA NA NA
1577138400.0 136.73 NA 82 365 0 NA NA NA NA NA NA 154 574 0 NA NA NA NA NA NA 1002 9734 1488 NA NA NA NA NA NA 1021 4371 1791 NA NA NA NA NA
1577138400.0 136.731 NA 84 405 0 NA NA NA NA NA NA 148 591 0 NA NA NA NA NA NA 915 9840 1437 NA NA NA NA NA NA 888 4383 1702 NA NA NA NA NA
1577138400.0 136.732 NA 84 338 0 NA NA NA NA NA NA 158 480 0 NA NA NA NA NA NA 421 5548 698 NA NA NA NA NA NA 410 2653 750 NA NA NA NA NA
1577138400.0 136.7321 NA 96 352 0 NA NA NA NA NA NA 171 498 0 NA NA NA NA NA NA 856 9139 999 NA NA NA NA NA NA 668 4319 1138 NA NA NA NA NA
1577138400.0 136.733 NA 180 65 0 NA NA NA NA NA NA 304 131 0 NA NA NA NA NA NA 1050 203 358 NA NA NA NA NA NA 964 318 452 NA NA NA NA NA
1577138400.0 136.734 NA 81 356 0 NA NA NA NA NA NA 156 494 0 NA NA NA NA NA NA 1230 9089 1374 NA NA NA NA NA NA 1019 4532 1653 NA NA NA NA NA
1577138400.0 136.735 NA 82 288 0 NA NA NA NA NA NA 152 436 0 NA NA NA NA NA NA 601 2320 609 NA NA NA NA NA NA 597 2095 727 NA NA NA NA NA
1577138400.0 136.736 NA 86 364 0 NA NA NA NA NA NA 155 517 0 NA NA NA NA NA NA 735 14763 1400 NA NA NA NA NA NA 514 5356 1698 NA NA NA NA NA
1577138400.0 136.737 NA 85 427 0 NA NA NA NA NA NA 145 609 0 NA NA NA NA NA NA 714 16575 1418 NA NA NA NA NA NA 577 6219 1720 NA NA NA NA NA
1577138400.0 136.738 NA 84 368 0 NA NA NA NA NA NA 157 530 0 NA NA NA NA NA NA 1019 17758 1353 NA NA NA NA NA NA 846 5959 1650 NA NA NA NA NA
1577138400.0 136.739 NA 85 405 0 NA NA NA NA NA NA 145 594 0 NA NA NA NA NA NA 745 19614 1329 NA NA NA NA NA NA 574 6481 1550 NA NA NA NA NA
1577138400.0 136.74 NA 86 441 0 NA NA NA NA NA NA 159 606 0 NA NA NA NA NA NA 782 17368 1323 NA NA NA NA NA NA 690 6073 1617 NA NA NA NA NA
1577138400.0 136.741 NA 84 370 0 NA NA NA NA NA NA 148 529 0 NA NA NA NA NA NA 845 18060 1496 NA NA NA NA NA NA 645 5994 1768 NA NA NA NA NA
1577138400.0 136.742 NA 85 361 0 NA NA NA NA NA NA 146 514 0 NA NA NA NA NA NA 856 13914 1626 NA NA NA NA NA NA 986 5363 1828 NA NA NA NA NA
1577138400.0 136.743 NA 85 361 0 NA NA NA NA NA NA 149 526 0 NA NA NA NA NA NA 832 15857 1611 NA NA NA NA NA NA 570 5756 1861 NA NA NA NA NA
1577138400.0 136.744 NA 84 442 0 NA NA NA NA NA NA 151 612 0 NA NA NA NA NA NA 780 14895 1313 NA NA NA NA NA NA 792 5715 1540 NA NA NA NA NA
1577138400.0 136.745 NA 84 359 0 NA NA NA NA NA NA 149 513 0 NA NA NA NA NA NA 966 11197 1322 NA NA NA NA NA NA 820 5214 1531 NA NA NA NA NA
1577138400.0 136.746 NA 84 362 0 NA NA NA NA NA NA 149 554 0 NA NA NA NA NA NA 956 15595 1385 NA NA NA NA NA NA 714 5414 1661 NA NA NA NA NA
1577138400.0 136.747 NA 88 362 0 NA NA NA NA NA NA 156 547 0 NA NA NA NA NA NA 773 15396 1386 NA NA NA NA NA NA 503 5477 1700 NA NA NA NA NA
1577138400.0 136.748 NA 86 369 0 NA NA NA NA NA NA 152 562 0 NA NA NA NA NA NA 718 14777 1395 NA NA NA NA NA NA 570 5969 1664 NA NA NA NA NA
1577138400.0 136.749 NA 88 375 0 NA NA NA NA NA NA 158 550 0 NA NA NA NA NA NA 981 17966 1409 NA NA NA NA NA NA 708 6002 1706 NA NA NA NA NA
1577138400.0 136.75 NA 89 433 0 NA NA NA NA NA NA 144 602 0 NA NA NA NA NA NA 735 19602 1334 NA NA NA NA NA NA 558 7121 1514 NA NA NA NA NA
1577138400.0 136.751 NA 87 452 0 NA NA NA NA NA NA 159 640 0 NA NA NA NA NA NA 757 20420 1094 NA NA NA NA NA NA 561 7372 1263 NA NA NA NA NA
1577138400.0 136.752 NA 85 369 0 NA NA NA NA NA NA 150 548 0 NA NA NA NA NA NA 849 17617 1465 NA NA NA NA NA NA 590 5970 1766 NA NA NA NA NA
1577138400.0 136.753 NA 86 367 0 NA NA NA NA NA NA 150 543 0 NA NA NA NA NA NA 849 17733 1684 NA NA NA NA NA NA 843 6113 1916 NA NA NA NA NA
1577138400.0 136.754 NA 91 375 0 NA NA NA NA NA NA 164 517 0 NA NA NA NA NA NA 741 12294 1719 NA NA NA NA NA NA 556 4572 1947 NA NA NA NA NA
1577138400.0 136.755 NA 88 431 0 NA NA NA NA NA NA 153 655 0 NA NA NA NA NA NA 734 19233 1354 NA NA NA NA NA NA 597 6457 1639 NA NA NA NA NA
1577138400.0 136.756 NA 81 364 0 NA NA NA NA NA NA 149 502 0 NA NA NA NA NA NA 901 10212 1291 NA NA NA NA NA NA 834 4522 1512 NA NA NA NA NA
1577138400.0 136.757 NA 87 373 0 NA NA NA NA NA NA 164 521 0 NA NA NA NA NA NA 947 15389 1441 NA NA NA NA NA NA 657 5369 1733 NA NA NA NA NA
1577138400.0 136.758 NA 85 378 0 NA NA NA NA NA NA 156 533 0 NA NA NA NA NA NA 751 19581 1405 NA NA NA NA NA NA 618 6403 1683 NA NA NA NA NA
1577138400.0 136.759 NA 99 408 0 NA NA NA NA NA NA 154 607 0 NA NA NA NA NA NA 755 25558 969 NA NA NA NA NA NA 786 9426 1082 NA NA NA NA NA
1577138400.0 136.76 NA 86 375 0 NA NA NA NA NA NA 163 619 0 NA NA NA NA NA NA 585 15091 760 NA NA NA NA NA NA 403 5033 985 NA NA NA NA NA
1577138400.0 136.761 NA 82 396 0 NA NA NA NA NA NA 146 673 0 NA NA NA NA NA NA 557 16774 743 NA NA NA NA NA NA 423 5452 832 NA NA NA NA NA
1577138400.0 136.7611 NA 181 0 NA NA NA NA NA NA NA 276 0 NA NA NA NA NA NA NA 8025 310 NA NA NA NA NA NA NA 7431 733 NA NA NA NA NA NA
1577138400.0 136.762 NA 87 412 0 NA NA NA NA NA NA 161 659 0 NA NA NA NA NA NA 568 19408 746 NA NA NA NA NA NA 385 6198 831 NA NA NA NA NA
1577138400.0 136.763 NA 92 378 0 NA NA NA NA NA NA 150 591 0 NA NA NA NA NA NA 557 14896 755 NA NA NA NA NA NA 422 5061 992 NA NA NA NA NA
1577138400.0 136.764 NA 83 370 0 NA NA NA NA NA NA 148 564 0 NA NA NA NA NA NA 530 14436 833 NA NA NA NA NA NA 842 4911 887 NA NA NA NA NA
1577138400.0 136.765 NA 87 391 0 NA NA NA NA NA NA 155 557 0 NA NA NA NA NA NA 784 18733 1613 NA NA NA NA NA NA 542 6800 1889 NA NA NA NA NA
1577138400.0 136.766 NA 78 390 0 NA NA NA NA NA NA 157 663 0 NA NA NA NA NA NA 537 14753 750 NA NA NA NA NA NA 459 5144 923 NA NA NA NA NA
1577138400.0 136.767 NA 84 366 0 NA NA NA NA NA NA 152 537 0 NA NA NA NA NA NA 730 17099 1355 NA NA NA NA NA NA 617 5766 1648 NA NA NA NA NA
1577138400.0 136.768 NA 98 376 0 NA NA NA NA NA NA 157 544 0 NA NA NA NA NA NA 952 21635 1436 NA NA NA NA NA NA 925 7235 1746 NA NA NA NA NA
1577138400.0 136.769 NA 86 363 0 NA NA NA NA NA NA 156 504 0 NA NA NA NA NA NA 1004 14017 1324 NA NA NA NA NA NA 678 5167 1537 NA NA NA NA NA
1577138400.0 136.77 NA 84 409 0 NA NA NA NA NA NA 155 575 0 NA NA NA NA NA NA 686 13625 1318 NA NA NA NA NA NA 585 5344 1615 NA NA NA NA NA
1577138400.0 136.771 NA 87 361 0 NA NA NA NA NA NA 158 504 0 NA NA NA NA NA NA 852 12767 1388 NA NA NA NA NA NA 547 4948 1659 NA NA NA NA NA
1577138400.0 136.772 NA 85 402 0 NA NA NA NA NA NA 155 596 0 NA NA NA NA NA NA 737 18138 1142 NA NA NA NA NA NA 592 6321 1315 NA NA NA NA NA
1577138400.0 136.7721 NA 179 0 NA NA NA NA NA NA NA 270 0 NA NA NA NA NA NA NA 7422 246 NA NA NA NA NA NA NA 7372 371 NA NA NA NA NA NA
1577138400.0 136.7722 NA 178 0 NA NA NA NA NA NA NA 265 0 NA NA NA NA NA NA NA 8612 275 NA NA NA NA NA NA NA 7503 372 NA NA NA NA NA NA
1577138400.0 136.773 NA 85 412 0 NA NA NA NA NA NA 149 615 0 NA NA NA NA NA NA 743 16502 1358 NA NA NA NA NA NA 575 5711 1608 NA NA NA NA NA
1577138400.0 136.774 NA 86 373 0 NA NA NA NA NA NA 145 533 0 NA NA NA NA NA NA 852 16344 1240 NA NA NA NA NA NA 587 5628 1400 NA NA NA NA NA
1577138400.0 136.775 NA 84 369 0 NA NA NA NA NA NA 152 541 0 NA NA NA NA NA NA 769 13721 1626 NA NA NA NA NA NA 571 5007 1866 NA NA NA NA NA
1577138400.0 136.776 NA 87 359 0 NA NA NA NA NA NA 146 508 0 NA NA NA NA NA NA 916 12761 1484 NA NA NA NA NA NA 798 4952 1773 NA NA NA NA NA
1577138400.0 136.777 NA 84 432 0 NA NA NA NA NA NA 151 638 0 NA NA NA NA NA NA 742 16138 1174 NA NA NA NA NA NA 639 6280 1340 NA NA NA NA NA
1577138400.0 136.778 NA 86 344 0 NA NA NA NA NA NA 152 486 0 NA NA NA NA NA NA 741 9622 1372 NA NA NA NA NA NA 623 4292 1624 NA NA NA NA NA
1577138400.0 136.779 NA 86 362 0 NA NA NA NA NA NA 157 504 0 NA NA NA NA NA NA 982 15075 1335 NA NA NA NA NA NA 640 5411 1575 NA NA NA NA NA
1577138400.0 136.78 NA 120 412 0 NA NA NA NA NA NA 184 600 0 NA NA NA NA NA NA 783 24476 1663 NA NA NA NA NA NA 853 9488 1795 NA NA NA NA NA
1577138400.0 136.7801 NA 106 0 NA NA NA NA NA NA NA 176 0 NA NA NA NA NA NA NA 356 209 NA NA NA NA NA NA NA 504 271 NA NA NA NA NA NA
1577138400.0 136.7802 NA 80 0 NA NA NA NA NA NA NA 134 0 NA NA NA NA NA NA NA 262 137 NA NA NA NA NA NA NA 481 206 NA NA NA NA NA NA
1577138400.0 136.7803 NA 104 0 NA NA NA NA NA NA NA 177 0 NA NA NA NA NA NA NA 452 179 NA NA NA NA NA NA NA 761 239 NA NA NA NA NA NA
1577138400.0 136.781 NA 102 435 0 NA NA NA NA NA NA 166 770 0 NA NA NA NA NA NA 477 14753 1105 NA NA NA NA NA NA 718 4985 1142 NA NA NA NA NA
1577138400.0 136.782 NA 100 426 0 NA NA NA NA NA NA 175 733 0 NA NA NA NA NA NA 643 15574 1044 NA NA NA NA NA NA 570 5170 1089 NA NA NA NA NA
1577138400.0 136.783 NA 101 446 0 NA NA NA NA NA NA 166 743 0 NA NA NA NA NA NA 561 18649 1088 NA NA NA NA NA NA 470 5993 1144 NA NA NA NA NA
1577138400.0 136.784 NA 110 454 0 NA NA NA NA NA NA 181 881 0 NA NA NA NA NA NA 466 14775 1055 NA NA NA NA NA NA 395 4946 1120 NA NA NA NA NA
1577138400.0 136.785 NA 114 445 0 NA NA NA NA NA NA 174 767 0 NA NA NA NA NA NA 588 15902 1046 NA NA NA NA NA NA 619 5331 1094 NA NA NA NA NA
1577138400.0 136.786 NA 117 433 0 NA NA NA NA NA NA 167 733 0 NA NA NA NA NA NA 459 15067 1064 NA NA NA NA NA NA 400 5071 1107 NA NA NA NA NA
1577138400.0 136.787 NA 115 456 0 NA NA NA NA NA NA 179 801 0 NA NA NA NA NA NA 509 14154 1059 NA NA NA NA NA NA 519 4903 1131 NA NA NA NA NA
1577138400.0 136.788 NA 108 447 0 NA NA NA NA NA NA 183 803 0 NA NA NA NA NA NA 507 16917 1071 NA NA NA NA NA NA 389 5619 1140 NA NA NA NA NA
1577138400.0 136.789 NA 101 431 0 NA NA NA NA NA NA 165 754 0 NA NA NA NA NA NA 436 13435 1035 NA NA NA NA NA NA 815 4704 1090 NA NA NA NA NA
1577138400.0 136.79 NA 114 419 0 NA NA NA NA NA NA 185 606 0 NA NA NA NA NA NA 902 14130 2006 NA NA NA NA NA NA 701 5114 2288 NA NA NA NA NA
1577138400.0 136.791 NA 107 349 0 NA NA NA NA NA NA 176 517 0 NA NA NA NA NA NA 1168 4600 1739 NA NA NA NA NA NA 897 4474 1973 NA NA NA NA NA
1577138400.0 136.792 NA 109 417 0 NA NA NA NA NA NA 178 591 0 NA NA NA NA NA NA 797 18281 2102 NA NA NA NA NA NA 603 6620 2420 NA NA NA NA NA
1577138400.0 136.793 NA 118 456 0 NA NA NA NA NA NA 174 642 0 NA NA NA NA NA NA 709 15358 1965 NA NA NA NA NA NA 836 5648 2197 NA NA NA NA NA
1577138400.0 136.794 NA 121 425 0 NA NA NA NA NA NA 184 620 0 NA NA NA NA NA NA 916 19372 1958 NA NA NA NA NA NA 927 6593 2135 NA NA NA NA NA
1577138400.0 136.795 NA 121 428 0 NA NA NA NA NA NA 177 702 0 NA NA NA NA NA NA 710 24606 1956 NA NA NA NA NA NA 836 11147 2216 NA NA NA NA NA
1577138400.0 136.7952 NA 206 0 NA NA NA NA NA NA NA 309 0 NA NA NA NA NA NA NA 3551 102 NA NA NA NA NA NA NA 1760 153 NA NA NA NA NA NA
1577138400.0 136.796 NA 119 468 0 NA NA NA NA NA NA 175 666 0 NA NA NA NA NA NA 684 21894 1362 NA NA NA NA NA NA 837 8786 1484 NA NA NA NA NA
1577138400.0 136.797 NA 107 414 0 NA NA NA NA NA NA 181 697 0 NA NA NA NA NA NA 545 13012 1103 NA NA NA NA NA NA 451 4560 1144 NA NA NA NA NA
1577138400.0 136.798 NA 120 411 0 NA NA NA NA NA NA 168 666 0 NA NA NA NA NA NA 706 19295 1968 NA NA NA NA NA NA 836 6690 2275 NA NA NA NA NA
1577138400.0 136.799 NA 109 476 0 NA NA NA NA NA NA 189 695 0 NA NA NA NA NA NA 811 18665 2158 NA NA NA NA NA NA 614 6509 2497 NA NA NA NA NA
1577138400.0 136.8 NA 106 434 0 NA NA NA NA NA NA 182 802 0 NA NA NA NA NA NA 521 13124 1101 NA NA NA NA NA NA 581 4666 1151 NA NA NA NA NA
1577138400.0 136.801 NA 111 406 0 NA NA NA NA NA NA 171 599 0 NA NA NA NA NA NA 689 11557 2098 NA NA NA NA NA NA 497 5377 2403 NA NA NA NA NA
1577138400.0 136.802 NA 106 414 0 NA NA NA NA NA NA 177 606 0 NA NA NA NA NA NA 914 17449 1981 NA NA NA NA NA NA 663 6574 2162 NA NA NA NA NA
1577138400.0 136.803 NA 110 345 0 NA NA NA NA NA NA 183 508 0 NA NA NA NA NA NA 1007 4674 1701 NA NA NA NA NA NA 806 4324 1851 NA NA NA NA NA
1577138400.0 136.804 NA 113 424 0 NA NA NA NA NA NA 192 622 0 NA NA NA NA NA NA 744 15370 1991 NA NA NA NA NA NA 589 5669 2164 NA NA NA NA NA
1577138400.0 136.805 NA 119 409 0 NA NA NA NA NA NA 179 649 0 NA NA NA NA NA NA 735 24293 1859 NA NA NA NA NA NA 836 10175 2003 NA NA NA NA NA
1577138400.0 136.806 NA 107 415 0 NA NA NA NA NA NA 183 642 0 NA NA NA NA NA NA 934 18303 2242 NA NA NA NA NA NA 663 6913 2677 NA NA NA NA NA
1577138400.0 136.807 NA 118 444 0 NA NA NA NA NA NA 176 685 0 NA NA NA NA NA NA 769 24798 2126 NA NA NA NA NA NA 836 10945 2395 NA NA NA NA NA
1577138400.0 136.808 NA 115 449 0 NA NA NA NA NA NA 180 798 0 NA NA NA NA NA NA 470 12837 1139 NA NA NA NA NA NA 373 4593 1182 NA NA NA NA NA
1577138400.0 136.809 NA 123 418 0 NA NA NA NA NA NA 185 614 0 NA NA NA NA NA NA 881 17821 2122 NA NA NA NA NA NA 926 6794 2568 NA NA NA NA NA
1577138400.0 136.81 NA 110 412 0 NA NA NA NA NA NA 174 617 0 NA NA NA NA NA NA 652 17506 1882 NA NA NA NA NA NA 553 6222 2065 NA NA NA NA NA
1577138400.0 136.811 NA 107 467 0 NA NA NA NA NA NA 173 647 0 NA NA NA NA NA NA 764 18650 2074 NA NA NA NA NA NA 594 6556 2319 NA NA NA NA NA
1577138400.0 136.812 NA 110 453 0 NA NA NA NA NA NA 181 819 0 NA NA NA NA NA NA 489 13651 1166 NA NA NA NA NA NA 550 4774 1237 NA NA NA NA NA
1577138400.0 136.813 NA 109 399 0 NA NA NA NA NA NA 183 588 0 NA NA NA NA NA NA 760 13687 1873 NA NA NA NA NA NA 840 5216 2014 NA NA NA NA NA
1577138400.0 136.814 NA 121 421 0 NA NA NA NA NA NA 178 648 0 NA NA NA NA NA NA 969 19461 2243 NA NA NA NA NA NA 926 6639 2701 NA NA NA NA NA
1577138400.0 136.815 NA 109 347 0 NA NA NA NA NA NA 184 506 0 NA NA NA NA NA NA 1117 4900 1859 NA NA NA NA NA NA 1026 4593 2143 NA NA NA NA NA
1577138400.0 136.816 NA 113 445 0 NA NA NA NA NA NA 177 794 0 NA NA NA NA NA NA 622 17745 1164 NA NA NA NA NA NA 520 5791 1323 NA NA NA NA NA
1577138400.0 136.817 NA 106 443 0 NA NA NA NA NA NA 170 802 0 NA NA NA NA NA NA 507 16291 1142 NA NA NA NA NA NA 384 5399 1201 NA NA NA NA NA
1577138400.0 136.818 NA 113 433 0 NA NA NA NA NA NA 189 767 0 NA NA NA NA NA NA 595 16114 1140 NA NA NA NA NA NA 625 5296 1182 NA NA NA NA NA
1577138400.0 136.819 NA 104 446 0 NA NA NA NA NA NA 181 808 0 NA NA NA NA NA NA 542 19585 1169 NA NA NA NA NA NA 441 6325 1224 NA NA NA NA NA
1577138400.0 136.82 NA 106 471 0 NA NA NA NA NA NA 180 822 0 NA NA NA NA NA NA 548 19941 1143 NA NA NA NA NA NA 434 6742 1197 NA NA NA NA NA
1577138400.0 136.821 NA 115 442 0 NA NA NA NA NA NA 184 723 0 NA NA NA NA NA NA 553 16047 1159 NA NA NA NA NA NA 761 5455 1300 NA NA NA NA NA
1577138400.0 136.822 NA 112 432 0 NA NA NA NA NA NA 176 725 0 NA NA NA NA NA NA 490 15807 1128 NA NA NA NA NA NA 477 5246 1173 NA NA NA NA NA
1577138400.0 136.823 NA 107 461 0 NA NA NA NA NA NA 176 840 0 NA NA NA NA NA NA 502 15275 1129 NA NA NA NA NA NA 361 5209 1168 NA NA NA NA NA
1577138400.0 136.824 NA 106 463 0 NA NA NA NA NA NA 174 850 0 NA NA NA NA NA NA 543 21621 1155 NA NA NA NA NA NA 470 7092 1213 NA NA NA NA NA
1577138400.0 136.825 NA 110 433 0 NA NA NA NA NA NA 179 602 0 NA NA NA NA NA NA 677 17775 1939 NA NA NA NA NA NA 595 5981 2044 NA NA NA NA NA
1577138400.0 136.826 NA 105 430 0 NA NA NA NA NA NA 182 747 0 NA NA NA NA NA NA 618 16249 1158 NA NA NA NA NA NA 537 5400 1304 NA NA NA NA NA
1577138400.0 136.827 NA 108 351 0 NA NA NA NA NA NA 172 507 0 NA NA NA NA NA NA 1007 5308 1769 NA NA NA NA NA NA 927 5290 1918 NA NA NA NA NA
1577138400.0 136.828 NA 110 451 0 NA NA NA NA NA NA 174 754 0 NA NA NA NA NA NA 630 18520 1189 NA NA NA NA NA NA 606 5998 1229 NA NA NA NA NA
1577138400.0 136.829 NA 105 451 0 NA NA NA NA NA NA 182 748 0 NA NA NA NA NA NA 516 18652 1186 NA NA NA NA NA NA 431 6079 1242 NA NA NA NA NA
1577138400.0 136.83 NA 112 438 0 NA NA NA NA NA NA 184 771 0 NA NA NA NA NA NA 610 17308 1151 NA NA NA NA NA NA 412 5622 1280 NA NA NA NA NA
1577138400.0 136.831 NA 115 453 0 NA NA NA NA NA NA 171 790 0 NA NA NA NA NA NA 555 18909 1145 NA NA NA NA NA NA 481 6085 1194 NA NA NA NA NA
1577138400.0 136.8311 NA 168 0 NA NA NA NA NA NA NA 274 0 NA NA NA NA NA NA NA 2186 121 NA NA NA NA NA NA NA 1704 178 NA NA NA NA NA NA
1577138400.0 136.832 NA 109 485 0 NA NA NA NA NA NA 174 865 0 NA NA NA NA NA NA 596 23294 1190 NA NA NA NA NA NA 562 7392 1234 NA NA NA NA NA
1577138400.0 136.833 NA 113 448 0 NA NA NA NA NA NA 180 765 0 NA NA NA NA NA NA 558 18650 1140 NA NA NA NA NA NA 500 6124 1263 NA NA NA NA NA
1577138400.0 136.834 NA 109 442 0 NA NA NA NA NA NA 177 754 0 NA NA NA NA NA NA 510 17308 1132 NA NA NA NA NA NA 385 5604 1178 NA NA NA NA NA
1577138400.0 136.835 NA 113 469 0 NA NA NA NA NA NA 164 816 0 NA NA NA NA NA NA 566 17619 1142 NA NA NA NA NA NA 500 5783 1194 NA NA NA NA NA
1577138400.0 136.836 NA 114 457 0 NA NA NA NA NA NA 183 812 0 NA NA NA NA NA NA 527 19669 1167 NA NA NA NA NA NA 500 6528 1290 NA NA NA NA NA
1577138400.0 136.837 NA 111 439 0 NA NA NA NA NA NA 178 747 0 NA NA NA NA NA NA 489 13156 1122 NA NA NA NA NA NA 508 4627 1165 NA NA NA NA NA
1577138400.0 136.838 NA 113 445 0 NA NA NA NA NA NA 182 776 0 NA NA NA NA NA NA 752 17960 1178 NA NA NA NA NA NA 815 5907 1230 NA NA NA NA NA
1577138400.0 136.839 NA 116 356 0 NA NA NA NA NA NA 194 505 0 NA NA NA NA NA NA 873 4750 1815 NA NA NA NA NA NA 689 4205 2067 NA NA NA NA NA
1577138400.0 136.8391 NA 145 455 0 NA NA NA NA NA NA 255 743 0 NA NA NA NA NA NA 3067 15951 1048 NA NA NA NA NA NA 2517 5366 1099 NA NA NA NA NA
1577138400.0 136.84 NA 112 443 0 NA NA NA NA NA NA 182 757 0 NA NA NA NA NA NA 537 13560 1164 NA NA NA NA NA NA 410 4702 1201 NA NA NA NA NA
1577138400.0 136.841 NA 110 439 0 NA NA NA NA NA NA 183 768 0 NA NA NA NA NA NA 515 14116 1208 NA NA NA NA NA NA 363 4893 1260 NA NA NA NA NA
1577138400.0 136.842 NA 109 444 0 NA NA NA NA NA NA 187 746 0 NA NA NA NA NA NA 604 20707 1141 NA NA NA NA NA NA 468 6549 1185 NA NA NA NA NA
1577138400.0 136.843 NA 104 458 0 NA NA NA NA NA NA 182 749 0 NA NA NA NA NA NA 643 23632 1192 NA NA NA NA NA NA 796 7348 1240 NA NA NA NA NA
1577138400.0 136.844 NA 105 426 0 NA NA NA NA NA NA 178 814 0 NA NA NA NA NA NA 618 13404 1060 NA NA NA NA NA NA 440 4764 1161 NA NA NA NA NA
1577138400.0 136.845 NA 109 418 0 NA NA NA NA NA NA 178 616 0 NA NA NA NA NA NA 851 18233 2031 NA NA NA NA NA NA 649 6882 2335 NA NA NA NA NA
1577138400.0 136.846 NA 107 414 0 NA NA NA NA NA NA 175 661 0 NA NA NA NA NA NA 926 17271 2195 NA NA NA NA NA NA 663 6014 2627 NA NA NA NA NA
1577138400.0 136.847 NA 116 448 0 NA NA NA NA NA NA 181 744 0 NA NA NA NA NA NA 637 16835 1147 NA NA NA NA NA NA 564 5542 1197 NA NA NA NA NA
1577138400.0 136.848 NA 107 441 0 NA NA NA NA NA NA 183 744 0 NA NA NA NA NA NA 677 20444 1135 NA NA NA NA NA NA 492 6488 1182 NA NA NA NA NA
1577138400.0 136.849 NA 238 441 0 NA NA NA NA NA NA 379 749 0 NA NA NA NA NA NA 3034 12310 1584 NA NA NA NA NA NA 2246 4569 1638 NA NA NA NA NA
1577138400.0 136.85 NA 238 497 0 NA NA NA NA NA NA 376 771 0 NA NA NA NA NA NA 3147 13319 1467 NA NA NA NA NA NA 1974 4971 1506 NA NA NA NA NA
1577138400.0 136.8501 NA 241 461 0 NA NA NA NA NA NA 379 823 0 NA NA NA NA NA NA 3166 15788 1457 NA NA NA NA NA NA 1949 5613 1503 NA NA NA NA NA
1577138400.0 136.851 NA 242 455 0 NA NA NA NA NA NA 385 714 0 NA NA NA NA NA NA 3475 12701 1488 NA NA NA NA NA NA 2170 4671 1556 NA NA NA NA NA
1577138400.0 136.852 NA 243 466 0 NA NA NA NA NA NA 401 824 0 NA NA NA NA NA NA 3488 14651 1519 NA NA NA NA NA NA 2160 5171 1572 NA NA NA NA NA
1577138400.0 136.8521 NA 197 0 NA NA NA NA NA NA NA 330 0 NA NA NA NA NA NA NA 3378 114 NA NA NA NA NA NA NA 2528 161 NA NA NA NA NA NA
1577138400.0 136.853 NA 238 489 0 NA NA NA NA NA NA 382 852 0 NA NA NA NA NA NA 3235 13523 1536 NA NA NA NA NA NA 2097 4992 1581 NA NA NA NA NA
1577138400.0 136.854 NA 239 461 0 NA NA NA NA NA NA 391 780 0 NA NA NA NA NA NA 3623 14206 1449 NA NA NA NA NA NA 2529 5055 1494 NA NA NA NA NA
1577138400.0 136.855 NA 236 461 0 NA NA NA NA NA NA 392 780 0 NA NA NA NA NA NA 3334 12691 1466 NA NA NA NA NA NA 2189 4757 1513 NA NA NA NA NA
1577138400.0 136.856 NA 227 434 0 NA NA NA NA NA NA 367 684 0 NA NA NA NA NA NA 2285 8749 1493 NA NA NA NA NA NA 1820 3654 1563 NA NA NA NA NA
1577138400.0 136.8561 NA 260 373 0 NA NA NA NA NA NA 349 570 0 NA NA NA NA NA NA 2171 4909 1745 NA NA NA NA NA NA 2199 4765 2051 NA NA NA NA NA
1577138400.0 136.8562 NA 233 353 0 NA NA NA NA NA NA 350 507 0 NA NA NA NA NA NA 2185 4328 1781 NA NA NA NA NA NA 2374 4196 2032 NA NA NA NA NA
1577138400.0 136.857 NA 235 456 0 NA NA NA NA NA NA 362 772 0 NA NA NA NA NA NA 3430 13209 1458 NA NA NA NA NA NA 2075 4840 1508 NA NA NA NA NA
1577138400.0 136.858 NA 232 355 0 NA NA NA NA NA NA 373 535 0 NA NA NA NA NA NA 1671 3031 1299 NA NA NA NA NA NA 1697 2791 1424 NA NA NA NA NA
1577138400.0 136.859 NA 253 475 0 NA NA NA NA NA NA 426 850 0 NA NA NA NA NA NA 3948 16100 1666 NA NA NA NA NA NA 2229 5596 1774 NA NA NA NA NA
1577138400.0 136.86 NA 236 460 0 NA NA NA NA NA NA 384 723 0 NA NA NA NA NA NA 3552 15455 1458 NA NA NA NA NA NA 2532 5564 1501 NA NA NA NA NA
1577138400.0 136.861 NA 245 463 0 NA NA NA NA NA NA 397 788 0 NA NA NA NA NA NA 3312 16800 1492 NA NA NA NA NA NA 2209 5693 1540 NA NA NA NA NA
1577138400.0 136.862 NA 250 508 0 NA NA NA NA NA NA 411 843 0 NA NA NA NA NA NA 3576 18572 1489 NA NA NA NA NA NA 2218 6283 1539 NA NA NA NA NA
1577138400.0 136.863 NA 254 472 0 NA NA NA NA NA NA 410 789 0 NA NA NA NA NA NA 3628 17811 1510 NA NA NA NA NA NA 2150 5939 1560 NA NA NA NA NA
1577138400.0 136.864 NA 252 503 0 NA NA NA NA NA NA 407 815 0 NA NA NA NA NA NA 3571 19781 1443 NA NA NA NA NA NA 1842 6399 1495 NA NA NA NA NA
1577138400.0 136.8642 NA 252 500 0 NA NA NA NA NA NA 390 837 0 NA NA NA NA NA NA 3553 19744 1445 NA NA NA NA NA NA 1873 6484 1516 NA NA NA NA NA
1577138400.0 136.8643 NA 259 504 0 NA NA NA NA NA NA 406 827 0 NA NA NA NA NA NA 3579 20077 1450 NA NA NA NA NA NA 1934 6535 1585 NA NA NA NA NA
1577138400.0 136.865 NA 245 508 0 NA NA NA NA NA NA 393 871 0 NA NA NA NA NA NA 3383 20101 1434 NA NA NA NA NA NA 1876 6657 1478 NA NA NA NA NA
1577138400.0 136.866 NA 256 479 0 NA NA NA NA NA NA 395 818 0 NA NA NA NA NA NA 3545 17792 1437 NA NA NA NA NA NA 1910 5951 1483 NA NA NA NA NA
1577138400.0 136.867 NA 242 484 0 NA NA NA NA NA NA 388 828 0 NA NA NA NA NA NA 3375 17065 1513 NA NA NA NA NA NA 2110 5877 1592 NA NA NA NA NA
1577138400.0 136.868 NA 230 457 0 NA NA NA NA NA NA 365 805 0 NA NA NA NA NA NA 2902 13781 1488 NA NA NA NA NA NA 1955 4879 1544 NA NA NA NA NA
1577138400.0 136.869 NA 241 490 0 NA NA NA NA NA NA 411 831 0 NA NA NA NA NA NA 3396 18676 1450 NA NA NA NA NA NA 1840 6202 1494 NA NA NA NA NA
1577138400.0 136.87 NA 224 361 0 NA NA NA NA NA NA 345 559 0 NA NA NA NA NA NA 1801 3454 1329 NA NA NA NA NA NA 1682 2674 1448 NA NA NA NA NA
1577138400.0 136.871 NA 261 492 0 NA NA NA NA NA NA 449 851 0 NA NA NA NA NA NA 4096 22177 1524 NA NA NA NA NA NA 1964 7355 1570 NA NA NA NA NA
1577138400.0 136.872 NA 240 490 0 NA NA NA NA NA NA 402 800 0 NA NA NA NA NA NA 3566 19399 1522 NA NA NA NA NA NA 2168 6419 1581 NA NA NA NA NA
1577138400.0 136.898 NA 233 492 0 NA NA NA NA NA NA 377 865 0 NA NA NA NA NA NA 3162 18682 1438 NA NA NA NA NA NA 2064 6500 1485 NA NA NA NA NA
1577138400.0 1360.0 0 NA NA NA NA NA NA NA NA 0 NA NA NA NA NA NA NA NA 603 NA NA NA NA NA NA NA NA 439 NA NA NA NA NA NA NA NA
1577138400.0 1361.0 109 137 351 0 NA NA NA NA NA 179 589 474 0 NA NA NA NA NA 6236 957 3233 1270 NA NA NA NA NA 4308 805 3522 1505 NA NA NA NA NA
1577138400.0 1361.17 72 160 359 0 NA NA NA NA NA 150 589 526 0 NA NA NA NA NA 3254 640 1826 1102 NA NA NA NA NA 2247 440 1980 1204 NA NA NA NA NA
1577138400.0 1362.0 97 169 340 0 NA NA NA NA NA 179 588 486 0 NA NA NA NA NA 5840 528 1977 794 NA NA NA NA NA 4604 601 2490 968 NA NA NA NA NA
1577138400.0 1362.17 72 160 360 0 NA NA NA NA NA 147 589 564 0 NA NA NA NA NA 5859 714 2085 1244 NA NA NA NA NA 4665 600 2452 1366 NA NA NA NA NA
1577138400.0 1363.0 86 150 338 0 NA NA NA NA NA 175 588 485 0 NA NA NA NA NA 5735 521 1962 801 NA NA NA NA NA 4815 633 2372 959 NA NA NA NA NA
1577138400.0 1363.17 74 162 362 0 NA NA NA NA NA 150 545 565 0 NA NA NA NA NA 5928 707 2070 1235 NA NA NA NA NA 4715 592 2421 1377 NA NA NA NA NA
1577138400.0 1364.0 NA 180 333 0 NA NA NA NA NA NA 602 477 0 NA NA NA NA NA NA 454 1677 720 NA NA NA NA NA NA 578 1791 779 NA NA NA NA NA
1577138400.0 1365.0 NA 156 341 0 NA NA NA NA NA NA 602 460 0 NA NA NA NA NA NA 473 1742 718 NA NA NA NA NA NA 545 1924 771 NA NA NA NA NA
1577138400.0 1366.0 NA 149 337 0 NA NA NA NA NA NA 603 496 0 NA NA NA NA NA NA 459 1717 727 NA NA NA NA NA NA 660 1914 802 NA NA NA NA NA
1577138400.0 139901.0 NA 155 336 0 NA NA NA NA NA NA 604 480 0 NA NA NA NA NA NA 474 1767 741 NA NA NA NA NA NA 539 2180 907 NA NA NA NA NA
1577138400.0 139902.0 NA 147 345 0 NA NA NA NA NA NA 604 473 0 NA NA NA NA NA NA 829 3997 1356 NA NA NA NA NA NA 697 4399 1595 NA NA NA NA NA
1577138400.0 13992501.0 NA 286 543 0 NA NA NA NA NA NA 573 834 0 NA NA NA NA NA NA 4121 7483 1278 NA NA NA NA NA NA 1944 6390 1501 NA NA NA NA NA
1577138400.0 13992502.0 NA 283 592 0 NA NA NA NA NA NA 574 875 0 NA NA NA NA NA NA 3662 7253 1321 NA NA NA NA NA NA 1987 5601 1560 NA NA NA NA NA
1577138400.0 14.0 NA 177 297 0 NA NA NA NA NA NA 587 464 0 NA NA NA NA NA NA 2157 4240 539 NA NA NA NA NA NA 801 2431 580 NA NA NA NA NA
1577138400.0 140.0 80 99 202 0 NA NA NA NA NA 146 537 349 0 NA NA NA NA NA 9295 893 1216 279 NA NA NA NA NA 5979 986 1255 323 NA NA NA NA NA
1577138400.0 140.51 NA 70 213 0 NA NA NA NA NA NA 177 337 0 NA NA NA NA NA NA 516 1518 283 NA NA NA NA NA NA 432 1064 345 NA NA NA NA NA
1577138400.0 140.52 NA 256 217 0 NA NA NA NA NA NA 391 353 0 NA NA NA NA NA NA 2069 1731 312 NA NA NA NA NA NA 1566 1175 394 NA NA NA NA NA
1577138400.0 140.53 NA 330 0 NA NA NA NA NA NA NA 462 0 NA NA NA NA NA NA NA 2616 268 NA NA NA NA NA NA NA 1185 328 NA NA NA NA NA NA
1577138400.0 140.54 NA 243 0 NA NA NA NA NA NA NA 409 0 NA NA NA NA NA NA NA 1292 391 NA NA NA NA NA NA NA 1258 460 NA NA NA NA NA NA
1577138400.0 140.55 NA 131 111 403 0 NA NA NA NA NA 236 216 699 0 NA NA NA NA NA 4002 4460 15525 405 NA NA NA NA NA 1551 1787 4568 458 NA NA NA NA
1577138400.0 144.6 NA 290 NA NA NA NA NA NA NA NA 420 NA NA NA NA NA NA NA NA 2495 NA NA NA NA NA NA NA NA 2304 NA NA NA NA NA NA NA
1577138400.0 145.0 79 113 201 0 NA NA NA NA NA 143 583 328 0 NA NA NA NA NA 4104 719 1311 279 NA NA NA NA NA 4612 485 1333 348 NA NA NA NA NA
1577138400.0 148.0 57 229 327 0 NA NA NA NA NA 113 599 519 0 NA NA NA NA NA 1648 324 1620 1079 NA NA NA NA NA 1162 372 2064 1297 NA NA NA NA NA
1577138400.0 149.0 68 143 341 0 NA NA NA NA NA 126 543 530 0 NA NA NA NA NA 2791 908 3303 1949 NA NA NA NA NA 1601 607 3683 2101 NA NA NA NA NA
1577138400.0 15.0 NA 170 274 0 NA NA NA NA NA NA 585 451 0 NA NA NA NA NA NA 1403 1901 475 NA NA NA NA NA NA 580 1663 512 NA NA NA NA NA
1577138400.0 150.0 76 142 242 0 NA NA NA NA NA 129 589 399 0 NA NA NA NA NA 4900 1111 1339 648 NA NA NA NA NA 5058 711 1360 823 NA NA NA NA NA
1577138400.0 150.1 NA 171 265 0 NA NA NA NA NA NA 602 409 0 NA NA NA NA NA NA 764 698 384 NA NA NA NA NA NA 844 924 475 NA NA NA NA NA
1577138400.0 150.2 NA 179 255 0 NA NA NA NA NA NA 603 405 0 NA NA NA NA NA NA 449 759 385 NA NA NA NA NA NA 590 890 482 NA NA NA NA NA
1577138400.0 150.3 NA 170 242 0 NA NA NA NA NA NA 560 390 0 NA NA NA NA NA NA 485 699 386 NA NA NA NA NA NA 857 1051 474 NA NA NA NA NA
1577138400.0 158.0 73 211 338 0 NA NA NA NA NA 131 589 541 0 NA NA NA NA NA 2635 734 1810 1112 NA NA NA NA NA 2388 544 2244 1263 NA NA NA NA NA
1577138400.0 16.0 NA 113 285 0 NA NA NA NA NA NA 585 455 0 NA NA NA NA NA NA 1589 2295 523 NA NA NA NA NA NA 676 1835 616 NA NA NA NA NA
1577138400.0 17.0 NA 160 277 0 NA NA NA NA NA NA 584 464 0 NA NA NA NA NA NA 1414 1952 472 NA NA NA NA NA NA 581 1655 512 NA NA NA NA NA
1577138400.0 18.0 NA 180 276 0 NA NA NA NA NA NA 586 414 0 NA NA NA NA NA NA 1379 1853 466 NA NA NA NA NA NA 573 1653 515 NA NA NA NA NA
1577138400.0 19.0 NA 160 276 0 NA NA NA NA NA NA 540 424 0 NA NA NA NA NA NA 1391 1881 464 NA NA NA NA NA NA 563 1637 516 NA NA NA NA NA
1577138400.0 2.0 96 149 198 NA NA NA NA NA NA 214 583 333 NA NA NA NA NA NA 2724 403 1221 NA NA NA NA NA NA 1027 294 1162 NA NA NA NA NA NA
1577138400.0 20.0 NA 173 270 0 NA NA NA NA NA NA 586 408 0 NA NA NA NA NA NA 1456 2108 491 NA NA NA NA NA NA 604 1739 541 NA NA NA NA NA
1577138400.0 200.0 NA 172 358 0 NA NA NA NA NA NA 595 503 0 NA NA NA NA NA NA 798 2163 519 NA NA NA NA NA NA 1005 2088 617 NA NA NA NA NA
1577138400.0 20034.0 NA 302 394 0 NA NA NA NA NA NA 477 559 0 NA NA NA NA NA NA 4296 4712 1062 NA NA NA NA NA NA 2763 4256 1221 NA NA NA NA NA
1577138400.0 20034.1 NA 302 203 0 NA NA NA NA NA NA 485 297 0 NA NA NA NA NA NA 2811 1149 269 NA NA NA NA NA NA 1847 1240 336 NA NA NA NA NA
1577138400.0 20034.11 NA 307 400 0 NA NA NA NA NA NA 492 534 0 NA NA NA NA NA NA 4335 4727 1042 NA NA NA NA NA NA 2525 4236 1189 NA NA NA NA NA
1577138400.0 2017.1 362 0 125 NA NA NA NA NA NA 740 0 205 NA NA NA NA NA NA 1052 280 859 NA NA NA NA NA NA 1085 428 1077 NA NA NA NA NA NA
1577138400.0 2017.11 377 0 126 NA NA NA NA NA NA 753 0 205 NA NA NA NA NA NA 1411 306 1008 NA NA NA NA NA NA 1278 386 1080 NA NA NA NA NA NA
1577138400.0 2017.12 357 0 128 NA NA NA NA NA NA 697 0 207 NA NA NA NA NA NA 1019 274 841 NA NA NA NA NA NA 957 392 1068 NA NA NA NA NA NA
1577138400.0 2017.13 367 0 NA NA NA NA NA NA NA 730 0 NA NA NA NA NA NA NA 1031 291 NA NA NA NA NA NA NA 1328 358 NA NA NA NA NA NA NA
1577138400.0 2017.2 307 0 121 NA NA NA NA NA NA 732 0 211 NA NA NA NA NA NA 925 259 820 NA NA NA NA NA NA 1024 592 1027 NA NA NA NA NA NA
1577138400.0 2017.3 300 0 121 NA NA NA NA NA NA 763 0 200 NA NA NA NA NA NA 916 257 827 NA NA NA NA NA NA 976 416 1087 NA NA NA NA NA NA
1577138400.0 2017.4 360 0 125 NA NA NA NA NA NA 723 0 215 NA NA NA NA NA NA 965 279 828 NA NA NA NA NA NA 1285 445 1044 NA NA NA NA NA NA
1577138400.0 2017.5 368 0 122 NA NA NA NA NA NA 741 0 214 NA NA NA NA NA NA 1083 303 909 NA NA NA NA NA NA 1428 493 1080 NA NA NA NA NA NA
1577138400.0 2017.6 373 0 126 NA NA NA NA NA NA 735 0 215 NA NA NA NA NA NA 1169 315 943 NA NA NA NA NA NA 1523 472 1284 NA NA NA NA NA NA
1577138400.0 2017.7 356 0 125 NA NA NA NA NA NA 727 0 205 NA NA NA NA NA NA 981 272 845 NA NA NA NA NA NA 992 419 1045 NA NA NA NA NA NA
1577138400.0 2017.8 189 NA NA NA NA NA NA NA NA 306 NA NA NA NA NA NA NA NA 465 NA NA NA NA NA NA NA NA 581 NA NA NA NA NA NA NA NA
1577138400.0 2017.9 370 0 123 NA NA NA NA NA NA 724 0 197 NA NA NA NA NA NA 883 262 820 NA NA NA NA NA NA 1244 356 1031 NA NA NA NA NA NA
1577138400.0 2018.1 365 0 127 NA NA NA NA NA NA 740 0 204 NA NA NA NA NA NA 1101 276 849 NA NA NA NA NA NA 1179 403 1036 NA NA NA NA NA NA
1577138400.0 2018.11 375 0 128 NA NA NA NA NA NA 733 0 205 NA NA NA NA NA NA 1434 318 1024 NA NA NA NA NA NA 1525 457 1234 NA NA NA NA NA NA
1577138400.0 2018.12 366 0 126 NA NA NA NA NA NA 726 0 217 NA NA NA NA NA NA 1176 308 942 NA NA NA NA NA NA 1303 440 1097 NA NA NA NA NA NA
1577138400.0 2018.13 386 0 NA NA NA NA NA NA NA 767 0 NA NA NA NA NA NA NA 1074 289 NA NA NA NA NA NA NA 1095 352 NA NA NA NA NA NA NA
1577138400.0 2018.2 312 0 123 NA NA NA NA NA NA 721 0 204 NA NA NA NA NA NA 919 257 832 NA NA NA NA NA NA 940 346 1179 NA NA NA NA NA NA
1577138400.0 2018.3 308 0 125 NA NA NA NA NA NA 728 0 211 NA NA NA NA NA NA 1043 289 908 NA NA NA NA NA NA 1349 416 1288 NA NA NA NA NA NA
1577138400.0 2018.4 369 0 125 NA NA NA NA NA NA 723 0 204 NA NA NA NA NA NA 985 271 839 NA NA NA NA NA NA 978 415 1017 NA NA NA NA NA NA
1577138400.0 2018.5 353 0 125 NA NA NA NA NA NA 734 0 210 NA NA NA NA NA NA 984 272 832 NA NA NA NA NA NA 955 386 1067 NA NA NA NA NA NA
1577138400.0 2018.6 381 0 125 NA NA NA NA NA NA 731 0 200 NA NA NA NA NA NA 1208 309 936 NA NA NA NA NA NA 1431 412 1265 NA NA NA NA NA NA
1577138400.0 2018.7 367 0 124 NA NA NA NA NA NA 696 0 202 NA NA NA NA NA NA 1028 282 839 NA NA NA NA NA NA 1031 464 1099 NA NA NA NA NA NA
1577138400.0 2018.8 196 NA NA NA NA NA NA NA NA 322 NA NA NA NA NA NA NA NA 423 NA NA NA NA NA NA NA NA 600 NA NA NA NA NA NA NA NA
1577138400.0 2018.9 363 0 123 NA NA NA NA NA NA 724 0 202 NA NA NA NA NA NA 906 261 831 NA NA NA NA NA NA 1095 340 1104 NA NA NA NA NA NA
1577138400.0 202.0 NA 164 360 0 NA NA NA NA NA NA 594 519 0 NA NA NA NA NA NA 853 2235 521 NA NA NA NA NA NA 720 2248 620 NA NA NA NA NA
1577138400.0 20234.99 NA 431 518 518 0 NA NA NA NA NA 628 757 777 0 NA NA NA NA NA 4537 3746 4879 642 NA NA NA NA NA 2448 1748 2638 728 NA NA NA NA
1577138400.0 20261.97 438 NA NA NA NA NA NA NA NA 656 NA NA NA NA NA NA NA NA 4305 NA NA NA NA NA NA NA NA 1987 NA NA NA NA NA NA NA NA
1577138400.0 203.0 NA 171 357 0 NA NA NA NA NA NA 596 535 0 NA NA NA NA NA NA 777 2222 516 NA NA NA NA NA NA 626 2117 615 NA NA NA NA NA
1577138400.0 204.0 104 167 357 0 NA NA NA NA NA 214 509 516 0 NA NA NA NA NA 5284 1730 4840 847 NA NA NA NA NA 2565 1195 4847 963 NA NA NA NA NA
1577138400.0 20434.0 102 317 406 0 NA NA NA NA NA 171 513 552 0 NA NA NA NA NA 6096 2587 2746 637 NA NA NA NA NA 2434 1413 2419 762 NA NA NA NA NA
1577138400.0 205.0 NA 170 357 0 NA NA NA NA NA NA 598 517 0 NA NA NA NA NA NA 1543 4544 1014 NA NA NA NA NA NA 931 4238 1482 NA NA NA NA NA
1577138400.0 21.0 NA 141 274 0 NA NA NA NA NA NA 585 430 0 NA NA NA NA NA NA 1623 2285 514 NA NA NA NA NA NA 1042 1776 600 NA NA NA NA NA
1577138400.0 21234.0 95 303 405 0 NA NA NA NA NA 161 488 556 0 NA NA NA NA NA 6450 2493 2582 622 NA NA NA NA NA 2324 1340 2293 731 NA NA NA NA NA
1577138400.0 21234.11 103 303 400 0 NA NA NA NA NA 175 498 553 0 NA NA NA NA NA 7197 2571 2823 627 NA NA NA NA NA 2921 1441 2397 742 NA NA NA NA NA
1577138400.0 21634.0 94 298 386 0 NA NA NA NA NA 158 507 588 0 NA NA NA NA NA 6517 2595 2846 630 NA NA NA NA NA 3066 1444 2370 754 NA NA NA NA NA
1577138400.0 22.0 NA 156 279 0 NA NA NA NA NA NA 584 457 0 NA NA NA NA NA NA 1526 2343 517 NA NA NA NA NA NA 619 1736 571 NA NA NA NA NA
1577138400.0 22034.0 94 298 397 0 NA NA NA NA NA 161 486 557 0 NA NA NA NA NA 6765 2629 2737 626 NA NA NA NA NA 2341 1577 2436 749 NA NA NA NA NA
1577138400.0 22434.0 105 302 400 0 NA NA NA NA NA 174 476 592 0 NA NA NA NA NA 6335 2506 2708 626 NA NA NA NA NA 2347 1333 2301 721 NA NA NA NA NA
1577138400.0 23.0 NA 150 296 0 NA NA NA NA NA NA 587 427 0 NA NA NA NA NA NA 2099 2877 619 NA NA NA NA NA NA 814 2029 776 NA NA NA NA NA
1577138400.0 24.0 NA 129 310 0 NA NA NA NA NA NA 586 460 0 NA NA NA NA NA NA 3264 5727 915 NA NA NA NA NA NA 1393 3686 1024 NA NA NA NA NA
1577138400.0 24034.0 85 253 353 0 NA NA NA NA NA 147 482 500 0 NA NA NA NA NA 11862 2960 4946 928 NA NA NA NA NA 4740 1704 5548 1490 NA NA NA NA NA
1577138400.0 25.0 NA 130 328 0 85 NA NA NA NA NA 600 455 0 139 NA NA NA NA NA 3422 7107 883 424 NA NA NA NA NA 1406 4976 991 466 NA NA NA NA
1577138400.0 250199.0 338 NA NA NA NA NA NA NA NA 632 NA NA NA NA NA NA NA NA 2858 NA NA NA NA NA NA NA NA 1336 NA NA NA NA NA NA NA NA
1577138400.0 250199.17 367 NA NA NA NA NA NA NA NA 636 NA NA NA NA NA NA NA NA 2778 NA NA NA NA NA NA NA NA 1375 NA NA NA NA NA NA NA NA
1577138400.0 250199.18 464 NA NA NA NA NA NA NA NA 739 NA NA NA NA NA NA NA NA 4439 NA NA NA NA NA NA NA NA 1960 NA NA NA NA NA NA NA NA
1577138400.0 250200.0 NA 320 422 0 NA NA NA NA NA NA 682 570 0 NA NA NA NA NA NA 11330 2816 753 NA NA NA NA NA NA 4186 2456 881 NA NA NA NA NA
1577138400.0 250200.1 83 333 253 NA NA NA NA NA NA 170 631 373 NA NA NA NA NA NA 2109 1413 2397 NA NA NA NA NA NA 864 838 1734 NA NA NA NA NA NA
1577138400.0 250200.117 70 373 251 NA NA NA NA NA NA 139 638 412 NA NA NA NA NA NA 2056 1575 1786 NA NA NA NA NA NA 814 863 1329 NA NA NA NA NA NA
1577138400.0 250200.118 70 522 277 179 NA NA NA NA NA 142 830 487 282 NA NA NA NA NA 1998 3324 2382 1326 NA NA NA NA NA 1047 2220 2046 1502 NA NA NA NA NA
1577138400.0 250200.17 NA 382 475 0 NA NA NA NA NA NA 747 660 0 NA NA NA NA NA NA 13619 3387 1209 NA NA NA NA NA NA 4706 2664 1330 NA NA NA NA NA
1577138400.0 250200.18 NA 570 553 0 NA NA NA NA NA NA 1127 760 0 NA NA NA NA NA NA 20337 4071 1925 NA NA NA NA NA NA 7300 2558 2084 NA NA NA NA NA
1577138400.0 250202.0 NA 329 463 0 NA NA NA NA NA NA 684 640 0 NA NA NA NA NA NA 11336 3178 758 NA NA NA NA NA NA 4267 2434 886 NA NA NA NA NA
1577138400.0 250202.1 NA 304 337 444 0 NA NA NA NA NA 590 671 656 0 NA NA NA NA NA 3335 11719 3204 800 NA NA NA NA NA 1896 3887 2279 852 NA NA NA NA
1577138400.0 250202.118 75 537 286 182 NA NA NA NA NA 152 778 502 265 NA NA NA NA NA 3018 3395 2294 1324 NA NA NA NA NA 1096 1985 1547 1645 NA NA NA NA NA
1577138400.0 250202.17 NA 396 474 0 NA NA NA NA NA NA 742 668 0 NA NA NA NA NA NA 13679 3714 1229 NA NA NA NA NA NA 4664 2575 1515 NA NA NA NA NA
1577138400.0 250202.171 NA 358 391 483 0 NA NA NA NA NA 635 722 701 0 NA NA NA NA NA 3607 12988 3699 1165 NA NA NA NA NA 2177 4170 2193 1214 NA NA NA NA
1577138400.0 250202.18 NA 581 557 0 NA NA NA NA NA NA 1128 817 0 NA NA NA NA NA NA 20680 4418 1916 NA NA NA NA NA NA 8863 2761 2123 NA NA NA NA NA
1577138400.0 250202.181 NA 435 581 572 0 NA NA NA NA NA 739 1141 793 0 NA NA NA NA NA 4958 21037 4466 1879 NA NA NA NA NA 2444 7576 2616 1934 NA NA NA NA
1577138400.0 250203.0 NA 330 437 0 NA NA NA NA NA NA 686 623 0 NA NA NA NA NA NA 11134 2948 751 NA NA NA NA NA NA 4074 2466 867 NA NA NA NA NA
1577138400.0 250203.17 NA 385 468 0 NA NA NA NA NA NA 799 696 0 NA NA NA NA NA NA 13138 3031 1234 NA NA NA NA NA NA 4774 2055 1347 NA NA NA NA NA
1577138400.0 250203.18 NA 567 554 0 NA NA NA NA NA NA 1199 810 0 NA NA NA NA NA NA 20690 4141 1913 NA NA NA NA NA NA 7618 2972 2077 NA NA NA NA NA
1577138400.0 250204.0 NA 321 460 0 NA NA NA NA NA NA 671 591 0 NA NA NA NA NA NA 11685 3001 753 NA NA NA NA NA NA 4325 2834 873 NA NA NA NA NA
1577138400.0 250204.17 NA 380 461 0 NA NA NA NA NA NA 788 691 0 NA NA NA NA NA NA 12933 3132 1243 NA NA NA NA NA NA 4640 2126 1350 NA NA NA NA NA
1577138400.0 250204.18 NA 570 545 0 NA NA NA NA NA NA 1213 771 0 NA NA NA NA NA NA 20150 4252 1927 NA NA NA NA NA NA 7550 2685 2097 NA NA NA NA NA
1577138400.0 250205.0 NA 323 447 0 NA NA NA NA NA NA 684 612 0 NA NA NA NA NA NA 10988 2669 758 NA NA NA NA NA NA 3990 2703 894 NA NA NA NA NA
1577138400.0 250205.17 NA 378 466 0 NA NA NA NA NA NA 786 632 0 NA NA NA NA NA NA 12557 3238 1222 NA NA NA NA NA NA 4771 2633 1530 NA NA NA NA NA
1577138400.0 250205.18 NA 561 541 0 NA NA NA NA NA NA 1127 773 0 NA NA NA NA NA NA 19722 4155 1925 NA NA NA NA NA NA 7478 2738 2176 NA NA NA NA NA
1577138400.0 250206.0 NA 323 439 0 NA NA NA NA NA NA 789 627 0 NA NA NA NA NA NA 11714 2866 755 NA NA NA NA NA NA 4267 2508 844 NA NA NA NA NA
1577138400.0 250206.118 66 507 279 178 NA NA NA NA NA 141 786 469 278 NA NA NA NA NA 1422 2592 1945 1311 NA NA NA NA NA 716 2169 1695 1535 NA NA NA NA NA
1577138400.0 250206.17 NA 390 457 0 NA NA NA NA NA NA 724 678 0 NA NA NA NA NA NA 13446 3211 1233 NA NA NA NA NA NA 4618 2792 1466 NA NA NA NA NA
1577138400.0 250206.18 NA 563 551 0 NA NA NA NA NA NA 1131 787 0 NA NA NA NA NA NA 21058 4202 1917 NA NA NA NA NA NA 8866 2576 2059 NA NA NA NA NA
1577138400.0 250206.181 NA 449 576 566 0 NA NA NA NA NA 636 1096 817 0 NA NA NA NA NA 5234 21712 4742 1925 NA NA NA NA NA 2439 7405 2670 1979 NA NA NA NA
1577138400.0 250207.0 NA 323 426 0 NA NA NA NA NA NA 737 598 0 NA NA NA NA NA NA 11321 2716 741 NA NA NA NA NA NA 4395 2435 891 NA NA NA NA NA
1577138400.0 250207.17 NA 384 488 0 NA NA NA NA NA NA 785 662 0 NA NA NA NA NA NA 11649 3008 1158 NA NA NA NA NA NA 4204 2520 1245 NA NA NA NA NA
1577138400.0 250207.18 NA 550 568 0 NA NA NA NA NA NA 1005 813 0 NA NA NA NA NA NA 19705 4092 1905 NA NA NA NA NA NA 7270 2948 2076 NA NA NA NA NA
1577138400.0 250208.17 NA 401 473 0 NA NA NA NA NA NA 787 692 0 NA NA NA NA NA NA 15365 4677 1296 NA NA NA NA NA NA 5189 2953 1418 NA NA NA NA NA
1577138400.0 250208.18 NA 587 555 0 NA NA NA NA NA NA 1141 782 0 NA NA NA NA NA NA 23879 5466 1872 NA NA NA NA NA NA 9185 2738 1911 NA NA NA NA NA
1577138400.0 250399.0 264 NA NA NA NA NA NA NA NA 596 NA NA NA NA NA NA NA NA 980 NA NA NA NA NA NA NA NA 853 NA NA NA NA NA NA NA NA
1577138400.0 250399.17 333 NA NA NA NA NA NA NA NA 664 NA NA NA NA NA NA NA NA 1376 NA NA NA NA NA NA NA NA 1253 NA NA NA NA NA NA NA NA
1577138400.0 250399.18 353 NA NA NA NA NA NA NA NA 663 NA NA NA NA NA NA NA NA 1389 NA NA NA NA NA NA NA NA 1070 NA NA NA NA NA NA NA NA
1577138400.0 250400.0 360 0 127 NA NA NA NA NA NA 705 0 214 NA NA NA NA NA NA 1302 263 951 NA NA NA NA NA NA 1519 434 1094 NA NA NA NA NA NA
1577138400.0 250400.17 407 0 130 NA NA NA NA NA NA 785 0 217 NA NA NA NA NA NA 1556 287 981 NA NA NA NA NA NA 1833 361 1095 NA NA NA NA NA NA
1577138400.0 250400.18 412 0 131 NA NA NA NA NA NA 739 0 224 NA NA NA NA NA NA 1724 298 1001 NA NA NA NA NA NA 1747 492 1298 NA NA NA NA NA NA
1577138400.0 250402.0 361 0 131 NA NA NA NA NA NA 697 0 207 NA NA NA NA NA NA 1455 268 973 NA NA NA NA NA NA 1554 442 1165 NA NA NA NA NA NA
1577138400.0 250402.17 417 0 130 NA NA NA NA NA NA 772 0 220 NA NA NA NA NA NA 1644 309 1024 NA NA NA NA NA NA 1852 422 1279 NA NA NA NA NA NA
1577138400.0 250402.171 336 410 0 NA NA NA NA NA NA 664 730 0 NA NA NA NA NA NA 1475 1832 304 NA NA NA NA NA NA 1279 1373 535 NA NA NA NA NA NA
1577138400.0 250402.18 418 0 132 NA NA NA NA NA NA 772 0 213 NA NA NA NA NA NA 1793 311 1028 NA NA NA NA NA NA 1525 443 1352 NA NA NA NA NA NA
1577138400.0 250402.181 350 423 0 NA NA NA NA NA NA 664 737 0 NA NA NA NA NA NA 1600 1860 301 NA NA NA NA NA NA 1417 1403 467 NA NA NA NA NA NA
1577138400.0 250403.0 339 0 128 NA NA NA NA NA NA 654 0 203 NA NA NA NA NA NA 1285 259 967 NA NA NA NA NA NA 1523 360 1266 NA NA NA NA NA NA
1577138400.0 250403.17 394 0 135 NA NA NA NA NA NA 750 0 212 NA NA NA NA NA NA 1563 304 992 NA NA NA NA NA NA 1444 424 1256 NA NA NA NA NA NA
1577138400.0 250403.18 421 0 133 NA NA NA NA NA NA 779 0 222 NA NA NA NA NA NA 1697 301 1005 NA NA NA NA NA NA 1764 426 1283 NA NA NA NA NA NA
1577138400.0 250405.0 351 0 130 NA NA NA NA NA NA 704 0 219 NA NA NA NA NA NA 1273 262 941 NA NA NA NA NA NA 1565 359 1082 NA NA NA NA NA NA
1577138400.0 250405.17 389 0 130 NA NA NA NA NA NA 774 0 224 NA NA NA NA NA NA 1549 298 984 NA NA NA NA NA NA 1428 416 1100 NA NA NA NA NA NA
1577138400.0 250405.18 425 0 134 NA NA NA NA NA NA 779 0 223 NA NA NA NA NA NA 1714 298 1004 NA NA NA NA NA NA 1638 419 1154 NA NA NA NA NA NA
1577138400.0 250406.0 337 0 127 NA NA NA NA NA NA 709 0 208 NA NA NA NA NA NA 956 230 835 NA NA NA NA NA NA 1483 340 1010 NA NA NA NA NA NA
1577138400.0 250406.17 380 0 131 NA NA NA NA NA NA 744 0 206 NA NA NA NA NA NA 1280 286 949 NA NA NA NA NA NA 1927 373 1107 NA NA NA NA NA NA
1577138400.0 250406.18 408 0 133 NA NA NA NA NA NA 771 0 220 NA NA NA NA NA NA 1491 283 977 NA NA NA NA NA NA 1637 376 1166 NA NA NA NA NA NA
1577138400.0 250407.0 297 0 128 NA NA NA NA NA NA 739 0 206 NA NA NA NA NA NA 1020 230 854 NA NA NA NA NA NA 1088 350 1097 NA NA NA NA NA NA
1577138400.0 250407.17 344 0 131 NA NA NA NA NA NA 764 0 224 NA NA NA NA NA NA 1425 271 977 NA NA NA NA NA NA 1574 377 1057 NA NA NA NA NA NA
1577138400.0 250407.18 365 0 131 NA NA NA NA NA NA 749 0 217 NA NA NA NA NA NA 1463 269 966 NA NA NA NA NA NA 1597 341 1090 NA NA NA NA NA NA
1577138400.0 250408.0 355 0 129 NA NA NA NA NA NA 702 0 206 NA NA NA NA NA NA 1363 265 970 NA NA NA NA NA NA 1452 444 1204 NA NA NA NA NA NA
1577138400.0 250408.17 408 0 133 NA NA NA NA NA NA 677 0 208 NA NA NA NA NA NA 1688 300 1014 NA NA NA NA NA NA 1735 466 1216 NA NA NA NA NA NA
1577138400.0 250408.18 417 0 131 NA NA NA NA NA NA 737 0 221 NA NA NA NA NA NA 1731 303 1020 NA NA NA NA NA NA 1516 375 1278 NA NA NA NA NA NA
1577138400.0 250409.0 364 0 136 NA NA NA NA NA NA 699 0 230 NA NA NA NA NA NA 1687 276 1080 NA NA NA NA NA NA 1829 441 1344 NA NA NA NA NA NA
1577138400.0 250409.17 409 0 136 NA NA NA NA NA NA 741 0 225 NA NA NA NA NA NA 2029 308 1121 NA NA NA NA NA NA 1703 388 1297 NA NA NA NA NA NA
1577138400.0 250409.18 436 0 134 NA NA NA NA NA NA 739 0 211 NA NA NA NA NA NA 2073 307 1121 NA NA NA NA NA NA 1902 389 1308 NA NA NA NA NA NA
1577138400.0 25200.0 NA 275 537 0 NA NA NA NA NA NA 574 863 0 NA NA NA NA NA NA 4131 6821 1396 NA NA NA NA NA NA 2042 5981 1622 NA NA NA NA NA
1577138400.0 25202.0 NA 278 552 0 NA NA NA NA NA NA 572 806 0 NA NA NA NA NA NA 4260 6783 1260 NA NA NA NA NA NA 1895 4911 1456 NA NA NA NA NA
1577138400.0 25203.0 NA 284 589 0 NA NA NA NA NA NA 574 783 0 NA NA NA NA NA NA 4284 5750 1400 NA NA NA NA NA NA 2034 4648 1636 NA NA NA NA NA
1577138400.0 25204.0 NA 289 551 0 NA NA NA NA NA NA 573 820 0 NA NA NA NA NA NA 3820 6702 1280 NA NA NA NA NA NA 1763 5361 1505 NA NA NA NA NA
1577138400.0 25205.0 NA 282 592 0 NA NA NA NA NA NA 574 827 0 NA NA NA NA NA NA 4521 6623 1285 NA NA NA NA NA NA 2181 4546 1508 NA NA NA NA NA
1577138400.0 25206.0 NA 274 571 0 NA NA NA NA NA NA 574 863 0 NA NA NA NA NA NA 4262 6378 1419 NA NA NA NA NA NA 2166 4498 1669 NA NA NA NA NA
1577138400.0 25207.0 NA 278 583 0 NA NA NA NA NA NA 577 810 0 NA NA NA NA NA NA 4157 5705 1358 NA NA NA NA NA NA 1818 4817 1631 NA NA NA NA NA
1577138400.0 25208.0 NA 289 572 0 NA NA NA NA NA NA 573 863 0 NA NA NA NA NA NA 3819 8772 1315 NA NA NA NA NA NA 1654 5835 1572 NA NA NA NA NA
1577138400.0 25209.0 NA 284 587 0 NA NA NA NA NA NA 573 819 0 NA NA NA NA NA NA 4301 7687 1417 NA NA NA NA NA NA 2076 6513 1634 NA NA NA NA NA
1577138400.0 25210.0 0 NA NA NA NA NA NA NA NA 0 NA NA NA NA NA NA NA NA 688 NA NA NA NA NA NA NA NA 465 NA NA NA NA NA NA NA NA
1577138400.0 25211.0 89 289 580 0 NA NA NA NA NA 179 619 852 0 NA NA NA NA NA 3053 2260 3465 763 NA NA NA NA NA 1970 1104 2534 824 NA NA NA NA NA
1577138400.0 25211.17 71 339 478 0 NA NA NA NA NA 149 574 690 0 NA NA NA NA NA 3299 2570 3399 1161 NA NA NA NA NA 2260 1156 2204 1272 NA NA NA NA NA
1577138400.0 25212.0 83 300 599 0 NA NA NA NA NA 179 620 853 0 NA NA NA NA NA 5597 2345 3997 766 NA NA NA NA NA 4614 1069 2988 839 NA NA NA NA NA
1577138400.0 25212.17 71 334 472 0 NA NA NA NA NA 144 619 654 0 NA NA NA NA NA 5691 2534 3083 1098 NA NA NA NA NA 5112 1261 2006 1144 NA NA NA NA NA
1577138400.0 25213.0 90 285 547 0 NA NA NA NA NA 180 574 805 0 NA NA NA NA NA 5873 2324 3893 811 NA NA NA NA NA 4972 1080 2780 901 NA NA NA NA NA
1577138400.0 25213.17 72 325 460 0 NA NA NA NA NA 149 618 689 0 NA NA NA NA NA 5436 2489 3152 1103 NA NA NA NA NA 4139 1149 2035 1141 NA NA NA NA NA
1577138400.0 25214.0 NA 278 586 0 NA NA NA NA NA NA 575 837 0 NA NA NA NA NA NA 3892 6999 1369 NA NA NA NA NA NA 1794 4885 1614 NA NA NA NA NA
1577138400.0 25400.0 476 0 133 NA NA NA NA NA NA 750 0 220 NA NA NA NA NA NA 2529 240 829 NA NA NA NA NA NA 1314 284 847 NA NA NA NA NA NA
1577138400.0 25400.17 577 0 132 NA NA NA NA NA NA 776 0 214 NA NA NA NA NA NA 5504 281 915 NA NA NA NA NA NA 2223 329 908 NA NA NA NA NA NA
1577138400.0 25400.18 593 0 137 NA NA NA NA NA NA 884 0 223 NA NA NA NA NA NA 5627 267 885 NA NA NA NA NA NA 2274 310 893 NA NA NA NA NA NA
1577138400.0 25402.0 471 0 131 NA NA NA NA NA NA 747 0 223 NA NA NA NA NA NA 3073 242 866 NA NA NA NA NA NA 1489 297 855 NA NA NA NA NA NA
1577138400.0 25402.17 570 0 131 NA NA NA NA NA NA 843 0 211 NA NA NA NA NA NA 6039 281 935 NA NA NA NA NA NA 2541 327 928 NA NA NA NA NA NA
1577138400.0 25402.18 583 0 134 NA NA NA NA NA NA 877 0 209 NA NA NA NA NA NA 6034 298 934 NA NA NA NA NA NA 2733 387 945 NA NA NA NA NA NA
1577138400.0 25403.0 460 0 139 NA NA NA NA NA NA 703 0 205 NA NA NA NA NA NA 2874 235 855 NA NA NA NA NA NA 1485 280 866 NA NA NA NA NA NA
1577138400.0 25403.17 561 0 132 NA NA NA NA NA NA 883 0 225 NA NA NA NA NA NA 5791 285 929 NA NA NA NA NA NA 2318 333 910 NA NA NA NA NA NA
1577138400.0 25403.18 562 0 132 NA NA NA NA NA NA 884 0 211 NA NA NA NA NA NA 5086 269 925 NA NA NA NA NA NA 2141 312 943 NA NA NA NA NA NA
1577138400.0 25405.0 483 0 133 NA NA NA NA NA NA 752 0 211 NA NA NA NA NA NA 2485 239 818 NA NA NA NA NA NA 1339 281 840 NA NA NA NA NA NA
1577138400.0 25405.17 578 0 135 NA NA NA NA NA NA 893 0 224 NA NA NA NA NA NA 5399 285 943 NA NA NA NA NA NA 2289 329 956 NA NA NA NA NA NA
1577138400.0 25405.18 572 0 135 NA NA NA NA NA NA 888 0 220 NA NA NA NA NA NA 5922 275 917 NA NA NA NA NA NA 2394 321 1123 NA NA NA NA NA NA
1577138400.0 25406.0 466 0 128 NA NA NA NA NA NA 707 0 216 NA NA NA NA NA NA 2379 270 944 NA NA NA NA NA NA 1683 350 1308 NA NA NA NA NA NA
1577138400.0 25406.17 560 0 132 NA NA NA NA NA NA 843 0 216 NA NA NA NA NA NA 2780 261 808 NA NA NA NA NA NA 1604 306 849 NA NA NA NA NA NA
1577138400.0 25406.18 561 0 132 NA NA NA NA NA NA 789 0 206 NA NA NA NA NA NA 3138 286 890 NA NA NA NA NA NA 1739 337 967 NA NA NA NA NA NA
1577138400.0 25407.0 438 0 139 NA NA NA NA NA NA 699 0 212 NA NA NA NA NA NA 2479 233 817 NA NA NA NA NA NA 1336 289 852 NA NA NA NA NA NA
1577138400.0 25407.17 516 0 133 NA NA NA NA NA NA 789 0 221 NA NA NA NA NA NA 5626 265 897 NA NA NA NA NA NA 2347 309 917 NA NA NA NA NA NA
1577138400.0 25407.18 541 0 133 NA NA NA NA NA NA 781 0 213 NA NA NA NA NA NA 5223 281 942 NA NA NA NA NA NA 2120 328 960 NA NA NA NA NA NA
1577138400.0 25408.0 483 0 131 NA NA NA NA NA NA 708 0 222 NA NA NA NA NA NA 3694 242 934 NA NA NA NA NA NA 1701 282 870 NA NA NA NA NA NA
1577138400.0 25408.17 564 0 138 NA NA NA NA NA NA 777 0 225 NA NA NA NA NA NA 7023 299 1015 NA NA NA NA NA NA 2661 353 969 NA NA NA NA NA NA
1577138400.0 25408.18 574 0 136 NA NA NA NA NA NA 876 0 219 NA NA NA NA NA NA 6551 289 999 NA NA NA NA NA NA 2721 340 912 NA NA NA NA NA NA
1577138400.0 25409.0 484 0 132 NA NA NA NA NA NA 753 0 220 NA NA NA NA NA NA 2795 240 859 NA NA NA NA NA NA 1443 277 874 NA NA NA NA NA NA
1577138400.0 25409.17 590 0 132 NA NA NA NA NA NA 835 0 215 NA NA NA NA NA NA 7457 475 1824 NA NA NA NA NA NA 3050 513 1864 NA NA NA NA NA NA
1577138400.0 25409.18 573 0 131 NA NA NA NA NA NA 942 0 221 NA NA NA NA NA NA 5838 303 920 NA NA NA NA NA NA 2475 386 911 NA NA NA NA NA NA
1577138400.0 26.0 NA 173 299 0 NA NA NA NA NA NA 585 460 0 NA NA NA NA NA NA 2004 2755 581 NA NA NA NA NA NA 794 2130 703 NA NA NA NA NA
1577138400.0 27.0 NA 148 290 0 NA NA NA NA NA NA 586 444 0 NA NA NA NA NA NA 1835 2518 523 NA NA NA NA NA NA 728 1876 569 NA NA NA NA NA
1577138400.0 28.0 NA 155 292 0 NA NA NA NA NA NA 585 444 0 NA NA NA NA NA NA 2151 3259 595 NA NA NA NA NA NA 895 2132 699 NA NA NA NA NA
1577138400.0 280.0 82 160 276 0 NA NA NA NA NA 266 582 424 0 NA NA NA NA NA 1968 412 1605 487 NA NA NA NA NA 938 303 1659 543 NA NA NA NA NA
1577138400.0 281.0 99 207 316 0 NA NA NA NA NA 293 600 502 0 NA NA NA NA NA 2135 466 1075 765 NA NA NA NA NA 876 345 1087 843 NA NA NA NA NA
1577138400.0 29.0 NA 170 301 0 NA NA NA NA NA NA 584 468 0 NA NA NA NA NA NA 1919 2636 512 NA NA NA NA NA NA 754 1918 553 NA NA NA NA NA
1577138400.0 3.0 75 168 194 NA NA NA NA NA NA 186 582 300 NA NA NA NA NA NA 5148 359 1458 NA NA NA NA NA NA 1866 297 1272 NA NA NA NA NA NA
1577138400.0 30.0 NA 142 298 0 NA NA NA NA NA NA 585 437 0 NA NA NA NA NA NA 1887 2755 537 NA NA NA NA NA NA 738 1896 583 NA NA NA NA NA
1577138400.0 300.0 65 224 264 0 NA NA NA NA NA 142 617 443 0 NA NA NA NA NA 1232 598 935 412 NA NA NA NA NA 981 706 1189 491 NA NA NA NA NA
1577138400.0 301.0 66 200 264 0 NA NA NA NA NA 143 617 443 0 NA NA NA NA NA 1217 597 1065 411 NA NA NA NA NA 904 755 1577 506 NA NA NA NA NA
1577138400.0 302.0 64 183 259 0 NA NA NA NA NA 147 617 437 0 NA NA NA NA NA 1365 987 1157 406 NA NA NA NA NA 1210 880 1506 469 NA NA NA NA NA
1577138400.0 31.0 NA 140 292 0 NA NA NA NA NA NA 541 461 0 NA NA NA NA NA NA 2015 2733 527 NA NA NA NA NA NA 774 1946 605 NA NA NA NA NA
1577138400.0 32.0 NA 160 294 0 NA NA NA NA NA NA 587 452 0 NA NA NA NA NA NA 2016 3064 590 NA NA NA NA NA NA 771 2174 700 NA NA NA NA NA
1577138400.0 33.0 NA 182 285 0 NA NA NA NA NA NA 582 450 0 NA NA NA NA NA NA 1907 2519 540 NA NA NA NA NA NA 730 2179 635 NA NA NA NA NA
1577138400.0 34.0 88 174 281 0 NA NA NA NA NA 214 580 418 0 NA NA NA NA NA 2350 421 1631 491 NA NA NA NA NA 945 293 1625 544 NA NA NA NA NA
1577138400.0 35.0 NA 147 295 0 NA NA NA NA NA NA 586 451 0 NA NA NA NA NA NA 2062 3132 597 NA NA NA NA NA NA 816 2195 694 NA NA NA NA NA
1577138400.0 36.0 NA 113 313 0 NA NA NA NA NA NA 587 467 0 NA NA NA NA NA NA 3547 11040 673 NA NA NA NA NA NA 1570 5007 728 NA NA NA NA NA
1577138400.0 37.0 NA 160 295 0 NA NA NA NA NA NA 586 430 0 NA NA NA NA NA NA 2163 3774 532 NA NA NA NA NA NA 802 2178 584 NA NA NA NA NA
1577138400.0 38.0 NA 158 300 0 NA NA NA NA NA NA 585 447 0 NA NA NA NA NA NA 2053 3521 526 NA NA NA NA NA NA 783 2196 582 NA NA NA NA NA
1577138400.0 39.0 NA 122 307 0 NA NA NA NA NA NA 600 463 0 NA NA NA NA NA NA 3820 9834 697 NA NA NA NA NA NA 1697 5406 763 NA NA NA NA NA
1577138400.0 4.17 NA 39 295 0 190 NA NA NA NA NA 90 409 0 282 NA NA NA NA NA 390 5343 1017 1724 NA NA NA NA NA 334 4088 1224 2101 NA NA NA NA
1577138400.0 4.22 NA 169 64 68 0 NA NA NA NA NA 267 128 133 0 NA NA NA NA NA 862 199 238 230 NA NA NA NA NA 633 378 280 290 NA NA NA NA
1577138400.0 4.23 NA 71 300 0 NA NA NA NA NA NA 131 431 0 NA NA NA NA NA NA 715 5362 1537 NA NA NA NA NA NA 743 4900 1978 NA NA NA NA NA
1577138400.0 4.24 NA 60 297 0 NA NA NA NA NA NA 125 443 0 NA NA NA NA NA NA 334 2868 669 NA NA NA NA NA NA 395 2801 825 NA NA NA NA NA
1577138400.0 4.25 NA 66 301 0 NA NA NA NA NA NA 116 414 0 NA NA NA NA NA NA 311 2823 678 NA NA NA NA NA NA 402 2401 813 NA NA NA NA NA
1577138400.0 4.26 NA 67 306 0 NA NA NA NA NA NA 115 443 0 NA NA NA NA NA NA 512 5969 1170 NA NA NA NA NA NA 559 4390 1397 NA NA NA NA NA
1577138400.0 4.27 NA 73 311 0 NA NA NA NA NA NA 123 429 0 NA NA NA NA NA NA 672 6055 1423 NA NA NA NA NA NA 634 4327 1668 NA NA NA NA NA
1577138400.0 4.28 NA 68 293 0 NA NA NA NA NA NA 141 434 0 NA NA NA NA NA NA 283 2611 2284 NA NA NA NA NA NA 557 2583 2406 NA NA NA NA NA
1577138400.0 4.29 NA 40 302 0 198 NA NA NA NA NA 91 432 0 282 NA NA NA NA NA 360 6251 1267 1708 NA NA NA NA NA 369 4889 1561 1569 NA NA NA NA
1577138400.0 4.34 NA 72 307 0 NA NA NA NA NA NA 136 460 0 NA NA NA NA NA NA 730 5962 1432 NA NA NA NA NA NA 762 4528 1660 NA NA NA NA NA
1577138400.0 4.36 NA 65 314 0 NA NA NA NA NA NA 119 440 0 NA NA NA NA NA NA 644 6115 1023 NA NA NA NA NA NA 699 5198 1171 NA NA NA NA NA
1577138400.0 4.37 NA 71 311 0 NA NA NA NA NA NA 114 453 0 NA NA NA NA NA NA 489 7506 1157 NA NA NA NA NA NA 463 6310 1354 NA NA NA NA NA
1577138400.0 4.4 NA 31 313 0 NA NA NA NA NA NA 91 455 0 NA NA NA NA NA NA 232 3686 606 NA NA NA NA NA NA 380 2685 724 NA NA NA NA NA
1577138400.0 4.41 NA 33 310 0 NA NA NA NA NA NA 93 430 0 NA NA NA NA NA NA 241 4599 593 NA NA NA NA NA NA 378 2367 654 NA NA NA NA NA
1577138400.0 4.42 NA 42 325 0 NA NA NA NA NA NA 88 437 0 NA NA NA NA NA NA 276 5928 596 NA NA NA NA NA NA 534 2814 675 NA NA NA NA NA
1577138400.0 4.43 NA 35 309 0 NA NA NA NA NA NA 97 430 0 NA NA NA NA NA NA 223 3551 615 NA NA NA NA NA NA 370 2495 730 NA NA NA NA NA
1577138400.0 4.44 NA 34 312 0 NA NA NA NA NA NA 93 420 0 NA NA NA NA NA NA 249 4262 604 NA NA NA NA NA NA 418 2707 758 NA NA NA NA NA
1577138400.0 4.45 NA 33 316 0 NA NA NA NA NA NA 89 451 0 NA NA NA NA NA NA 251 6037 654 NA NA NA NA NA NA 319 2810 778 NA NA NA NA NA
1577138400.0 4.51 NA 33 322 0 NA NA NA NA NA NA 88 458 0 NA NA NA NA NA NA 220 4910 584 NA NA NA NA NA NA 362 2453 633 NA NA NA NA NA
1577138400.0 4.52 NA 33 331 0 NA NA NA NA NA NA 92 450 0 NA NA NA NA NA NA 243 5853 591 NA NA NA NA NA NA 330 2694 632 NA NA NA NA NA
1577138400.0 4.53 NA 39 317 0 NA NA NA NA NA NA 90 450 0 NA NA NA NA NA NA 284 5943 656 NA NA NA NA NA NA 350 2770 796 NA NA NA NA NA
1577138400.0 4.54 NA 33 319 0 NA NA NA NA NA NA 92 472 0 NA NA NA NA NA NA 260 6082 667 NA NA NA NA NA NA 308 2852 787 NA NA NA NA NA
1577138400.0 4.55 NA 34 323 0 NA NA NA NA NA NA 93 448 0 NA NA NA NA NA NA 262 6671 578 NA NA NA NA NA NA 460 2866 618 NA NA NA NA NA
1577138400.0 4.57 NA 59 332 0 NA NA NA NA NA NA 114 476 0 NA NA NA NA NA NA 294 6733 599 NA NA NA NA NA NA 384 2871 640 NA NA NA NA NA
1577138400.0 4.58 NA 51 319 0 NA NA NA NA NA NA 107 434 0 NA NA NA NA NA NA 580 7878 1070 NA NA NA NA NA NA 576 5024 1257 NA NA NA NA NA
1577138400.0 4.6 NA 297 0 NA NA NA NA NA NA NA 420 0 NA NA NA NA NA NA NA 2737 573 NA NA NA NA NA NA NA 2821 698 NA NA NA NA NA NA
1577138400.0 4.61 NA 41 324 0 NA NA NA NA NA NA 91 475 0 NA NA NA NA NA NA 258 6007 653 NA NA NA NA NA NA 248 2744 802 NA NA NA NA NA
1577138400.0 4.62 NA 33 318 0 NA NA NA NA NA NA 95 440 0 NA NA NA NA NA NA 288 5806 663 NA NA NA NA NA NA 349 2811 767 NA NA NA NA NA
1577138400.0 4.63 NA 40 326 0 NA NA NA NA NA NA 91 450 0 NA NA NA NA NA NA 323 9287 820 NA NA NA NA NA NA 376 3932 908 NA NA NA NA NA
1577138400.0 4.64 NA 34 320 0 NA NA NA NA NA NA 94 475 0 NA NA NA NA NA NA 267 6405 661 NA NA NA NA NA NA 343 2893 760 NA NA NA NA NA
1577138400.0 4.65 NA 37 327 0 NA NA NA NA NA NA 91 496 0 NA NA NA NA NA NA 339 15751 1021 NA NA NA NA NA NA 374 8725 1154 NA NA NA NA NA
1577138400.0 4.67 NA 66 328 0 NA NA NA NA NA NA 117 469 0 NA NA NA NA NA NA 599 11144 733 NA NA NA NA NA NA 530 5138 789 NA NA NA NA NA
1577138400.0 4.68 NA 47 319 0 NA NA NA NA NA NA 104 462 0 NA NA NA NA NA NA 304 5625 654 NA NA NA NA NA NA 317 2725 785 NA NA NA NA NA
1577138400.0 4.71 NA 34 317 0 NA NA NA NA NA NA 87 471 0 NA NA NA NA NA NA 268 4481 590 NA NA NA NA NA NA 295 2792 706 NA NA NA NA NA
1577138400.0 4.72 NA 33 315 0 NA NA NA NA NA NA 90 442 0 NA NA NA NA NA NA 266 5339 630 NA NA NA NA NA NA 405 2605 817 NA NA NA NA NA
1577138400.0 4.73 NA 34 324 0 NA NA NA NA NA NA 96 455 0 NA NA NA NA NA NA 267 5930 584 NA NA NA NA NA NA 427 2680 625 NA NA NA NA NA
1577138400.0 4.74 NA 40 317 0 NA NA NA NA NA NA 91 456 0 NA NA NA NA NA NA 302 5718 640 NA NA NA NA NA NA 353 2725 724 NA NA NA NA NA
1577138400.0 4.75 NA 33 318 0 NA NA NA NA NA NA 97 458 0 NA NA NA NA NA NA 317 5838 570 NA NA NA NA NA NA 363 2629 614 NA NA NA NA NA
1577138400.0 4.76 NA 68 332 0 NA NA NA NA NA NA 126 470 0 NA NA NA NA NA NA 533 10397 763 NA NA NA NA NA NA 479 4357 844 NA NA NA NA NA
1577138400.0 4.77 NA 66 337 0 NA NA NA NA NA NA 116 493 0 NA NA NA NA NA NA 542 10360 773 NA NA NA NA NA NA 474 4442 834 NA NA NA NA NA
1577138400.0 4.78 NA 48 331 0 NA NA NA NA NA NA 111 461 0 NA NA NA NA NA NA 288 6233 569 NA NA NA NA NA NA 461 2756 608 NA NA NA NA NA
1577138400.0 4000.0 NA 158 317 NA NA NA NA NA NA NA 586 438 NA NA NA NA NA NA NA 2284 3753 NA NA NA NA NA NA NA 828 2090 NA NA NA NA NA NA
1577138400.0 4001.0 NA 176 367 NA NA NA NA NA NA NA 600 515 NA NA NA NA NA NA NA 834 2541 NA NA NA NA NA NA NA 752 2550 NA NA NA NA NA NA
1577138400.0 4002.0 NA 147 295 NA NA NA NA NA NA NA 586 434 NA NA NA NA NA NA NA 1850 2543 NA NA NA NA NA NA NA 740 1835 NA NA NA NA NA NA
1577138400.0 4003.0 NA 147 298 NA NA NA NA NA NA NA 539 461 NA NA NA NA NA NA NA 1847 2710 NA NA NA NA NA NA NA 717 1833 NA NA NA NA NA NA
1577138400.0 4006.0 65 172 342 NA NA NA NA NA NA 142 553 497 NA NA NA NA NA NA 2110 1503 4164 NA NA NA NA NA NA 1177 933 4306 NA NA NA NA NA NA
1577138400.0 4007.0 60 178 296 NA NA NA NA NA NA 133 598 453 NA NA NA NA NA NA 1108 576 1647 NA NA NA NA NA NA 903 574 2086 NA NA NA NA NA NA
1577138400.0 4008.0 57 217 297 NA NA NA NA NA NA 131 595 436 NA NA NA NA NA NA 1136 339 1620 NA NA NA NA NA NA 788 445 2073 NA NA NA NA NA NA
1577138400.0 43.0 NA 151 296 0 NA NA NA NA NA NA 587 455 0 NA NA NA NA NA NA 1849 3026 531 NA NA NA NA NA NA 742 1971 571 NA NA NA NA NA
1577138400.0 44.0 NA 156 290 0 NA NA NA NA NA NA 585 440 0 NA NA NA NA NA NA 2028 3145 586 NA NA NA NA NA NA 794 2193 708 NA NA NA NA NA
1577138400.0 45.0 NA 165 297 0 NA NA NA NA NA NA 586 448 0 NA NA NA NA NA NA 2047 3101 595 NA NA NA NA NA NA 812 2115 726 NA NA NA NA NA
1577138400.0 5.1 307 0 NA NA NA NA NA NA NA 683 0 NA NA NA NA NA NA NA 1002 244 NA NA NA NA NA NA NA 1144 304 NA NA NA NA NA NA NA
1577138400.0 5.2 226 0 NA NA NA NA NA NA NA 686 0 NA NA NA NA NA NA NA 827 228 NA NA NA NA NA NA NA 905 291 NA NA NA NA NA NA NA
1577138400.0 5.3 224 0 NA NA NA NA NA NA NA 680 0 NA NA NA NA NA NA NA 836 224 NA NA NA NA NA NA NA 1227 279 NA NA NA NA NA NA NA
1577138400.0 5.4 314 0 NA NA NA NA NA NA NA 688 0 NA NA NA NA NA NA NA 897 237 NA NA NA NA NA NA NA 989 296 NA NA NA NA NA NA NA
1577138400.0 5.5 312 0 NA NA NA NA NA NA NA 687 0 NA NA NA NA NA NA NA 924 240 NA NA NA NA NA NA NA 1274 303 NA NA NA NA NA NA NA
1577138400.0 5.6 311 0 NA NA NA NA NA NA NA 686 0 NA NA NA NA NA NA NA 965 243 NA NA NA NA NA NA NA 993 299 NA NA NA NA NA NA NA
1577138400.0 5.7 302 0 NA NA NA NA NA NA NA 695 0 NA NA NA NA NA NA NA 937 238 NA NA NA NA NA NA NA 1060 302 NA NA NA NA NA NA NA
1577138400.0 500199.0 235 NA NA NA NA NA NA NA NA 625 NA NA NA NA NA NA NA NA 2191 NA NA NA NA NA NA NA NA 1152 NA NA NA NA NA NA NA NA
1577138400.0 500200.0 NA 208 330 0 NA NA NA NA NA NA 524 471 0 NA NA NA NA NA NA 8518 5034 845 NA NA NA NA NA NA 3444 4316 1033 NA NA NA NA NA
1577138400.0 500200.1 80 201 226 NA NA NA NA NA NA 172 612 354 NA NA NA NA NA NA 2004 907 1859 NA NA NA NA NA NA 1001 817 1777 NA NA NA NA NA NA
1577138400.0 500202.0 NA 222 341 0 NA NA NA NA NA NA 652 487 0 NA NA NA NA NA NA 8641 5306 838 NA NA NA NA NA NA 3430 4476 1000 NA NA NA NA NA
1577138400.0 500203.0 NA 210 342 0 NA NA NA NA NA NA 569 485 0 NA NA NA NA NA NA 8225 5781 1047 NA NA NA NA NA NA 3253 5916 1631 NA NA NA NA NA
1577138400.0 500204.0 NA 210 336 0 NA NA NA NA NA NA 615 487 0 NA NA NA NA NA NA 8388 5286 838 NA NA NA NA NA NA 3363 5368 937 NA NA NA NA NA
1577138400.0 500205.0 NA 210 332 0 NA NA NA NA NA NA 567 454 0 NA NA NA NA NA NA 8462 4961 815 NA NA NA NA NA NA 3344 4529 907 NA NA NA NA NA
1577138400.0 500206.0 NA 207 334 0 NA NA NA NA NA NA 614 488 0 NA NA NA NA NA NA 8397 5156 799 NA NA NA NA NA NA 3342 4295 895 NA NA NA NA NA
1577138400.0 500207.0 NA 196 323 0 NA NA NA NA NA NA 525 483 0 NA NA NA NA NA NA 8145 4697 806 NA NA NA NA NA NA 3033 4115 892 NA NA NA NA NA
1577138400.0 50200.0 NA 187 412 0 NA NA NA NA NA NA 599 597 0 NA NA NA NA NA NA 2207 5537 838 NA NA NA NA NA NA 1268 5597 948 NA NA NA NA NA
1577138400.0 50202.0 NA 204 444 0 NA NA NA NA NA NA 600 611 0 NA NA NA NA NA NA 2664 6520 863 NA NA NA NA NA NA 1476 5564 984 NA NA NA NA NA
1577138400.0 50203.0 NA 190 407 0 NA NA NA NA NA NA 599 599 0 NA NA NA NA NA NA 2874 5616 847 NA NA NA NA NA NA 1831 5181 960 NA NA NA NA NA
1577138400.0 50204.0 NA 189 426 0 NA NA NA NA NA NA 598 598 0 NA NA NA NA NA NA 2581 5968 857 NA NA NA NA NA NA 1695 4748 964 NA NA NA NA NA
1577138400.0 50205.0 NA 193 409 0 NA NA NA NA NA NA 598 616 0 NA NA NA NA NA NA 2453 5957 837 NA NA NA NA NA NA 1287 5848 946 NA NA NA NA NA
1577138400.0 50206.0 NA 194 439 0 NA NA NA NA NA NA 597 585 0 NA NA NA NA NA NA 2526 5326 840 NA NA NA NA NA NA 1475 5104 938 NA NA NA NA NA
1577138400.0 50207.0 NA 196 424 0 NA NA NA NA NA NA 551 633 0 NA NA NA NA NA NA 2713 5631 832 NA NA NA NA NA NA 1433 5331 934 NA NA NA NA NA
1577138400.0 50208.0 NA 197 450 0 NA NA NA NA NA NA 599 643 0 NA NA NA NA NA NA 2759 6632 841 NA NA NA NA NA NA 1754 4421 935 NA NA NA NA NA
1577138400.0 503.0 45 0 NA NA NA NA NA NA NA 88 0 NA NA NA NA NA NA NA 214 116 NA NA NA NA NA NA NA 226 188 NA NA NA NA NA NA NA
1577138400.0 504.0 45 0 NA NA NA NA NA NA NA 87 0 NA NA NA NA NA NA NA 147 120 NA NA NA NA NA NA NA 301 214 NA NA NA NA NA NA NA
1577138400.0 505.0 37 0 NA NA NA NA NA NA NA 88 0 NA NA NA NA NA NA NA 158 118 NA NA NA NA NA NA NA 192 198 NA NA NA NA NA NA NA
1577138400.0 506.0 37 0 NA NA NA NA NA NA NA 86 0 NA NA NA NA NA NA NA 148 118 NA NA NA NA NA NA NA 230 202 NA NA NA NA NA NA NA
1577138400.0 507.0 36 0 NA NA NA NA NA NA NA 86 0 NA NA NA NA NA NA NA 187 117 NA NA NA NA NA NA NA 338 198 NA NA NA NA NA NA NA
1577138400.0 508.0 44 0 NA NA NA NA NA NA NA 86 0 NA NA NA NA NA NA NA 156 115 NA NA NA NA NA NA NA 740 191 NA NA NA NA NA NA NA
1577138400.0 509.0 35 0 NA NA NA NA NA NA NA 84 0 NA NA NA NA NA NA NA 150 111 NA NA NA NA NA NA NA 257 176 NA NA NA NA NA NA NA
1577138400.0 510.0 36 0 NA NA NA NA NA NA NA 86 0 NA NA NA NA NA NA NA 222 116 NA NA NA NA NA NA NA 290 192 NA NA NA NA NA NA NA
1577138400.0 511.0 47 0 NA NA NA NA NA NA NA 88 0 NA NA NA NA NA NA NA 10116 114 NA NA NA NA NA NA NA 12099 188 NA NA NA NA NA NA NA
1577138400.0 512.0 19 45 0 NA NA NA NA NA NA 67 91 0 NA NA NA NA NA NA 3220 146 106 NA NA NA NA NA NA 9008 429 153 NA NA NA NA NA NA
1577138400.0 513.0 19 45 0 NA NA NA NA NA NA 67 91 0 NA NA NA NA NA NA 599 146 115 NA NA NA NA NA NA 765 244 244 NA NA NA NA NA NA
1577138400.0 514.0 19 39 0 NA NA NA NA NA NA 67 91 0 NA NA NA NA NA NA 327 167 117 NA NA NA NA NA NA 415 339 199 NA NA NA NA NA NA
1577138400.0 515.0 19 45 0 NA NA NA NA NA NA 67 92 0 NA NA NA NA NA NA 3222 145 111 NA NA NA NA NA NA 9008 252 165 NA NA NA NA NA NA
1577138400.0 516.0 19 40 0 NA NA NA NA NA NA 67 91 0 NA NA NA NA NA NA 600 148 112 NA NA NA NA NA NA 764 240 169 NA NA NA NA NA NA
1577138400.0 517.0 19 40 0 NA NA NA NA NA NA 63 92 0 NA NA NA NA NA NA 839 158 118 NA NA NA NA NA NA 1115 300 198 NA NA NA NA NA NA
1577138400.0 518.0 19 39 0 NA NA NA NA NA NA 67 92 0 NA NA NA NA NA NA 3221 145 111 NA NA NA NA NA NA 9008 245 167 NA NA NA NA NA NA
1577138400.0 519.0 19 45 0 NA NA NA NA NA NA 67 91 0 NA NA NA NA NA NA 616 150 117 NA NA NA NA NA NA 864 274 201 NA NA NA NA NA NA
1577138400.0 520.0 19 40 0 NA NA NA NA NA NA 67 92 0 NA NA NA NA NA NA 839 157 119 NA NA NA NA NA NA 955 244 206 NA NA NA NA NA NA
1577138400.0 521.0 19 46 0 NA NA NA NA NA NA 67 92 0 NA NA NA NA NA NA 600 151 103 NA NA NA NA NA NA 783 424 155 NA NA NA NA NA NA
1577138400.0 522.0 19 39 0 NA NA NA NA NA NA 67 93 0 NA NA NA NA NA NA 3225 154 106 NA NA NA NA NA NA 9008 226 160 NA NA NA NA NA NA
1577138400.0 524.0 19 38 0 NA NA NA NA NA NA 67 92 0 NA NA NA NA NA NA 835 162 118 NA NA NA NA NA NA 1058 247 200 NA NA NA NA NA NA
1577138400.0 525.0 19 37 0 NA NA NA NA NA NA 67 92 0 NA NA NA NA NA NA 607 147 110 NA NA NA NA NA NA 1041 223 193 NA NA NA NA NA NA
1577138400.0 526.0 19 43 0 NA NA NA NA NA NA 67 92 0 NA NA NA NA NA NA 3224 167 111 NA NA NA NA NA NA 9008 614 165 NA NA NA NA NA NA
1577138400.0 527.0 19 37 0 NA NA NA NA NA NA 63 92 0 NA NA NA NA NA NA 842 148 116 NA NA NA NA NA NA 1008 224 194 NA NA NA NA NA NA
1577138400.0 528.0 19 38 0 NA NA NA NA NA NA 67 92 0 NA NA NA NA NA NA 590 151 134 NA NA NA NA NA NA 830 358 283 NA NA NA NA NA NA
1577138400.0 529.0 19 42 0 NA NA NA NA NA NA 67 91 0 NA NA NA NA NA NA 3217 140 120 NA NA NA NA NA NA 9008 186 204 NA NA NA NA NA NA
1577138400.0 530.0 19 47 0 NA NA NA NA NA NA 63 94 0 NA NA NA NA NA NA 837 171 122 NA NA NA NA NA NA 973 405 221 NA NA NA NA NA NA
1577138400.0 531.0 50 0 NA NA NA NA NA NA NA 194 0 NA NA NA NA NA NA NA 139 116 NA NA NA NA NA NA NA 172 192 NA NA NA NA NA NA NA
1577138400.0 534.0 49 0 NA NA NA NA NA NA NA 104 0 NA NA NA NA NA NA NA 180 116 NA NA NA NA NA NA NA 364 192 NA NA NA NA NA NA NA
1577138400.0 535.0 41 0 NA NA NA NA NA NA NA 91 0 NA NA NA NA NA NA NA 623 117 NA NA NA NA NA NA NA 1050 199 NA NA NA NA NA NA NA
1577138400.0 541.0 51 0 NA NA NA NA NA NA NA 99 0 NA NA NA NA NA NA NA 193 118 NA NA NA NA NA NA NA 406 195 NA NA NA NA NA NA NA
1577138400.0 545.0 49 0 NA NA NA NA NA NA NA 95 0 NA NA NA NA NA NA NA 177 117 NA NA NA NA NA NA NA 274 201 NA NA NA NA NA NA NA
1577138400.0 552.0 19 38 0 NA NA NA NA NA NA 63 92 0 NA NA NA NA NA NA 838 153 116 NA NA NA NA NA NA 979 227 194 NA NA NA NA NA NA
1577138400.0 554.0 19 43 0 NA NA NA NA NA NA 67 91 0 NA NA NA NA NA NA 1454 161 113 NA NA NA NA NA NA 1877 280 184 NA NA NA NA NA NA
1577138400.0 556.0 19 46 0 NA NA NA NA NA NA 68 93 0 NA NA NA NA NA NA 298 155 117 NA NA NA NA NA NA 495 258 196 NA NA NA NA NA NA
1577138400.0 560.0 45 0 NA NA NA NA NA NA NA 86 0 NA NA NA NA NA NA NA 151 116 NA NA NA NA NA NA NA 403 196 NA NA NA NA NA NA NA
1577138400.0 561.0 38 0 NA NA NA NA NA NA NA 87 0 NA NA NA NA NA NA NA 159 119 NA NA NA NA NA NA NA 417 206 NA NA NA NA NA NA NA
1577138400.0 562.0 0 NA NA NA NA NA NA NA NA 0 NA NA NA NA NA NA NA NA 617 NA NA NA NA NA NA NA NA 3955 NA NA NA NA NA NA NA NA
1577138400.0 6.0 NA 176 280 0 NA NA NA NA NA NA 541 416 0 NA NA NA NA NA NA 1375 1779 466 NA NA NA NA NA NA 555 1622 511 NA NA NA NA NA
1577138400.0 7.0 55 162 163 53 0 NA NA NA NA 116 578 240 110 0 NA NA NA NA 925 295 521 279 216 NA NA NA NA 638 394 658 371 284 NA NA NA NA
1577138400.0 7.1 55 196 163 53 0 NA NA NA NA 119 580 254 110 0 NA NA NA NA 1651 335 427 189 240 NA NA NA NA 1146 467 557 506 486 NA NA NA NA
1577138400.0 7.2 63 235 202 67 0 NA NA NA NA 121 635 346 119 0 NA NA NA NA 1744 2484 1453 345 1166 NA NA NA NA 1226 2601 2050 442 1364 NA NA NA NA
1577138400.0 7.21 57 145 221 55 0 NA NA NA NA 116 587 353 112 0 NA NA NA NA 1047 535 584 356 487 NA NA NA NA 1012 626 831 379 668 NA NA NA NA
1577138400.0 7.22 56 188 182 54 0 NA NA NA NA 116 585 287 111 0 NA NA NA NA 1024 345 655 188 369 NA NA NA NA 678 457 764 394 451 NA NA NA NA
1577138400.0 7.3 56 209 195 62 0 NA NA NA NA 111 550 349 117 0 NA NA NA NA 1773 2569 1479 589 1172 NA NA NA NA 1858 2699 2040 1060 1378 NA NA NA NA
1577138400.0 7.4 62 238 213 67 0 NA NA NA NA 121 551 355 123 0 NA NA NA NA 1669 3090 1511 578 1184 NA NA NA NA 1153 2776 2009 546 1379 NA NA NA NA
1577138400.0 8.0 NA 173 177 52 0 NA NA NA NA NA 581 248 94 0 NA NA NA NA NA 1392 460 106 185 NA NA NA NA NA 582 443 166 246 NA NA NA NA
1577138400.0 9.0 NA 156 296 0 NA NA NA NA NA NA 584 434 0 NA NA NA NA NA NA 2156 3758 532 NA NA NA NA NA NA 792 2455 574 NA NA NA NA NA
