Timestamp WorkflowId PeakValueRss1 PeakValueRss2 PeakValueRss3 PeakValueRss4 PeakValueRss5 PeakValueRss6 PeakValueRss7 PeakValueRss8 PeakValueRss9 PeakValueVsize1 PeakValueVsize2 PeakValueVsize3 PeakValueVsize4 PeakValueVsize5 PeakValueVsize6 PeakValueVsize7 PeakValueVsize8 PeakValueVsize9 TotalJobCPU1 TotalJobCPU2 TotalJobCPU3 TotalJobCPU4 TotalJobCPU5 TotalJobCPU6 TotalJobCPU7 TotalJobCPU8 TotalJobCPU9 TotalJobTime1 TotalJobTime2 TotalJobTime3 TotalJobTime4 TotalJobTime5 TotalJobTime6 TotalJobTime7 TotalJobTime8 TotalJobTime9 
1743973200.0 1.0 155 169 282 NA NA NA NA NA NA 284 255 420 NA NA NA NA NA NA 612 161 407 NA NA NA NA NA NA 459 143 404 NA NA NA NA NA NA 
1743973200.0 10.0 NA 204 390 0 NA NA NA NA NA NA 305 563 0 NA NA NA NA NA NA 712 1328 168 NA NA NA NA NA NA 319 786 187 NA NA NA NA NA 
1743973200.0 1000.0 NA 365 247 0 107 NA NA NA NA NA 531 339 0 183 NA NA NA NA NA 1116 327 126 113 NA NA NA NA NA 667 344 143 120 NA NA NA NA 
1743973200.0 10001.0 NA 289 458 0 147 163 NA NA NA NA 390 684 0 236 263 NA NA NA NA 563 733 233 201 255 NA NA NA NA 299 884 281 250 289 NA NA NA 
1743973200.0 10002.0 NA 288 465 0 147 165 NA NA NA NA 400 691 0 225 266 NA NA NA NA 668 954 214 183 278 NA NA NA NA 343 1011 302 224 299 NA NA NA 
1743973200.0 10003.0 NA 288 468 0 146 164 NA NA NA NA 407 672 0 227 267 NA NA NA NA 712 869 186 166 266 NA NA NA NA 388 945 207 190 296 NA NA NA 
1743973200.0 10004.0 NA 287 463 0 146 163 NA NA NA NA 396 667 0 234 258 NA NA NA NA 652 920 215 185 248 NA NA NA NA 332 928 240 215 278 NA NA NA 
1743973200.0 10005.0 NA 286 427 0 146 165 NA NA NA NA 394 647 0 228 262 NA NA NA NA 747 868 191 171 284 NA NA NA NA 457 890 212 209 305 NA NA NA 
1743973200.0 10006.0 NA 283 424 0 145 159 NA NA NA NA 403 674 0 223 256 NA NA NA NA 661 888 202 174 252 NA NA NA NA 362 892 223 216 294 NA NA NA 
1743973200.0 10007.0 NA 289 464 0 176 162 NA NA NA NA 400 647 0 306 257 NA NA NA NA 680 805 192 180 276 NA NA NA NA 320 795 244 204 312 NA NA NA 
1743973200.0 10008.0 NA 289 467 0 176 164 NA NA NA NA 391 688 0 297 262 NA NA NA NA 703 907 214 176 275 NA NA NA NA 349 946 238 207 298 NA NA NA 
1743973200.0 10009.0 NA 269 460 0 175 166 NA NA NA NA 403 664 0 306 265 NA NA NA NA 709 937 213 170 252 NA NA NA NA 347 1060 321 205 270 NA NA NA 
1743973200.0 1001.0 NA 319 183 0 0 0 0 0 0 NA 483 267 0 0 0 0 0 0 NA 1196 198 49 32 60 90 57 89 NA 862 217 81 43 78 106 74 104 
1743973200.0 1001.2 NA 517 222 0 0 0 0 NA NA NA 746 371 0 0 0 0 NA NA NA 5426 409 61 75 60 63 NA NA NA 1915 280 78 121 80 77 NA NA 
1743973200.0 1001.3 NA 490 220 0 NA NA NA NA NA NA 734 357 0 NA NA NA NA NA NA 4288 442 123 NA NA NA NA NA NA 1596 325 157 NA NA NA NA NA 
1743973200.0 1002.0 NA 363 133 NA NA NA NA NA NA NA 516 175 NA NA NA NA NA NA NA 1118 94 NA NA NA NA NA NA NA 805 86 NA NA NA NA NA NA 
1743973200.0 1002.3 NA 504 220 0 NA NA NA NA NA NA 744 357 0 NA NA NA NA NA NA 2790 300 110 NA NA NA NA NA NA 1158 291 144 NA NA NA NA NA 
1743973200.0 1002.4 NA 514 0 NA NA NA NA NA NA NA 752 0 NA NA NA NA NA NA NA 5239 218 NA NA NA NA NA NA NA 1860 252 NA NA NA NA NA NA 
1743973200.0 10023.0 NA 290 463 0 146 162 NA NA NA NA 405 669 0 220 259 NA NA NA NA 693 752 216 159 243 NA NA NA NA 359 731 239 183 281 NA NA NA 
1743973200.0 10024.0 NA 298 480 0 178 166 NA NA NA NA 415 693 0 307 261 NA NA NA NA 761 991 212 183 259 NA NA NA NA 397 892 234 211 284 NA NA NA 
1743973200.0 10024.1 NA 295 287 0 NA NA NA NA NA NA 405 424 0 NA NA NA NA NA NA 567 315 160 NA NA NA NA NA NA 304 308 182 NA NA NA NA NA 
1743973200.0 10024.2 NA 301 477 0 NA NA NA NA NA NA 417 683 0 NA NA NA NA NA NA 567 772 181 NA NA NA NA NA NA 296 676 207 NA NA NA NA NA 
1743973200.0 10024.3 NA 300 272 0 NA NA NA NA NA NA 415 405 0 NA NA NA NA NA NA 567 317 149 NA NA NA NA NA NA 301 311 194 NA NA NA NA NA 
1743973200.0 10024.4 NA 300 476 0 NA NA NA NA NA NA 415 675 0 NA NA NA NA NA NA 568 755 177 NA NA NA NA NA NA 274 696 196 NA NA NA NA NA 
1743973200.0 10024.5 NA 299 158 0 NA NA NA NA NA NA 415 322 0 NA NA NA NA NA NA 568 212 88 NA NA NA NA NA NA 274 266 122 NA NA NA NA NA 
1743973200.0 10025.0 NA 292 469 0 133 164 NA NA NA NA 396 673 0 234 255 NA NA NA NA 756 830 243 196 254 NA NA NA NA 392 860 307 268 288 NA NA NA 
1743973200.0 10026.0 NA 300 476 0 152 167 NA NA NA NA 413 696 0 240 260 NA NA NA NA 659 1160 258 176 297 NA NA NA NA 347 977 315 205 321 NA NA NA 
1743973200.0 1003.0 NA 383 0 NA NA NA NA NA NA NA 642 0 NA NA NA NA NA NA NA 1186 127 NA NA NA NA NA NA NA 713 161 NA NA NA NA NA NA 
1743973200.0 1004.0 NA 245 148 0 0 0 0 NA NA NA 431 230 0 0 0 0 NA NA NA 366 108 29 45 80 83 NA NA NA 434 145 40 66 103 100 NA NA 
1743973200.0 10042.0 NA 291 472 0 178 163 NA NA NA NA 411 664 0 304 266 NA NA NA NA 687 847 217 172 287 NA NA NA NA 339 912 331 209 328 NA NA NA 
1743973200.0 1005.0 NA 209 154 0 NA NA NA NA NA NA 370 268 0 NA NA NA NA NA NA 210 94 41 NA NA NA NA NA NA 256 116 57 NA NA NA NA NA 
1743973200.0 10059.0 NA 266 486 0 151 166 NA NA NA NA 411 688 0 241 267 NA NA NA NA 721 1268 224 165 275 NA NA NA NA 408 992 251 203 291 NA NA NA 
1743973200.0 10071.0 NA 298 463 0 150 167 NA NA NA NA 426 698 0 231 270 NA NA NA NA 697 925 202 163 293 NA NA NA NA 359 912 228 195 327 NA NA NA 
1743973200.0 101.0 155 NA NA NA NA NA NA NA NA 316 NA NA NA NA NA NA NA NA 386 NA NA NA NA NA NA NA NA 402 NA NA NA NA NA NA NA NA 
1743973200.0 1010.0 NA 80 100 0 NA NA NA NA NA NA 164 182 0 NA NA NA NA NA NA 58 74 65 NA NA NA NA NA NA 150 93 80 NA NA NA NA NA 
1743973200.0 102.0 170 NA NA NA NA NA NA NA NA 298 NA NA NA NA NA NA NA NA 348 NA NA NA NA NA NA NA NA 307 NA NA NA NA NA NA NA NA 
1743973200.0 1020.0 NA 81 76 0 86 NA NA NA NA NA 177 164 0 173 NA NA NA NA NA 70 54 30 69 NA NA NA NA NA 188 86 49 116 NA NA NA NA 
1743973200.0 10224.0 NA 481 686 0 166 NA NA NA NA NA 642 978 0 263 NA NA NA NA NA 1602 1436 266 259 NA NA NA NA NA 826 1211 293 282 NA NA NA NA 
1743973200.0 10224.15 NA 483 670 0 185 NA NA NA NA NA 646 956 0 285 NA NA NA NA NA 1301 1377 187 256 NA NA NA NA NA 768 1084 202 276 NA NA NA NA 
1743973200.0 10225.0 NA 471 674 0 168 NA NA NA NA NA 639 923 0 267 NA NA NA NA NA 1276 1277 187 226 NA NA NA NA NA 733 1120 213 247 NA NA NA NA 
1743973200.0 103.0 119 0 0 NA NA NA NA NA NA 221 0 0 NA NA NA NA NA NA 270 52 543 NA NA NA NA NA NA 251 63 567 NA NA NA NA NA NA 
1743973200.0 1030.0 NA 260 90 0 0 NA NA NA NA NA 403 172 0 0 NA NA NA NA NA 2299 69 31 30 NA NA NA NA NA 853 79 50 55 NA NA NA NA 
1743973200.0 1040.0 NA 480 80 0 NA NA NA NA NA NA 677 155 0 NA NA NA NA NA NA 4967 78 53 NA NA NA NA NA NA 1736 95 71 NA NA NA NA NA 
1743973200.0 1040.1 NA 120 78 0 NA NA NA NA NA NA 207 155 0 NA NA NA NA NA NA 180 60 54 NA NA NA NA NA NA 257 76 81 NA NA NA NA NA 
1743973200.0 1041.0 NA 115 84 0 NA NA NA NA NA NA 204 160 0 NA NA NA NA NA NA 108 61 33 NA NA NA NA NA NA 256 80 51 NA NA NA NA NA 
1743973200.0 1042.0 NA 119 81 0 NA NA NA NA NA NA 206 162 0 NA NA NA NA NA NA 202 68 33 NA NA NA NA NA NA 514 102 49 NA NA NA NA NA 
1743973200.0 10424.0 NA 250 468 0 NA NA NA NA NA NA 351 678 0 NA NA NA NA NA NA 183 748 187 NA NA NA NA NA NA 183 680 218 NA NA NA NA NA 
1743973200.0 1043.0 NA 94 82 0 NA NA NA NA NA NA 186 165 0 NA NA NA NA NA NA 120 64 31 NA NA NA NA NA NA 164 87 45 NA NA NA NA NA 
1743973200.0 1044.0 NA 93 106 0 NA NA NA NA NA NA 184 195 0 NA NA NA NA NA NA 122 94 35 NA NA NA NA NA NA 220 110 68 NA NA NA NA NA 
1743973200.0 1045.0 NA 102 97 0 NA NA NA NA NA NA 187 183 0 NA NA NA NA NA NA 121 83 33 NA NA NA NA NA NA 160 80 62 NA NA NA NA NA 
1743973200.0 105.0 153 171 78 NA NA NA NA NA NA 279 264 153 NA NA NA NA NA NA 581 155 57 NA NA NA NA NA NA 399 145 73 NA NA NA NA NA NA 
1743973200.0 1052.0 NA 210 154 0 NA NA NA NA NA NA 377 262 0 NA NA NA NA NA NA 206 93 33 NA NA NA NA NA NA 241 117 50 NA NA NA NA NA 
1743973200.0 1052.1 NA 144 0 NA NA NA NA NA NA NA 253 0 NA NA NA NA NA NA NA 92 34 NA NA NA NA NA NA NA 143 54 NA NA NA NA NA NA 
1743973200.0 106.0 118 0 0 NA NA NA NA NA NA 218 0 0 NA NA NA NA NA NA 274 54 514 NA NA NA NA NA NA 284 104 587 NA NA NA NA NA NA 
1743973200.0 107.0 163 175 357 NA NA NA NA NA NA 286 271 499 NA NA NA NA NA NA 790 163 649 NA NA NA NA NA NA 411 155 608 NA NA NA NA NA NA 
1743973200.0 108.0 161 178 357 NA NA NA NA NA NA 286 271 487 NA NA NA NA NA NA 858 162 667 NA NA NA NA NA NA 427 130 628 NA NA NA NA NA NA 
1743973200.0 10801.0 NA 267 462 0 145 161 NA NA NA NA 392 651 0 227 265 NA NA NA NA 708 810 194 185 277 NA NA NA NA 408 777 212 280 325 NA NA NA 
1743973200.0 10802.0 NA 277 461 0 145 168 NA NA NA NA 372 675 0 230 266 NA NA NA NA 709 937 191 156 305 NA NA NA NA 398 951 211 179 340 NA NA NA 
1743973200.0 10803.0 NA 275 465 0 146 168 NA NA NA NA 382 675 0 227 269 NA NA NA NA 552 711 190 185 288 NA NA NA NA 321 684 211 223 318 NA NA NA 
1743973200.0 10804.0 NA 277 459 0 147 168 NA NA NA NA 381 671 0 221 276 NA NA NA NA 591 731 209 153 285 NA NA NA NA 301 850 277 182 324 NA NA NA 
1743973200.0 10804.31 NA 281 431 0 146 166 NA NA NA NA 395 656 0 235 263 NA NA NA NA 642 798 198 170 325 NA NA NA NA 316 1037 224 200 367 NA NA NA 
1743973200.0 10805.0 NA 274 461 0 146 166 NA NA NA NA 393 655 0 234 267 NA NA NA NA 568 690 215 172 285 NA NA NA NA 367 698 348 204 333 NA NA NA 
1743973200.0 10805.31 NA 280 462 0 145 166 NA NA NA NA 392 677 0 231 271 NA NA NA NA 629 892 227 194 285 NA NA NA NA 307 1043 257 257 316 NA NA NA 
1743973200.0 10806.0 NA 275 460 0 146 162 NA NA NA NA 387 672 0 221 261 NA NA NA NA 704 820 211 167 268 NA NA NA NA 393 829 233 194 309 NA NA NA 
1743973200.0 10807.0 NA 277 463 0 174 168 NA NA NA NA 383 673 0 306 271 NA NA NA NA 569 704 191 211 269 NA NA NA NA 354 687 211 257 318 NA NA NA 
1743973200.0 10808.0 NA 281 465 0 175 165 NA NA NA NA 385 660 0 300 267 NA NA NA NA 686 987 215 226 259 NA NA NA NA 326 986 237 282 316 NA NA NA 
1743973200.0 10809.0 NA 280 455 0 175 168 NA NA NA NA 386 667 0 299 264 NA NA NA NA 686 809 217 217 267 NA NA NA NA 328 811 239 266 280 NA NA NA 
1743973200.0 10823.0 NA 281 460 0 145 163 NA NA NA NA 385 667 0 229 263 NA NA NA NA 666 863 208 185 253 NA NA NA NA 361 904 365 224 307 NA NA NA 
1743973200.0 10824.0 NA 290 460 0 175 170 NA NA NA NA 396 680 0 309 269 NA NA NA NA 638 963 206 167 332 NA NA NA NA 352 1011 225 192 357 NA NA NA 
1743973200.0 10824.1 NA 289 285 0 NA NA NA NA NA NA 388 412 0 NA NA NA NA NA NA 580 309 163 NA NA NA NA NA NA 268 319 230 NA NA NA NA NA 
1743973200.0 10824.5 NA 291 111 0 NA NA NA NA NA NA 392 321 0 NA NA NA NA NA NA 581 218 85 NA NA NA NA NA NA 286 267 127 NA NA NA NA NA 
1743973200.0 10824.501 NA 292 164 0 NA NA NA NA NA NA 407 308 0 NA NA NA NA NA NA 570 221 91 NA NA NA NA NA NA 283 324 115 NA NA NA NA NA 
1743973200.0 10824.505 NA 289 159 0 NA NA NA NA NA NA 388 323 0 NA NA NA NA NA NA 565 225 94 NA NA NA NA NA NA 270 257 120 NA NA NA NA NA 
1743973200.0 10824.511 NA 291 127 0 NA NA NA NA NA NA 404 225 0 NA NA NA NA NA NA 564 151 73 NA NA NA NA NA NA 292 205 113 NA NA NA NA NA 
1743973200.0 10824.521 NA 287 120 0 NA NA NA NA NA NA 395 202 0 NA NA NA NA NA NA 566 148 76 NA NA NA NA NA NA 297 192 109 NA NA NA NA NA 
1743973200.0 10824.6 NA 291 481 0 176 168 NA NA NA NA 400 695 0 301 271 NA NA NA NA 655 983 229 173 287 NA NA NA NA 327 887 314 207 320 NA NA NA 
1743973200.0 10824.8 NA 289 475 0 177 170 NA NA NA NA 398 665 0 310 267 NA NA NA NA 781 908 215 172 292 NA NA NA NA 390 845 240 215 323 NA NA NA 
1743973200.0 10825.0 NA 282 471 0 146 169 NA NA NA NA 391 687 0 235 271 NA NA NA NA 682 912 249 173 251 NA NA NA NA 339 902 388 301 276 NA NA NA 
1743973200.0 10826.0 NA 291 483 0 102 156 NA NA NA NA 396 672 0 234 264 NA NA NA NA 691 956 240 171 318 NA NA NA NA 341 871 311 222 363 NA NA NA 
1743973200.0 10842.0 NA 288 470 0 178 167 NA NA NA NA 383 674 0 308 268 NA NA NA NA 663 976 261 176 301 NA NA NA NA 330 1010 321 206 339 NA NA NA 
1743973200.0 10842.501 NA 287 158 0 NA NA NA NA NA NA 395 315 0 NA NA NA NA NA NA 556 215 86 NA NA NA NA NA NA 281 279 103 NA NA NA NA NA 
1743973200.0 10842.505 NA 286 159 0 NA NA NA NA NA NA 394 310 0 NA NA NA NA NA NA 562 210 88 NA NA NA NA NA NA 273 251 109 NA NA NA NA NA 
1743973200.0 10859.0 NA 298 459 0 151 164 NA NA NA NA 410 712 0 241 271 NA NA NA NA 698 1305 259 163 298 NA NA NA NA 338 1046 292 193 338 NA NA NA 
1743973200.0 10871.0 NA 286 479 0 150 169 NA NA NA NA 389 676 0 234 278 NA NA NA NA 756 962 206 195 278 NA NA NA NA 368 943 233 233 312 NA NA NA 
1743973200.0 109.0 160 176 358 NA NA NA NA NA NA 289 271 486 NA NA NA NA NA NA 966 167 685 NA NA NA NA NA NA 688 154 647 NA NA NA NA NA NA 
1743973200.0 11.0 NA 192 365 0 121 NA NA NA NA NA 290 511 0 200 NA NA NA NA NA 604 754 183 122 NA NA NA NA NA 295 615 203 184 NA NA NA NA 
1743973200.0 110.0 94 171 350 NA NA NA NA NA NA 234 263 504 NA NA NA NA NA NA 292 151 621 NA NA NA NA NA NA 262 134 631 NA NA NA NA NA NA 
1743973200.0 1102.0 NA 201 389 271 218 NA NA NA NA NA 317 545 383 266 NA NA NA NA NA 914 1811 945 143 NA NA NA NA NA 387 1172 413 119 NA NA NA NA 
1743973200.0 11024.0 NA 557 789 0 170 NA NA NA NA NA 748 1115 0 270 NA NA NA NA NA 1759 1622 191 235 NA NA NA NA NA 806 1107 212 255 NA NA NA NA 
1743973200.0 11024.15 NA 546 821 0 187 NA NA NA NA NA 765 1089 0 289 NA NA NA NA NA 1717 1636 192 270 NA NA NA NA NA 821 1235 213 293 NA NA NA NA 
1743973200.0 11024.2 NA 546 794 0 163 NA NA NA NA NA 749 1101 0 256 NA NA NA NA NA 1742 1653 194 182 NA NA NA NA NA 951 1313 221 187 NA NA NA NA 
1743973200.0 11024.6 NA 559 766 0 169 NA NA NA NA NA 762 1125 0 268 NA NA NA NA NA 1747 1738 189 234 NA NA NA NA NA 797 1331 209 253 NA NA NA NA 
1743973200.0 11025.0 NA 537 793 0 163 NA NA NA NA NA 750 1061 0 274 NA NA NA NA NA 1708 1567 194 234 NA NA NA NA NA 935 1232 248 257 NA NA NA NA 
1743973200.0 111.0 156 171 353 NA NA NA NA NA NA 283 262 515 NA NA NA NA NA NA 613 171 722 NA NA NA NA NA NA 372 229 761 NA NA NA NA NA NA 
1743973200.0 112.0 149 176 354 NA NA NA NA NA NA 277 266 493 NA NA NA NA NA NA 658 157 651 NA NA NA NA NA NA 386 167 694 NA NA NA NA NA NA 
1743973200.0 11224.0 NA 251 454 0 NA NA NA NA NA NA 356 666 0 NA NA NA NA NA NA 187 787 189 NA NA NA NA NA NA 166 876 242 NA NA NA NA NA 
1743973200.0 11224.6 NA 254 472 0 NA NA NA NA NA NA 348 687 0 NA NA NA NA NA NA 232 832 223 NA NA NA NA NA NA 223 782 255 NA NA NA NA NA 
1743973200.0 113.0 168 176 353 NA NA NA NA NA NA 289 266 513 NA NA NA NA NA NA 712 165 659 NA NA NA NA NA NA 387 143 663 NA NA NA NA NA NA 
1743973200.0 114.0 162 175 355 NA NA NA NA NA NA 296 263 488 NA NA NA NA NA NA 769 163 637 NA NA NA NA NA NA 415 160 598 NA NA NA NA NA NA 
1743973200.0 115.0 161 176 354 NA NA NA NA NA NA 282 268 494 NA NA NA NA NA NA 840 168 669 NA NA NA NA NA NA 463 150 677 NA NA NA NA NA NA 
1743973200.0 116.0 164 177 356 NA NA NA NA NA NA 286 267 506 NA NA NA NA NA NA 854 170 676 NA NA NA NA NA NA 462 150 643 NA NA NA NA NA NA 
1743973200.0 11601.0 NA 256 475 0 150 NA NA NA NA NA 368 691 0 244 NA NA NA NA NA 211 788 233 192 NA NA NA NA NA 165 760 255 220 NA NA NA NA 
1743973200.0 11602.0 NA 255 471 0 151 NA NA NA NA NA 360 707 0 235 NA NA NA NA NA 167 717 177 138 NA NA NA NA NA 180 722 204 160 NA NA NA NA 
1743973200.0 11603.0 NA 258 481 0 152 NA NA NA NA NA 363 678 0 238 NA NA NA NA NA 178 726 180 130 NA NA NA NA NA 160 860 224 139 NA NA NA NA 
1743973200.0 11604.0 NA 254 477 0 150 NA NA NA NA NA 357 683 0 236 NA NA NA NA NA 232 736 225 160 NA NA NA NA NA 218 737 302 176 NA NA NA NA 
1743973200.0 11605.0 NA 254 475 0 150 NA NA NA NA NA 355 686 0 241 NA NA NA NA NA 212 732 203 180 NA NA NA NA NA 198 774 227 197 NA NA NA NA 
1743973200.0 11606.0 NA 255 475 0 149 NA NA NA NA NA 364 698 0 237 NA NA NA NA NA 234 872 210 168 NA NA NA NA NA 196 888 231 180 NA NA NA NA 
1743973200.0 11607.0 NA 258 477 0 172 NA NA NA NA NA 361 695 0 281 NA NA NA NA NA 177 694 179 135 NA NA NA NA NA 149 733 212 154 NA NA NA NA 
1743973200.0 11608.0 NA 257 477 0 171 NA NA NA NA NA 359 691 0 274 NA NA NA NA NA 180 743 176 137 NA NA NA NA NA 150 809 198 155 NA NA NA NA 
1743973200.0 11609.0 NA 257 481 0 171 NA NA NA NA NA 360 685 0 277 NA NA NA NA NA 181 747 180 142 NA NA NA NA NA 149 744 212 180 NA NA NA NA 
1743973200.0 11630.0 NA 271 511 0 156 NA NA NA NA NA 382 719 0 253 NA NA NA NA NA 301 1260 228 182 NA NA NA NA NA 196 965 248 197 NA NA NA NA 
1743973200.0 11634.0 NA 269 487 0 174 NA NA NA NA NA 378 723 0 282 NA NA NA NA NA 201 843 189 135 NA NA NA NA NA 157 756 223 145 NA NA NA NA 
1743973200.0 11634.1 NA 269 281 0 NA NA NA NA NA NA 368 427 0 NA NA NA NA NA NA 197 287 160 NA NA NA NA NA NA 187 296 178 NA NA NA NA NA 
1743973200.0 11634.15 NA 268 495 0 173 NA NA NA NA NA 379 723 0 282 NA NA NA NA NA 281 1178 238 155 NA NA NA NA NA 230 1140 315 164 NA NA NA NA 
1743973200.0 11634.24 NA 171 440 0 140 NA NA NA NA NA 302 668 0 227 NA NA NA NA NA 140 709 200 130 NA NA NA NA NA 170 756 225 143 NA NA NA NA 
1743973200.0 11634.5 NA 268 149 0 NA NA NA NA NA NA 369 318 0 NA NA NA NA NA NA 197 200 88 NA NA NA NA NA NA 145 233 116 NA NA NA NA NA 
1743973200.0 11634.501 NA 268 121 0 NA NA NA NA NA NA 381 330 0 NA NA NA NA NA NA 199 203 90 NA NA NA NA NA NA 175 217 108 NA NA NA NA NA 
1743973200.0 11634.505 NA 268 167 0 NA NA NA NA NA NA 372 319 0 NA NA NA NA NA NA 197 204 104 NA NA NA NA NA NA 138 216 130 NA NA NA NA NA 
1743973200.0 11634.511 NA 267 127 0 NA NA NA NA NA NA 363 224 0 NA NA NA NA NA NA 197 150 73 NA NA NA NA NA NA 171 196 98 NA NA NA NA NA 
1743973200.0 11634.521 NA 270 122 0 NA NA NA NA NA NA 373 204 0 NA NA NA NA NA NA 195 145 76 NA NA NA NA NA NA 145 185 99 NA NA NA NA NA 
1743973200.0 11634.601 NA 265 91 500 0 NA NA NA NA NA 363 165 711 0 NA NA NA NA NA 195 45 815 189 NA NA NA NA NA 140 51 687 226 NA NA NA NA 
1743973200.0 11634.7 NA 269 487 0 NA NA NA NA NA NA 369 736 0 NA NA NA NA NA NA 197 824 191 NA NA NA NA NA NA 161 786 226 NA NA NA NA NA 
1743973200.0 11634.91 NA 269 502 0 173 NA NA NA NA NA 370 732 0 277 NA NA NA NA NA 198 828 189 133 NA NA NA NA NA 141 717 213 141 NA NA NA NA 
1743973200.0 11634.911 153 263 499 0 172 NA NA NA NA 255 360 703 0 276 NA NA NA NA 1355 570 1104 388 351 NA NA NA NA 691 313 780 439 276 NA NA NA NA 
1743973200.0 11634.914 143 259 490 0 169 NA NA NA NA 239 349 715 0 279 NA NA NA NA 1362 216 1037 228 192 NA NA NA NA 641 161 1026 254 238 NA NA NA NA 
1743973200.0 11640.0 NA 257 479 0 151 NA NA NA NA NA 359 714 0 238 NA NA NA NA NA 227 740 215 172 NA NA NA NA NA 199 808 245 188 NA NA NA NA 
1743973200.0 11643.0 NA 265 498 0 154 NA NA NA NA NA 371 726 0 242 NA NA NA NA NA 193 803 191 131 NA NA NA NA NA 148 680 231 140 NA NA NA NA 
1743973200.0 11646.0 NA 255 491 0 153 NA NA NA NA NA 368 701 0 245 NA NA NA NA NA 227 919 215 162 NA NA NA NA NA 167 1146 247 177 NA NA NA NA 
1743973200.0 11650.0 NA 262 490 0 176 NA NA NA NA NA 362 694 0 283 NA NA NA NA NA 188 754 190 133 NA NA NA NA NA 174 746 232 142 NA NA NA NA 
1743973200.0 11650.501 NA 248 164 0 NA NA NA NA NA NA 366 306 0 NA NA NA NA NA NA 197 191 88 NA NA NA NA NA NA 182 212 110 NA NA NA NA NA 
1743973200.0 11650.505 NA 249 154 0 NA NA NA NA NA NA 363 324 0 NA NA NA NA NA NA 198 201 98 NA NA NA NA NA NA 166 248 128 NA NA NA NA NA 
1743973200.0 11650.911 151 257 475 0 176 NA NA NA NA 249 357 714 0 283 NA NA NA NA 809 559 1066 386 358 NA NA NA NA 624 339 930 412 270 NA NA NA NA 
1743973200.0 11650.914 138 254 454 0 172 NA NA NA NA 229 339 717 0 275 NA NA NA NA 990 207 824 217 188 NA NA NA NA 603 165 938 247 229 NA NA NA NA 
1743973200.0 117.0 150 179 357 NA NA NA NA NA NA 275 266 522 NA NA NA NA NA NA 901 165 699 NA NA NA NA NA NA 457 147 690 NA NA NA NA NA NA 
1743973200.0 11723.17 NA 274 513 0 NA NA NA NA NA NA 374 749 0 NA NA NA NA NA NA 284 994 218 NA NA NA NA NA NA 204 906 239 NA NA NA NA NA 
1743973200.0 118.0 163 180 361 NA NA NA NA NA NA 292 267 513 NA NA NA NA NA NA 1100 168 687 NA NA NA NA NA NA 494 168 623 NA NA NA NA NA NA 
1743973200.0 11834.0 NA 623 952 0 NA NA NA NA NA NA 871 1359 0 NA NA NA NA NA NA 1727 2434 201 NA NA NA NA NA NA 830 1434 227 NA NA NA NA NA 
1743973200.0 11834.13 NA 604 1005 0 NA NA NA NA NA NA 845 1357 0 NA NA NA NA NA NA 1643 2472 198 NA NA NA NA NA NA 816 1343 222 NA NA NA NA NA 
1743973200.0 11834.19 NA 598 994 0 NA NA NA NA NA NA 875 1277 0 NA NA NA NA NA NA 1702 2486 204 NA NA NA NA NA NA 814 1403 246 NA NA NA NA NA 
1743973200.0 11834.21 NA 502 348 217 162 NA NA NA NA NA 705 481 303 267 NA NA NA NA NA 2060 901 271 155 NA NA NA NA NA 1187 414 240 167 NA NA NA NA 
1743973200.0 11834.24 NA 204 449 0 NA NA NA NA NA NA 312 654 0 NA NA NA NA NA NA 116 684 180 NA NA NA NA NA NA 172 851 206 NA NA NA NA NA 
1743973200.0 11834.99 NA 517 651 686 0 NA NA NA NA NA 879 908 891 0 NA NA NA NA NA 1987 520 2039 196 NA NA NA NA NA 1159 300 1094 216 NA NA NA NA 
1743973200.0 11846.0 NA 610 947 0 NA NA NA NA NA NA 914 1257 0 NA NA NA NA NA NA 1747 2096 193 NA NA NA NA NA NA 882 1257 217 NA NA NA NA NA 
1743973200.0 11846.19 NA 579 931 0 NA NA NA NA NA NA 843 1248 0 NA NA NA NA NA NA 1626 2005 198 NA NA NA NA NA NA 925 1280 227 NA NA NA NA NA 
1743973200.0 119.0 160 174 355 NA NA NA NA NA NA 283 265 512 NA NA NA NA NA NA 615 157 635 NA NA NA NA NA NA 407 132 619 NA NA NA NA NA NA 
1743973200.0 12.0 NA 205 385 0 NA NA NA NA NA NA 307 543 0 NA NA NA NA NA NA 679 1366 175 NA NA NA NA NA NA 309 911 195 NA NA NA NA NA 
1743973200.0 120.0 125 171 341 NA NA NA NA NA NA 230 263 491 NA NA NA NA NA NA 275 147 612 NA NA NA NA NA NA 285 125 616 NA NA NA NA NA NA 
1743973200.0 12034.0 NA 268 499 0 NA NA NA NA NA NA 364 732 0 NA NA NA NA NA NA 192 803 185 NA NA NA NA NA NA 155 686 209 NA NA NA NA NA 
1743973200.0 121.0 165 182 363 NA NA NA NA NA NA 291 279 514 NA NA NA NA NA NA 1147 176 735 NA NA NA NA NA NA 500 169 693 NA NA NA NA NA NA 
1743973200.0 122.0 120 0 0 NA NA NA NA NA NA 217 0 0 NA NA NA NA NA NA 276 52 534 NA NA NA NA NA NA 255 101 629 NA NA NA NA NA NA 
1743973200.0 123.1 404 NA NA NA NA NA NA NA NA 550 NA NA NA NA NA NA NA NA 383 NA NA NA NA NA NA NA NA 326 NA NA NA NA NA NA NA NA 
1743973200.0 123.2 375 NA NA NA NA NA NA NA NA 529 NA NA NA NA NA NA NA NA 445 NA NA NA NA NA NA NA NA 349 NA NA NA NA NA NA NA NA 
1743973200.0 123.3 317 NA NA NA NA NA NA NA NA 447 NA NA NA NA NA NA NA NA 325 NA NA NA NA NA NA NA NA 286 NA NA NA NA NA NA NA NA 
1743973200.0 124.1 380 NA NA NA NA NA NA NA NA 519 NA NA NA NA NA NA NA NA 332 NA NA NA NA NA NA NA NA 294 NA NA NA NA NA NA NA NA 
1743973200.0 124.2 392 NA NA NA NA NA NA NA NA 538 NA NA NA NA NA NA NA NA 364 NA NA NA NA NA NA NA NA 295 NA NA NA NA NA NA NA NA 
1743973200.0 124.4 350 NA NA NA NA NA NA NA NA 499 NA NA NA NA NA NA NA NA 347 NA NA NA NA NA NA NA NA 349 NA NA NA NA NA NA NA NA 
1743973200.0 124.5 346 NA NA NA NA NA NA NA NA 520 NA NA NA NA NA NA NA NA 355 NA NA NA NA NA NA NA NA 395 NA NA NA NA NA NA NA NA 
1743973200.0 124.6 308 NA NA NA NA NA NA NA NA 446 NA NA NA NA NA NA NA NA 341 NA NA NA NA NA NA NA NA 374 NA NA NA NA NA NA NA NA 
1743973200.0 12434.0 NA 434 616 0 196 NA NA NA NA NA 595 841 0 325 NA NA NA NA NA 889 1429 276 209 NA NA NA NA NA 496 1297 295 222 NA NA NA NA 
1743973200.0 12434.7 NA 457 617 0 NA NA NA NA NA NA 588 876 0 NA NA NA NA NA NA 1031 1455 278 NA NA NA NA NA NA 577 1218 313 NA NA NA NA NA 
1743973200.0 125.0 164 177 357 NA NA NA NA NA NA 293 270 507 NA NA NA NA NA NA 802 167 654 NA NA NA NA NA NA 434 164 651 NA NA NA NA NA NA 
1743973200.0 126.0 128 174 351 NA NA NA NA NA NA 243 265 503 NA NA NA NA NA NA 473 149 623 NA NA NA NA NA NA 393 126 618 NA NA NA NA NA NA 
1743973200.0 12634.0 NA 756 1072 0 NA NA NA NA NA NA 1045 1564 0 NA NA NA NA NA NA 2465 2652 263 NA NA NA NA NA NA 1626 1882 343 NA NA NA NA NA 
1743973200.0 12634.99 NA 581 816 809 0 NA NA NA NA NA 876 1144 1040 0 NA NA NA NA NA 1975 1623 2371 258 NA NA NA NA NA 1260 747 1345 304 NA NA NA NA 
1743973200.0 127.0 125 172 347 NA NA NA NA NA NA 219 263 500 NA NA NA NA NA NA 395 182 735 NA NA NA NA NA NA 328 152 827 NA NA NA NA NA NA 
1743973200.0 128.0 122 171 343 NA NA NA NA NA NA 216 263 483 NA NA NA NA NA NA 258 149 610 NA NA NA NA NA NA 257 129 602 NA NA NA NA NA NA 
1743973200.0 12834.0 NA 441 612 0 183 NA NA NA NA NA 606 852 0 286 NA NA NA NA NA 629 1485 269 201 NA NA NA NA NA 503 1277 289 220 NA NA NA NA 
1743973200.0 129.0 123 171 343 NA NA NA NA NA NA 220 265 493 NA NA NA NA NA NA 269 152 627 NA NA NA NA NA NA 270 171 864 NA NA NA NA NA NA 
1743973200.0 13.0 NA 184 362 0 NA NA NA NA NA NA 287 508 0 NA NA NA NA NA NA 148 829 159 NA NA NA NA NA NA 220 679 196 NA NA NA NA NA 
1743973200.0 130.0 124 169 342 NA NA NA NA NA NA 229 257 503 NA NA NA NA NA NA 295 188 745 NA NA NA NA NA NA 274 172 944 NA NA NA NA NA NA 
1743973200.0 1301.0 150 209 303 NA NA NA NA NA NA 257 309 447 NA NA NA NA NA NA 642 165 429 NA NA NA NA NA NA 468 160 461 NA NA NA NA NA NA 
1743973200.0 1301.17 132 279 330 NA NA NA NA NA NA 226 394 496 NA NA NA NA NA NA 613 555 455 NA NA NA NA NA NA 506 250 497 NA NA NA NA NA NA 
1743973200.0 1302.0 163 220 315 NA NA NA NA NA NA 271 313 452 NA NA NA NA NA NA 1106 195 522 NA NA NA NA NA NA 512 144 496 NA NA NA NA NA NA 
1743973200.0 1302.17 140 269 340 NA NA NA NA NA NA 244 387 510 NA NA NA NA NA NA 1196 592 533 NA NA NA NA NA NA 572 254 514 NA NA NA NA NA NA 
1743973200.0 1302.18 140 284 255 210 162 NA NA NA NA 236 381 430 306 267 NA NA NA NA 1412 691 406 316 220 NA NA NA NA 649 287 394 308 231 NA NA NA NA 
1743973200.0 1302.181 138 282 291 209 163 NA NA NA NA 240 386 479 306 262 NA NA NA NA 1616 595 354 279 182 NA NA NA NA 700 255 298 330 203 NA NA NA NA 
1743973200.0 1303.0 151 217 319 NA NA NA NA NA NA 262 308 450 NA NA NA NA NA NA 1792 156 559 NA NA NA NA NA NA 913 165 446 NA NA NA NA NA NA 
1743973200.0 1303.17 149 285 334 NA NA NA NA NA NA 248 402 504 NA NA NA NA NA NA 2324 617 781 NA NA NA NA NA NA 1187 268 622 NA NA NA NA NA NA 
1743973200.0 13034.0 NA 623 874 0 NA NA NA NA NA NA 846 1174 0 NA NA NA NA NA NA 1317 1912 250 NA NA NA NA NA NA 1079 1536 287 NA NA NA NA NA 
1743973200.0 13034.99 NA 385 681 709 0 NA NA NA NA NA 615 876 926 0 NA NA NA NA NA 1273 666 1667 252 NA NA NA NA NA 1056 479 1525 272 NA NA NA NA 
1743973200.0 1304.18 132 274 288 207 160 NA NA NA NA 231 375 433 303 253 NA NA NA NA 926 560 304 266 176 NA NA NA NA 494 242 282 323 205 NA NA NA NA 
1743973200.0 1304.181 136 274 287 205 163 NA NA NA NA 233 379 478 306 264 NA NA NA NA 862 571 299 255 169 NA NA NA NA 429 236 269 246 174 NA NA NA NA 
1743973200.0 1304.182 133 274 284 215 NA NA NA NA NA 230 367 427 306 NA NA NA NA NA 849 575 297 257 NA NA NA NA NA 448 257 254 245 NA NA NA NA NA 
1743973200.0 1306.0 NA 217 393 0 NA NA NA NA NA NA 328 557 0 NA NA NA NA NA NA 159 635 142 NA NA NA NA NA NA 164 857 170 NA NA NA NA NA 
1743973200.0 1307.0 NA 202 246 97 0 NA NA NA NA NA 306 382 173 0 NA NA NA NA NA 150 243 76 92 NA NA NA NA NA 201 258 113 127 NA NA NA NA 
1743973200.0 1308.0 NA 205 241 94 0 NA NA NA NA NA 312 373 169 0 NA NA NA NA NA 143 197 75 92 NA NA NA NA NA 230 268 101 122 NA NA NA NA 
1743973200.0 1309.0 NA 228 412 0 NA NA NA NA NA NA 339 580 0 NA NA NA NA NA NA 174 698 149 NA NA NA NA NA NA 220 681 167 NA NA NA NA NA 
1743973200.0 131.0 125 171 347 NA NA NA NA NA NA 221 263 489 NA NA NA NA NA NA 392 153 616 NA NA NA NA NA NA 327 140 624 NA NA NA NA NA NA 
1743973200.0 1310.0 NA 228 379 0 NA NA NA NA NA NA 337 571 0 NA NA NA NA NA NA 171 695 156 NA NA NA NA NA NA 240 704 186 NA NA NA NA NA 
1743973200.0 1311.0 NA 221 416 0 117 NA NA NA NA NA 337 585 0 205 NA NA NA NA NA 164 533 165 127 NA NA NA NA NA 238 624 183 204 NA NA NA NA 
1743973200.0 1312.0 NA 226 402 0 NA NA NA NA NA NA 334 576 0 NA NA NA NA NA NA 171 730 154 NA NA NA NA NA NA 164 923 192 NA NA NA NA NA 
1743973200.0 1313.0 NA 230 415 0 NA NA NA NA NA NA 340 557 0 NA NA NA NA NA NA 149 775 156 NA NA NA NA NA NA 226 676 185 NA NA NA NA NA 
1743973200.0 1314.0 NA 227 403 0 NA NA NA NA NA NA 338 575 0 NA NA NA NA NA NA 172 690 149 NA NA NA NA NA NA 170 644 168 NA NA NA NA NA 
1743973200.0 1315.0 NA 218 392 0 NA NA NA NA NA NA 329 549 0 NA NA NA NA NA NA 158 631 148 NA NA NA NA NA NA 195 629 200 NA NA NA NA NA 
1743973200.0 1316.0 NA 218 386 0 NA NA NA NA NA NA 325 547 0 NA NA NA NA NA NA 164 667 144 NA NA NA NA NA NA 173 846 174 NA NA NA NA NA 
1743973200.0 1317.0 NA 218 388 0 156 NA NA NA NA NA 338 550 0 257 NA NA NA NA NA 158 636 144 172 NA NA NA NA NA 156 681 181 193 NA NA NA NA 
1743973200.0 1318.0 NA 217 391 0 154 NA NA NA NA NA 324 558 0 252 NA NA NA NA NA 159 631 145 170 NA NA NA NA NA 175 641 205 200 NA NA NA NA 
1743973200.0 1319.0 NA 217 398 0 NA NA NA NA NA NA 327 575 0 NA NA NA NA NA NA 156 629 141 NA NA NA NA NA NA 155 780 162 NA NA NA NA NA 
1743973200.0 132.0 158 179 360 NA NA NA NA NA NA 283 269 512 NA NA NA NA NA NA 876 167 679 NA NA NA NA NA NA 446 139 650 NA NA NA NA NA NA 
1743973200.0 1320.0 NA 219 395 0 155 NA NA NA NA NA 325 543 0 250 NA NA NA NA NA 195 658 171 189 NA NA NA NA NA 244 702 204 204 NA NA NA NA 
1743973200.0 1321.0 NA 220 395 0 155 NA NA NA NA NA 324 548 0 249 NA NA NA NA NA 193 690 192 233 NA NA NA NA NA 181 778 224 250 NA NA NA NA 
1743973200.0 1322.0 NA 221 397 0 155 NA NA NA NA NA 327 566 0 250 NA NA NA NA NA 201 837 160 212 NA NA NA NA NA 204 962 180 237 NA NA NA NA 
1743973200.0 1323.0 NA 219 388 0 NA NA NA NA NA NA 330 568 0 NA NA NA NA NA NA 159 631 136 NA NA NA NA NA NA 163 690 150 NA NA NA NA NA 
1743973200.0 13234.0 85 537 0 NA NA NA NA NA NA 158 722 0 NA NA NA NA NA NA 67 697 119 NA NA NA NA NA NA 109 716 153 NA NA NA NA NA NA 
1743973200.0 1324.0 NA 226 402 0 NA NA NA NA NA NA 333 560 0 NA NA NA NA NA NA 174 724 154 NA NA NA NA NA NA 169 767 187 NA NA NA NA NA 
1743973200.0 13240.303 218 NA NA NA NA NA NA NA NA 311 NA NA NA NA NA NA NA NA 1143 NA NA NA NA NA NA NA NA 673 NA NA NA NA NA NA NA NA 
1743973200.0 1325.0 NA 226 408 0 126 160 NA NA NA NA 326 574 0 203 253 NA NA NA NA 212 753 181 173 201 NA NA NA NA 228 772 247 218 214 NA NA NA 
1743973200.0 1325.1 NA 226 244 0 NA NA NA NA NA NA 347 388 0 NA NA NA NA NA NA 178 271 139 NA NA NA NA NA NA 236 295 162 NA NA NA NA NA 
1743973200.0 1325.2 NA 228 407 0 NA NA NA NA NA NA 344 559 0 NA NA NA NA NA NA 173 696 150 NA NA NA NA NA NA 217 619 177 NA NA NA NA NA 
1743973200.0 1325.3 NA 226 237 0 NA NA NA NA NA NA 334 385 0 NA NA NA NA NA NA 175 263 130 NA NA NA NA NA NA 242 309 160 NA NA NA NA NA 
1743973200.0 1325.4 NA 225 412 0 NA NA NA NA NA NA 337 559 0 NA NA NA NA NA NA 174 716 158 NA NA NA NA NA NA 226 642 187 NA NA NA NA NA 
1743973200.0 1325.5 NA 240 0 NA NA NA NA NA NA NA 360 0 NA NA NA NA NA NA NA 722 74 NA NA NA NA NA NA NA 782 103 NA NA NA NA NA NA 
1743973200.0 1325.51 NA 225 0 NA NA NA NA NA NA NA 332 0 NA NA NA NA NA NA NA 695 68 NA NA NA NA NA NA NA 649 111 NA NA NA NA NA NA 
1743973200.0 1325.516 NA 250 0 NA NA NA NA NA NA NA 355 0 NA NA NA NA NA NA NA 770 84 NA NA NA NA NA NA NA 722 115 NA NA NA NA NA NA 
1743973200.0 1325.5161 NA 248 0 NA NA NA NA NA NA NA 348 0 NA NA NA NA NA NA NA 778 79 NA NA NA NA NA NA NA 725 106 NA NA NA NA NA NA 
1743973200.0 1325.517 NA 232 0 NA NA NA NA NA NA NA 344 0 NA NA NA NA NA NA NA 785 73 NA NA NA NA NA NA NA 784 100 NA NA NA NA NA NA 
1743973200.0 1325.518 NA 243 0 NA NA NA NA NA NA NA 359 0 NA NA NA NA NA NA NA 963 74 NA NA NA NA NA NA NA 826 93 NA NA NA NA NA NA 
1743973200.0 1325.9 NA 257 406 0 126 NA NA NA NA NA 380 569 0 205 NA NA NA NA NA 219 913 183 150 NA NA NA NA NA 223 895 208 192 NA NA NA NA 
1743973200.0 1325.91 NA 257 401 0 124 NA NA NA NA NA 376 565 0 207 NA NA NA NA NA 201 704 152 130 NA NA NA NA NA 187 671 176 208 NA NA NA NA 
1743973200.0 1326.0 NA 197 392 0 NA NA NA NA NA NA 325 554 0 NA NA NA NA NA NA 167 655 148 NA NA NA NA NA NA 158 716 170 NA NA NA NA NA 
1743973200.0 1327.0 NA 223 381 0 NA NA NA NA NA NA 331 562 0 NA NA NA NA NA NA 166 682 147 NA NA NA NA NA NA 202 811 165 NA NA NA NA NA 
1743973200.0 1328.0 NA 218 407 0 NA NA NA NA NA NA 333 568 0 NA NA NA NA NA NA 183 698 156 NA NA NA NA NA NA 223 746 180 NA NA NA NA NA 
1743973200.0 1329.0 NA 222 398 0 156 NA NA NA NA NA 332 563 0 260 NA NA NA NA NA 161 658 149 175 NA NA NA NA NA 154 707 175 195 NA NA NA NA 
1743973200.0 133.0 161 179 361 NA NA NA NA NA NA 288 274 509 NA NA NA NA NA NA 1182 170 731 NA NA NA NA NA NA 543 136 674 NA NA NA NA NA NA 
1743973200.0 1330.0 NA 226 441 0 156 NA NA NA NA NA 330 630 0 254 NA NA NA NA NA 180 675 154 175 NA NA NA NA NA 188 614 188 189 NA NA NA NA 
1743973200.0 1331.0 NA 224 402 0 158 NA NA NA NA NA 330 570 0 256 NA NA NA NA NA 185 722 173 206 NA NA NA NA NA 212 696 194 223 NA NA NA NA 
1743973200.0 1332.0 NA 224 405 0 NA NA NA NA NA NA 338 561 0 NA NA NA NA NA NA 171 681 149 NA NA NA NA NA NA 176 661 169 NA NA NA NA NA 
1743973200.0 1333.0 NA 220 395 0 NA NA NA NA NA NA 332 549 0 NA NA NA NA NA NA 168 643 159 NA NA NA NA NA NA 269 786 219 NA NA NA NA NA 
1743973200.0 1334.0 NA 226 401 0 NA NA NA NA NA NA 334 566 0 NA NA NA NA NA NA 186 843 186 NA NA NA NA NA NA 191 870 211 NA NA NA NA NA 
1743973200.0 1335.0 NA 223 401 0 NA NA NA NA NA NA 329 555 0 NA NA NA NA NA NA 161 656 144 NA NA NA NA NA NA 159 807 160 NA NA NA NA NA 
1743973200.0 1336.0 NA 229 414 0 NA NA NA NA NA NA 342 579 0 NA NA NA NA NA NA 215 1047 201 NA NA NA NA NA NA 261 906 229 NA NA NA NA NA 
1743973200.0 1337.0 NA 235 429 0 NA NA NA NA NA NA 344 571 0 NA NA NA NA NA NA 195 865 157 NA NA NA NA NA NA 215 656 182 NA NA NA NA NA 
1743973200.0 1338.0 NA 229 408 0 157 NA NA NA NA NA 339 588 0 259 NA NA NA NA NA 239 753 173 223 NA NA NA NA NA 227 714 281 257 NA NA NA NA 
1743973200.0 1339.0 NA 227 411 0 NA NA NA NA NA NA 337 580 0 NA NA NA NA NA NA 181 816 150 NA NA NA NA NA NA 192 726 164 NA NA NA NA NA 
1743973200.0 134.0 NA 369 78 0 NA NA NA NA NA NA 523 155 0 NA NA NA NA NA NA 1264 61 34 NA NA NA NA NA NA 969 117 48 NA NA NA NA NA 
1743973200.0 134.701 NA 92 403 0 NA NA NA NA NA NA 181 549 0 NA NA NA NA NA NA 66 1681 140 NA NA NA NA NA NA 95 905 171 NA NA NA NA NA 
1743973200.0 134.702 NA 94 397 0 NA NA NA NA NA NA 182 554 0 NA NA NA NA NA NA 67 2194 131 NA NA NA NA NA NA 95 1059 152 NA NA NA NA NA 
1743973200.0 134.703 NA 97 411 0 NA NA NA NA NA NA 186 569 0 NA NA NA NA NA NA 67 2144 134 NA NA NA NA NA NA 85 1044 152 NA NA NA NA NA 
1743973200.0 134.704 NA 95 401 0 NA NA NA NA NA NA 180 563 0 NA NA NA NA NA NA 69 2084 131 NA NA NA NA NA NA 96 1026 148 NA NA NA NA NA 
1743973200.0 134.705 NA 97 412 0 NA NA NA NA NA NA 184 578 0 NA NA NA NA NA NA 79 2271 149 NA NA NA NA NA NA 123 1056 180 NA NA NA NA NA 
1743973200.0 134.706 NA 96 406 0 NA NA NA NA NA NA 184 583 0 NA NA NA NA NA NA 73 2374 149 NA NA NA NA NA NA 106 1117 167 NA NA NA NA NA 
1743973200.0 134.707 NA 96 399 0 NA NA NA NA NA NA 177 566 0 NA NA NA NA NA NA 68 2108 128 NA NA NA NA NA NA 111 1068 145 NA NA NA NA NA 
1743973200.0 134.708 NA 94 401 0 NA NA NA NA NA NA 181 569 0 NA NA NA NA NA NA 68 2018 131 NA NA NA NA NA NA 116 1003 147 NA NA NA NA NA 
1743973200.0 134.709 NA 96 573 0 NA NA NA NA NA NA 186 802 0 NA NA NA NA NA NA 66 2148 134 NA NA NA NA NA NA 79 1024 156 NA NA NA NA NA 
1743973200.0 134.71 NA 91 387 0 NA NA NA NA NA NA 180 559 0 NA NA NA NA NA NA 63 1547 137 NA NA NA NA NA NA 106 927 168 NA NA NA NA NA 
1743973200.0 134.801 NA 93 401 0 NA NA NA NA NA NA 179 582 0 NA NA NA NA NA NA 64 1613 130 NA NA NA NA NA NA 87 892 148 NA NA NA NA NA 
1743973200.0 134.802 NA 92 408 0 NA NA NA NA NA NA 177 593 0 NA NA NA NA NA NA 74 2569 129 NA NA NA NA NA NA 87 1170 145 NA NA NA NA NA 
1743973200.0 134.803 NA 95 406 0 NA NA NA NA NA NA 184 580 0 NA NA NA NA NA NA 74 2329 131 NA NA NA NA NA NA 92 1114 149 NA NA NA NA NA 
1743973200.0 134.804 NA 94 417 0 NA NA NA NA NA NA 184 596 0 NA NA NA NA NA NA 91 2888 178 NA NA NA NA NA NA 99 1338 205 NA NA NA NA NA 
1743973200.0 134.805 NA 97 415 0 NA NA NA NA NA NA 185 590 0 NA NA NA NA NA NA 101 2626 146 NA NA NA NA NA NA 116 1197 166 NA NA NA NA NA 
1743973200.0 134.806 NA 94 416 0 NA NA NA NA NA NA 178 591 0 NA NA NA NA NA NA 77 2748 130 NA NA NA NA NA NA 99 1219 147 NA NA NA NA NA 
1743973200.0 134.807 NA 203 445 0 NA NA NA NA NA NA 286 640 0 NA NA NA NA NA NA 263 3123 194 NA NA NA NA NA NA 227 1437 214 NA NA NA NA NA 
1743973200.0 134.808 NA 201 449 0 NA NA NA NA NA NA 306 630 0 NA NA NA NA NA NA 310 3258 172 NA NA NA NA NA NA 273 1433 188 NA NA NA NA NA 
1743973200.0 134.809 NA 95 402 0 NA NA NA NA NA NA 183 573 0 NA NA NA NA NA NA 86 2933 164 NA NA NA NA NA NA 125 1392 185 NA NA NA NA NA 
1743973200.0 134.81 NA 95 403 0 NA NA NA NA NA NA 182 577 0 NA NA NA NA NA NA 97 2378 133 NA NA NA NA NA NA 111 1066 157 NA NA NA NA NA 
1743973200.0 134.811 NA 95 412 0 NA NA NA NA NA NA 186 595 0 NA NA NA NA NA NA 77 2549 129 NA NA NA NA NA NA 111 1214 144 NA NA NA NA NA 
1743973200.0 134.812 NA 91 400 0 NA NA NA NA NA NA 178 565 0 NA NA NA NA NA NA 63 1578 131 NA NA NA NA NA NA 77 893 152 NA NA NA NA NA 
1743973200.0 134.813 NA 242 120 0 NA NA NA NA NA NA 391 205 0 NA NA NA NA NA NA 364 93 90 NA NA NA NA NA NA 289 139 105 NA NA NA NA NA 
1743973200.0 134.901 NA 94 370 0 NA NA NA NA NA NA 180 551 0 NA NA NA NA NA NA 66 1647 131 NA NA NA NA NA NA 97 912 150 NA NA NA NA NA 
1743973200.0 134.902 NA 95 400 0 NA NA NA NA NA NA 186 583 0 NA NA NA NA NA NA 70 2008 125 NA NA NA NA NA NA 106 989 139 NA NA NA NA NA 
1743973200.0 134.903 NA 95 398 0 NA NA NA NA NA NA 186 567 0 NA NA NA NA NA NA 71 1877 129 NA NA NA NA NA NA 103 961 144 NA NA NA NA NA 
1743973200.0 134.904 NA 94 407 0 NA NA NA NA NA NA 181 594 0 NA NA NA NA NA NA 89 2276 135 NA NA NA NA NA NA 101 1058 158 NA NA NA NA NA 
1743973200.0 134.905 NA 94 396 0 NA NA NA NA NA NA 184 550 0 NA NA NA NA NA NA 71 1836 128 NA NA NA NA NA NA 82 982 147 NA NA NA NA NA 
1743973200.0 134.906 NA 95 389 0 NA NA NA NA NA NA 184 564 0 NA NA NA NA NA NA 70 2172 135 NA NA NA NA NA NA 83 1045 162 NA NA NA NA NA 
1743973200.0 134.907 NA 192 436 0 NA NA NA NA NA NA 305 607 0 NA NA NA NA NA NA 258 2049 148 NA NA NA NA NA NA 255 1024 173 NA NA NA NA NA 
1743973200.0 134.908 NA 204 440 0 NA NA NA NA NA NA 310 611 0 NA NA NA NA NA NA 187 2047 140 NA NA NA NA NA NA 149 1020 161 NA NA NA NA NA 
1743973200.0 134.909 NA 96 392 0 NA NA NA NA NA NA 188 550 0 NA NA NA NA NA NA 68 1964 130 NA NA NA NA NA NA 80 1036 146 NA NA NA NA NA 
1743973200.0 134.91 NA 96 395 0 NA NA NA NA NA NA 189 574 0 NA NA NA NA NA NA 94 1812 133 NA NA NA NA NA NA 148 952 153 NA NA NA NA NA 
1743973200.0 134.911 NA 94 359 0 NA NA NA NA NA NA 181 575 0 NA NA NA NA NA NA 69 1915 132 NA NA NA NA NA NA 84 971 148 NA NA NA NA NA 
1743973200.0 134.912 NA 91 395 0 NA NA NA NA NA NA 178 564 0 NA NA NA NA NA NA 68 1485 135 NA NA NA NA NA NA 84 845 156 NA NA NA NA NA 
1743973200.0 134.99601 NA 94 405 0 NA NA NA NA NA NA 184 579 0 NA NA NA NA NA NA 103 3475 159 NA NA NA NA NA NA 137 1505 183 NA NA NA NA NA 
1743973200.0 134.99602 NA 93 398 0 NA NA NA NA NA NA 181 576 0 NA NA NA NA NA NA 74 1717 129 NA NA NA NA NA NA 116 906 145 NA NA NA NA NA 
1743973200.0 134.99603 NA 94 405 0 NA NA NA NA NA NA 184 582 0 NA NA NA NA NA NA 93 2287 137 NA NA NA NA NA NA 107 1039 165 NA NA NA NA NA 
1743973200.0 134.99901 NA 95 394 0 NA NA NA NA NA NA 186 563 0 NA NA NA NA NA NA 71 1797 132 NA NA NA NA NA NA 101 928 152 NA NA NA NA NA 
1743973200.0 1340.0 NA 221 383 0 NA NA NA NA NA NA 327 554 0 NA NA NA NA NA NA 162 644 149 NA NA NA NA NA NA 221 779 188 NA NA NA NA NA 
1743973200.0 1341.0 NA 233 416 0 NA NA NA NA NA NA 338 570 0 NA NA NA NA NA NA 192 871 153 NA NA NA NA NA NA 183 689 173 NA NA NA NA NA 
1743973200.0 1343.0 NA 224 406 0 NA NA NA NA NA NA 337 581 0 NA NA NA NA NA NA 195 886 182 NA NA NA NA NA NA 189 832 207 NA NA NA NA NA 
1743973200.0 13434.0 85 779 0 NA NA NA NA NA NA 158 1017 0 NA NA NA NA NA NA 68 2344 120 NA NA NA NA NA NA 87 1221 137 NA NA NA NA NA NA 
1743973200.0 1344.0 NA 226 406 0 NA NA NA NA NA NA 333 568 0 NA NA NA NA NA NA 171 691 149 NA NA NA NA NA NA 192 612 171 NA NA NA NA NA 
1743973200.0 1345.0 NA 225 406 0 NA NA NA NA NA NA 328 570 0 NA NA NA NA NA NA 231 820 192 NA NA NA NA NA NA 300 766 215 NA NA NA NA NA 
1743973200.0 1347.0 NA 224 384 0 NA NA NA NA NA NA 334 581 0 NA NA NA NA NA NA 167 667 150 NA NA NA NA NA NA 155 683 173 NA NA NA NA NA 
1743973200.0 1348.0 NA 222 400 0 NA NA NA NA NA NA 333 549 0 NA NA NA NA NA NA 161 640 151 NA NA NA NA NA NA 161 611 192 NA NA NA NA NA 
1743973200.0 1349.0 NA 223 401 0 NA NA NA NA NA NA 331 561 0 NA NA NA NA NA NA 171 647 148 NA NA NA NA NA NA 210 602 169 NA NA NA NA NA 
1743973200.0 135.1 421 0 195 153 NA NA NA NA NA 580 0 282 254 NA NA NA NA NA 393 95 258 173 NA NA NA NA NA 347 121 275 196 NA NA NA NA NA 
1743973200.0 135.11 430 0 190 155 NA NA NA NA NA 582 0 286 249 NA NA NA NA NA 480 99 300 178 NA NA NA NA NA 395 137 296 201 NA NA NA NA NA 
1743973200.0 135.12 411 0 185 116 NA NA NA NA NA 564 0 280 255 NA NA NA NA NA 389 93 250 179 NA NA NA NA NA 441 111 287 237 NA NA NA NA NA 
1743973200.0 135.13 426 0 NA NA NA NA NA NA NA 581 0 NA NA NA NA NA NA NA 381 123 NA NA NA NA NA NA NA 370 149 NA NA NA NA NA NA NA 
1743973200.0 135.14 421 0 195 155 NA NA NA NA NA 596 0 288 251 NA NA NA NA NA 412 96 263 172 NA NA NA NA NA 483 177 343 203 NA NA NA NA NA 
1743973200.0 135.2 350 0 186 150 NA NA NA NA NA 502 0 281 249 NA NA NA NA NA 332 88 242 161 NA NA NA NA NA 374 122 311 205 NA NA NA NA NA 
1743973200.0 135.3 345 0 187 152 NA NA NA NA NA 496 0 290 250 NA NA NA NA NA 335 88 251 168 NA NA NA NA NA 361 125 276 185 NA NA NA NA NA 
1743973200.0 135.4 380 0 188 155 NA NA NA NA NA 559 0 281 248 NA NA NA NA NA 379 93 251 166 NA NA NA NA NA 490 128 281 173 NA NA NA NA NA 
1743973200.0 135.5 376 0 194 153 NA NA NA NA NA 568 0 284 249 NA NA NA NA NA 368 90 245 166 NA NA NA NA NA 464 106 272 174 NA NA NA NA NA 
1743973200.0 135.6 414 0 203 156 NA NA NA NA NA 571 0 287 252 NA NA NA NA NA 389 95 259 172 NA NA NA NA NA 492 124 273 181 NA NA NA NA NA 
1743973200.0 135.7 410 0 186 153 NA NA NA NA NA 553 0 280 247 NA NA NA NA NA 369 92 253 172 NA NA NA NA NA 381 120 261 188 NA NA NA NA NA 
1743973200.0 135.8 184 NA NA NA NA NA NA NA NA 295 NA NA NA NA NA NA NA NA 308 NA NA NA NA NA NA NA NA 185 NA NA NA NA NA NA NA NA 
1743973200.0 135.9 413 0 187 151 NA NA NA NA NA 574 0 294 252 NA NA NA NA NA 348 94 244 164 NA NA NA NA NA 332 115 269 217 NA NA NA NA NA 
1743973200.0 1350.0 NA 224 399 0 NA NA NA NA NA NA 331 573 0 NA NA NA NA NA NA 175 667 153 NA NA NA NA NA NA 217 741 197 NA NA NA NA NA 
1743973200.0 1351.0 NA 225 399 0 NA NA NA NA NA NA 337 564 0 NA NA NA NA NA NA 174 653 149 NA NA NA NA NA NA 208 694 175 NA NA NA NA NA 
1743973200.0 1352.0 NA 221 388 0 NA NA NA NA NA NA 326 570 0 NA NA NA NA NA NA 160 681 150 NA NA NA NA NA NA 158 843 205 NA NA NA NA NA 
1743973200.0 1353.0 NA 224 397 0 NA NA NA NA NA NA 334 572 0 NA NA NA NA NA NA 167 708 148 NA NA NA NA NA NA 163 898 168 NA NA NA NA NA 
1743973200.0 1354.0 NA 224 409 0 NA NA NA NA NA NA 337 564 0 NA NA NA NA NA NA 173 690 149 NA NA NA NA NA NA 205 616 170 NA NA NA NA NA 
1743973200.0 1355.0 NA 227 406 0 NA NA NA NA NA NA 334 585 0 NA NA NA NA NA NA 180 715 151 NA NA NA NA NA NA 209 792 176 NA NA NA NA NA 
1743973200.0 1356.0 163 217 443 0 214 NA NA NA NA 275 321 607 0 310 NA NA NA NA 867 176 728 154 332 NA NA NA NA 453 194 694 175 327 NA NA NA NA 
1743973200.0 136.721 NA 161 429 0 NA NA NA NA NA NA 249 608 0 NA NA NA NA NA NA 209 2334 132 NA NA NA NA NA NA 224 1042 150 NA NA NA NA NA 
1743973200.0 136.722 NA 161 422 0 NA NA NA NA NA NA 250 598 0 NA NA NA NA NA NA 236 3251 125 NA NA NA NA NA NA 226 1537 182 NA NA NA NA NA 
1743973200.0 136.723 NA 161 429 0 NA NA NA NA NA NA 251 612 0 NA NA NA NA NA NA 270 2607 129 NA NA NA NA NA NA 260 1204 144 NA NA NA NA NA 
1743973200.0 136.724 NA 162 425 0 NA NA NA NA NA NA 249 601 0 NA NA NA NA NA NA 219 3579 101 NA NA NA NA NA NA 234 1600 128 NA NA NA NA NA 
1743973200.0 136.72411 NA 247 0 NA NA NA NA NA NA NA 345 0 NA NA NA NA NA NA NA 711 70 NA NA NA NA NA NA NA 700 93 NA NA NA NA NA NA 
1743973200.0 136.72412 NA 265 0 NA NA NA NA NA NA NA 377 0 NA NA NA NA NA NA NA 810 68 NA NA NA NA NA NA NA 718 84 NA NA NA NA NA NA 
1743973200.0 136.725 NA 161 417 0 NA NA NA NA NA NA 252 607 0 NA NA NA NA NA NA 217 3133 106 NA NA NA NA NA NA 192 1516 123 NA NA NA NA NA 
1743973200.0 136.726 NA 160 379 0 NA NA NA NA NA NA 250 557 0 NA NA NA NA NA NA 233 3205 123 NA NA NA NA NA NA 194 1449 146 NA NA NA NA NA 
1743973200.0 136.727 NA 263 469 0 NA NA NA NA NA NA 375 641 0 NA NA NA NA NA NA 387 2775 146 NA NA NA NA NA NA 305 1202 168 NA NA NA NA NA 
1743973200.0 136.728 NA 258 452 0 NA NA NA NA NA NA 385 683 0 NA NA NA NA NA NA 471 3763 201 NA NA NA NA NA NA 388 1707 257 NA NA NA NA NA 
1743973200.0 136.729 NA 161 437 0 NA NA NA NA NA NA 250 623 0 NA NA NA NA NA NA 201 3289 159 NA NA NA NA NA NA 193 1486 182 NA NA NA NA NA 
1743973200.0 136.73 NA 161 439 0 NA NA NA NA NA NA 252 631 0 NA NA NA NA NA NA 254 3232 134 NA NA NA NA NA NA 256 1602 177 NA NA NA NA NA 
1743973200.0 136.731 NA 161 434 0 NA NA NA NA NA NA 250 615 0 NA NA NA NA NA NA 222 3144 107 NA NA NA NA NA NA 189 1463 133 NA NA NA NA NA 
1743973200.0 136.732 NA 160 467 0 NA NA NA NA NA NA 253 635 0 NA NA NA NA NA NA 164 2146 134 NA NA NA NA NA NA 175 1111 154 NA NA NA NA NA 
1743973200.0 136.733 NA 252 128 0 NA NA NA NA NA NA 414 208 0 NA NA NA NA NA NA 382 116 91 NA NA NA NA NA NA 286 161 111 NA NA NA NA NA 
1743973200.0 136.734 NA 160 379 0 NA NA NA NA NA NA 246 560 0 NA NA NA NA NA NA 255 3232 130 NA NA NA NA NA NA 229 1507 151 NA NA NA NA NA 
1743973200.0 136.735 NA 166 372 0 NA NA NA NA NA NA 258 539 0 NA NA NA NA NA NA 179 1011 112 NA NA NA NA NA NA 167 867 128 NA NA NA NA NA 
1743973200.0 136.736 NA 160 446 0 NA NA NA NA NA NA 257 646 0 NA NA NA NA NA NA 193 3860 131 NA NA NA NA NA NA 216 1457 149 NA NA NA NA NA 
1743973200.0 136.737 NA 160 424 0 NA NA NA NA NA NA 250 632 0 NA NA NA NA NA NA 240 5255 118 NA NA NA NA NA NA 241 1928 139 NA NA NA NA NA 
1743973200.0 136.738 NA 160 442 0 NA NA NA NA NA NA 245 661 0 NA NA NA NA NA NA 247 5081 170 NA NA NA NA NA NA 185 1844 200 NA NA NA NA NA 
1743973200.0 136.739 NA 160 428 0 NA NA NA NA NA NA 248 668 0 NA NA NA NA NA NA 276 5937 101 NA NA NA NA NA NA 250 2308 118 NA NA NA NA NA 
1743973200.0 136.74 NA 159 437 0 NA NA NA NA NA NA 258 647 0 NA NA NA NA NA NA 233 5086 123 NA NA NA NA NA NA 220 1963 145 NA NA NA NA NA 
1743973200.0 136.741 NA 160 381 0 NA NA NA NA NA NA 258 561 0 NA NA NA NA NA NA 211 4318 88 NA NA NA NA NA NA 205 1723 103 NA NA NA NA NA 
1743973200.0 136.742 NA 162 443 0 NA NA NA NA NA NA 258 673 0 NA NA NA NA NA NA 230 4845 113 NA NA NA NA NA NA 197 1824 132 NA NA NA NA NA 
1743973200.0 136.743 NA 160 476 0 NA NA NA NA NA NA 255 684 0 NA NA NA NA NA NA 294 5016 137 NA NA NA NA NA NA 321 2016 159 NA NA NA NA NA 
1743973200.0 136.744 NA 158 437 0 NA NA NA NA NA NA 253 647 0 NA NA NA NA NA NA 240 4884 116 NA NA NA NA NA NA 221 1908 143 NA NA NA NA NA 
1743973200.0 136.745 NA 160 470 0 NA NA NA NA NA NA 256 630 0 NA NA NA NA NA NA 226 3949 174 NA NA NA NA NA NA 259 1635 227 NA NA NA NA NA 
1743973200.0 136.746 NA 160 390 0 NA NA NA NA NA NA 253 572 0 NA NA NA NA NA NA 260 4286 111 NA NA NA NA NA NA 203 1784 132 NA NA NA NA NA 
1743973200.0 136.747 NA 161 454 0 NA NA NA NA NA NA 251 652 0 NA NA NA NA NA NA 192 3956 136 NA NA NA NA NA NA 177 1503 159 NA NA NA NA NA 
1743973200.0 136.748 NA 161 387 0 NA NA NA NA NA NA 252 573 0 NA NA NA NA NA NA 184 3972 97 NA NA NA NA NA NA 151 1718 114 NA NA NA NA NA 
1743973200.0 136.749 NA 162 453 0 NA NA NA NA NA NA 258 662 0 NA NA NA NA NA NA 330 5310 178 NA NA NA NA NA NA 239 1893 205 NA NA NA NA NA 
1743973200.0 136.75 NA 163 447 0 NA NA NA NA NA NA 254 643 0 NA NA NA NA NA NA 277 5977 103 NA NA NA NA NA NA 216 2369 126 NA NA NA NA NA 
1743973200.0 136.751 NA 158 408 0 NA NA NA NA NA NA 255 702 0 NA NA NA NA NA NA 283 6343 99 NA NA NA NA NA NA 237 2438 116 NA NA NA NA NA 
1743973200.0 136.752 NA 161 384 0 NA NA NA NA NA NA 260 591 0 NA NA NA NA NA NA 259 4826 93 NA NA NA NA NA NA 201 2090 111 NA NA NA NA NA 
1743973200.0 136.753 NA 159 449 0 NA NA NA NA NA NA 253 641 0 NA NA NA NA NA NA 248 5155 128 NA NA NA NA NA NA 251 2018 149 NA NA NA NA NA 
1743973200.0 136.754 NA 166 493 0 NA NA NA NA NA NA 265 680 0 NA NA NA NA NA NA 264 4366 117 NA NA NA NA NA NA 291 1707 134 NA NA NA NA NA 
1743973200.0 136.755 NA 162 428 0 NA NA NA NA NA NA 256 637 0 NA NA NA NA NA NA 249 5292 107 NA NA NA NA NA NA 252 2121 125 NA NA NA NA NA 
1743973200.0 136.756 NA 160 479 0 NA NA NA NA NA NA 248 659 0 NA NA NA NA NA NA 242 3450 176 NA NA NA NA NA NA 228 1415 208 NA NA NA NA NA 
1743973200.0 136.757 NA 161 396 0 NA NA NA NA NA NA 257 569 0 NA NA NA NA NA NA 301 3841 109 NA NA NA NA NA NA 221 1491 179 NA NA NA NA NA 
1743973200.0 136.758 NA 162 454 0 NA NA NA NA NA NA 259 683 0 NA NA NA NA NA NA 279 5702 141 NA NA NA NA NA NA 261 2142 159 NA NA NA NA NA 
1743973200.0 136.759 NA 159 440 0 NA NA NA NA NA NA 252 665 0 NA NA NA NA NA NA 246 6594 106 NA NA NA NA NA NA 283 2503 127 NA NA NA NA NA 
1743973200.0 136.76 NA 161 470 0 NA NA NA NA NA NA 254 680 0 NA NA NA NA NA NA 292 7443 141 NA NA NA NA NA NA 360 2602 158 NA NA NA NA NA 
1743973200.0 136.761 NA 161 451 0 NA NA NA NA NA NA 251 676 0 NA NA NA NA NA NA 211 6567 97 NA NA NA NA NA NA 205 2192 123 NA NA NA NA NA 
1743973200.0 136.7611 NA 254 0 NA NA NA NA NA NA NA 353 0 NA NA NA NA NA NA NA 869 66 NA NA NA NA NA NA NA 675 86 NA NA NA NA NA NA 
1743973200.0 136.76111 NA 245 0 NA NA NA NA NA NA NA 358 0 NA NA NA NA NA NA NA 806 69 NA NA NA NA NA NA NA 747 86 NA NA NA NA NA NA 
1743973200.0 136.762 NA 161 425 0 NA NA NA NA NA NA 248 625 0 NA NA NA NA NA NA 213 7436 97 NA NA NA NA NA NA 231 2658 120 NA NA NA NA NA 
1743973200.0 136.763 NA 160 403 0 NA NA NA NA NA NA 250 613 0 NA NA NA NA NA NA 211 5809 93 NA NA NA NA NA NA 169 2043 135 NA NA NA NA NA 
1743973200.0 136.764 NA 158 459 0 NA NA NA NA NA NA 253 671 0 NA NA NA NA NA NA 203 5727 114 NA NA NA NA NA NA 226 1984 157 NA NA NA NA NA 
1743973200.0 136.765 NA 158 486 0 NA NA NA NA NA NA 251 685 0 NA NA NA NA NA NA 273 5789 117 NA NA NA NA NA NA 285 2143 135 NA NA NA NA NA 
1743973200.0 136.766 NA 160 431 0 NA NA NA NA NA NA 249 651 0 NA NA NA NA NA NA 207 5740 97 NA NA NA NA NA NA 259 2139 113 NA NA NA NA NA 
1743973200.0 136.767 NA 156 481 0 NA NA NA NA NA NA 254 688 0 NA NA NA NA NA NA 249 4940 182 NA NA NA NA NA NA 264 2035 213 NA NA NA NA NA 
1743973200.0 136.768 NA 160 399 0 NA NA NA NA NA NA 248 603 0 NA NA NA NA NA NA 285 6145 115 NA NA NA NA NA NA 229 2386 136 NA NA NA NA NA 
1743973200.0 136.769 NA 161 446 0 NA NA NA NA NA NA 252 654 0 NA NA NA NA NA NA 226 4886 186 NA NA NA NA NA NA 200 2059 218 NA NA NA NA NA 
1743973200.0 136.77 NA 160 438 0 NA NA NA NA NA NA 249 619 0 NA NA NA NA NA NA 248 4915 123 NA NA NA NA NA NA 258 1947 149 NA NA NA NA NA 
1743973200.0 136.771 NA 160 446 0 NA NA NA NA NA NA 246 628 0 NA NA NA NA NA NA 281 4718 174 NA NA NA NA NA NA 276 2011 202 NA NA NA NA NA 
1743973200.0 136.772 NA 162 433 0 NA NA NA NA NA NA 255 615 0 NA NA NA NA NA NA 237 5143 103 NA NA NA NA NA NA 238 1910 125 NA NA NA NA NA 
1743973200.0 136.7721 NA 250 0 NA NA NA NA NA NA NA 356 0 NA NA NA NA NA NA NA 790 70 NA NA NA NA NA NA NA 704 90 NA NA NA NA NA NA 
1743973200.0 136.77211 NA 251 0 NA NA NA NA NA NA NA 371 0 NA NA NA NA NA NA NA 776 75 NA NA NA NA NA NA NA 627 94 NA NA NA NA NA NA 
1743973200.0 136.773 NA 161 442 0 NA NA NA NA NA NA 254 626 0 NA NA NA NA NA NA 255 4820 127 NA NA NA NA NA NA 200 1897 178 NA NA NA NA NA 
1743973200.0 136.774 NA 161 397 0 NA NA NA NA NA NA 250 560 0 NA NA NA NA NA NA 198 4054 85 NA NA NA NA NA NA 237 1563 99 NA NA NA NA NA 
1743973200.0 136.775 NA 161 449 0 NA NA NA NA NA NA 252 662 0 NA NA NA NA NA NA 184 3813 112 NA NA NA NA NA NA 186 1457 144 NA NA NA NA NA 
1743973200.0 136.776 NA 161 467 0 NA NA NA NA NA NA 254 696 0 NA NA NA NA NA NA 250 4612 136 NA NA NA NA NA NA 260 1898 157 NA NA NA NA NA 
1743973200.0 136.777 NA 159 437 0 NA NA NA NA NA NA 247 639 0 NA NA NA NA NA NA 185 4260 100 NA NA NA NA NA NA 205 1798 131 NA NA NA NA NA 
1743973200.0 136.778 NA 163 451 0 NA NA NA NA NA NA 254 660 0 NA NA NA NA NA NA 220 3166 177 NA NA NA NA NA NA 242 1358 236 NA NA NA NA NA 
1743973200.0 136.779 NA 162 392 0 NA NA NA NA NA NA 248 573 0 NA NA NA NA NA NA 254 3773 105 NA NA NA NA NA NA 209 1481 127 NA NA NA NA NA 
1743973200.0 136.78 NA 182 523 0 NA NA NA NA NA NA 269 778 0 NA NA NA NA NA NA 246 5607 209 NA NA NA NA NA NA 228 2071 235 NA NA NA NA NA 
1743973200.0 136.7801 NA 187 0 NA NA NA NA NA NA NA 274 0 NA NA NA NA NA NA NA 222 74 NA NA NA NA NA NA NA 261 93 NA NA NA NA NA NA 
1743973200.0 136.7802 NA 121 0 NA NA NA NA NA NA NA 202 0 NA NA NA NA NA NA NA 126 71 NA NA NA NA NA NA NA 270 86 NA NA NA NA NA NA 
1743973200.0 136.7803 NA 166 0 NA NA NA NA NA NA NA 286 0 NA NA NA NA NA NA NA 282 68 NA NA NA NA NA NA NA 619 107 NA NA NA NA NA NA 
1743973200.0 136.781 NA 180 468 0 NA NA NA NA NA NA 263 722 0 NA NA NA NA NA NA 215 6140 124 NA NA NA NA NA NA 273 2267 143 NA NA NA NA NA 
1743973200.0 136.782 NA 178 533 0 NA NA NA NA NA NA 269 776 0 NA NA NA NA NA NA 317 6639 191 NA NA NA NA NA NA 348 2430 209 NA NA NA NA NA 
1743973200.0 136.783 NA 182 474 0 NA NA NA NA NA NA 270 709 0 NA NA NA NA NA NA 188 5850 119 NA NA NA NA NA NA 185 2049 152 NA NA NA NA NA 
1743973200.0 136.784 NA 179 431 0 NA NA NA NA NA NA 275 649 0 NA NA NA NA NA NA 227 5668 134 NA NA NA NA NA NA 202 2328 153 NA NA NA NA NA 
1743973200.0 136.785 NA 181 422 0 NA NA NA NA NA NA 272 671 0 NA NA NA NA NA NA 253 5577 113 NA NA NA NA NA NA 237 2113 133 NA NA NA NA NA 
1743973200.0 136.786 NA 181 530 0 NA NA NA NA NA NA 272 752 0 NA NA NA NA NA NA 178 5368 131 NA NA NA NA NA NA 209 2088 157 NA NA NA NA NA 
1743973200.0 136.787 NA 180 601 0 NA NA NA NA NA NA 265 821 0 NA NA NA NA NA NA 240 6063 174 NA NA NA NA NA NA 289 2319 200 NA NA NA NA NA 
1743973200.0 136.788 NA 181 470 0 NA NA NA NA NA NA 273 714 0 NA NA NA NA NA NA 184 5813 117 NA NA NA NA NA NA 205 2192 134 NA NA NA NA NA 
1743973200.0 136.789 NA 181 574 0 NA NA NA NA NA NA 272 810 0 NA NA NA NA NA NA 224 5148 201 NA NA NA NA NA NA 256 2023 225 NA NA NA NA NA 
1743973200.0 136.79 NA 185 437 0 NA NA NA NA NA NA 278 641 0 NA NA NA NA NA NA 270 3739 139 NA NA NA NA NA NA 210 1618 166 NA NA NA NA NA 
1743973200.0 136.791 NA 182 450 0 NA NA NA NA NA NA 281 661 0 NA NA NA NA NA NA 235 1170 156 NA NA NA NA NA NA 217 951 200 NA NA NA NA NA 
1743973200.0 136.792 NA 183 534 0 NA NA NA NA NA NA 273 764 0 NA NA NA NA NA NA 227 5097 192 NA NA NA NA NA NA 224 1942 215 NA NA NA NA NA 
1743973200.0 136.793 NA 180 477 0 NA NA NA NA NA NA 269 688 0 NA NA NA NA NA NA 200 4862 149 NA NA NA NA NA NA 220 1986 175 NA NA NA NA NA 
1743973200.0 136.794 NA 181 535 0 NA NA NA NA NA NA 277 737 0 NA NA NA NA NA NA 256 4941 186 NA NA NA NA NA NA 230 1892 206 NA NA NA NA NA 
1743973200.0 136.795 NA 181 484 0 NA NA NA NA NA NA 270 689 0 NA NA NA NA NA NA 224 4639 148 NA NA NA NA NA NA 274 1924 203 NA NA NA NA NA 
1743973200.0 136.796 NA 180 437 0 NA NA NA NA NA NA 265 640 0 NA NA NA NA NA NA 226 4932 122 NA NA NA NA NA NA 199 1997 142 NA NA NA NA NA 
1743973200.0 136.797 NA 182 432 0 NA NA NA NA NA NA 268 635 0 NA NA NA NA NA NA 266 4778 142 NA NA NA NA NA NA 266 1889 170 NA NA NA NA NA 
1743973200.0 136.798 NA 182 528 0 NA NA NA NA NA NA 269 736 0 NA NA NA NA NA NA 202 5254 137 NA NA NA NA NA NA 212 1962 156 NA NA NA NA NA 
1743973200.0 136.799 NA 155 591 0 NA NA NA NA NA NA 273 850 0 NA NA NA NA NA NA 272 5136 137 NA NA NA NA NA NA 270 2122 154 NA NA NA NA NA 
1743973200.0 136.8 NA 182 482 0 NA NA NA NA NA NA 272 718 0 NA NA NA NA NA NA 228 4997 123 NA NA NA NA NA NA 235 2007 141 NA NA NA NA NA 
1743973200.0 136.801 NA 181 571 0 NA NA NA NA NA NA 275 786 0 NA NA NA NA NA NA 212 3398 185 NA NA NA NA NA NA 216 1474 232 NA NA NA NA NA 
1743973200.0 136.802 NA 181 430 0 NA NA NA NA NA NA 274 626 0 NA NA NA NA NA NA 256 4620 177 NA NA NA NA NA NA 196 1920 205 NA NA NA NA NA 
1743973200.0 136.803 NA 185 453 0 NA NA NA NA NA NA 280 651 0 NA NA NA NA NA NA 185 1201 163 NA NA NA NA NA NA 177 969 188 NA NA NA NA NA 
1743973200.0 136.804 NA 183 491 0 NA NA NA NA NA NA 272 746 0 NA NA NA NA NA NA 225 4688 198 NA NA NA NA NA NA 247 1802 222 NA NA NA NA NA 
1743973200.0 136.805 NA 181 464 0 NA NA NA NA NA NA 270 711 0 NA NA NA NA NA NA 245 5014 169 NA NA NA NA NA NA 224 1953 197 NA NA NA NA NA 
1743973200.0 136.806 NA 182 522 0 NA NA NA NA NA NA 272 742 0 NA NA NA NA NA NA 217 4985 191 NA NA NA NA NA NA 223 1895 218 NA NA NA NA NA 
1743973200.0 136.807 NA 183 471 0 NA NA NA NA NA NA 276 710 0 NA NA NA NA NA NA 235 5188 122 NA NA NA NA NA NA 227 1992 140 NA NA NA NA NA 
1743973200.0 136.808 NA 182 475 0 NA NA NA NA NA NA 274 697 0 NA NA NA NA NA NA 209 4922 122 NA NA NA NA NA NA 187 1965 143 NA NA NA NA NA 
1743973200.0 136.809 NA 182 423 0 NA NA NA NA NA NA 268 622 0 NA NA NA NA NA NA 258 4806 111 NA NA NA NA NA NA 237 1884 131 NA NA NA NA NA 
1743973200.0 136.81 NA 182 518 0 NA NA NA NA NA NA 272 729 0 NA NA NA NA NA NA 212 4909 153 NA NA NA NA NA NA 235 2052 170 NA NA NA NA NA 
1743973200.0 136.811 NA 183 593 0 NA NA NA NA NA NA 274 810 0 NA NA NA NA NA NA 217 4640 164 NA NA NA NA NA NA 196 1947 188 NA NA NA NA NA 
1743973200.0 136.812 NA 179 475 0 NA NA NA NA NA NA 280 705 0 NA NA NA NA NA NA 228 5338 125 NA NA NA NA NA NA 276 2022 150 NA NA NA NA NA 
1743973200.0 136.813 NA 183 567 0 NA NA NA NA NA NA 278 804 0 NA NA NA NA NA NA 214 3424 228 NA NA NA NA NA NA 204 1505 255 NA NA NA NA NA 
1743973200.0 136.814 NA 182 434 0 NA NA NA NA NA NA 279 644 0 NA NA NA NA NA NA 205 3963 122 NA NA NA NA NA NA 237 1648 149 NA NA NA NA NA 
1743973200.0 136.815 NA 186 450 0 NA NA NA NA NA NA 279 636 0 NA NA NA NA NA NA 176 1526 136 NA NA NA NA NA NA 172 1259 155 NA NA NA NA NA 
1743973200.0 136.816 NA 183 540 0 NA NA NA NA NA NA 269 769 0 NA NA NA NA NA NA 187 5927 148 NA NA NA NA NA NA 191 2126 167 NA NA NA NA NA 
1743973200.0 136.817 NA 181 450 0 NA NA NA NA NA NA 270 765 0 NA NA NA NA NA NA 241 6629 120 NA NA NA NA NA NA 336 2660 137 NA NA NA NA NA 
1743973200.0 136.818 NA 183 539 0 NA NA NA NA NA NA 280 784 0 NA NA NA NA NA NA 212 5566 152 NA NA NA NA NA NA 202 2030 172 NA NA NA NA NA 
1743973200.0 136.819 NA 182 435 0 NA NA NA NA NA NA 273 762 0 NA NA NA NA NA NA 191 6233 117 NA NA NA NA NA NA 208 2342 156 NA NA NA NA NA 
1743973200.0 136.82 NA 181 448 0 NA NA NA NA NA NA 273 680 0 NA NA NA NA NA NA 189 5834 116 NA NA NA NA NA NA 239 2076 138 NA NA NA NA NA 
1743973200.0 136.821 NA 182 435 0 NA NA NA NA NA NA 279 632 0 NA NA NA NA NA NA 203 5207 105 NA NA NA NA NA NA 252 1879 123 NA NA NA NA NA 
1743973200.0 136.822 NA 182 532 0 NA NA NA NA NA NA 279 752 0 NA NA NA NA NA NA 182 5424 129 NA NA NA NA NA NA 219 1959 148 NA NA NA NA NA 
1743973200.0 136.823 NA 182 604 0 NA NA NA NA NA NA 280 819 0 NA NA NA NA NA NA 194 5104 131 NA NA NA NA NA NA 202 1876 151 NA NA NA NA NA 
1743973200.0 136.824 NA 181 439 0 NA NA NA NA NA NA 270 753 0 NA NA NA NA NA NA 187 6613 118 NA NA NA NA NA NA 190 2454 136 NA NA NA NA NA 
1743973200.0 136.825 NA 182 590 0 NA NA NA NA NA NA 280 809 0 NA NA NA NA NA NA 210 4420 182 NA NA NA NA NA NA 218 1782 229 NA NA NA NA NA 
1743973200.0 136.826 NA 181 444 0 NA NA NA NA NA NA 275 644 0 NA NA NA NA NA NA 218 5317 123 NA NA NA NA NA NA 237 1916 143 NA NA NA NA NA 
1743973200.0 136.827 NA 184 450 0 NA NA NA NA NA NA 278 661 0 NA NA NA NA NA NA 202 1524 164 NA NA NA NA NA NA 234 1366 184 NA NA NA NA NA 
1743973200.0 136.828 NA 182 547 0 NA NA NA NA NA NA 274 786 0 NA NA NA NA NA NA 196 6569 154 NA NA NA NA NA NA 253 2345 181 NA NA NA NA NA 
1743973200.0 136.829 NA 180 486 0 NA NA NA NA NA NA 267 744 0 NA NA NA NA NA NA 189 6410 118 NA NA NA NA NA NA 222 2444 135 NA NA NA NA NA 
1743973200.0 136.83 NA 182 537 0 NA NA NA NA NA NA 274 786 0 NA NA NA NA NA NA 283 7719 192 NA NA NA NA NA NA 265 2663 215 NA NA NA NA NA 
1743973200.0 136.831 NA 181 491 0 NA NA NA NA NA NA 275 741 0 NA NA NA NA NA NA 193 6788 116 NA NA NA NA NA NA 214 2537 133 NA NA NA NA NA 
1743973200.0 136.8311 NA 250 0 NA NA NA NA NA NA NA 359 0 NA NA NA NA NA NA NA 829 70 NA NA NA NA NA NA NA 598 88 NA NA NA NA NA NA 
1743973200.0 136.83111 NA 260 0 NA NA NA NA NA NA NA 362 0 NA NA NA NA NA NA NA 861 69 NA NA NA NA NA NA NA 694 85 NA NA NA NA NA NA 
1743973200.0 136.832 NA 182 504 0 NA NA NA NA NA NA 270 747 0 NA NA NA NA NA NA 195 7527 115 NA NA NA NA NA NA 209 2738 136 NA NA NA NA NA 
1743973200.0 136.833 NA 182 445 0 NA NA NA NA NA NA 271 685 0 NA NA NA NA NA NA 207 6566 104 NA NA NA NA NA NA 197 2229 118 NA NA NA NA NA 
1743973200.0 136.834 NA 181 545 0 NA NA NA NA NA NA 276 783 0 NA NA NA NA NA NA 190 6249 130 NA NA NA NA NA NA 221 2101 148 NA NA NA NA NA 
1743973200.0 136.835 NA 183 578 0 NA NA NA NA NA NA 268 892 0 NA NA NA NA NA NA 206 6020 138 NA NA NA NA NA NA 196 2280 191 NA NA NA NA NA 
1743973200.0 136.836 NA 183 496 0 NA NA NA NA NA NA 277 759 0 NA NA NA NA NA NA 194 6716 118 NA NA NA NA NA NA 204 2343 139 NA NA NA NA NA 
1743973200.0 136.837 NA 183 590 0 NA NA NA NA NA NA 282 840 0 NA NA NA NA NA NA 227 5985 193 NA NA NA NA NA NA 253 2332 225 NA NA NA NA NA 
1743973200.0 136.838 NA 183 452 0 NA NA NA NA NA NA 272 684 0 NA NA NA NA NA NA 223 5967 123 NA NA NA NA NA NA 197 2173 153 NA NA NA NA NA 
1743973200.0 136.839 NA 190 451 0 NA NA NA NA NA NA 275 661 0 NA NA NA NA NA NA 169 1215 129 NA NA NA NA NA NA 201 1092 148 NA NA NA NA NA 
1743973200.0 136.8391 NA 222 558 0 NA NA NA NA NA NA 344 764 0 NA NA NA NA NA NA 439 5722 147 NA NA NA NA NA NA 535 2075 175 NA NA NA NA NA 
1743973200.0 136.84 NA 185 437 0 NA NA NA NA NA NA 275 649 0 NA NA NA NA NA NA 235 5522 113 NA NA NA NA NA NA 227 2170 132 NA NA NA NA NA 
1743973200.0 136.841 NA 182 422 0 NA NA NA NA NA NA 272 631 0 NA NA NA NA NA NA 232 6107 115 NA NA NA NA NA NA 254 2325 134 NA NA NA NA NA 
1743973200.0 136.842 NA 181 437 0 NA NA NA NA NA NA 281 671 0 NA NA NA NA NA NA 248 8039 133 NA NA NA NA NA NA 347 2888 152 NA NA NA NA NA 
1743973200.0 136.843 NA 140 441 0 NA NA NA NA NA NA 282 692 0 NA NA NA NA NA NA 195 7731 109 NA NA NA NA NA NA 248 2638 128 NA NA NA NA NA 
1743973200.0 136.844 NA 180 431 0 NA NA NA NA NA NA 276 656 0 NA NA NA NA NA NA 293 5305 112 NA NA NA NA NA NA 266 2215 128 NA NA NA NA NA 
1743973200.0 136.845 NA 182 425 0 NA NA NA NA NA NA 276 634 0 NA NA NA NA NA NA 244 3785 112 NA NA NA NA NA NA 215 1513 173 NA NA NA NA NA 
1743973200.0 136.846 NA 184 422 0 NA NA NA NA NA NA 276 623 0 NA NA NA NA NA NA 271 3617 111 NA NA NA NA NA NA 245 1477 177 NA NA NA NA NA 
1743973200.0 136.847 NA 157 433 0 NA NA NA NA NA NA 273 653 0 NA NA NA NA NA NA 227 5383 110 NA NA NA NA NA NA 234 1964 142 NA NA NA NA NA 
1743973200.0 136.848 NA 182 446 0 NA NA NA NA NA NA 282 694 0 NA NA NA NA NA NA 220 6485 109 NA NA NA NA NA NA 256 2229 131 NA NA NA NA NA 
1743973200.0 136.849 NA 183 519 0 NA NA NA NA NA NA 273 735 0 NA NA NA NA NA NA 213 4780 189 NA NA NA NA NA NA 215 1800 247 NA NA NA NA NA 
1743973200.0 136.85 NA 181 499 0 NA NA NA NA NA NA 270 762 0 NA NA NA NA NA NA 211 4741 124 NA NA NA NA NA NA 238 1861 147 NA NA NA NA NA 
1743973200.0 136.8501 NA 181 424 0 NA NA NA NA NA NA 268 657 0 NA NA NA NA NA NA 212 5516 116 NA NA NA NA NA NA 246 2296 133 NA NA NA NA NA 
1743973200.0 136.851 NA 182 522 0 NA NA NA NA NA NA 280 755 0 NA NA NA NA NA NA 233 4974 199 NA NA NA NA NA NA 214 1909 223 NA NA NA NA NA 
1743973200.0 136.852 NA 183 484 0 NA NA NA NA NA NA 270 714 0 NA NA NA NA NA NA 214 5553 120 NA NA NA NA NA NA 226 2143 136 NA NA NA NA NA 
1743973200.0 136.853 NA 180 481 0 NA NA NA NA NA NA 279 708 0 NA NA NA NA NA NA 210 4711 120 NA NA NA NA NA NA 239 1889 138 NA NA NA NA NA 
1743973200.0 136.854 NA 182 429 0 NA NA NA NA NA NA 278 671 0 NA NA NA NA NA NA 257 5249 140 NA NA NA NA NA NA 258 2073 171 NA NA NA NA NA 
1743973200.0 136.855 NA 183 589 0 NA NA NA NA NA NA 273 837 0 NA NA NA NA NA NA 221 4797 142 NA NA NA NA NA NA 206 1895 166 NA NA NA NA NA 
1743973200.0 136.856 NA 181 600 0 NA NA NA NA NA NA 271 835 0 NA NA NA NA NA NA 178 3395 185 NA NA NA NA NA NA 231 1674 210 NA NA NA NA NA 
1743973200.0 136.8561 NA 173 438 0 NA NA NA NA NA NA 274 626 0 NA NA NA NA NA NA 119 950 140 NA NA NA NA NA NA 153 923 156 NA NA NA NA NA 
1743973200.0 136.8562 NA 170 411 0 NA NA NA NA NA NA 265 630 0 NA NA NA NA NA NA 109 868 136 NA NA NA NA NA NA 171 879 153 NA NA NA NA NA 
1743973200.0 136.857 NA 181 432 0 NA NA NA NA NA NA 279 657 0 NA NA NA NA NA NA 270 4638 146 NA NA NA NA NA NA 260 1969 193 NA NA NA NA NA 
1743973200.0 136.858 NA 183 441 0 NA NA NA NA NA NA 282 652 0 NA NA NA NA NA NA 232 1236 167 NA NA NA NA NA NA 232 1080 188 NA NA NA NA NA 
1743973200.0 136.859 NA 182 446 0 NA NA NA NA NA NA 271 665 0 NA NA NA NA NA NA 171 5209 110 NA NA NA NA NA NA 205 1949 143 NA NA NA NA NA 
1743973200.0 136.86 NA 183 436 0 NA NA NA NA NA NA 273 626 0 NA NA NA NA NA NA 269 5113 114 NA NA NA NA NA NA 235 2025 137 NA NA NA NA NA 
1743973200.0 136.861 NA 183 522 0 NA NA NA NA NA NA 283 771 0 NA NA NA NA NA NA 218 6781 218 NA NA NA NA NA NA 237 2431 238 NA NA NA NA NA 
1743973200.0 136.862 NA 182 494 0 NA NA NA NA NA NA 264 781 0 NA NA NA NA NA NA 168 5836 120 NA NA NA NA NA NA 234 2237 154 NA NA NA NA NA 
1743973200.0 136.863 NA 180 509 0 NA NA NA NA NA NA 282 790 0 NA NA NA NA NA NA 205 5887 153 NA NA NA NA NA NA 203 2206 172 NA NA NA NA NA 
1743973200.0 136.864 NA 182 493 0 NA NA NA NA NA NA 269 783 0 NA NA NA NA NA NA 184 6646 120 NA NA NA NA NA NA 210 2425 156 NA NA NA NA NA 
1743973200.0 136.8642 NA 180 493 0 NA NA NA NA NA NA 270 779 0 NA NA NA NA NA NA 183 6727 115 NA NA NA NA NA NA 228 2519 132 NA NA NA NA NA 
1743973200.0 136.865 NA 183 511 0 NA NA NA NA NA NA 278 733 0 NA NA NA NA NA NA 179 6349 117 NA NA NA NA NA NA 197 2377 135 NA NA NA NA NA 
1743973200.0 136.866 NA 181 418 0 NA NA NA NA NA NA 276 663 0 NA NA NA NA NA NA 193 5627 108 NA NA NA NA NA NA 217 2016 131 NA NA NA NA NA 
1743973200.0 136.867 NA 181 601 0 NA NA NA NA NA NA 268 884 0 NA NA NA NA NA NA 183 5850 141 NA NA NA NA NA NA 242 2260 183 NA NA NA NA NA 
1743973200.0 136.868 NA 181 602 0 NA NA NA NA NA NA 268 883 0 NA NA NA NA NA NA 162 4678 157 NA NA NA NA NA NA 216 1866 185 NA NA NA NA NA 
1743973200.0 136.869 NA 180 457 0 NA NA NA NA NA NA 274 684 0 NA NA NA NA NA NA 207 5935 122 NA NA NA NA NA NA 183 2124 138 NA NA NA NA NA 
1743973200.0 136.87 NA 187 454 0 NA NA NA NA NA NA 277 651 0 NA NA NA NA NA NA 251 1289 164 NA NA NA NA NA NA 262 1034 216 NA NA NA NA NA 
1743973200.0 136.871 NA 180 464 0 NA NA NA NA NA NA 270 706 0 NA NA NA NA NA NA 181 7216 108 NA NA NA NA NA NA 255 2376 125 NA NA NA NA NA 
1743973200.0 136.872 NA 180 463 0 NA NA NA NA NA NA 269 674 0 NA NA NA NA NA NA 200 5644 109 NA NA NA NA NA NA 182 1982 131 NA NA NA NA NA 
1743973200.0 136.873 NA 182 527 0 NA NA NA NA NA NA 280 786 0 NA NA NA NA NA NA 169 5204 153 NA NA NA NA NA NA 179 1907 178 NA NA NA NA NA 
1743973200.0 136.874 NA 182 537 0 NA NA NA NA NA NA 264 806 0 NA NA NA NA NA NA 223 5408 127 NA NA NA NA NA NA 214 2124 146 NA NA NA NA NA 
1743973200.0 136.875 NA 183 531 0 NA NA NA NA NA NA 281 773 0 NA NA NA NA NA NA 199 5285 154 NA NA NA NA NA NA 192 2075 189 NA NA NA NA NA 
1743973200.0 136.876 NA 180 504 0 NA NA NA NA NA NA 266 762 0 NA NA NA NA NA NA 225 7295 121 NA NA NA NA NA NA 335 2668 141 NA NA NA NA NA 
1743973200.0 136.877 NA 182 485 0 NA NA NA NA NA NA 276 715 0 NA NA NA NA NA NA 166 5161 116 NA NA NA NA NA NA 162 2030 150 NA NA NA NA NA 
1743973200.0 136.878 NA 180 446 0 NA NA NA NA NA NA 277 675 0 NA NA NA NA NA NA 187 5468 109 NA NA NA NA NA NA 181 2098 134 NA NA NA NA NA 
1743973200.0 136.879 NA 181 603 0 NA NA NA NA NA NA 273 849 0 NA NA NA NA NA NA 187 4978 132 NA NA NA NA NA NA 221 1844 148 NA NA NA NA NA 
1743973200.0 136.88 NA 181 602 0 NA NA NA NA NA NA 266 861 0 NA NA NA NA NA NA 205 5227 185 NA NA NA NA NA NA 262 2367 221 NA NA NA NA NA 
1743973200.0 136.881 NA 183 438 0 NA NA NA NA NA NA 279 684 0 NA NA NA NA NA NA 267 5309 128 NA NA NA NA NA NA 225 2140 152 NA NA NA NA NA 
1743973200.0 136.882 NA 186 495 0 NA NA NA NA NA NA 282 704 0 NA NA NA NA NA NA 225 1909 168 NA NA NA NA NA NA 212 1197 193 NA NA NA NA NA 
1743973200.0 136.883 NA 179 440 0 NA NA NA NA NA NA 274 720 0 NA NA NA NA NA NA 179 6360 106 NA NA NA NA NA NA 208 2303 121 NA NA NA NA NA 
1743973200.0 136.884 NA 182 446 0 NA NA NA NA NA NA 276 656 0 NA NA NA NA NA NA 284 5772 112 NA NA NA NA NA NA 249 2330 130 NA NA NA NA NA 
1743973200.0 136.885 NA 182 536 0 NA NA NA NA NA NA 271 779 0 NA NA NA NA NA NA 219 5664 195 NA NA NA NA NA NA 247 2146 217 NA NA NA NA NA 
1743973200.0 136.8855 NA 183 108 0 NA NA NA NA NA NA 282 296 0 NA NA NA NA NA NA 164 232 68 NA NA NA NA NA NA 165 240 98 NA NA NA NA NA 
1743973200.0 136.886 NA 180 443 0 NA NA NA NA NA NA 273 755 0 NA NA NA NA NA NA 215 6243 162 NA NA NA NA NA NA 339 2344 193 NA NA NA NA NA 
1743973200.0 136.8861 NA 191 491 0 NA NA NA NA NA NA 286 714 0 NA NA NA NA NA NA 189 4572 131 NA NA NA NA NA NA 303 2073 154 NA NA NA NA NA 
1743973200.0 136.8862 NA 183 496 0 NA NA NA NA NA NA 271 723 0 NA NA NA NA NA NA 170 5281 119 NA NA NA NA NA NA 247 1919 141 NA NA NA NA NA 
1743973200.0 136.887 NA 182 524 0 NA NA NA NA NA NA 287 746 0 NA NA NA NA NA NA 260 6222 214 NA NA NA NA NA NA 227 2320 252 NA NA NA NA NA 
1743973200.0 136.888 NA 183 502 0 NA NA NA NA NA NA 275 736 0 NA NA NA NA NA NA 173 5798 118 NA NA NA NA NA NA 186 2144 149 NA NA NA NA NA 
1743973200.0 136.88811 NA 259 0 NA NA NA NA NA NA NA 357 0 NA NA NA NA NA NA NA 833 67 NA NA NA NA NA NA NA 711 95 NA NA NA NA NA NA 
1743973200.0 136.8885 NA 184 148 0 NA NA NA NA NA NA 264 303 0 NA NA NA NA NA NA 165 241 65 NA NA NA NA NA NA 167 269 82 NA NA NA NA NA 
1743973200.0 136.889 NA 183 493 0 NA NA NA NA NA NA 281 733 0 NA NA NA NA NA NA 168 5453 118 NA NA NA NA NA NA 167 1946 151 NA NA NA NA NA 
1743973200.0 136.89 NA 182 441 0 NA NA NA NA NA NA 281 693 0 NA NA NA NA NA NA 240 6586 113 NA NA NA NA NA NA 291 2415 135 NA NA NA NA NA 
1743973200.0 136.891 NA 184 602 0 NA NA NA NA NA NA 273 869 0 NA NA NA NA NA NA 182 4875 133 NA NA NA NA NA NA 190 1850 158 NA NA NA NA NA 
1743973200.0 136.892 NA 180 615 0 NA NA NA NA NA NA 271 856 0 NA NA NA NA NA NA 214 5573 200 NA NA NA NA NA NA 260 2368 227 NA NA NA NA NA 
1743973200.0 136.893 NA 182 438 0 NA NA NA NA NA NA 278 670 0 NA NA NA NA NA NA 196 5161 123 NA NA NA NA NA NA 196 2130 139 NA NA NA NA NA 
1743973200.0 136.894 NA 186 510 0 NA NA NA NA NA NA 274 721 0 NA NA NA NA NA NA 249 2888 154 NA NA NA NA NA NA 253 1435 174 NA NA NA NA NA 
1743973200.0 136.895 NA 183 454 0 NA NA NA NA NA NA 281 682 0 NA NA NA NA NA NA 183 5642 105 NA NA NA NA NA NA 250 2017 123 NA NA NA NA NA 
1743973200.0 136.896 NA 182 449 0 NA NA NA NA NA NA 275 668 0 NA NA NA NA NA NA 250 5941 113 NA NA NA NA NA NA 204 2474 131 NA NA NA NA NA 
1743973200.0 136.897 NA 295 122 0 NA NA NA NA NA NA 480 205 0 NA NA NA NA NA NA 459 91 117 NA NA NA NA NA NA 305 107 139 NA NA NA NA NA 
1743973200.0 136.898 NA 181 444 0 NA NA NA NA NA NA 275 739 0 NA NA NA NA NA NA 185 5286 108 NA NA NA NA NA NA 199 2067 137 NA NA NA NA NA 
1743973200.0 136.899 NA 311 162 0 NA NA NA NA NA NA 512 289 0 NA NA NA NA NA NA 632 109 118 NA NA NA NA NA NA 372 138 139 NA NA NA NA NA 
1743973200.0 136.9 NA 247 223 298 208 NA NA NA NA NA 408 357 488 296 NA NA NA NA NA 3255 503 654 378 NA NA NA NA NA 5433 889 1036 519 NA NA NA NA 
1743973200.0 1360.0 152 219 410 0 NA NA NA NA NA 263 319 571 0 NA NA NA NA NA 1624 176 833 218 NA NA NA NA NA 648 157 792 242 NA NA NA NA NA 
1743973200.0 1361.0 160 219 407 0 NA NA NA NA NA 271 319 580 0 NA NA NA NA NA 3459 206 838 197 NA NA NA NA NA 1233 172 861 225 NA NA NA NA NA 
1743973200.0 1361.17 139 286 467 0 158 NA NA NA NA 244 394 679 0 266 NA NA NA NA 3153 562 733 186 196 NA NA NA NA 1227 250 721 236 238 NA NA NA NA 
1743973200.0 1361.18 139 281 474 0 160 NA NA NA NA 242 384 681 0 275 NA NA NA NA 3052 570 750 185 183 NA NA NA NA 1081 266 804 211 188 NA NA NA NA 
1743973200.0 1361.181 107 282 469 0 164 NA NA NA NA 245 390 691 0 272 NA NA NA NA 3134 552 742 189 184 NA NA NA NA 1150 252 744 234 198 NA NA NA NA 
1743973200.0 1362.0 126 218 388 0 NA NA NA NA NA 273 312 573 0 NA NA NA NA NA 3903 173 717 152 NA NA NA NA NA 1433 158 914 175 NA NA NA NA NA 
1743973200.0 1362.17 142 294 478 0 160 NA NA NA NA 243 409 674 0 272 NA NA NA NA 4191 571 745 190 180 NA NA NA NA 1507 262 691 242 189 NA NA NA NA 
1743973200.0 1362.18 139 282 472 0 164 NA NA NA NA 248 384 682 0 270 NA NA NA NA 3968 567 742 186 185 NA NA NA NA 1458 271 763 215 205 NA NA NA NA 
1743973200.0 1363.0 158 221 407 0 NA NA NA NA NA 275 319 580 0 NA NA NA NA NA 4009 172 684 160 NA NA NA NA NA 1554 144 624 217 NA NA NA NA NA 
1743973200.0 1363.17 114 292 478 0 159 NA NA NA NA 259 405 684 0 263 NA NA NA NA 4025 583 764 184 178 NA NA NA NA 1575 252 728 209 181 NA NA NA NA 
1743973200.0 1363.18 142 281 475 0 161 NA NA NA NA 245 383 667 0 267 NA NA NA NA 3993 581 754 184 186 NA NA NA NA 1333 273 704 204 221 NA NA NA NA 
1743973200.0 1364.0 NA 225 403 0 NA NA NA NA NA NA 330 541 0 NA NA NA NA NA NA 170 663 151 NA NA NA NA NA NA 210 634 178 NA NA NA NA NA 
1743973200.0 1365.0 NA 225 409 0 NA NA NA NA NA NA 331 570 0 NA NA NA NA NA NA 177 659 157 NA NA NA NA NA NA 186 631 214 NA NA NA NA NA 
1743973200.0 1366.0 NA 225 403 0 NA NA NA NA NA NA 342 565 0 NA NA NA NA NA NA 168 644 152 NA NA NA NA NA NA 213 605 180 NA NA NA NA NA 
1743973200.0 137.8 NA 182 499 NA 181 488 0 NA NA NA 275 810 NA 266 743 0 NA NA NA 161 5077 NA 161 5296 141 NA NA NA 230 2305 NA 208 2031 160 NA NA 
1743973200.0 1370.0 62 156 218 404 0 157 NA NA NA 88 269 319 578 0 264 NA NA NA 28 1176 173 798 178 221 NA NA NA 66 567 154 828 224 240 NA NA NA 
1743973200.0 1370.17 62 140 286 477 0 158 NA NA NA 88 240 403 672 0 260 NA NA NA 31 1286 735 926 226 231 NA NA NA 78 676 328 858 246 239 NA NA NA 
1743973200.0 1370.18 62 140 284 476 0 162 NA NA NA 88 242 387 662 0 260 NA NA NA 31 1152 556 760 179 174 NA NA NA 77 548 238 787 199 176 NA NA NA 
1743973200.0 138.1 NA 306 149 0 NA NA NA NA NA NA 495 253 0 NA NA NA NA NA NA 511 111 123 NA NA NA NA NA NA 512 165 172 NA NA NA NA NA 
1743973200.0 138.2 NA 303 142 0 NA NA NA NA NA NA 496 253 0 NA NA NA NA NA NA 489 108 121 NA NA NA NA NA NA 358 157 145 NA NA NA NA NA 
1743973200.0 138.3 NA 63 432 0 NA NA NA NA NA NA 113 691 0 NA NA NA NA NA NA 34 29269 148 NA NA NA NA NA NA 261 16907 184 NA NA NA NA NA 
1743973200.0 138.4 NA 401 0 NA NA NA NA NA NA NA 608 0 NA NA NA NA NA NA NA 606 152 NA NA NA NA NA NA NA 617 179 NA NA NA NA NA NA 
1743973200.0 138.5 NA 435 204 0 NA NA NA NA NA NA 660 328 0 NA NA NA NA NA NA 709 148 159 NA NA NA NA NA NA 824 173 176 NA NA NA NA NA 
1743973200.0 139.001 NA 190 441 0 NA NA NA NA NA NA 289 674 0 NA NA NA NA NA NA 131 990 122 NA NA NA NA NA NA 146 1026 140 NA NA NA NA NA 
1743973200.0 139.002 NA 186 529 0 NA NA NA NA NA NA 284 753 0 NA NA NA NA NA NA 136 1196 202 NA NA NA NA NA NA 153 1055 225 NA NA NA NA NA 
1743973200.0 139.003 NA 189 356 0 NA NA NA NA NA NA 276 532 0 NA NA NA NA NA NA 130 845 73 NA NA NA NA NA NA 116 863 95 NA NA NA NA NA 
1743973200.0 139.004 NA 188 486 0 NA NA NA NA NA NA 286 679 0 NA NA NA NA NA NA 250 1670 191 NA NA NA NA NA NA 225 1252 215 NA NA NA NA NA 
1743973200.0 139.005 NA 154 126 NA NA NA NA NA NA NA 277 271 NA NA NA NA NA NA NA 6646 5458 NA NA NA NA NA NA NA 2747 1655 NA NA NA NA NA NA 
1743973200.0 139901.0 NA 224 402 0 NA NA NA NA NA NA 326 586 0 NA NA NA NA NA NA 174 673 147 NA NA NA NA NA NA 207 638 163 NA NA NA NA NA 
1743973200.0 139902.0 NA 214 412 0 NA NA NA NA NA NA 341 565 0 NA NA NA NA NA NA 185 722 155 NA NA NA NA NA NA 238 812 176 NA NA NA NA NA 
1743973200.0 13992501.0 NA 427 656 0 NA NA NA NA NA NA 578 880 0 NA NA NA NA NA NA 1102 1349 172 NA NA NA NA NA NA 660 1159 195 NA NA NA NA NA 
1743973200.0 13992502.0 NA 420 669 0 NA NA NA NA NA NA 569 907 0 NA NA NA NA NA NA 1155 1524 219 NA NA NA NA NA NA 735 1184 243 NA NA NA NA NA 
1743973200.0 14.0 NA 204 391 0 NA NA NA NA NA NA 313 563 0 NA NA NA NA NA NA 961 1819 172 NA NA NA NA NA NA 462 918 188 NA NA NA NA NA 
1743973200.0 140.0 143 173 253 0 NA NA NA NA NA 249 266 397 0 NA NA NA NA NA 893 113 321 93 NA NA NA NA NA 1088 128 527 120 NA NA NA NA NA 
1743973200.0 140.001 NA 189 446 0 NA NA NA NA NA NA 292 655 0 NA NA NA NA NA NA 140 916 130 NA NA NA NA NA NA 147 763 146 NA NA NA NA NA 
1743973200.0 140.002 NA 189 456 0 NA NA NA NA NA NA 283 672 0 NA NA NA NA NA NA 227 1183 136 NA NA NA NA NA NA 180 774 156 NA NA NA NA NA 
1743973200.0 140.003 NA 187 494 0 NA NA NA NA NA NA 284 721 0 NA NA NA NA NA NA 136 916 136 NA NA NA NA NA NA 137 942 164 NA NA NA NA NA 
1743973200.0 140.004 NA 0 0 0 NA NA NA NA NA NA 0 0 0 NA NA NA NA NA NA 83 1194 247 NA NA NA NA NA NA 122 1270 270 NA NA NA NA NA 
1743973200.0 140.005 NA 192 451 0 NA NA NA NA NA NA 289 673 0 NA NA NA NA NA NA 137 978 132 NA NA NA NA NA NA 117 780 149 NA NA NA NA NA 
1743973200.0 140.006 NA 0 0 0 NA NA NA NA NA NA 0 0 0 NA NA NA NA NA NA 92 1149 249 NA NA NA NA NA NA 136 1179 278 NA NA NA NA NA 
1743973200.0 140.007 NA 178 444 0 NA NA NA NA NA NA 276 636 0 NA NA NA NA NA NA 123 1437 251 NA NA NA NA NA NA 136 1414 272 NA NA NA NA NA 
1743973200.0 140.008 NA 155 432 0 NA NA NA NA NA NA 247 624 0 NA NA NA NA NA NA 69 970 213 NA NA NA NA NA NA 139 921 229 NA NA NA NA NA 
1743973200.0 140.009 NA 0 0 0 NA NA NA NA NA NA 0 0 0 NA NA NA NA NA NA 64 908 217 NA NA NA NA NA NA 112 1026 242 NA NA NA NA NA 
1743973200.0 140.01 NA 188 471 0 NA NA NA NA NA NA 289 683 0 NA NA NA NA NA NA 287 1502 144 NA NA NA NA NA NA 267 1010 161 NA NA NA NA NA 
1743973200.0 140.011 NA 0 0 0 NA NA NA NA NA NA 0 0 0 NA NA NA NA NA NA 79 935 240 NA NA NA NA NA NA 138 969 260 NA NA NA NA NA 
1743973200.0 140.021 NA 0 0 0 NA NA NA NA NA NA 0 0 0 NA NA NA NA NA NA 67 953 298 NA NA NA NA NA NA 99 1004 317 NA NA NA NA NA 
1743973200.0 140.022 NA 184 518 0 NA NA NA NA NA NA 288 748 0 NA NA NA NA NA NA 286 4782 161 NA NA NA NA NA NA 202 1985 190 NA NA NA NA NA 
1743973200.0 140.023 NA 186 559 0 NA NA NA NA NA NA 286 792 0 NA NA NA NA NA NA 250 3191 189 NA NA NA NA NA NA 187 1396 245 NA NA NA NA NA 
1743973200.0 140.024 NA 184 521 0 NA NA NA NA NA NA 281 765 0 NA NA NA NA NA NA 227 4767 142 NA NA NA NA NA NA 202 1899 163 NA NA NA NA NA 
1743973200.0 140.025 NA 186 523 0 NA NA NA NA NA NA 282 736 0 NA NA NA NA NA NA 291 5620 167 NA NA NA NA NA NA 186 2068 191 NA NA NA NA NA 
1743973200.0 140.026 NA 185 505 0 NA NA NA NA NA NA 290 779 0 NA NA NA NA NA NA 308 6661 183 NA NA NA NA NA NA 354 2432 214 NA NA NA NA NA 
1743973200.0 140.027 NA 168 527 0 NA NA NA NA NA NA 286 764 0 NA NA NA NA NA NA 213 4497 141 NA NA NA NA NA NA 204 1771 166 NA NA NA NA NA 
1743973200.0 140.028 NA 183 511 0 NA NA NA NA NA NA 283 736 0 NA NA NA NA NA NA 262 5276 186 NA NA NA NA NA NA 304 1995 218 NA NA NA NA NA 
1743973200.0 140.029 NA 185 490 0 NA NA NA NA NA NA 288 741 0 NA NA NA NA NA NA 290 5191 193 NA NA NA NA NA NA 221 1896 228 NA NA NA NA NA 
1743973200.0 140.03 NA 187 525 0 NA NA NA NA NA NA 289 733 0 NA NA NA NA NA NA 317 4963 182 NA NA NA NA NA NA 205 1877 215 NA NA NA NA NA 
1743973200.0 140.031 NA 184 512 0 NA NA NA NA NA NA 284 761 0 NA NA NA NA NA NA 302 5423 195 NA NA NA NA NA NA 203 2117 219 NA NA NA NA NA 
1743973200.0 140.042 NA 185 525 0 NA NA NA NA NA NA 285 766 0 NA NA NA NA NA NA 242 5216 140 NA NA NA NA NA NA 259 2105 158 NA NA NA NA NA 
1743973200.0 140.043 NA 187 564 0 NA NA NA NA NA NA 279 791 0 NA NA NA NA NA NA 255 3695 184 NA NA NA NA NA NA 198 1527 229 NA NA NA NA NA 
1743973200.0 140.044 NA 185 526 0 NA NA NA NA NA NA 285 796 0 NA NA NA NA NA NA 295 7080 188 NA NA NA NA NA NA 220 2566 244 NA NA NA NA NA 
1743973200.0 140.045 NA 185 505 0 NA NA NA NA NA NA 273 790 0 NA NA NA NA NA NA 266 6106 140 NA NA NA NA NA NA 245 2246 169 NA NA NA NA NA 
1743973200.0 140.046 NA 168 540 0 NA NA NA NA NA NA 282 799 0 NA NA NA NA NA NA 270 6417 140 NA NA NA NA NA NA 226 2139 165 NA NA NA NA NA 
1743973200.0 140.047 NA 182 534 0 NA NA NA NA NA NA 280 762 0 NA NA NA NA NA NA 255 6281 144 NA NA NA NA NA NA 284 2259 164 NA NA NA NA NA 
1743973200.0 140.048 NA 184 533 0 NA NA NA NA NA NA 280 768 0 NA NA NA NA NA NA 282 6520 177 NA NA NA NA NA NA 249 2388 206 NA NA NA NA NA 
1743973200.0 140.049 NA 183 529 0 NA NA NA NA NA NA 277 762 0 NA NA NA NA NA NA 291 6849 177 NA NA NA NA NA NA 229 2491 200 NA NA NA NA NA 
1743973200.0 140.05 NA 184 523 0 NA NA NA NA NA NA 289 766 0 NA NA NA NA NA NA 333 6513 170 NA NA NA NA NA NA 207 2326 191 NA NA NA NA NA 
1743973200.0 140.051 NA 183 520 0 NA NA NA NA NA NA 284 783 0 NA NA NA NA NA NA 353 6621 176 NA NA NA NA NA NA 224 2417 208 NA NA NA NA NA 
1743973200.0 140.062 NA 184 535 0 NA NA NA NA NA NA 273 752 0 NA NA NA NA NA NA 282 6116 139 NA NA NA NA NA NA 214 2058 165 NA NA NA NA NA 
1743973200.0 140.063 NA 183 564 0 NA NA NA NA NA NA 276 792 0 NA NA NA NA NA NA 271 4985 148 NA NA NA NA NA NA 193 2088 169 NA NA NA NA NA 
1743973200.0 140.064 NA 181 530 0 NA NA NA NA NA NA 287 792 0 NA NA NA NA NA NA 282 6451 146 NA NA NA NA NA NA 208 2242 187 NA NA NA NA NA 
1743973200.0 140.065 NA 164 542 0 NA NA NA NA NA NA 271 773 0 NA NA NA NA NA NA 280 6528 141 NA NA NA NA NA NA 282 2157 180 NA NA NA NA NA 
1743973200.0 140.065505 NA 183 169 0 NA NA NA NA NA NA 277 304 0 NA NA NA NA NA NA 279 365 69 NA NA NA NA NA NA 190 275 101 NA NA NA NA NA 
1743973200.0 140.065511 NA 184 124 0 NA NA NA NA NA NA 282 223 0 NA NA NA NA NA NA 265 223 74 NA NA NA NA NA NA 187 227 104 NA NA NA NA NA 
1743973200.0 140.065521 NA 184 128 0 NA NA NA NA NA NA 270 207 0 NA NA NA NA NA NA 266 260 75 NA NA NA NA NA NA 197 179 96 NA NA NA NA NA 
1743973200.0 140.066 NA 184 556 0 NA NA NA NA NA NA 279 838 0 NA NA NA NA NA NA 287 7960 139 NA NA NA NA NA NA 220 2714 157 NA NA NA NA NA 
1743973200.0 140.067 NA 182 534 0 NA NA NA NA NA NA 276 747 0 NA NA NA NA NA NA 263 6478 138 NA NA NA NA NA NA 203 2308 158 NA NA NA NA NA 
1743973200.0 140.068 NA 182 544 0 NA NA NA NA NA NA 283 775 0 NA NA NA NA NA NA 270 6313 138 NA NA NA NA NA NA 183 2246 162 NA NA NA NA NA 
1743973200.0 140.069 NA 182 534 0 NA NA NA NA NA NA 278 784 0 NA NA NA NA NA NA 288 6126 144 NA NA NA NA NA NA 225 2378 172 NA NA NA NA NA 
1743973200.0 140.071 NA 186 516 0 NA NA NA NA NA NA 288 722 0 NA NA NA NA NA NA 229 3705 142 NA NA NA NA NA NA 216 1455 169 NA NA NA NA NA 
1743973200.0 140.072 NA 188 556 0 NA NA NA NA NA NA 274 772 0 NA NA NA NA NA NA 228 3470 188 NA NA NA NA NA NA 169 1470 217 NA NA NA NA NA 
1743973200.0 140.073 NA 185 516 0 NA NA NA NA NA NA 279 726 0 NA NA NA NA NA NA 297 4862 185 NA NA NA NA NA NA 234 1914 210 NA NA NA NA NA 
1743973200.0 140.074 NA 185 513 0 NA NA NA NA NA NA 282 733 0 NA NA NA NA NA NA 289 4476 176 NA NA NA NA NA NA 225 1771 236 NA NA NA NA NA 
1743973200.0 140.075 NA 182 517 0 NA NA NA NA NA NA 286 760 0 NA NA NA NA NA NA 222 5050 192 NA NA NA NA NA NA 166 1868 217 NA NA NA NA NA 
1743973200.0 140.076 NA 184 518 0 NA NA NA NA NA NA 281 722 0 NA NA NA NA NA NA 263 4103 170 NA NA NA NA NA NA 277 1685 199 NA NA NA NA NA 
1743973200.0 140.077 NA 185 518 0 NA NA NA NA NA NA 282 740 0 NA NA NA NA NA NA 252 4729 193 NA NA NA NA NA NA 267 1856 223 NA NA NA NA NA 
1743973200.0 140.078 NA 186 512 0 NA NA NA NA NA NA 289 724 0 NA NA NA NA NA NA 294 4657 166 NA NA NA NA NA NA 222 1876 189 NA NA NA NA NA 
1743973200.0 140.101 NA 184 607 0 NA NA NA NA NA NA 272 854 0 NA NA NA NA NA NA 216 5233 159 NA NA NA NA NA NA 175 1959 183 NA NA NA NA NA 
1743973200.0 140.102 NA 182 553 0 NA NA NA NA NA NA 277 834 0 NA NA NA NA NA NA 358 7846 204 NA NA NA NA NA NA 365 2894 235 NA NA NA NA NA 
1743973200.0 140.103 NA 183 625 0 NA NA NA NA NA NA 279 932 0 NA NA NA NA NA NA 277 6799 140 NA NA NA NA NA NA 276 2411 168 NA NA NA NA NA 
1743973200.0 140.104 NA 184 595 0 NA NA NA NA NA NA 286 877 0 NA NA NA NA NA NA 288 8124 142 NA NA NA NA NA NA 264 2966 159 NA NA NA NA NA 
1743973200.0 140.105 NA 183 604 0 NA NA NA NA NA NA 277 888 0 NA NA NA NA NA NA 260 6653 140 NA NA NA NA NA NA 175 2512 160 NA NA NA NA NA 
1743973200.0 140.106 NA 183 567 0 NA NA NA NA NA NA 280 815 0 NA NA NA NA NA NA 341 7755 199 NA NA NA NA NA NA 368 2783 229 NA NA NA NA NA 
1743973200.0 140.107 NA 184 545 0 NA NA NA NA NA NA 275 838 0 NA NA NA NA NA NA 276 6346 141 NA NA NA NA NA NA 183 2411 172 NA NA NA NA NA 
1743973200.0 140.108 NA 184 569 0 NA NA NA NA NA NA 286 811 0 NA NA NA NA NA NA 271 6182 139 NA NA NA NA NA NA 248 2229 160 NA NA NA NA NA 
1743973200.0 140.109 NA 184 539 0 NA NA NA NA NA NA 287 827 0 NA NA NA NA NA NA 295 3653 186 NA NA NA NA NA NA 241 1767 213 NA NA NA NA NA 
1743973200.0 140.11 NA 181 564 0 NA NA NA NA NA NA 279 842 0 NA NA NA NA NA NA 266 5703 145 NA NA NA NA NA NA 215 2090 191 NA NA NA NA NA 
1743973200.0 140.111 NA 184 566 0 NA NA NA NA NA NA 283 828 0 NA NA NA NA NA NA 272 6282 140 NA NA NA NA NA NA 212 2310 167 NA NA NA NA NA 
1743973200.0 140.112 NA 182 568 0 NA NA NA NA NA NA 276 832 0 NA NA NA NA NA NA 275 6203 137 NA NA NA NA NA NA 200 2182 154 NA NA NA NA NA 
1743973200.0 140.113 NA 0 0 0 NA NA NA NA NA NA 0 0 0 NA NA NA NA NA NA 66 852 394 NA NA NA NA NA NA 95 978 424 NA NA NA NA NA 
1743973200.0 140.51 NA 95 266 0 NA NA NA NA NA NA 141 413 0 NA NA NA NA NA NA 184 588 102 NA NA NA NA NA NA 196 403 123 NA NA NA NA NA 
1743973200.0 140.52 NA 312 273 0 NA NA NA NA NA NA 453 405 0 NA NA NA NA NA NA 740 594 98 NA NA NA NA NA NA 456 384 123 NA NA NA NA NA 
1743973200.0 140.53 NA 331 0 NA NA NA NA NA NA NA 523 0 NA NA NA NA NA NA NA 1177 102 NA NA NA NA NA NA NA 644 128 NA NA NA NA NA NA 
1743973200.0 140.54 NA 405 0 NA NA NA NA NA NA NA 644 0 NA NA NA NA NA NA NA 854 115 NA NA NA NA NA NA NA 751 144 NA NA NA NA NA NA 
1743973200.0 140.55 NA 136 101 482 0 NA NA NA NA NA 253 221 718 0 NA NA NA NA NA 1901 2865 4892 112 NA NA NA NA NA 2357 2637 1502 143 NA NA NA NA 
1743973200.0 140.56 NA 744 0 NA NA NA NA NA NA NA 1242 0 NA NA NA NA NA NA NA 5432 142 NA NA NA NA NA NA NA 2056 165 NA NA NA NA NA NA 
1743973200.0 140.5611 NA 247 0 NA NA NA NA NA NA NA 362 0 NA NA NA NA NA NA NA 1017 64 NA NA NA NA NA NA NA 584 83 NA NA NA NA NA NA 
1743973200.0 140.57 NA 538 0 NA NA NA NA NA NA NA 792 0 NA NA NA NA NA NA NA 1000 141 NA NA NA NA NA NA NA 697 168 NA NA NA NA NA NA 
1743973200.0 140.58 NA 102 840 0 NA NA NA NA NA NA 150 1225 0 NA NA NA NA NA NA 61 5265 178 NA NA NA NA NA NA 96 2025 199 NA NA NA NA NA 
1743973200.0 140.6 NA 421 0 NA NA NA NA NA NA NA 630 0 NA NA NA NA NA NA NA 752 129 NA NA NA NA NA NA NA 523 152 NA NA NA NA NA NA 
1743973200.0 140.61 NA 424 0 NA NA NA NA NA NA NA 612 0 NA NA NA NA NA NA NA 762 133 NA NA NA NA NA NA NA 524 157 NA NA NA NA NA NA 
1743973200.0 14034.0 86 574 0 NA NA NA NA NA NA 158 762 0 NA NA NA NA NA NA 66 746 123 NA NA NA NA NA NA 71 760 162 NA NA NA NA NA NA 
1743973200.0 14040.303 224 NA NA NA NA NA NA NA NA 341 NA NA NA NA NA NA NA NA 1143 NA NA NA NA NA NA NA NA 746 NA NA NA NA NA NA NA NA 
1743973200.0 141.001 NA 393 608 0 NA NA NA NA NA NA 554 874 0 NA NA NA NA NA NA 1324 6988 169 NA NA NA NA NA NA 758 2527 192 NA NA NA NA NA 
1743973200.0 141.002 NA 380 644 0 NA NA NA NA NA NA 523 875 0 NA NA NA NA NA NA 843 3812 166 NA NA NA NA NA NA 554 1646 192 NA NA NA NA NA 
1743973200.0 141.003 NA 398 639 0 NA NA NA NA NA NA 571 876 0 NA NA NA NA NA NA 1324 6334 168 NA NA NA NA NA NA 753 2346 186 NA NA NA NA NA 
1743973200.0 141.004 NA 390 579 0 NA NA NA NA NA NA 545 844 0 NA NA NA NA NA NA 569 1917 168 NA NA NA NA NA NA 461 1342 222 NA NA NA NA NA 
1743973200.0 141.005 NA 380 606 0 NA NA NA NA NA NA 540 827 0 NA NA NA NA NA NA 911 3905 177 NA NA NA NA NA NA 800 1747 208 NA NA NA NA NA 
1743973200.0 141.006 NA 380 585 0 NA NA NA NA NA NA 530 849 0 NA NA NA NA NA NA 853 4042 165 NA NA NA NA NA NA 499 1905 184 NA NA NA NA NA 
1743973200.0 141.007 NA 393 613 0 NA NA NA NA NA NA 532 838 0 NA NA NA NA NA NA 1007 4694 183 NA NA NA NA NA NA 476 1931 203 NA NA NA NA NA 
1743973200.0 141.008 NA 408 643 0 NA NA NA NA NA NA 589 899 0 NA NA NA NA NA NA 1318 7875 169 NA NA NA NA NA NA 623 2843 201 NA NA NA NA NA 
1743973200.0 141.009 NA 0 0 0 NA NA NA NA NA NA 0 0 0 NA NA NA NA NA NA 357 2049 438 NA NA NA NA NA NA 491 2672 496 NA NA NA NA NA 
1743973200.0 141.01 NA 407 648 0 NA NA NA NA NA NA 556 937 0 NA NA NA NA NA NA 1283 7497 166 NA NA NA NA NA NA 757 2774 183 NA NA NA NA NA 
1743973200.0 141.011 NA 401 635 0 NA NA NA NA NA NA 573 859 0 NA NA NA NA NA NA 1258 6514 171 NA NA NA NA NA NA 751 2353 192 NA NA NA NA NA 
1743973200.0 141.012 NA 398 610 0 NA NA NA NA NA NA 537 827 0 NA NA NA NA NA NA 1015 4597 164 NA NA NA NA NA NA 501 1887 184 NA NA NA NA NA 
1743973200.0 141.013 NA 397 629 0 NA NA NA NA NA NA 557 860 0 NA NA NA NA NA NA 1412 6800 177 NA NA NA NA NA NA 798 2523 203 NA NA NA NA NA 
1743973200.0 141.031 NA 401 631 0 NA NA NA NA NA NA 544 920 0 NA NA NA NA NA NA 1376 7580 178 NA NA NA NA NA NA 597 2681 199 NA NA NA NA NA 
1743973200.0 141.032 NA 387 620 0 NA NA NA NA NA NA 546 901 0 NA NA NA NA NA NA 908 5038 162 NA NA NA NA NA NA 466 2143 180 NA NA NA NA NA 
1743973200.0 141.033 NA 408 628 0 NA NA NA NA NA NA 566 902 0 NA NA NA NA NA NA 1481 7858 169 NA NA NA NA NA NA 604 3007 194 NA NA NA NA NA 
1743973200.0 141.034 NA 411 642 0 NA NA NA NA NA NA 573 899 0 NA NA NA NA NA NA 1333 8205 176 NA NA NA NA NA NA 548 3098 226 NA NA NA NA NA 
1743973200.0 141.035 NA 415 648 0 NA NA NA NA NA NA 570 917 0 NA NA NA NA NA NA 1465 8313 169 NA NA NA NA NA NA 630 3068 196 NA NA NA NA NA 
1743973200.0 141.036 NA 388 581 0 NA NA NA NA NA NA 539 798 0 NA NA NA NA NA NA 737 2741 173 NA NA NA NA NA NA 412 1433 190 NA NA NA NA NA 
1743973200.0 141.037 NA 408 638 0 NA NA NA NA NA NA 551 879 0 NA NA NA NA NA NA 1210 6398 174 NA NA NA NA NA NA 662 2311 197 NA NA NA NA NA 
1743973200.0 141.038 NA 405 637 0 NA NA NA NA NA NA 573 898 0 NA NA NA NA NA NA 1469 7697 170 NA NA NA NA NA NA 669 2827 197 NA NA NA NA NA 
1743973200.0 141.039 NA 398 631 0 NA NA NA NA NA NA 551 901 0 NA NA NA NA NA NA 1456 7667 165 NA NA NA NA NA NA 619 2831 182 NA NA NA NA NA 
1743973200.0 141.041 NA 382 661 0 NA NA NA NA NA NA 598 940 0 NA NA NA NA NA NA 1598 9807 170 NA NA NA NA NA NA 975 3432 213 NA NA NA NA NA 
1743973200.0 141.042 NA 370 672 0 NA NA NA NA NA NA 521 900 0 NA NA NA NA NA NA 996 6030 169 NA NA NA NA NA NA 547 2259 210 NA NA NA NA NA 
1743973200.0 141.043 NA 415 663 0 NA NA NA NA NA NA 584 934 0 NA NA NA NA NA NA 1646 10986 171 NA NA NA NA NA NA 936 3795 189 NA NA NA NA NA 
1743973200.0 141.044 NA 411 622 0 NA NA NA NA NA NA 599 924 0 NA NA NA NA NA NA 1423 10017 170 NA NA NA NA NA NA 905 3530 188 NA NA NA NA NA 
1743973200.0 141.045 NA 444 658 0 NA NA NA NA NA NA 626 991 0 NA NA NA NA NA NA 1945 12649 180 NA NA NA NA NA NA 1130 5724 238 NA NA NA NA NA 
1743973200.0 141.046 NA 419 649 0 NA NA NA NA NA NA 580 938 0 NA NA NA NA NA NA 1414 9485 171 NA NA NA NA NA NA 687 3520 190 NA NA NA NA NA 
1743973200.0 141.047 NA 414 645 0 NA NA NA NA NA NA 583 940 0 NA NA NA NA NA NA 1449 10454 169 NA NA NA NA NA NA 899 3649 186 NA NA NA NA NA 
1743973200.0 141.048 NA 421 654 0 NA NA NA NA NA NA 602 911 0 NA NA NA NA NA NA 1651 10454 180 NA NA NA NA NA NA 852 3662 280 NA NA NA NA NA 
1743973200.0 141.049 NA 397 626 0 NA NA NA NA NA NA 548 877 0 NA NA NA NA NA NA 1456 7708 175 NA NA NA NA NA NA 716 3022 217 NA NA NA NA NA 
1743973200.0 141.101 NA 390 692 0 NA NA NA NA NA NA 539 933 0 NA NA NA NA NA NA 905 4952 162 NA NA NA NA NA NA 484 2055 180 NA NA NA NA NA 
1743973200.0 141.102 NA 406 631 0 NA NA NA NA NA NA 568 973 0 NA NA NA NA NA NA 1451 8013 173 NA NA NA NA NA NA 621 3041 191 NA NA NA NA NA 
1743973200.0 141.103 NA 408 686 0 NA NA NA NA NA NA 575 1030 0 NA NA NA NA NA NA 1335 8244 168 NA NA NA NA NA NA 708 3055 188 NA NA NA NA NA 
1743973200.0 141.104 NA 411 868 0 NA NA NA NA NA NA 582 1197 0 NA NA NA NA NA NA 1475 8549 177 NA NA NA NA NA NA 716 3042 223 NA NA NA NA NA 
1743973200.0 141.105 NA 388 653 0 NA NA NA NA NA NA 559 895 0 NA NA NA NA NA NA 904 2994 208 NA NA NA NA NA NA 527 1783 234 NA NA NA NA NA 
1743973200.0 141.106 NA 401 631 0 NA NA NA NA NA NA 574 980 0 NA NA NA NA NA NA 1191 6860 172 NA NA NA NA NA NA 898 2715 188 NA NA NA NA NA 
1743973200.0 141.107 NA 405 726 0 NA NA NA NA NA NA 550 1086 0 NA NA NA NA NA NA 1389 7786 180 NA NA NA NA NA NA 586 3133 237 NA NA NA NA NA 
1743973200.0 141.108 NA 399 675 0 NA NA NA NA NA NA 590 973 0 NA NA NA NA NA NA 1471 7893 173 NA NA NA NA NA NA 779 3084 220 NA NA NA NA NA 
1743973200.0 141.109 NA 397 685 0 NA NA NA NA NA NA 555 945 0 NA NA NA NA NA NA 889 4552 169 NA NA NA NA NA NA 492 1995 206 NA NA NA NA NA 
1743973200.0 141.11 NA 406 684 0 NA NA NA NA NA NA 586 965 0 NA NA NA NA NA NA 1390 8759 171 NA NA NA NA NA NA 596 3084 198 NA NA NA NA NA 
1743973200.0 141.111 NA 403 661 0 NA NA NA NA NA NA 537 947 0 NA NA NA NA NA NA 1187 7964 177 NA NA NA NA NA NA 555 3084 229 NA NA NA NA NA 
1743973200.0 141.112 NA 407 683 0 NA NA NA NA NA NA 568 960 0 NA NA NA NA NA NA 1311 8245 168 NA NA NA NA NA NA 650 2961 205 NA NA NA NA NA 
1743973200.0 141.113 NA 0 0 0 NA NA NA NA NA NA 0 0 0 NA NA NA NA NA NA 333 582 250 NA NA NA NA NA NA 405 560 270 NA NA NA NA NA 
1743973200.0 141.114 NA 388 685 0 NA NA NA NA NA NA 564 995 0 NA NA NA NA NA NA 1436 7781 180 NA NA NA NA NA NA 714 3032 280 NA NA NA NA NA 
1743973200.0 14234.0 87 775 0 NA NA NA NA NA NA 160 1064 0 NA NA NA NA NA NA 68 2568 118 NA NA NA NA NA NA 116 1313 133 NA NA NA NA NA NA 
1743973200.0 144.6 NA 365 NA NA NA NA NA NA NA NA 513 NA NA NA NA NA NA NA NA 1164 NA NA NA NA NA NA NA NA 1161 NA NA NA NA NA NA NA 
1743973200.0 145.0 142 174 261 0 NA NA NA NA NA 240 262 388 0 NA NA NA NA NA 868 111 323 92 NA NA NA NA NA 1051 124 475 113 NA NA NA NA NA 
1743973200.0 148.0 165 363 582 0 NA NA NA NA NA 358 500 816 0 NA NA NA NA NA 6722 722 7502 197 NA NA NA NA NA 10528 1087 5119 277 NA NA NA NA NA 
1743973200.0 149.0 133 224 445 0 NA NA NA NA NA 228 364 676 0 NA NA NA NA NA 544 361 735 222 NA NA NA NA NA 519 263 787 247 NA NA NA NA NA 
1743973200.0 15.0 NA 180 315 0 NA NA NA NA NA NA 276 504 0 NA NA NA NA NA NA 574 833 149 NA NA NA NA NA NA 265 743 165 NA NA NA NA NA 
1743973200.0 150.0 133 220 354 0 NA NA NA NA NA 231 318 559 0 NA NA NA NA NA 1018 144 403 146 NA NA NA NA NA 1032 155 429 169 NA NA NA NA NA 
1743973200.0 158.0 100 219 453 122 0 NA NA NA NA 231 313 667 199 0 NA NA NA NA 1032 174 751 158 226 NA NA NA NA 1123 184 971 213 283 NA NA NA NA 
1743973200.0 158.01 NA 215 0 NA NA NA NA NA NA NA 323 0 NA NA NA NA NA NA NA 755 68 NA NA NA NA NA NA NA 529 88 NA NA NA NA NA NA 
1743973200.0 158.1 NA 224 488 0 NA NA NA NA NA NA 377 707 0 NA NA NA NA NA NA 205 652 192 NA NA NA NA NA NA 243 620 224 NA NA NA NA NA 
1743973200.0 158.2 NA 253 446 0 NA NA NA NA NA NA 365 703 0 NA NA NA NA NA NA 190 670 190 NA NA NA NA NA NA 258 719 206 NA NA NA NA NA 
1743973200.0 158.3 NA 262 483 0 NA NA NA NA NA NA 384 693 0 NA NA NA NA NA NA 190 674 194 NA NA NA NA NA NA 173 733 250 NA NA NA NA NA 
1743973200.0 158.5 180 406 590 131 0 NA NA NA NA 375 593 867 215 0 NA NA NA NA 7603 701 8505 125 203 NA NA NA NA 12236 1073 5485 205 298 NA NA NA NA 
1743973200.0 159.0 147 220 449 125 0 NA NA NA NA 244 325 638 209 0 NA NA NA NA 1166 159 722 136 201 NA NA NA NA 1160 161 738 166 224 NA NA NA NA 
1743973200.0 159.01 NA 201 0 NA NA NA NA NA NA NA 312 0 NA NA NA NA NA NA NA 637 77 NA NA NA NA NA NA NA 495 99 NA NA NA NA NA NA 
1743973200.0 159.02 145 219 107 444 126 0 NA NA NA 255 319 145 640 209 0 NA NA NA 927 123 46 544 99 181 NA NA NA 1166 120 63 588 116 212 NA NA NA 
1743973200.0 159.03 205 316 221 376 207 NA NA NA NA 411 537 326 579 303 NA NA NA NA 9033 1026 90 653 362 NA NA NA NA 13594 1487 80 561 353 NA NA NA NA 
1743973200.0 159.1 151 257 467 0 NA NA NA NA NA 249 361 670 0 NA NA NA NA NA 1174 268 614 209 NA NA NA NA NA 724 165 541 251 NA NA NA NA NA 
1743973200.0 159.2 149 254 465 0 NA NA NA NA NA 253 354 676 0 NA NA NA NA NA 1003 235 660 226 NA NA NA NA NA 600 178 639 274 NA NA NA NA NA 
1743973200.0 159.3 148 253 467 0 NA NA NA NA NA 242 358 654 0 NA NA NA NA NA 784 183 551 186 NA NA NA NA NA 645 114 517 238 NA NA NA NA NA 
1743973200.0 159.4 148 255 462 0 NA NA NA NA NA 255 357 683 0 NA NA NA NA NA 953 181 556 181 NA NA NA NA NA 636 112 574 213 NA NA NA NA NA 
1743973200.0 16.0 NA 193 363 0 NA NA NA NA NA NA 296 503 0 NA NA NA NA NA NA 600 962 156 NA NA NA NA NA NA 278 718 172 NA NA NA NA NA 
1743973200.0 160.0 104 229 451 125 0 NA NA NA NA 235 334 638 210 0 NA NA NA NA 891 138 668 126 215 NA NA NA NA 1115 128 699 161 244 NA NA NA NA 
1743973200.0 160.02 107 230 103 454 127 0 NA NA NA 239 338 140 646 208 0 NA NA NA 942 144 57 618 112 205 NA NA NA 1184 139 77 582 139 247 NA NA NA 
1743973200.0 160.03 154 307 166 321 198 NA NA NA NA 328 442 228 474 288 NA NA NA NA 3825 402 64 335 197 NA NA NA NA 6382 712 81 378 181 NA NA NA NA 
1743973200.0 160.1 147 290 481 0 NA NA NA NA NA 241 386 692 0 NA NA NA NA NA 1167 261 608 179 NA NA NA NA NA 707 146 610 203 NA NA NA NA NA 
1743973200.0 160.2 145 283 475 0 NA NA NA NA NA 237 398 665 0 NA NA NA NA NA 707 257 541 174 NA NA NA NA NA 602 140 484 191 NA NA NA NA NA 
1743973200.0 160.3 146 285 478 0 NA NA NA NA NA 240 385 669 0 NA NA NA NA NA 691 247 568 179 NA NA NA NA NA 604 145 498 205 NA NA NA NA NA 
1743973200.0 160.4 113 283 478 0 NA NA NA NA NA 238 407 674 0 NA NA NA NA NA 1085 344 649 216 NA NA NA NA NA 754 194 572 247 NA NA NA NA NA 
1743973200.0 17.0 NA 188 352 0 NA NA NA NA NA NA 284 518 0 NA NA NA NA NA NA 587 857 154 NA NA NA NA NA NA 268 684 184 NA NA NA NA NA 
1743973200.0 18.0 NA 178 348 0 NA NA NA NA NA NA 279 503 0 NA NA NA NA NA NA 571 793 151 NA NA NA NA NA NA 279 664 194 NA NA NA NA NA 
1743973200.0 19.0 NA 177 343 0 NA NA NA NA NA NA 273 480 0 NA NA NA NA NA NA 583 835 149 NA NA NA NA NA NA 283 713 166 NA NA NA NA NA 
1743973200.0 2.0 162 181 291 NA NA NA NA NA NA 294 273 420 NA NA NA NA NA NA 1171 192 518 NA NA NA NA NA NA 506 160 478 NA NA NA NA NA NA 
1743973200.0 20.0 NA 177 346 0 NA NA NA NA NA NA 272 484 0 NA NA NA NA NA NA 588 908 158 NA NA NA NA NA NA 260 707 175 NA NA NA NA NA 
1743973200.0 200.0 NA 239 437 0 NA NA NA NA NA NA 344 573 0 NA NA NA NA NA NA 309 861 166 NA NA NA NA NA NA 318 759 213 NA NA NA NA NA 
1743973200.0 20034.0 137 493 517 0 195 NA NA NA NA 268 646 727 0 295 NA NA NA NA 2700 838 1224 226 497 NA NA NA NA 1800 836 1313 321 553 NA NA NA NA 
1743973200.0 2017.1 482 0 192 155 NA NA NA NA NA 638 0 296 258 NA NA NA NA NA 429 107 262 175 NA NA NA NA NA 399 134 315 215 NA NA NA NA NA 
1743973200.0 2017.11 490 0 192 143 NA NA NA NA NA 664 0 298 255 NA NA NA NA NA 484 108 305 183 NA NA NA NA NA 410 139 397 235 NA NA NA NA NA 
1743973200.0 2017.12 451 0 193 152 NA NA NA NA NA 657 0 288 252 NA NA NA NA NA 418 107 251 170 NA NA NA NA NA 522 147 267 221 NA NA NA NA NA 
1743973200.0 2017.13 504 0 NA NA NA NA NA NA NA 663 0 NA NA NA NA NA NA NA 410 149 NA NA NA NA NA NA NA 351 175 NA NA NA NA NA NA NA 
1743973200.0 2017.2 412 0 188 153 NA NA NA NA NA 568 0 281 251 NA NA NA NA NA 357 99 240 160 NA NA NA NA NA 329 117 269 173 NA NA NA NA NA 
1743973200.0 2017.3 409 0 190 152 NA NA NA NA NA 566 0 292 250 NA NA NA NA NA 361 100 244 172 NA NA NA NA NA 410 136 261 198 NA NA NA NA NA 
1743973200.0 2017.4 460 0 189 153 NA NA NA NA NA 628 0 293 248 NA NA NA NA NA 398 105 254 172 NA NA NA NA NA 425 139 268 200 NA NA NA NA NA 
1743973200.0 2017.5 451 0 193 155 NA NA NA NA NA 632 0 296 253 NA NA NA NA NA 420 105 252 168 NA NA NA NA NA 550 140 266 186 NA NA NA NA NA 
1743973200.0 2017.6 475 0 181 156 NA NA NA NA NA 626 0 286 250 NA NA NA NA NA 428 107 265 171 NA NA NA NA NA 416 137 317 181 NA NA NA NA NA 
1743973200.0 2017.7 453 0 193 156 NA NA NA NA NA 633 0 297 250 NA NA NA NA NA 390 108 247 166 NA NA NA NA NA 477 165 287 192 NA NA NA NA NA 
1743973200.0 2017.8 216 NA NA NA NA NA NA NA NA 332 NA NA NA NA NA NA NA NA 319 NA NA NA NA NA NA NA NA 185 NA NA NA NA NA NA NA NA 
1743973200.0 2017.9 478 0 192 152 NA NA NA NA NA 630 0 284 251 NA NA NA NA NA 374 106 250 164 NA NA NA NA NA 468 142 287 181 NA NA NA NA NA 
1743973200.0 2018.1 482 0 185 159 NA NA NA NA NA 647 0 289 251 NA NA NA NA NA 440 107 273 181 NA NA NA NA NA 525 143 326 185 NA NA NA NA NA 
1743973200.0 2018.11 493 0 192 159 NA NA NA NA NA 653 0 276 256 NA NA NA NA NA 511 108 301 181 NA NA NA NA NA 365 125 291 204 NA NA NA NA NA 
1743973200.0 2018.12 450 0 194 157 NA NA NA NA NA 651 0 278 253 NA NA NA NA NA 418 106 254 175 NA NA NA NA NA 485 130 273 208 NA NA NA NA NA 
1743973200.0 2018.13 505 0 NA NA NA NA NA NA NA 659 0 NA NA NA NA NA NA NA 431 154 NA NA NA NA NA NA NA 320 180 NA NA NA NA NA NA NA 
1743973200.0 2018.2 407 0 196 121 NA NA NA NA NA 559 0 284 255 NA NA NA NA NA 372 99 243 167 NA NA NA NA NA 381 135 261 208 NA NA NA NA NA 
1743973200.0 2018.3 397 0 188 155 NA NA NA NA NA 565 0 278 262 NA NA NA NA NA 373 101 244 164 NA NA NA NA NA 440 144 287 179 NA NA NA NA NA 
1743973200.0 2018.4 481 0 189 158 NA NA NA NA NA 651 0 287 255 NA NA NA NA NA 414 104 249 173 NA NA NA NA NA 348 120 273 186 NA NA NA NA NA 
1743973200.0 2018.5 476 0 190 157 NA NA NA NA NA 643 0 283 249 NA NA NA NA NA 398 108 252 174 NA NA NA NA NA 413 192 295 198 NA NA NA NA NA 
1743973200.0 2018.6 483 0 189 157 NA NA NA NA NA 642 0 289 257 NA NA NA NA NA 425 106 260 174 NA NA NA NA NA 350 123 315 196 NA NA NA NA NA 
1743973200.0 2018.7 477 0 194 157 NA NA NA NA NA 641 0 283 254 NA NA NA NA NA 408 107 254 175 NA NA NA NA NA 428 142 282 189 NA NA NA NA NA 
1743973200.0 2018.8 215 NA NA NA NA NA NA NA NA 327 NA NA NA NA NA NA NA NA 319 NA NA NA NA NA NA NA NA 208 NA NA NA NA NA NA NA NA 
1743973200.0 2018.9 428 0 190 155 NA NA NA NA NA 621 0 288 254 NA NA NA NA NA 404 107 246 167 NA NA NA NA NA 538 153 344 178 NA NA NA NA NA 
1743973200.0 202.0 NA 246 429 0 NA NA NA NA NA NA 363 598 0 NA NA NA NA NA NA 349 938 191 NA NA NA NA NA NA 370 999 215 NA NA NA NA NA 
1743973200.0 203.0 NA 222 438 0 NA NA NA NA NA NA 362 581 0 NA NA NA NA NA NA 384 1125 202 NA NA NA NA NA NA 369 977 227 NA NA NA NA NA 
1743973200.0 204.0 160 242 427 0 NA NA NA NA NA 285 357 597 0 NA NA NA NA NA 896 383 1047 226 NA NA NA NA NA 545 375 972 263 NA NA NA NA NA 
1743973200.0 205.0 NA 248 436 0 NA NA NA NA NA NA 362 593 0 NA NA NA NA NA NA 374 934 196 NA NA NA NA NA NA 421 971 217 NA NA NA NA NA 
1743973200.0 20834.0 NA 573 498 0 199 NA NA NA NA NA 762 745 0 297 NA NA NA NA NA 968 1277 228 500 NA NA NA NA NA 1134 1436 416 546 NA NA NA NA 
1743973200.0 20834.21 NA 406 283 233 NA NA NA NA NA NA 611 478 336 NA NA NA NA NA NA 1076 721 687 NA NA NA NA NA NA 719 611 569 NA NA NA NA NA 
1743973200.0 20834.5 NA 590 200 0 NA NA NA NA NA NA 780 319 0 NA NA NA NA NA NA 1279 587 84 NA NA NA NA NA NA 879 656 105 NA NA NA NA NA 
1743973200.0 20834.501 NA 587 263 0 NA NA NA NA NA NA 757 550 0 NA NA NA NA NA NA 933 520 99 NA NA NA NA NA NA 765 497 123 NA NA NA NA NA 
1743973200.0 20834.502 NA 595 234 0 NA NA NA NA NA NA 744 548 0 NA NA NA NA NA NA 1262 579 93 NA NA NA NA NA NA 991 530 115 NA NA NA NA NA 
1743973200.0 20834.9 NA 581 547 0 198 NA NA NA NA NA 782 761 0 298 NA NA NA NA NA 933 1298 226 502 NA NA NA NA NA 1027 1466 391 513 NA NA NA NA 
1743973200.0 20896.0 NA 553 487 0 188 NA NA NA NA NA 701 676 0 293 NA NA NA NA NA 888 1038 210 243 NA NA NA NA NA 866 964 259 252 NA NA NA NA 
1743973200.0 20900.0 NA 509 481 0 187 NA NA NA NA NA 722 651 0 293 NA NA NA NA NA 890 1029 205 244 NA NA NA NA NA 781 991 226 249 NA NA NA NA 
1743973200.0 21.0 NA 178 347 0 NA NA NA NA NA NA 276 494 0 NA NA NA NA NA NA 600 963 161 NA NA NA NA NA NA 287 737 180 NA NA NA NA NA 
1743973200.0 21034.114 NA 1356 1789 0 NA NA NA NA NA NA 1849 2679 0 NA NA NA NA NA NA 5426 7801 261 NA NA NA NA NA NA 3313 2954 368 NA NA NA NA NA 
1743973200.0 21034.21 NA 791 719 300 NA NA NA NA NA NA 1192 1101 414 NA NA NA NA NA NA 4485 3821 879 NA NA NA NA NA NA 2461 1399 602 NA NA NA NA NA 
1743973200.0 21034.99 NA 976 1357 1157 0 NA NA NA NA NA 1517 1951 1557 0 NA NA NA NA NA 3712 2222 6515 248 NA NA NA NA NA 2926 1091 2405 279 NA NA NA NA 
1743973200.0 21034.9921 NA 848 942 667 301 NA NA NA NA NA 1355 1374 1016 409 NA NA NA NA NA 3501 1837 3868 874 NA NA NA NA NA 2734 827 1340 581 NA NA NA NA 
1743973200.0 21034.999 NA 555 830 694 0 NA NA NA NA NA 827 1167 885 0 NA NA NA NA NA 1641 1301 2147 237 NA NA NA NA NA 1898 941 1432 255 NA NA NA NA 
1743973200.0 21061.97 959 NA NA NA NA NA NA NA NA 1476 NA NA NA NA NA NA NA NA 4585 NA NA NA NA NA NA NA NA 2891 NA NA NA NA NA NA NA NA 
1743973200.0 22.0 NA 192 357 0 NA NA NA NA NA NA 288 520 0 NA NA NA NA NA NA 636 1069 165 NA NA NA NA NA NA 300 737 187 NA NA NA NA NA 
1743973200.0 22034.0 172 480 532 0 195 NA NA NA NA 275 664 709 0 305 NA NA NA NA 2635 798 1196 220 493 NA NA NA NA 1201 572 1019 248 539 NA NA NA NA 
1743973200.0 22434.0 181 500 525 0 196 NA NA NA NA 281 689 722 0 291 NA NA NA NA 2681 845 1222 226 503 NA NA NA NA 1688 787 1311 313 511 NA NA NA NA 
1743973200.0 22834.0 135 513 521 0 196 NA NA NA NA 283 671 717 0 296 NA NA NA NA 2399 578 1007 183 258 NA NA NA NA 1047 319 825 199 288 NA NA NA NA 
1743973200.0 23.0 NA 207 386 0 NA NA NA NA NA NA 315 528 0 NA NA NA NA NA NA 688 1189 180 NA NA NA NA NA NA 295 778 207 NA NA NA NA NA 
1743973200.0 23234.0 152 495 469 0 194 NA NA NA NA 280 701 717 0 309 NA NA NA NA 3098 908 1299 248 548 NA NA NA NA 1856 848 1343 454 656 NA NA NA NA 
1743973200.0 23634.0 NA 585 494 0 200 NA NA NA NA NA 749 720 0 301 NA NA NA NA NA 943 1234 225 515 NA NA NA NA NA 993 1366 291 513 NA NA NA NA 
1743973200.0 23634.103 NA 595 544 0 198 NA NA NA NA NA 792 725 0 305 NA NA NA NA NA 1227 1272 224 500 NA NA NA NA NA 971 1170 313 526 NA NA NA NA 
1743973200.0 23634.21 NA 411 275 236 NA NA NA NA NA NA 629 476 340 NA NA NA NA NA NA 854 688 594 NA NA NA NA NA NA 597 695 503 NA NA NA NA NA 
1743973200.0 23634.5 NA 601 202 0 NA NA NA NA NA NA 769 322 0 NA NA NA NA NA NA 950 517 79 NA NA NA NA NA NA 658 500 96 NA NA NA NA NA 
1743973200.0 23634.9 NA 558 499 0 201 NA NA NA NA NA 733 761 0 306 NA NA NA NA NA 975 1223 228 507 NA NA NA NA NA 1058 1356 392 584 NA NA NA NA 
1743973200.0 23634.911 165 569 555 0 199 NA NA NA NA 290 748 756 0 304 NA NA NA NA 4591 2286 2428 654 505 NA NA NA NA 3240 2186 1887 780 566 NA NA NA NA 
1743973200.0 23696.0 NA 515 492 0 185 NA NA NA NA NA 713 687 0 287 NA NA NA NA NA 880 1025 208 254 NA NA NA NA NA 761 976 243 365 NA NA NA NA 
1743973200.0 23700.0 NA 559 491 0 188 NA NA NA NA NA 703 668 0 285 NA NA NA NA NA 882 1035 208 246 NA NA NA NA NA 669 983 229 251 NA NA NA NA 
1743973200.0 23834.21 NA 820 727 293 NA NA NA NA NA NA 1222 1168 403 NA NA NA NA NA NA 4329 4041 906 NA NA NA NA NA NA 2507 1409 614 NA NA NA NA NA 
1743973200.0 23834.99 NA 999 1307 1131 0 NA NA NA NA NA 1548 1820 1598 0 NA NA NA NA NA 3653 2416 6506 253 NA NA NA NA NA 2873 1135 2417 327 NA NA NA NA 
1743973200.0 23834.9921 NA 853 969 688 294 NA NA NA NA NA 1391 1351 1104 413 NA NA NA NA NA 3345 1844 3868 894 NA NA NA NA NA 2799 829 1441 591 NA NA NA NA 
1743973200.0 23834.999 NA 497 849 661 0 NA NA NA NA NA 775 1178 907 0 NA NA NA NA NA 1574 1283 1988 236 NA NA NA NA NA 1956 966 1411 258 NA NA NA NA 
1743973200.0 23861.97 1032 NA NA NA NA NA NA NA NA 1485 NA NA NA NA NA NA NA NA 3577 NA NA NA NA NA NA NA NA 2826 NA NA NA NA NA NA NA NA 
1743973200.0 24.0 NA 207 389 0 NA NA NA NA NA NA 320 553 0 NA NA NA NA NA NA 815 1769 208 NA NA NA NA NA NA 339 983 238 NA NA NA NA NA 
1743973200.0 24034.0 NA 523 522 0 197 NA NA NA NA NA 679 712 0 296 NA NA NA NA NA 861 1212 224 503 NA NA NA NA NA 635 1121 244 471 NA NA NA NA 
1743973200.0 24434.0 161 476 541 0 197 NA NA NA NA 269 680 706 0 291 NA NA NA NA 2620 804 1194 226 491 NA NA NA NA 1605 645 1076 361 519 NA NA NA NA 
1743973200.0 24834.0 170 517 535 0 197 NA NA NA NA 268 678 712 0 306 NA NA NA NA 2680 800 1180 220 493 NA NA NA NA 1476 550 1033 280 515 NA NA NA NA 
1743973200.0 25.0 NA 208 410 0 128 NA NA NA NA NA 316 548 0 202 NA NA NA NA NA 908 2078 224 167 NA NA NA NA NA 407 1155 253 212 NA NA NA NA 
1743973200.0 2500.31 NA 223 0 NA NA NA NA NA NA NA 342 0 NA NA NA NA NA NA NA 9632 64 NA NA NA NA NA NA NA 3563 83 NA NA NA NA NA NA 
1743973200.0 2500.311 NA 268 0 NA NA NA NA NA NA NA 503 0 NA NA NA NA NA NA NA 10795 65 NA NA NA NA NA NA NA 4425 89 NA NA NA NA NA NA 
1743973200.0 2500.312 NA 273 0 NA NA NA NA NA NA NA 490 0 NA NA NA NA NA NA NA 10408 81 NA NA NA NA NA NA NA 3970 120 NA NA NA NA NA NA 
1743973200.0 2500.33 NA 235 0 NA NA NA NA NA NA NA 364 0 NA NA NA NA NA NA NA 6276 84 NA NA NA NA NA NA NA 2152 105 NA NA NA NA NA NA 
1743973200.0 2500.331 NA 254 0 NA NA NA NA NA NA NA 410 0 NA NA NA NA NA NA NA 9501 62 NA NA NA NA NA NA NA 3624 80 NA NA NA NA NA NA 
1743973200.0 2500.332 NA 246 0 NA NA NA NA NA NA NA 375 0 NA NA NA NA NA NA NA 6783 64 NA NA NA NA NA NA NA 3627 87 NA NA NA NA NA NA 
1743973200.0 2500.401 NA 209 0 NA NA NA NA NA NA NA 343 0 NA NA NA NA NA NA NA 9550 64 NA NA NA NA NA NA NA 3299 81 NA NA NA NA NA NA 
1743973200.0 2500.501 NA 198 0 NA NA NA NA NA NA NA 326 0 NA NA NA NA NA NA NA 6156 70 NA NA NA NA NA NA NA 2105 87 NA NA NA NA NA NA 
1743973200.0 2500.511 NA 236 0 NA NA NA NA NA NA NA 408 0 NA NA NA NA NA NA NA 11498 66 NA NA NA NA NA NA NA 3759 100 NA NA NA NA NA NA 
1743973200.0 2500.5111 NA 204 0 NA NA NA NA NA NA NA 343 0 NA NA NA NA NA NA NA 1420 64 NA NA NA NA NA NA NA 646 86 NA NA NA NA NA NA 
1743973200.0 2500.601 NA 199 0 NA NA NA NA NA NA NA 339 0 NA NA NA NA NA NA NA 4192 68 NA NA NA NA NA NA NA 2655 89 NA NA NA NA NA NA 
1743973200.0 250199.0 383 NA NA NA NA NA NA NA NA 578 NA NA NA NA NA NA NA NA 913 NA NA NA NA NA NA NA NA 684 NA NA NA NA NA NA NA NA 
1743973200.0 250199.17 397 NA NA NA NA NA NA NA NA 588 NA NA NA NA NA NA NA NA 1037 NA NA NA NA NA NA NA NA 741 NA NA NA NA NA NA NA NA 
1743973200.0 250199.18 465 NA NA NA NA NA NA NA NA 685 NA NA NA NA NA NA NA NA 1530 NA NA NA NA NA NA NA NA 834 NA NA NA NA NA NA NA NA 
1743973200.0 250200.0 NA 427 488 0 NA NA NA NA NA NA 630 654 0 NA NA NA NA NA NA 2465 1300 182 NA NA NA NA NA NA 1037 985 204 NA NA NA NA NA 
1743973200.0 250200.1 166 396 351 NA NA NA NA NA NA 279 572 520 NA NA NA NA NA NA 778 311 797 NA NA NA NA NA NA 436 438 605 NA NA NA NA NA NA 
1743973200.0 250200.117 138 496 370 NA NA NA NA NA NA 238 660 518 NA NA NA NA NA NA 893 1058 692 NA NA NA NA NA NA 448 534 485 NA NA NA NA NA NA 
1743973200.0 250200.118 133 542 400 161 NA NA NA NA NA 232 785 561 251 NA NA NA NA NA 1093 1141 933 180 NA NA NA NA NA 535 557 638 197 NA NA NA NA NA 
1743973200.0 250200.17 NA 478 564 0 NA NA NA NA NA NA 748 765 0 NA NA NA NA NA NA 3726 1158 250 NA NA NA NA NA NA 1353 829 274 NA NA NA NA NA 
1743973200.0 250200.18 NA 522 596 0 NA NA NA NA NA NA 820 842 0 NA NA NA NA NA NA 3590 1269 190 NA NA NA NA NA NA 1501 1049 217 NA NA NA NA NA 
1743973200.0 250200.182 103 571 612 0 NA NA NA NA NA 238 798 859 0 NA NA NA NA NA 1039 1449 1785 242 NA NA NA NA NA 624 649 1090 264 NA NA NA NA NA 
1743973200.0 250202.0 NA 431 486 0 NA NA NA NA NA NA 651 662 0 NA NA NA NA NA NA 2809 1512 208 NA NA NA NA NA NA 1128 1111 236 NA NA NA NA NA 
1743973200.0 250202.1 NA 387 420 492 0 NA NA NA NA NA 582 594 655 0 NA NA NA NA NA 962 1973 1107 159 NA NA NA NA NA 739 663 814 187 NA NA NA NA 
1743973200.0 250202.118 138 541 403 163 NA NA NA NA NA 237 747 573 261 NA NA NA NA NA 1494 1415 985 217 NA NA NA NA NA 705 627 623 232 NA NA NA NA NA 
1743973200.0 250202.17 NA 529 572 0 NA NA NA NA NA NA 761 763 0 NA NA NA NA NA NA 3927 1328 219 NA NA NA NA NA NA 1487 1208 240 NA NA NA NA NA 
1743973200.0 250202.171 NA 399 508 565 0 NA NA NA NA NA 580 689 751 0 NA NA NA NA NA 1003 3002 1195 198 NA NA NA NA NA 670 985 903 222 NA NA NA NA 
1743973200.0 250202.172 NA 527 586 0 NA NA NA NA NA NA 730 784 0 NA NA NA NA NA NA 3819 1338 242 NA NA NA NA NA NA 1353 857 305 NA NA NA NA NA 
1743973200.0 250202.18 NA 563 614 0 NA NA NA NA NA NA 836 829 0 NA NA NA NA NA NA 3711 1354 192 NA NA NA NA NA NA 2035 973 212 NA NA NA NA NA 
1743973200.0 250202.181 NA 482 567 595 0 NA NA NA NA NA 703 838 817 0 NA NA NA NA NA 1525 3597 1294 196 NA NA NA NA NA 876 1174 863 225 NA NA NA NA 
1743973200.0 250202.182 141 561 610 0 NA NA NA NA NA 244 814 864 0 NA NA NA NA NA 1497 1374 1829 219 NA NA NA NA NA 697 683 1086 242 NA NA NA NA NA 
1743973200.0 250202.183 141 566 607 0 NA NA NA NA NA 245 764 849 0 NA NA NA NA NA 1273 1185 1496 241 NA NA NA NA NA 607 605 1023 287 NA NA NA NA NA 
1743973200.0 250202.184 NA 398 571 610 0 NA NA NA NA NA 639 834 839 0 NA NA NA NA NA 1446 3940 1485 196 NA NA NA NA NA 1005 1299 991 222 NA NA NA NA 
1743973200.0 250202.2 NA 429 461 0 NA NA NA NA NA NA 644 645 0 NA NA NA NA NA NA 5022 1224 211 NA NA NA NA NA NA 2097 1016 241 NA NA NA NA NA 
1743973200.0 250202.3 NA 387 428 484 0 NA NA NA NA NA 578 624 647 0 NA NA NA NA NA 964 3856 1068 155 NA NA NA NA NA 723 1202 812 172 NA NA NA NA 
1743973200.0 250202.4 NA 427 459 0 NA NA NA NA NA NA 642 660 0 NA NA NA NA NA NA 5153 1259 189 NA NA NA NA NA NA 1741 1055 210 NA NA NA NA NA 
1743973200.0 250202.5 NA 389 424 487 0 NA NA NA NA NA 588 611 649 0 NA NA NA NA NA 949 3831 1037 157 NA NA NA NA NA 676 1095 740 181 NA NA NA NA 
1743973200.0 250203.0 NA 432 462 0 NA NA NA NA NA NA 654 666 0 NA NA NA NA NA NA 2605 1296 186 NA NA NA NA NA NA 1156 1160 207 NA NA NA NA NA 
1743973200.0 250203.17 NA 517 558 0 NA NA NA NA NA NA 745 784 0 NA NA NA NA NA NA 3757 1350 268 NA NA NA NA NA NA 1764 1064 299 NA NA NA NA NA 
1743973200.0 250203.18 NA 554 605 0 NA NA NA NA NA NA 816 857 0 NA NA NA NA NA NA 3555 1298 192 NA NA NA NA NA NA 1733 883 219 NA NA NA NA NA 
1743973200.0 250204.0 NA 423 481 0 NA NA NA NA NA NA 656 673 0 NA NA NA NA NA NA 2605 1332 203 NA NA NA NA NA NA 1064 1029 253 NA NA NA NA NA 
1743973200.0 250204.17 NA 509 565 0 NA NA NA NA NA NA 716 826 0 NA NA NA NA NA NA 3860 1473 250 NA NA NA NA NA NA 1489 1104 298 NA NA NA NA NA 
1743973200.0 250204.18 NA 526 604 0 NA NA NA NA NA NA 836 827 0 NA NA NA NA NA NA 3602 1333 191 NA NA NA NA NA NA 1359 916 211 NA NA NA NA NA 
1743973200.0 250205.0 NA 445 474 0 NA NA NA NA NA NA 658 635 0 NA NA NA NA NA NA 2626 1164 220 NA NA NA NA NA NA 1160 1109 246 NA NA NA NA NA 
1743973200.0 250205.17 NA 516 574 0 NA NA NA NA NA NA 734 826 0 NA NA NA NA NA NA 2885 1062 188 NA NA NA NA NA NA 1153 763 227 NA NA NA NA NA 
1743973200.0 250205.18 NA 554 598 0 NA NA NA NA NA NA 800 829 0 NA NA NA NA NA NA 3550 1429 192 NA NA NA NA NA NA 1376 926 216 NA NA NA NA NA 
1743973200.0 250206.0 NA 426 483 0 NA NA NA NA NA NA 604 638 0 NA NA NA NA NA NA 2635 1222 192 NA NA NA NA NA NA 1065 908 214 NA NA NA NA NA 
1743973200.0 250206.118 132 501 387 160 NA NA NA NA NA 229 706 572 259 NA NA NA NA NA 642 1202 793 209 NA NA NA NA NA 446 623 589 217 NA NA NA NA NA 
1743973200.0 250206.17 NA 510 560 0 NA NA NA NA NA NA 703 754 0 NA NA NA NA NA NA 2891 1023 188 NA NA NA NA NA NA 1133 816 210 NA NA NA NA NA 
1743973200.0 250206.18 NA 574 642 0 NA NA NA NA NA NA 858 881 0 NA NA NA NA NA NA 3602 1240 193 NA NA NA NA NA NA 1422 820 230 NA NA NA NA NA 
1743973200.0 250206.181 NA 465 559 636 0 NA NA NA NA NA 672 811 881 0 NA NA NA NA NA 1511 3540 1234 193 NA NA NA NA NA 837 1096 892 217 NA NA NA NA 
1743973200.0 250206.182 102 525 637 0 NA NA NA NA NA 234 698 862 0 NA NA NA NA NA 524 1006 985 197 NA NA NA NA NA 426 565 806 247 NA NA NA NA NA 
1743973200.0 250207.0 NA 429 480 0 NA NA NA NA NA NA 645 640 0 NA NA NA NA NA NA 1956 1118 189 NA NA NA NA NA NA 969 818 211 NA NA NA NA NA 
1743973200.0 250207.17 NA 503 554 0 NA NA NA NA NA NA 691 738 0 NA NA NA NA NA NA 3394 1169 209 NA NA NA NA NA NA 1295 895 229 NA NA NA NA NA 
1743973200.0 250207.18 NA 556 585 0 NA NA NA NA NA NA 803 800 0 NA NA NA NA NA NA 3401 1174 185 NA NA NA NA NA NA 1268 878 224 NA NA NA NA NA 
1743973200.0 250208.17 NA 519 587 0 NA NA NA NA NA NA 703 828 0 NA NA NA NA NA NA 3097 1367 196 NA NA NA NA NA NA 1121 882 228 NA NA NA NA NA 
1743973200.0 250208.18 NA 555 614 0 NA NA NA NA NA NA 820 853 0 NA NA NA NA NA NA 3775 1728 194 NA NA NA NA NA NA 1505 954 216 NA NA NA NA NA 
1743973200.0 250399.0 290 NA NA NA NA NA NA NA NA 413 NA NA NA NA NA NA NA NA 313 NA NA NA NA NA NA NA NA 465 NA NA NA NA NA NA NA NA 
1743973200.0 250399.17 358 NA NA NA NA NA NA NA NA 477 NA NA NA NA NA NA NA NA 401 NA NA NA NA NA NA NA NA 381 NA NA NA NA NA NA NA NA 
1743973200.0 250399.18 359 NA NA NA NA NA NA NA NA 479 NA NA NA NA NA NA NA NA 423 NA NA NA NA NA NA NA NA 402 NA NA NA NA NA NA NA NA 
1743973200.0 250400.0 401 0 182 NA NA NA NA NA NA 611 0 282 NA NA NA NA NA NA 410 94 281 NA NA NA NA NA NA 569 110 332 NA NA NA NA NA NA 
1743973200.0 250400.17 529 0 198 NA NA NA NA NA NA 705 0 292 NA NA NA NA NA NA 490 109 282 NA NA NA NA NA NA 661 143 402 NA NA NA NA NA NA 
1743973200.0 250400.18 536 0 195 NA NA NA NA NA NA 711 0 285 NA NA NA NA NA NA 496 105 287 NA NA NA NA NA NA 581 123 283 NA NA NA NA NA NA 
1743973200.0 250402.0 449 0 195 NA NA NA NA NA NA 631 0 280 NA NA NA NA NA NA 450 98 278 NA NA NA NA NA NA 645 125 263 NA NA NA NA NA NA 
1743973200.0 250402.1 297 443 0 NA NA NA NA NA NA 418 581 0 NA NA NA NA NA NA 299 449 98 NA NA NA NA NA NA 447 355 121 NA NA NA NA NA NA 
1743973200.0 250402.17 527 0 200 NA NA NA NA NA NA 715 0 291 NA NA NA NA NA NA 510 112 282 NA NA NA NA NA NA 591 134 317 NA NA NA NA NA NA 
1743973200.0 250402.171 359 524 0 NA NA NA NA NA NA 478 711 0 NA NA NA NA NA NA 406 527 122 NA NA NA NA NA NA 448 407 152 NA NA NA NA NA NA 
1743973200.0 250402.18 501 0 190 NA NA NA NA NA NA 698 0 288 NA NA NA NA NA NA 550 116 291 NA NA NA NA NA NA 635 138 361 NA NA NA NA NA NA 
1743973200.0 250402.181 323 529 0 NA NA NA NA NA NA 491 700 0 NA NA NA NA NA NA 425 509 112 NA NA NA NA NA NA 505 413 140 NA NA NA NA NA NA 
1743973200.0 250403.0 457 0 200 NA NA NA NA NA NA 630 0 286 NA NA NA NA NA NA 426 94 272 NA NA NA NA NA NA 634 116 308 NA NA NA NA NA NA 
1743973200.0 250403.17 513 0 184 NA NA NA NA NA NA 698 0 295 NA NA NA NA NA NA 500 105 281 NA NA NA NA NA NA 683 146 296 NA NA NA NA NA NA 
1743973200.0 250403.18 529 0 196 NA NA NA NA NA NA 703 0 293 NA NA NA NA NA NA 513 104 270 NA NA NA NA NA NA 637 121 277 NA NA NA NA NA NA 
1743973200.0 250405.0 452 0 180 NA NA NA NA NA NA 631 0 290 NA NA NA NA NA NA 408 93 279 NA NA NA NA NA NA 551 114 335 NA NA NA NA NA NA 
1743973200.0 250405.17 496 0 192 NA NA NA NA NA NA 729 0 304 NA NA NA NA NA NA 492 107 293 NA NA NA NA NA NA 617 125 335 NA NA NA NA NA NA 
1743973200.0 250405.18 516 0 190 NA NA NA NA NA NA 708 0 295 NA NA NA NA NA NA 512 104 283 NA NA NA NA NA NA 659 124 306 NA NA NA NA NA NA 
1743973200.0 250406.0 444 0 185 NA NA NA NA NA NA 617 0 280 NA NA NA NA NA NA 373 94 260 NA NA NA NA NA NA 569 157 340 NA NA NA NA NA NA 
1743973200.0 250406.17 455 0 187 NA NA NA NA NA NA 692 0 293 NA NA NA NA NA NA 437 107 274 NA NA NA NA NA NA 659 131 331 NA NA NA NA NA NA 
1743973200.0 250406.18 533 0 192 NA NA NA NA NA NA 677 0 286 NA NA NA NA NA NA 512 114 307 NA NA NA NA NA NA 637 134 320 NA NA NA NA NA NA 
1743973200.0 250407.0 381 0 187 NA NA NA NA NA NA 543 0 291 NA NA NA NA NA NA 378 83 258 NA NA NA NA NA NA 516 100 293 NA NA NA NA NA NA 
1743973200.0 250407.17 438 0 187 NA NA NA NA NA NA 615 0 299 NA NA NA NA NA NA 449 96 281 NA NA NA NA NA NA 729 151 329 NA NA NA NA NA NA 
1743973200.0 250407.18 454 0 186 NA NA NA NA NA NA 616 0 291 NA NA NA NA NA NA 463 97 270 NA NA NA NA NA NA 638 160 347 NA NA NA NA NA NA 
1743973200.0 250408.0 449 0 198 NA NA NA NA NA NA 630 0 288 NA NA NA NA NA NA 452 95 273 NA NA NA NA NA NA 587 115 282 NA NA NA NA NA NA 
1743973200.0 250408.17 522 0 198 NA NA NA NA NA NA 682 0 292 NA NA NA NA NA NA 530 110 282 NA NA NA NA NA NA 656 139 274 NA NA NA NA NA NA 
1743973200.0 250408.18 517 0 199 NA NA NA NA NA NA 724 0 303 NA NA NA NA NA NA 546 110 278 NA NA NA NA NA NA 687 137 264 NA NA NA NA NA NA 
1743973200.0 250409.0 398 0 190 NA NA NA NA NA NA 640 0 297 NA NA NA NA NA NA 556 97 313 NA NA NA NA NA NA 786 132 294 NA NA NA NA NA NA 
1743973200.0 250409.17 498 0 205 NA NA NA NA NA NA 723 0 298 NA NA NA NA NA NA 647 113 342 NA NA NA NA NA NA 744 141 296 NA NA NA NA NA NA 
1743973200.0 250409.18 533 0 205 NA NA NA NA NA NA 746 0 299 NA NA NA NA NA NA 653 106 314 NA NA NA NA NA NA 738 145 267 NA NA NA NA NA NA 
1743973200.0 25200.0 NA 428 665 0 158 NA NA NA NA NA 603 932 0 259 NA NA NA NA NA 843 1245 155 179 NA NA NA NA NA 536 1054 177 225 NA NA NA NA 
1743973200.0 25202.0 NA 415 653 0 160 NA NA NA NA NA 608 911 0 261 NA NA NA NA NA 807 1274 155 179 NA NA NA NA NA 554 1096 176 211 NA NA NA NA 
1743973200.0 25202.1 NA 436 630 0 NA NA NA NA NA NA 630 871 0 NA NA NA NA NA NA 1317 1271 182 NA NA NA NA NA NA 731 1053 234 NA NA NA NA NA 
1743973200.0 25202.15 NA 401 663 0 174 NA NA NA NA NA 580 863 0 284 NA NA NA NA NA 864 1296 154 205 NA NA NA NA NA 641 1037 173 208 NA NA NA NA 
1743973200.0 25202.2 NA 426 656 0 NA NA NA NA NA NA 603 878 0 NA NA NA NA NA NA 1367 1571 178 NA NA NA NA NA NA 857 1123 200 NA NA NA NA NA 
1743973200.0 25203.0 NA 432 681 0 160 NA NA NA NA NA 590 911 0 259 NA NA NA NA NA 876 1246 155 179 NA NA NA NA NA 585 989 178 209 NA NA NA NA 
1743973200.0 25204.0 NA 429 647 0 NA NA NA NA NA NA 580 859 0 NA NA NA NA NA NA 868 1575 200 NA NA NA NA NA NA 547 1232 229 NA NA NA NA NA 
1743973200.0 25205.0 NA 426 642 0 158 NA NA NA NA NA 598 826 0 255 NA NA NA NA NA 849 1213 152 176 NA NA NA NA NA 511 1060 173 199 NA NA NA NA 
1743973200.0 25206.0 NA 428 687 0 157 NA NA NA NA NA 598 935 0 254 NA NA NA NA NA 824 1233 156 174 NA NA NA NA NA 620 1061 184 214 NA NA NA NA 
1743973200.0 25207.0 NA 414 615 0 NA NA NA NA NA NA 584 892 0 NA NA NA NA NA NA 1006 1585 195 NA NA NA NA NA NA 659 1357 217 NA NA NA NA NA 
1743973200.0 25208.0 NA 428 652 0 NA NA NA NA NA NA 590 856 0 NA NA NA NA NA NA 1058 1865 181 NA NA NA NA NA NA 667 1240 200 NA NA NA NA NA 
1743973200.0 25209.0 NA 400 651 0 159 NA NA NA NA NA 600 873 0 258 NA NA NA NA NA 888 1596 170 238 NA NA NA NA NA 638 1199 193 232 NA NA NA NA 
1743973200.0 25210.0 152 407 654 0 NA NA NA NA NA 265 550 834 0 NA NA NA NA NA 1657 543 1130 209 NA NA NA NA NA 857 460 1227 236 NA NA NA NA NA 
1743973200.0 25211.0 129 421 637 0 NA NA NA NA NA 276 578 889 0 NA NA NA NA NA 3064 820 1224 158 NA NA NA NA NA 1258 542 1091 183 NA NA NA NA NA 
1743973200.0 25211.17 140 476 709 0 NA NA NA NA NA 241 632 978 0 NA NA NA NA NA 3149 1289 1345 190 NA NA NA NA NA 1185 644 1064 210 NA NA NA NA NA 
1743973200.0 25211.18 138 550 811 0 NA NA NA NA NA 247 760 1062 0 NA NA NA NA NA 3222 1743 1731 195 NA NA NA NA NA 1520 746 1119 222 NA NA NA NA NA 
1743973200.0 25212.0 124 421 648 0 NA NA NA NA NA 278 608 814 0 NA NA NA NA NA 4009 822 1217 161 NA NA NA NA NA 1866 645 1034 184 NA NA NA NA NA 
1743973200.0 25212.17 140 479 722 0 NA NA NA NA NA 245 648 977 0 NA NA NA NA NA 4130 1278 1347 195 NA NA NA NA NA 1840 612 1053 225 NA NA NA NA NA 
1743973200.0 25212.18 141 530 821 0 NA NA NA NA NA 244 779 1098 0 NA NA NA NA NA 4133 1753 1716 202 NA NA NA NA NA 1528 798 1058 221 NA NA NA NA NA 
1743973200.0 25213.0 161 426 642 0 NA NA NA NA NA 279 592 884 0 NA NA NA NA NA 4122 782 1221 155 NA NA NA NA NA 1788 500 922 176 NA NA NA NA NA 
1743973200.0 25213.17 105 469 704 0 NA NA NA NA NA 244 667 951 0 NA NA NA NA NA 4039 1289 1346 191 NA NA NA NA NA 1509 746 1058 215 NA NA NA NA NA 
1743973200.0 25213.18 142 532 818 0 NA NA NA NA NA 248 770 1055 0 NA NA NA NA NA 4053 1810 1632 198 NA NA NA NA NA 1395 822 1123 216 NA NA NA NA NA 
1743973200.0 25214.0 NA 421 646 0 NA NA NA NA NA NA 613 889 0 NA NA NA NA NA NA 1075 1372 243 NA NA NA NA NA NA 650 1121 273 NA NA NA NA NA 
1743973200.0 25215.0 62 117 429 647 0 NA NA NA NA 88 272 602 896 0 NA NA NA NA 30 1153 971 1563 207 NA NA NA NA 65 538 611 1139 240 NA NA NA NA 
1743973200.0 25215.17 62 139 475 715 0 NA NA NA NA 88 243 637 976 0 NA NA NA NA 24 1097 1287 1311 195 NA NA NA NA 68 632 676 983 240 NA NA NA NA 
1743973200.0 25215.18 62 138 556 826 0 NA NA NA NA 88 240 764 1093 0 NA NA NA NA 24 985 1740 1622 192 NA NA NA NA 84 564 764 1027 210 NA NA NA NA 
1743973200.0 25234.0 182 510 542 0 197 NA NA NA NA 281 674 703 0 304 NA NA NA NA 2636 828 1208 227 499 NA NA NA NA 1772 669 1153 281 504 NA NA NA NA 
1743973200.0 25234.911 153 480 499 0 198 NA NA NA NA 296 693 723 0 290 NA NA NA NA 4661 2131 2450 642 495 NA NA NA NA 3603 1583 1922 852 607 NA NA NA NA 
1743973200.0 25400.0 538 0 194 NA NA NA NA NA NA 743 0 289 NA NA NA NA NA NA 869 101 271 NA NA NA NA NA NA 741 130 330 NA NA NA NA NA NA 
1743973200.0 25400.17 652 0 198 NA NA NA NA NA NA 839 0 292 NA NA NA NA NA NA 1251 114 287 NA NA NA NA NA NA 728 148 330 NA NA NA NA NA NA 
1743973200.0 25400.18 657 0 194 NA NA NA NA NA NA 862 0 289 NA NA NA NA NA NA 1225 113 271 NA NA NA NA NA NA 782 134 271 NA NA NA NA NA NA 
1743973200.0 25402.0 556 0 195 NA NA NA NA NA NA 727 0 281 NA NA NA NA NA NA 833 101 286 NA NA NA NA NA NA 744 123 277 NA NA NA NA NA NA 
1743973200.0 25402.17 657 0 201 NA NA NA NA NA NA 842 0 292 NA NA NA NA NA NA 1337 110 291 NA NA NA NA NA NA 770 125 282 NA NA NA NA NA NA 
1743973200.0 25402.18 655 0 198 NA NA NA NA NA NA 892 0 287 NA NA NA NA NA NA 1399 119 280 NA NA NA NA NA NA 783 153 292 NA NA NA NA NA NA 
1743973200.0 25403.0 547 0 192 NA NA NA NA NA NA 724 0 296 NA NA NA NA NA NA 805 98 276 NA NA NA NA NA NA 732 120 273 NA NA NA NA NA NA 
1743973200.0 25403.17 649 0 201 NA NA NA NA NA NA 858 0 288 NA NA NA NA NA NA 1243 110 278 NA NA NA NA NA NA 754 131 287 NA NA NA NA NA NA 
1743973200.0 25403.18 658 0 199 NA NA NA NA NA NA 858 0 294 NA NA NA NA NA NA 1220 108 276 NA NA NA NA NA NA 774 124 289 NA NA NA NA NA NA 
1743973200.0 25405.0 562 0 181 NA NA NA NA NA NA 742 0 296 NA NA NA NA NA NA 792 100 285 NA NA NA NA NA NA 647 139 326 NA NA NA NA NA NA 
1743973200.0 25405.17 642 0 200 NA NA NA NA NA NA 823 0 286 NA NA NA NA NA NA 1148 108 272 NA NA NA NA NA NA 750 128 269 NA NA NA NA NA NA 
1743973200.0 25405.18 654 0 197 NA NA NA NA NA NA 893 0 293 NA NA NA NA NA NA 1218 109 269 NA NA NA NA NA NA 698 128 284 NA NA NA NA NA NA 
1743973200.0 25406.0 514 0 199 NA NA NA NA NA NA 737 0 291 NA NA NA NA NA NA 584 94 252 NA NA NA NA NA NA 662 111 261 NA NA NA NA NA NA 
1743973200.0 25406.17 645 0 195 NA NA NA NA NA NA 881 0 292 NA NA NA NA NA NA 809 110 259 NA NA NA NA NA NA 770 142 266 NA NA NA NA NA NA 
1743973200.0 25406.18 651 0 197 NA NA NA NA NA NA 810 0 295 NA NA NA NA NA NA 859 110 258 NA NA NA NA NA NA 683 132 265 NA NA NA NA NA NA 
1743973200.0 25407.0 481 0 192 NA NA NA NA NA NA 656 0 300 NA NA NA NA NA NA 709 93 262 NA NA NA NA NA NA 627 115 284 NA NA NA NA NA NA 
1743973200.0 25407.17 579 0 199 NA NA NA NA NA NA 770 0 287 NA NA NA NA NA NA 1135 111 271 NA NA NA NA NA NA 726 135 286 NA NA NA NA NA NA 
1743973200.0 25407.18 576 0 195 NA NA NA NA NA NA 755 0 306 NA NA NA NA NA NA 1158 109 271 NA NA NA NA NA NA 687 154 281 NA NA NA NA NA NA 
1743973200.0 25408.0 573 0 201 NA NA NA NA NA NA 754 0 283 NA NA NA NA NA NA 967 104 310 NA NA NA NA NA NA 667 120 279 NA NA NA NA NA NA 
1743973200.0 25408.17 653 0 204 NA NA NA NA NA NA 829 0 295 NA NA NA NA NA NA 1311 116 321 NA NA NA NA NA NA 731 144 303 NA NA NA NA NA NA 
1743973200.0 25408.18 662 0 202 NA NA NA NA NA NA 840 0 298 NA NA NA NA NA NA 1501 117 315 NA NA NA NA NA NA 820 140 282 NA NA NA NA NA NA 
1743973200.0 25409.0 555 0 192 NA NA NA NA NA NA 740 0 293 NA NA NA NA NA NA 835 104 290 NA NA NA NA NA NA 708 143 351 NA NA NA NA NA NA 
1743973200.0 25409.17 667 0 202 NA NA NA NA NA NA 867 0 288 NA NA NA NA NA NA 1277 114 274 NA NA NA NA NA NA 729 131 280 NA NA NA NA NA NA 
1743973200.0 25409.18 653 0 199 NA NA NA NA NA NA 839 0 297 NA NA NA NA NA NA 1332 117 277 NA NA NA NA NA NA 765 177 275 NA NA NA NA NA NA 
1743973200.0 26.0 NA 208 402 0 NA NA NA NA NA NA 301 566 0 NA NA NA NA NA NA 664 1086 163 NA NA NA NA NA NA 293 791 200 NA NA NA NA NA 
1743973200.0 27.0 NA 209 382 0 NA NA NA NA NA NA 305 534 0 NA NA NA NA NA NA 665 1022 166 NA NA NA NA NA NA 311 750 185 NA NA NA NA NA 
1743973200.0 28.0 NA 207 384 0 NA NA NA NA NA NA 314 546 0 NA NA NA NA NA NA 732 1332 170 NA NA NA NA NA NA 360 808 193 NA NA NA NA NA 
1743973200.0 280.0 180 175 352 0 NA NA NA NA NA 350 270 489 0 NA NA NA NA NA 925 188 750 184 NA NA NA NA NA 537 179 771 214 NA NA NA NA NA 
1743973200.0 281.0 176 245 468 0 NA NA NA NA NA 375 347 635 0 NA NA NA NA NA 722 181 564 160 NA NA NA NA NA 583 198 615 191 NA NA NA NA NA 
1743973200.0 29.0 NA 208 394 0 NA NA NA NA NA NA 306 564 0 NA NA NA NA NA NA 766 1345 182 NA NA NA NA NA NA 331 1130 208 NA NA NA NA NA 
1743973200.0 3.0 148 174 291 NA NA NA NA NA NA 274 259 423 NA NA NA NA NA NA 1789 163 606 NA NA NA NA NA NA 959 154 520 NA NA NA NA NA NA 
1743973200.0 30.0 NA 187 382 0 NA NA NA NA NA NA 309 542 0 NA NA NA NA NA NA 694 1193 182 NA NA NA NA NA NA 346 760 214 NA NA NA NA NA 
1743973200.0 300.0 141 254 485 0 NA NA NA NA NA 262 362 719 0 NA NA NA NA NA 668 170 750 263 NA NA NA NA NA 607 281 807 292 NA NA NA NA NA 
1743973200.0 301.0 146 253 487 0 NA NA NA NA NA 259 357 692 0 NA NA NA NA NA 844 185 769 233 NA NA NA NA NA 577 285 918 262 NA NA NA NA NA 
1743973200.0 302.0 143 251 465 0 NA NA NA NA NA 262 351 707 0 NA NA NA NA NA 715 162 805 203 NA NA NA NA NA 686 278 1114 302 NA NA NA NA NA 
1743973200.0 31.0 NA 206 380 0 NA NA NA NA NA NA 308 541 0 NA NA NA NA NA NA 677 1084 169 NA NA NA NA NA NA 315 821 199 NA NA NA NA NA 
1743973200.0 310.0 155 250 475 0 NA NA NA NA NA 276 360 670 0 NA NA NA NA NA 937 150 646 203 NA NA NA NA NA 873 248 660 227 NA NA NA NA NA 
1743973200.0 311.0 116 250 460 0 NA NA NA NA NA 278 355 682 0 NA NA NA NA NA 1259 167 673 226 NA NA NA NA NA 864 249 880 260 NA NA NA NA NA 
1743973200.0 312.0 158 246 478 0 NA NA NA NA NA 281 351 690 0 NA NA NA NA NA 884 170 665 198 NA NA NA NA NA 817 280 779 219 NA NA NA NA NA 
1743973200.0 32.0 NA 206 383 0 NA NA NA NA NA NA 307 554 0 NA NA NA NA NA NA 690 1159 167 NA NA NA NA NA NA 300 754 199 NA NA NA NA NA 
1743973200.0 33.0 NA 204 386 0 NA NA NA NA NA NA 308 560 0 NA NA NA NA NA NA 649 970 160 NA NA NA NA NA NA 381 703 180 NA NA NA NA NA 
1743973200.0 34.0 156 170 351 0 NA NA NA NA NA 285 270 504 0 NA NA NA NA NA 1027 220 826 201 NA NA NA NA NA 569 280 1009 237 NA NA NA NA NA 
1743973200.0 35.0 NA 209 387 0 NA NA NA NA NA NA 318 534 0 NA NA NA NA NA NA 706 1229 170 NA NA NA NA NA NA 315 836 199 NA NA NA NA NA 
1743973200.0 36.0 NA 201 392 0 NA NA NA NA NA NA 310 552 0 NA NA NA NA NA NA 856 4041 248 NA NA NA NA NA NA 357 1655 281 NA NA NA NA NA 
1743973200.0 37.0 NA 206 389 0 NA NA NA NA NA NA 314 554 0 NA NA NA NA NA NA 991 1665 172 NA NA NA NA NA NA 442 963 198 NA NA NA NA NA 
1743973200.0 38.0 NA 206 387 0 NA NA NA NA NA NA 312 539 0 NA NA NA NA NA NA 753 1720 225 NA NA NA NA NA NA 377 1027 255 NA NA NA NA NA 
1743973200.0 39.0 NA 206 394 0 NA NA NA NA NA NA 324 532 0 NA NA NA NA NA NA 1024 2511 187 NA NA NA NA NA NA 446 1110 210 NA NA NA NA NA 
1743973200.0 4.17 NA 94 365 0 247 NA NA NA NA NA 170 534 0 336 NA NA NA NA NA 80 1532 158 510 NA NA NA NA NA 142 1116 249 503 NA NA NA NA 
1743973200.0 4.22 NA 195 120 129 0 NA NA NA NA NA 327 205 219 0 NA NA NA NA NA 358 112 104 88 NA NA NA NA NA 394 205 168 110 NA NA NA NA 
1743973200.0 4.23 NA 124 373 0 NA NA NA NA NA NA 205 534 0 NA NA NA NA NA NA 138 1227 213 NA NA NA NA NA NA 214 922 235 NA NA NA NA NA 
1743973200.0 4.24 NA 121 368 0 NA NA NA NA NA NA 204 509 0 NA NA NA NA NA NA 94 1177 133 NA NA NA NA NA NA 162 758 150 NA NA NA NA NA 
1743973200.0 4.25 NA 119 369 0 NA NA NA NA NA NA 196 521 0 NA NA NA NA NA NA 90 1206 141 NA NA NA NA NA NA 188 827 157 NA NA NA NA NA 
1743973200.0 4.26 NA 119 376 0 NA NA NA NA NA NA 198 515 0 NA NA NA NA NA NA 94 1392 155 NA NA NA NA NA NA 138 856 212 NA NA NA NA NA 
1743973200.0 4.27 NA 122 375 0 NA NA NA NA NA NA 205 518 0 NA NA NA NA NA NA 96 1491 183 NA NA NA NA NA NA 123 927 213 NA NA NA NA NA 
1743973200.0 4.28 NA 125 362 0 NA NA NA NA NA NA 211 499 0 NA NA NA NA NA NA 97 1361 700 NA NA NA NA NA NA 261 1191 865 NA NA NA NA NA 
1743973200.0 4.29 NA 96 349 0 251 NA NA NA NA NA 179 528 0 349 NA NA NA NA NA 82 1589 137 557 NA NA NA NA NA 130 1079 156 565 NA NA NA NA 
1743973200.0 4.34 NA 125 382 0 NA NA NA NA NA NA 204 527 0 NA NA NA NA NA NA 123 1657 206 NA NA NA NA NA NA 187 1081 230 NA NA NA NA NA 
1743973200.0 4.36 NA 122 378 0 NA NA NA NA NA NA 203 530 0 NA NA NA NA NA NA 127 1814 165 NA NA NA NA NA NA 184 1076 183 NA NA NA NA NA 
1743973200.0 4.37 NA 120 381 0 NA NA NA NA NA NA 206 522 0 NA NA NA NA NA NA 97 1619 142 NA NA NA NA NA NA 184 901 161 NA NA NA NA NA 
1743973200.0 4.4 NA 93 444 0 NA NA NA NA NA NA 175 718 0 NA NA NA NA NA NA 83 1813 164 NA NA NA NA NA NA 133 1175 209 NA NA NA NA NA 
1743973200.0 4.41 NA 65 447 0 NA NA NA NA NA NA 176 703 0 NA NA NA NA NA NA 70 1923 134 NA NA NA NA NA NA 165 982 178 NA NA NA NA NA 
1743973200.0 4.42 NA 91 462 0 NA NA NA NA NA NA 181 741 0 NA NA NA NA NA NA 68 2206 127 NA NA NA NA NA NA 145 1045 145 NA NA NA NA NA 
1743973200.0 4.43 NA 96 439 0 NA NA NA NA NA NA 179 718 0 NA NA NA NA NA NA 81 1876 183 NA NA NA NA NA NA 152 1207 210 NA NA NA NA NA 
1743973200.0 4.44 NA 92 443 0 NA NA NA NA NA NA 174 703 0 NA NA NA NA NA NA 64 1753 124 NA NA NA NA NA NA 128 928 141 NA NA NA NA NA 
1743973200.0 4.45 NA 91 458 0 NA NA NA NA NA NA 179 741 0 NA NA NA NA NA NA 88 2462 134 NA NA NA NA NA NA 104 1119 170 NA NA NA NA NA 
1743973200.0 4.51 NA 59 456 0 NA NA NA NA NA NA 180 714 0 NA NA NA NA NA NA 68 1980 126 NA NA NA NA NA NA 140 976 146 NA NA NA NA NA 
1743973200.0 4.52 NA 90 454 0 NA NA NA NA NA NA 176 721 0 NA NA NA NA NA NA 89 2913 136 NA NA NA NA NA NA 138 1376 155 NA NA NA NA NA 
1743973200.0 4.53 NA 92 455 0 NA NA NA NA NA NA 179 714 0 NA NA NA NA NA NA 89 2324 133 NA NA NA NA NA NA 137 1091 163 NA NA NA NA NA 
1743973200.0 4.54 NA 90 458 0 NA NA NA NA NA NA 177 721 0 NA NA NA NA NA NA 72 2373 127 NA NA NA NA NA NA 123 1109 145 NA NA NA NA NA 
1743973200.0 4.55 NA 90 461 0 NA NA NA NA NA NA 177 738 0 NA NA NA NA NA NA 87 3464 150 NA NA NA NA NA NA 148 1557 170 NA NA NA NA NA 
1743973200.0 4.57 NA 118 465 0 NA NA NA NA NA NA 195 741 0 NA NA NA NA NA NA 122 3349 141 NA NA NA NA NA NA 134 1445 163 NA NA NA NA NA 
1743973200.0 4.58 NA 93 451 0 NA NA NA NA NA NA 174 720 0 NA NA NA NA NA NA 69 1753 127 NA NA NA NA NA NA 107 934 144 NA NA NA NA NA 
1743973200.0 4.6 NA 334 0 NA NA NA NA NA NA NA 510 0 NA NA NA NA NA NA NA 1171 188 NA NA NA NA NA NA NA 1241 207 NA NA NA NA NA NA 
1743973200.0 4.61 NA 92 447 0 NA NA NA NA NA NA 176 710 0 NA NA NA NA NA NA 88 2819 155 NA NA NA NA NA NA 121 1496 178 NA NA NA NA NA 
1743973200.0 4.62 NA 91 453 0 NA NA NA NA NA NA 180 719 0 NA NA NA NA NA NA 87 2268 131 NA NA NA NA NA NA 106 1040 156 NA NA NA NA NA 
1743973200.0 4.63 NA 91 457 0 NA NA NA NA NA NA 179 718 0 NA NA NA NA NA NA 103 3031 157 NA NA NA NA NA NA 133 1362 199 NA NA NA NA NA 
1743973200.0 4.64 NA 92 458 0 NA NA NA NA NA NA 177 721 0 NA NA NA NA NA NA 72 2442 126 NA NA NA NA NA NA 148 1114 143 NA NA NA NA NA 
1743973200.0 4.65 NA 91 472 0 NA NA NA NA NA NA 179 745 0 NA NA NA NA NA NA 100 4128 160 NA NA NA NA NA NA 154 1749 190 NA NA NA NA NA 
1743973200.0 4.67 NA 118 466 0 NA NA NA NA NA NA 202 733 0 NA NA NA NA NA NA 129 3381 168 NA NA NA NA NA NA 154 1521 189 NA NA NA NA NA 
1743973200.0 4.68 NA 92 459 0 NA NA NA NA NA NA 178 739 0 NA NA NA NA NA NA 70 2189 132 NA NA NA NA NA NA 96 1028 155 NA NA NA NA NA 
1743973200.0 4.71 NA 93 444 0 NA NA NA NA NA NA 176 702 0 NA NA NA NA NA NA 67 1779 125 NA NA NA NA NA NA 135 984 141 NA NA NA NA NA 
1743973200.0 4.72 NA 92 449 0 NA NA NA NA NA NA 178 694 0 NA NA NA NA NA NA 69 2103 129 NA NA NA NA NA NA 119 1009 145 NA NA NA NA NA 
1743973200.0 4.73 NA 93 423 0 NA NA NA NA NA NA 182 732 0 NA NA NA NA NA NA 69 2546 135 NA NA NA NA NA NA 113 1214 156 NA NA NA NA NA 
1743973200.0 4.74 NA 91 453 0 NA NA NA NA NA NA 176 722 0 NA NA NA NA NA NA 67 2111 132 NA NA NA NA NA NA 97 1042 180 NA NA NA NA NA 
1743973200.0 4.75 NA 93 457 0 NA NA NA NA NA NA 177 734 0 NA NA NA NA NA NA 91 2987 153 NA NA NA NA NA NA 113 1371 172 NA NA NA NA NA 
1743973200.0 4.76 NA 119 463 0 NA NA NA NA NA NA 203 723 0 NA NA NA NA NA NA 142 3033 183 NA NA NA NA NA NA 161 1363 206 NA NA NA NA NA 
1743973200.0 4.77 NA 116 461 0 NA NA NA NA NA NA 203 729 0 NA NA NA NA NA NA 134 3129 160 NA NA NA NA NA NA 226 1359 178 NA NA NA NA NA 
1743973200.0 4.78 NA 94 459 0 NA NA NA NA NA NA 179 716 0 NA NA NA NA NA NA 92 2688 137 NA NA NA NA NA NA 130 1194 241 NA NA NA NA NA 
1743973200.0 4000.0 NA 207 393 NA NA NA NA NA NA NA 314 554 NA NA NA NA NA NA NA 772 1696 NA NA NA NA NA NA NA 330 968 NA NA NA NA NA NA 
1743973200.0 4001.0 NA 253 440 NA NA NA NA NA NA NA 382 608 NA NA NA NA NA NA NA 306 969 NA NA NA NA NA NA NA 306 1088 NA NA NA NA NA NA 
1743973200.0 4002.0 NA 207 380 NA NA NA NA NA NA NA 304 528 NA NA NA NA NA NA NA 671 1082 NA NA NA NA NA NA NA 314 749 NA NA NA NA NA NA 
1743973200.0 4003.0 NA 209 382 NA NA NA NA NA NA NA 306 543 NA NA NA NA NA NA NA 682 1200 NA NA NA NA NA NA NA 323 836 NA NA NA NA NA NA 
1743973200.0 4006.0 123 239 417 NA NA NA NA NA NA 219 355 578 NA NA NA NA NA NA 425 363 1094 NA NA NA NA NA NA 368 366 1144 NA NA NA NA NA NA 
1743973200.0 4007.0 121 0 0 NA NA NA NA NA NA 220 0 0 NA NA NA NA NA NA 366 73 622 NA NA NA NA NA NA 363 183 753 NA NA NA NA NA NA 
1743973200.0 4008.0 133 186 363 NA NA NA NA NA NA 235 290 536 NA NA NA NA NA NA 427 133 753 NA NA NA NA NA NA 396 288 1038 NA NA NA NA NA NA 
1743973200.0 43.0 NA 205 386 0 NA NA NA NA NA NA 304 554 0 NA NA NA NA NA NA 695 1371 176 NA NA NA NA NA NA 319 812 197 NA NA NA NA NA 
1743973200.0 44.0 NA 203 379 0 NA NA NA NA NA NA 310 541 0 NA NA NA NA NA NA 678 1284 167 NA NA NA NA NA NA 307 897 181 NA NA NA NA NA 
1743973200.0 45.0 NA 209 387 0 NA NA NA NA NA NA 312 544 0 NA NA NA NA NA NA 686 1269 171 NA NA NA NA NA NA 323 806 204 NA NA NA NA NA 
1743973200.0 5.1 403 0 NA NA NA NA NA NA NA 549 0 NA NA NA NA NA NA NA 404 105 NA NA NA NA NA NA NA 371 147 NA NA NA NA NA NA NA 
1743973200.0 5.2 320 0 NA NA NA NA NA NA NA 439 0 NA NA NA NA NA NA NA 334 92 NA NA NA NA NA NA NA 323 126 NA NA NA NA NA NA NA 
1743973200.0 5.3 312 0 NA NA NA NA NA NA NA 445 0 NA NA NA NA NA NA NA 353 89 NA NA NA NA NA NA NA 409 125 NA NA NA NA NA NA NA 
1743973200.0 5.4 362 0 NA NA NA NA NA NA NA 547 0 NA NA NA NA NA NA NA 381 98 NA NA NA NA NA NA NA 404 126 NA NA NA NA NA NA NA 
1743973200.0 5.5 393 0 NA NA NA NA NA NA NA 514 0 NA NA NA NA NA NA NA 356 97 NA NA NA NA NA NA NA 309 121 NA NA NA NA NA NA NA 
1743973200.0 5.6 408 0 NA NA NA NA NA NA NA 557 0 NA NA NA NA NA NA NA 384 102 NA NA NA NA NA NA NA 350 131 NA NA NA NA NA NA NA 
1743973200.0 5.7 402 0 NA NA NA NA NA NA NA 531 0 NA NA NA NA NA NA NA 373 107 NA NA NA NA NA NA NA 389 138 NA NA NA NA NA NA NA 
1743973200.0 500199.0 292 NA NA NA NA NA NA NA NA 424 NA NA NA NA NA NA NA NA 606 NA NA NA NA NA NA NA NA 576 NA NA NA NA NA NA NA NA 
1743973200.0 500200.0 NA 300 421 0 NA NA NA NA NA NA 438 559 0 NA NA NA NA NA NA 1323 1212 226 NA NA NA NA NA NA 670 936 253 NA NA NA NA NA 
1743973200.0 500200.1 163 260 319 NA NA NA NA NA NA 273 384 441 NA NA NA NA NA NA 791 232 763 NA NA NA NA NA NA 420 348 611 NA NA NA NA NA NA 
1743973200.0 500202.0 NA 299 422 0 NA NA NA NA NA NA 449 582 0 NA NA NA NA NA NA 1480 1420 228 NA NA NA NA NA NA 834 1028 260 NA NA NA NA NA 
1743973200.0 500203.0 NA 296 408 0 NA NA NA NA NA NA 430 578 0 NA NA NA NA NA NA 1585 1204 212 NA NA NA NA NA NA 816 995 258 NA NA NA NA NA 
1743973200.0 500204.0 NA 296 420 0 NA NA NA NA NA NA 438 581 0 NA NA NA NA NA NA 1651 1204 184 NA NA NA NA NA NA 797 996 208 NA NA NA NA NA 
1743973200.0 500205.0 NA 305 409 0 NA NA NA NA NA NA 444 552 0 NA NA NA NA NA NA 1534 998 189 NA NA NA NA NA NA 788 903 209 NA NA NA NA NA 
1743973200.0 500206.0 NA 294 383 0 NA NA NA NA NA NA 439 578 0 NA NA NA NA NA NA 1789 1044 235 NA NA NA NA NA NA 828 915 267 NA NA NA NA NA 
1743973200.0 500207.0 NA 292 415 0 NA NA NA NA NA NA 422 563 0 NA NA NA NA NA NA 1192 1076 178 NA NA NA NA NA NA 630 855 200 NA NA NA NA NA 
1743973200.0 50200.0 NA 305 521 0 NA NA NA NA NA NA 458 697 0 NA NA NA NA NA NA 645 1109 189 NA NA NA NA NA NA 531 974 239 NA NA NA NA NA 
1743973200.0 50202.0 NA 315 542 0 NA NA NA NA NA NA 442 712 0 NA NA NA NA NA NA 634 1425 215 NA NA NA NA NA NA 486 1141 241 NA NA NA NA NA 
1743973200.0 50203.0 NA 315 522 0 NA NA NA NA NA NA 452 697 0 NA NA NA NA NA NA 650 1189 200 NA NA NA NA NA NA 527 1043 236 NA NA NA NA NA 
1743973200.0 50204.0 NA 303 513 0 NA NA NA NA NA NA 440 697 0 NA NA NA NA NA NA 615 1237 181 NA NA NA NA NA NA 505 1152 201 NA NA NA NA NA 
1743973200.0 50205.0 NA 309 501 0 NA NA NA NA NA NA 432 701 0 NA NA NA NA NA NA 508 1122 199 NA NA NA NA NA NA 465 1139 228 NA NA NA NA NA 
1743973200.0 50206.0 NA 308 516 0 NA NA NA NA NA NA 451 701 0 NA NA NA NA NA NA 626 1169 213 NA NA NA NA NA NA 532 1116 246 NA NA NA NA NA 
1743973200.0 50207.0 NA 313 520 0 NA NA NA NA NA NA 449 690 0 NA NA NA NA NA NA 589 1047 202 NA NA NA NA NA NA 561 994 232 NA NA NA NA NA 
1743973200.0 50208.0 NA 307 530 0 NA NA NA NA NA NA 442 715 0 NA NA NA NA NA NA 689 1793 198 NA NA NA NA NA NA 543 1332 224 NA NA NA NA NA 
1743973200.0 503.0 90 0 NA NA NA NA NA NA NA 162 0 NA NA NA NA NA NA NA 1074 64 NA NA NA NA NA NA NA 661 88 NA NA NA NA NA NA NA 
1743973200.0 504.0 97 0 NA NA NA NA NA NA NA 170 0 NA NA NA NA NA NA NA 103 68 NA NA NA NA NA NA NA 122 86 NA NA NA NA NA NA NA 
1743973200.0 505.0 97 0 NA NA NA NA NA NA NA 170 0 NA NA NA NA NA NA NA 103 70 NA NA NA NA NA NA NA 103 100 NA NA NA NA NA NA NA 
1743973200.0 506.0 92 0 NA NA NA NA NA NA NA 166 0 NA NA NA NA NA NA NA 105 65 NA NA NA NA NA NA NA 131 89 NA NA NA NA NA NA NA 
1743973200.0 507.0 89 0 NA NA NA NA NA NA NA 160 0 NA NA NA NA NA NA NA 512 67 NA NA NA NA NA NA NA 315 94 NA NA NA NA NA NA NA 
1743973200.0 508.0 95 0 NA NA NA NA NA NA NA 166 0 NA NA NA NA NA NA NA 97 64 NA NA NA NA NA NA NA 164 92 NA NA NA NA NA NA NA 
1743973200.0 509.0 88 0 NA NA NA NA NA NA NA 160 0 NA NA NA NA NA NA NA 96 67 NA NA NA NA NA NA NA 110 90 NA NA NA NA NA NA NA 
1743973200.0 510.0 90 0 NA NA NA NA NA NA NA 163 0 NA NA NA NA NA NA NA 1076 69 NA NA NA NA NA NA NA 621 100 NA NA NA NA NA NA NA 
1743973200.0 511.0 88 0 NA NA NA NA NA NA NA 171 0 NA NA NA NA NA NA NA 2281 65 NA NA NA NA NA NA NA 4113 95 NA NA NA NA NA NA NA 
1743973200.0 512.0 29 93 0 NA NA NA NA NA NA 100 171 0 NA NA NA NA NA NA 3152 120 63 NA NA NA NA NA NA 2865 138 83 NA NA NA NA NA NA 
1743973200.0 513.0 62 98 0 NA NA NA NA NA NA 100 173 0 NA NA NA NA NA NA 850 122 62 NA NA NA NA NA NA 323 140 77 NA NA NA NA NA NA 
1743973200.0 514.0 61 98 0 NA NA NA NA NA NA 99 174 0 NA NA NA NA NA NA 457 99 62 NA NA NA NA NA NA 182 97 79 NA NA NA NA NA NA 
1743973200.0 515.0 62 93 0 NA NA NA NA NA NA 101 171 0 NA NA NA NA NA NA 3657 101 67 NA NA NA NA NA NA 3036 154 99 NA NA NA NA NA NA 
1743973200.0 516.0 30 99 0 NA NA NA NA NA NA 101 171 0 NA NA NA NA NA NA 3373 96 64 NA NA NA NA NA NA 2142 121 128 NA NA NA NA NA NA 
1743973200.0 517.0 60 94 0 NA NA NA NA NA NA 97 174 0 NA NA NA NA NA NA 479 104 65 NA NA NA NA NA NA 212 135 91 NA NA NA NA NA NA 
1743973200.0 518.0 30 97 0 NA NA NA NA NA NA 99 172 0 NA NA NA NA NA NA 3137 102 73 NA NA NA NA NA NA 2780 135 92 NA NA NA NA NA NA 
1743973200.0 519.0 62 98 0 NA NA NA NA NA NA 99 173 0 NA NA NA NA NA NA 3247 98 67 NA NA NA NA NA NA 1325 103 97 NA NA NA NA NA NA 
1743973200.0 520.0 58 97 0 NA NA NA NA NA NA 98 175 0 NA NA NA NA NA NA 484 104 67 NA NA NA NA NA NA 267 124 85 NA NA NA NA NA NA 
1743973200.0 521.0 29 87 0 NA NA NA NA NA NA 100 166 0 NA NA NA NA NA NA 3258 87 64 NA NA NA NA NA NA 2775 132 81 NA NA NA NA NA NA 
1743973200.0 522.0 62 91 0 NA NA NA NA NA NA 100 165 0 NA NA NA NA NA NA 837 87 65 NA NA NA NA NA NA 319 120 82 NA NA NA NA NA NA 
1743973200.0 523.0 62 94 0 NA NA NA NA NA NA 101 164 0 NA NA NA NA NA NA 1118 89 65 NA NA NA NA NA NA 359 109 99 NA NA NA NA NA NA 
1743973200.0 524.0 61 91 0 NA NA NA NA NA NA 98 171 0 NA NA NA NA NA NA 484 80 61 NA NA NA NA NA NA 193 90 79 NA NA NA NA NA NA 
1743973200.0 525.0 29 92 0 NA NA NA NA NA NA 99 165 0 NA NA NA NA NA NA 3253 81 66 NA NA NA NA NA NA 2791 99 100 NA NA NA NA NA NA 
1743973200.0 526.0 30 91 0 NA NA NA NA NA NA 99 165 0 NA NA NA NA NA NA 3180 85 64 NA NA NA NA NA NA 2974 103 85 NA NA NA NA NA NA 
1743973200.0 527.0 61 91 0 NA NA NA NA NA NA 98 168 0 NA NA NA NA NA NA 486 90 61 NA NA NA NA NA NA 214 138 74 NA NA NA NA NA NA 
1743973200.0 528.0 30 91 0 NA NA NA NA NA NA 99 165 0 NA NA NA NA NA NA 5466 96 68 NA NA NA NA NA NA 3483 114 88 NA NA NA NA NA NA 
1743973200.0 529.0 30 91 0 NA NA NA NA NA NA 98 165 0 NA NA NA NA NA NA 3122 79 62 NA NA NA NA NA NA 3129 115 80 NA NA NA NA NA NA 
1743973200.0 530.0 60 91 0 NA NA NA NA NA NA 98 167 0 NA NA NA NA NA NA 483 88 64 NA NA NA NA NA NA 220 144 94 NA NA NA NA NA NA 
1743973200.0 531.0 114 0 NA NA NA NA NA NA NA 271 0 NA NA NA NA NA NA NA 79 65 NA NA NA NA NA NA NA 93 88 NA NA NA NA NA NA NA 
1743973200.0 534.0 236 0 NA NA NA NA NA NA NA 340 0 NA NA NA NA NA NA NA 725 64 NA NA NA NA NA NA NA 1403 89 NA NA NA NA NA NA NA 
1743973200.0 535.0 104 0 NA NA NA NA NA NA NA 192 0 NA NA NA NA NA NA NA 573 65 NA NA NA NA NA NA NA 336 82 NA NA NA NA NA NA NA 
1743973200.0 536.0 101 0 NA NA NA NA NA NA NA 183 0 NA NA NA NA NA NA NA 117 75 NA NA NA NA NA NA NA 160 111 NA NA NA NA NA NA NA 
1743973200.0 537.0 101 0 NA NA NA NA NA NA NA 189 0 NA NA NA NA NA NA NA 1864 67 NA NA NA NA NA NA NA 705 97 NA NA NA NA NA NA NA 
1743973200.0 538.0 102 0 NA NA NA NA NA NA NA 188 0 NA NA NA NA NA NA NA 3239 67 NA NA NA NA NA NA NA 1732 90 NA NA NA NA NA NA NA 
1743973200.0 541.0 91 0 NA NA NA NA NA NA NA 161 0 NA NA NA NA NA NA NA 93 67 NA NA NA NA NA NA NA 123 96 NA NA NA NA NA NA NA 
1743973200.0 545.0 89 0 NA NA NA NA NA NA NA 158 0 NA NA NA NA NA NA NA 94 64 NA NA NA NA NA NA NA 166 151 NA NA NA NA NA NA NA 
1743973200.0 546.0 96 100 NA NA NA NA NA NA NA 169 191 NA NA NA NA NA NA NA 101 126 NA NA NA NA NA NA NA 100 151 NA NA NA NA NA NA NA 
1743973200.0 547.0 61 98 99 NA NA NA NA NA NA 100 168 192 NA NA NA NA NA NA 3268 108 117 NA NA NA NA NA NA 2254 121 185 NA NA NA NA NA NA 
1743973200.0 548.0 61 98 100 NA NA NA NA NA NA 98 178 198 NA NA NA NA NA NA 437 128 117 NA NA NA NA NA NA 171 135 159 NA NA NA NA NA NA 
1743973200.0 551.0 62 98 0 NA NA NA NA NA NA 100 171 0 NA NA NA NA NA NA 1128 132 66 NA NA NA NA NA NA 377 145 101 NA NA NA NA NA NA 
1743973200.0 552.0 61 98 0 NA NA NA NA NA NA 98 181 0 NA NA NA NA NA NA 478 102 68 NA NA NA NA NA NA 223 104 86 NA NA NA NA NA NA 
1743973200.0 554.0 61 98 0 NA NA NA NA NA NA 97 174 0 NA NA NA NA NA NA 2212 102 64 NA NA NA NA NA NA 639 113 85 NA NA NA NA NA NA 
1743973200.0 555.0 61 97 0 NA NA NA NA NA NA 98 176 0 NA NA NA NA NA NA 1694 97 63 NA NA NA NA NA NA 519 103 84 NA NA NA NA NA NA 
1743973200.0 556.0 62 98 0 NA NA NA NA NA NA 100 176 0 NA NA NA NA NA NA 431 131 66 NA NA NA NA NA NA 152 148 94 NA NA NA NA NA NA 
1743973200.0 560.0 95 0 NA NA NA NA NA NA NA 168 0 NA NA NA NA NA NA NA 112 68 NA NA NA NA NA NA NA 133 90 NA NA NA NA NA NA NA 
1743973200.0 561.0 95 0 NA NA NA NA NA NA NA 168 0 NA NA NA NA NA NA NA 100 67 NA NA NA NA NA NA NA 116 88 NA NA NA NA NA NA NA 
1743973200.0 562.0 61 93 0 NA NA NA NA NA NA 99 170 0 NA NA NA NA NA NA 447 101 64 NA NA NA NA NA NA 175 110 90 NA NA NA NA NA NA 
1743973200.0 570.0 85 0 NA NA NA NA NA NA NA 158 0 NA NA NA NA NA NA NA 144 77 NA NA NA NA NA NA NA 126 99 NA NA NA NA NA NA NA 
1743973200.0 571.0 84 0 NA NA NA NA NA NA NA 154 0 NA NA NA NA NA NA NA 161 64 NA NA NA NA NA NA NA 128 84 NA NA NA NA NA NA NA 
1743973200.0 572.0 82 0 NA NA NA NA NA NA NA 153 0 NA NA NA NA NA NA NA 141 70 NA NA NA NA NA NA NA 152 107 NA NA NA NA NA NA NA 
1743973200.0 573.0 86 0 NA NA NA NA NA NA NA 155 0 NA NA NA NA NA NA NA 283 65 NA NA NA NA NA NA NA 206 84 NA NA NA NA NA NA NA 
1743973200.0 574.0 87 0 NA NA NA NA NA NA NA 152 0 NA NA NA NA NA NA NA 321 63 NA NA NA NA NA NA NA 207 82 NA NA NA NA NA NA NA 
1743973200.0 575.0 85 0 NA NA NA NA NA NA NA 155 0 NA NA NA NA NA NA NA 225 65 NA NA NA NA NA NA NA 140 87 NA NA NA NA NA NA NA 
1743973200.0 576.0 86 0 NA NA NA NA NA NA NA 153 0 NA NA NA NA NA NA NA 118 67 NA NA NA NA NA NA NA 112 86 NA NA NA NA NA NA NA 
1743973200.0 577.0 84 0 NA NA NA NA NA NA NA 153 0 NA NA NA NA NA NA NA 109 72 NA NA NA NA NA NA NA 113 105 NA NA NA NA NA NA NA 
1743973200.0 6.0 NA 180 346 0 NA NA NA NA NA NA 282 506 0 NA NA NA NA NA NA 577 768 153 NA NA NA NA NA NA 268 692 185 NA NA NA NA NA 
1743973200.0 7.0 120 149 184 100 0 NA NA NA NA 215 251 311 173 0 NA NA NA NA 303 104 194 75 88 NA NA NA NA 302 122 223 104 125 NA NA NA NA 
1743973200.0 7.1 117 155 186 111 0 NA NA NA NA 215 247 310 187 0 NA NA NA NA 501 100 194 98 88 NA NA NA NA 631 152 243 134 122 NA NA NA NA 
1743973200.0 7.2 115 235 283 116 0 NA NA NA NA 216 329 473 199 0 NA NA NA NA 308 314 244 107 111 NA NA NA NA 468 240 266 148 131 NA NA NA NA 
1743973200.0 7.21 87 242 283 116 0 NA NA NA NA 214 338 475 196 0 NA NA NA NA 314 301 243 102 109 NA NA NA NA 350 219 321 131 126 NA NA NA NA 
1743973200.0 7.22 117 183 242 118 0 NA NA NA NA 214 275 381 193 0 NA NA NA NA 302 104 211 106 92 NA NA NA NA 448 137 235 135 126 NA NA NA NA 
1743973200.0 7.23 131 215 287 121 0 NA NA NA NA 228 310 468 208 0 NA NA NA NA 491 110 234 86 110 NA NA NA NA 451 87 225 105 134 NA NA NA NA 
1743973200.0 7.24 122 205 275 107 0 NA NA NA NA 222 301 461 191 0 NA NA NA NA 482 104 222 90 112 NA NA NA NA 582 105 231 125 144 NA NA NA NA 
1743973200.0 7.3 118 183 274 115 0 NA NA NA NA 214 320 469 197 0 NA NA NA NA 484 205 245 107 109 NA NA NA NA 702 313 273 138 148 NA NA NA NA 
1743973200.0 7.4 121 234 279 116 0 NA NA NA NA 218 335 475 198 0 NA NA NA NA 309 298 244 105 109 NA NA NA NA 305 211 302 141 129 NA NA NA NA 
1743973200.0 8.0 NA 171 193 97 0 NA NA NA NA NA 264 317 172 0 NA NA NA NA NA 560 250 74 90 NA NA NA NA NA 254 234 112 129 NA NA NA NA 
1743973200.0 8.1 121 259 297 95 0 NA NA NA NA 214 365 485 173 0 NA NA NA NA 278 548 257 69 109 NA NA NA NA 382 277 275 87 161 NA NA NA NA 
1743973200.0 8.2 99 232 294 95 0 NA NA NA NA 221 323 468 174 0 NA NA NA NA 462 160 233 69 112 NA NA NA NA 508 108 231 83 142 NA NA NA NA 
1743973200.0 9.0 NA 205 387 0 NA NA NA NA NA NA 313 547 0 NA NA NA NA NA NA 750 1596 170 NA NA NA NA NA NA 351 863 187 NA NA NA NA NA 
