Timestamp WorkflowId PeakValueRss1 PeakValueRss2 PeakValueRss3 PeakValueRss4 PeakValueRss5 PeakValueRss6 PeakValueRss7 PeakValueRss8 PeakValueRss9 PeakValueVsize1 PeakValueVsize2 PeakValueVsize3 PeakValueVsize4 PeakValueVsize5 PeakValueVsize6 PeakValueVsize7 PeakValueVsize8 PeakValueVsize9 TotalJobCPU1 TotalJobCPU2 TotalJobCPU3 TotalJobCPU4 TotalJobCPU5 TotalJobCPU6 TotalJobCPU7 TotalJobCPU8 TotalJobCPU9 TotalJobTime1 TotalJobTime2 TotalJobTime3 TotalJobTime4 TotalJobTime5 TotalJobTime6 TotalJobTime7 TotalJobTime8 TotalJobTime9
1576969200.0 1.0 56 82 179 NA NA NA NA NA NA 108 115 228 NA NA NA NA NA NA 2267 679 1812 NA NA NA NA NA NA 2704 765 1956 NA NA NA NA NA NA
1576969200.0 10.0 NA 110 255 0 NA NA NA NA NA NA 185 317 0 NA NA NA NA NA NA 9446 14359 2059 NA NA NA NA NA NA 9617 14602 2142 NA NA NA NA NA
1576969200.0 1000.0 NA 276 166 0 66 NA NA NA NA NA 364 255 0 87 NA NA NA NA NA 13585 6122 2698 1231 NA NA NA NA NA 13940 6368 2782 1310 NA NA NA NA
1576969200.0 10001.0 NA 153 335 0 88 168 NA NA NA NA 234 393 0 109 223 NA NA NA NA 2132 2884 1007 447 1448 NA NA NA NA 2675 3042 1063 516 1868 NA NA NA
1576969200.0 10002.0 NA 161 336 0 80 158 NA NA NA NA 234 393 0 109 222 NA NA NA NA 1949 2926 1022 620 1324 NA NA NA NA 2109 3068 1070 718 1501 NA NA NA
1576969200.0 10003.0 NA 158 335 0 72 162 NA NA NA NA 234 394 0 109 223 NA NA NA NA 2356 3818 1184 763 1299 NA NA NA NA 2901 4058 1240 1338 1416 NA NA NA
1576969200.0 10004.0 NA 156 329 0 74 160 NA NA NA NA 234 393 0 105 221 NA NA NA NA 2110 4293 1695 625 1495 NA NA NA NA 2603 5163 1951 750 1662 NA NA NA
1576969200.0 10005.0 NA 158 339 0 78 161 NA NA NA NA 234 393 0 109 221 NA NA NA NA 1897 2818 1025 576 1262 NA NA NA NA 2071 2954 1071 670 1382 NA NA NA
1576969200.0 10006.0 NA 155 328 0 70 153 NA NA NA NA 236 392 0 106 215 NA NA NA NA 2114 4340 1294 550 1362 NA NA NA NA 2316 5255 1367 654 1469 NA NA NA
1576969200.0 10007.0 NA 153 327 0 75 160 NA NA NA NA 236 394 0 111 221 NA NA NA NA 2180 5084 1471 759 1332 NA NA NA NA 2698 6314 1584 1348 1460 NA NA NA
1576969200.0 10008.0 NA 156 335 0 75 160 NA NA NA NA 236 394 0 111 222 NA NA NA NA 1595 3759 1164 596 1252 NA NA NA NA 1740 4238 1229 696 1363 NA NA NA
1576969200.0 10009.0 NA 152 327 0 75 161 NA NA NA NA 236 395 0 111 222 NA NA NA NA 2252 4067 1178 627 1287 NA NA NA NA 2795 4355 1239 846 1422 NA NA NA
1576969200.0 1001.0 NA 231 114 0 0 0 0 0 0 NA 318 152 0 0 0 0 0 0 NA 6967 1334 218 165 277 391 250 516 NA 7701 1439 253 200 306 429 288 895
1576969200.0 1001.2 NA 314 129 0 NA NA NA NA NA NA 403 173 0 NA NA NA NA NA NA 33512 3844 345 NA NA NA NA NA NA 34294 3926 635 NA NA NA NA NA
1576969200.0 1002.0 NA 246 69 NA NA NA NA NA NA NA 340 108 NA NA NA NA NA NA NA 4974 985 NA NA NA NA NA NA NA 5240 1015 NA NA NA NA NA NA
1576969200.0 10023.0 NA 164 332 0 73 151 NA NA NA NA 234 392 0 109 214 NA NA NA NA 1508 2953 1283 733 1253 NA NA NA NA 1662 3110 1352 1045 1400 NA NA NA
1576969200.0 10024.0 NA 159 336 0 74 161 NA NA NA NA 238 399 0 111 224 NA NA NA NA 2070 4586 1325 738 1456 NA NA NA NA 2476 5461 1379 1093 1988 NA NA NA
1576969200.0 10024.1 NA 157 212 0 NA NA NA NA NA NA 238 236 0 NA NA NA NA NA NA 4159 3238 1393 NA NA NA NA NA NA 5250 3418 1452 NA NA NA NA NA
1576969200.0 10024.2 NA 168 329 0 NA NA NA NA NA NA 238 397 0 NA NA NA NA NA NA 2019 4001 1083 NA NA NA NA NA NA 2133 4441 1137 NA NA NA NA NA
1576969200.0 10024.3 NA 158 179 0 NA NA NA NA NA NA 239 225 0 NA NA NA NA NA NA 4113 3326 1311 NA NA NA NA NA NA 5256 3528 1414 NA NA NA NA NA
1576969200.0 10024.4 NA 167 333 0 NA NA NA NA NA NA 238 395 0 NA NA NA NA NA NA 3563 8315 2776 NA NA NA NA NA NA 3705 8576 2868 NA NA NA NA NA
1576969200.0 10024.5 NA 161 86 0 NA NA NA NA NA NA 239 122 0 NA NA NA NA NA NA 3657 1921 609 NA NA NA NA NA NA 3842 2139 712 NA NA NA NA NA
1576969200.0 10025.0 NA 161 332 0 74 165 NA NA NA NA 237 397 0 110 223 NA NA NA NA 1954 3972 1306 588 1277 NA NA NA NA 2091 4307 1368 694 1410 NA NA NA
1576969200.0 10026.0 NA 157 339 0 75 165 NA NA NA NA 240 401 0 111 224 NA NA NA NA 2710 3477 1040 497 1070 NA NA NA NA 3273 3669 1081 580 1400 NA NA NA
1576969200.0 1003.0 NA 264 0 NA NA NA NA NA NA NA 360 0 NA NA NA NA NA NA NA 5806 1031 NA NA NA NA NA NA NA 6295 1086 NA NA NA NA NA NA
1576969200.0 1004.0 NA 180 92 0 0 0 0 NA NA NA 266 130 0 0 0 0 NA NA NA 1622 493 136 206 337 421 NA NA NA 1795 584 166 235 368 452 NA NA
1576969200.0 10042.0 NA 163 341 0 89 162 NA NA NA NA 237 396 0 111 223 NA NA NA NA 1790 3107 1032 541 1488 NA NA NA NA 2207 3271 1069 664 1803 NA NA NA
1576969200.0 10059.0 NA 163 344 0 75 165 NA NA NA NA 244 408 0 111 224 NA NA NA NA 2838 4903 1273 556 1132 NA NA NA NA 3473 5150 1400 675 1231 NA NA NA
1576969200.0 10071.0 NA 157 334 0 77 166 NA NA NA NA 239 401 0 111 223 NA NA NA NA 1917 4001 1139 584 1308 NA NA NA NA 2329 4259 1196 687 1434 NA NA NA
1576969200.0 101.0 88 NA NA NA NA NA NA NA NA 137 NA NA NA NA NA NA NA NA 3801 NA NA NA NA NA NA NA NA 3935 NA NA NA NA NA NA NA NA
1576969200.0 1010.0 NA 24 40 0 NA NA NA NA NA NA 101 75 0 NA NA NA NA NA NA 784 832 635 NA NA NA NA NA NA 1747 1078 748 NA NA NA NA NA
1576969200.0 102.0 88 NA NA NA NA NA NA NA NA 137 NA NA NA NA NA NA NA NA 3148 NA NA NA NA NA NA NA NA 3267 NA NA NA NA NA NA NA NA
1576969200.0 1020.0 NA 38 26 0 40 NA NA NA NA NA 112 60 0 114 NA NA NA NA NA 1127 529 325 944 NA NA NA NA NA 1877 656 376 1085 NA NA NA NA
1576969200.0 10224.0 NA 228 410 0 168 NA NA NA NA NA 311 513 0 225 NA NA NA NA NA 7581 6780 1070 911 NA NA NA NA NA 8219 7279 1106 991 NA NA NA NA
1576969200.0 10225.0 NA 224 411 0 174 NA NA NA NA NA 307 513 0 223 NA NA NA NA NA 7690 6440 1033 896 NA NA NA NA NA 8267 7233 1084 972 NA NA NA NA
1576969200.0 103.0 38 0 0 NA NA NA NA NA NA 82 0 0 NA NA NA NA NA NA 857 291 3428 NA NA NA NA NA NA 915 339 4037 NA NA NA NA NA NA
1576969200.0 1030.0 NA 156 51 0 0 NA NA NA NA NA 241 78 0 0 NA NA NA NA NA 37499 1166 284 291 NA NA NA NA NA 37785 1234 357 350 NA NA NA NA
1576969200.0 1040.0 NA 279 43 0 NA NA NA NA NA NA 370 66 0 NA NA NA NA NA NA 24613 278 326 NA NA NA NA NA NA 25558 328 504 NA NA NA NA NA
1576969200.0 1040.1 NA 62 39 0 NA NA NA NA NA NA 141 65 0 NA NA NA NA NA NA 2030 682 561 NA NA NA NA NA NA 2982 791 620 NA NA NA NA NA
1576969200.0 10424.0 NA 112 327 0 NA NA NA NA NA NA 190 390 0 NA NA NA NA NA NA 1544 3290 1083 NA NA NA NA NA NA 1810 3695 1139 NA NA NA NA NA
1576969200.0 105.0 55 86 36 NA NA NA NA NA NA 108 119 65 NA NA NA NA NA NA 5694 1566 524 NA NA NA NA NA NA 7004 1721 596 NA NA NA NA NA NA
1576969200.0 106.0 39 0 0 NA NA NA NA NA NA 82 0 0 NA NA NA NA NA NA 862 296 2263 NA NA NA NA NA NA 914 342 2444 NA NA NA NA NA NA
1576969200.0 107.0 59 88 247 NA NA NA NA NA NA 110 121 301 NA NA NA NA NA NA 4564 721 3408 NA NA NA NA NA NA 5433 802 3665 NA NA NA NA NA NA
1576969200.0 108.0 58 86 244 NA NA NA NA NA NA 110 122 302 NA NA NA NA NA NA 5931 793 3518 NA NA NA NA NA NA 6853 877 3798 NA NA NA NA NA NA
1576969200.0 10801.0 NA 148 328 0 72 157 NA NA NA NA 225 393 0 109 222 NA NA NA NA 2109 4090 1713 693 1464 NA NA NA NA 2578 4808 1878 811 1635 NA NA NA
1576969200.0 10802.0 NA 155 333 0 72 165 NA NA NA NA 225 394 0 109 222 NA NA NA NA 1818 2861 1122 931 1389 NA NA NA NA 1949 2985 1171 1556 1493 NA NA NA
1576969200.0 10803.0 NA 150 334 0 75 162 NA NA NA NA 226 395 0 109 223 NA NA NA NA 1865 3844 1242 567 1331 NA NA NA NA 2012 4211 1305 654 1465 NA NA NA
1576969200.0 10804.0 NA 154 333 0 74 165 NA NA NA NA 225 393 0 109 222 NA NA NA NA 1788 2976 1044 486 999 NA NA NA NA 1921 3138 1100 569 1077 NA NA NA
1576969200.0 10805.0 NA 147 330 0 72 162 NA NA NA NA 225 394 0 109 222 NA NA NA NA 2061 4076 1202 615 1383 NA NA NA NA 2334 4584 1275 728 1492 NA NA NA
1576969200.0 10806.0 NA 149 328 0 76 154 NA NA NA NA 227 393 0 106 215 NA NA NA NA 1870 2802 1701 724 1300 NA NA NA NA 2042 2955 2060 980 1411 NA NA NA
1576969200.0 10807.0 NA 149 329 0 75 161 NA NA NA NA 228 395 0 111 221 NA NA NA NA 2132 5142 1509 709 1673 NA NA NA NA 2581 5881 1621 855 2234 NA NA NA
1576969200.0 10808.0 NA 146 334 0 75 160 NA NA NA NA 228 395 0 111 221 NA NA NA NA 2248 4328 1371 574 1408 NA NA NA NA 2791 5093 1438 679 1904 NA NA NA
1576969200.0 10809.0 NA 155 336 0 73 161 NA NA NA NA 227 396 0 111 222 NA NA NA NA 2021 3955 1146 587 1264 NA NA NA NA 2174 4764 1207 671 1372 NA NA NA
1576969200.0 10823.0 NA 157 330 0 70 155 NA NA NA NA 228 394 0 106 215 NA NA NA NA 3185 7433 2720 993 2335 NA NA NA NA 3367 7740 2856 1176 2511 NA NA NA
1576969200.0 10824.0 NA 147 340 0 76 165 NA NA NA NA 231 401 0 111 224 NA NA NA NA 2397 3446 1357 522 1201 NA NA NA NA 2959 3637 1415 619 1293 NA NA NA
1576969200.0 10824.1 NA 149 208 0 NA NA NA NA NA NA 231 236 0 NA NA NA NA NA NA 4286 3375 1422 NA NA NA NA NA NA 5437 3615 1493 NA NA NA NA NA
1576969200.0 10824.5 NA 153 87 0 NA NA NA NA NA NA 231 122 0 NA NA NA NA NA NA 3782 1912 620 NA NA NA NA NA NA 3971 2133 687 NA NA NA NA NA
1576969200.0 10824.501 NA 150 86 0 NA NA NA NA NA NA 231 122 0 NA NA NA NA NA NA 3827 1976 613 NA NA NA NA NA NA 4113 2197 683 NA NA NA NA NA
1576969200.0 10824.502 NA 153 85 0 NA NA NA NA NA NA 231 122 0 NA NA NA NA NA NA 3756 1935 597 NA NA NA NA NA NA 3960 2187 666 NA NA NA NA NA
1576969200.0 10824.6 NA 156 343 0 75 160 NA NA NA NA 231 401 0 111 224 NA NA NA NA 2052 3318 1133 654 1487 NA NA NA NA 2480 3496 1291 1007 1937 NA NA NA
1576969200.0 10824.8 NA 154 336 0 75 164 NA NA NA NA 231 401 0 111 224 NA NA NA NA 2808 3345 1033 476 1134 NA NA NA NA 3359 3574 1076 539 1345 NA NA NA
1576969200.0 10825.0 NA 147 327 0 72 169 NA NA NA NA 229 396 0 110 222 NA NA NA NA 2317 4195 1364 672 1165 NA NA NA NA 2823 4553 1437 1036 1264 NA NA NA
1576969200.0 10826.0 NA 149 346 0 76 168 NA NA NA NA 231 403 0 111 224 NA NA NA NA 2521 4048 1118 540 1110 NA NA NA NA 3073 4487 1175 631 1219 NA NA NA
1576969200.0 10842.0 NA 155 330 0 75 166 NA NA NA NA 228 397 0 111 222 NA NA NA NA 2163 3721 1219 716 1124 NA NA NA NA 2614 3934 1285 1190 1218 NA NA NA
1576969200.0 10842.501 NA 151 86 0 NA NA NA NA NA NA 228 121 0 NA NA NA NA NA NA 3471 1934 616 NA NA NA NA NA NA 3610 2151 696 NA NA NA NA NA
1576969200.0 10842.502 NA 152 93 0 NA NA NA NA NA NA 229 121 0 NA NA NA NA NA NA 3473 1874 599 NA NA NA NA NA NA 3672 2111 719 NA NA NA NA NA
1576969200.0 10859.0 NA 160 341 0 76 163 NA NA NA NA 236 409 0 111 224 NA NA NA NA 4029 13745 2793 1100 2424 NA NA NA NA 4177 14021 2908 1277 2557 NA NA NA
1576969200.0 10871.0 NA 147 343 0 75 164 NA NA NA NA 229 400 0 111 224 NA NA NA NA 2525 3104 1077 468 1103 NA NA NA NA 3053 3358 1196 550 1295 NA NA NA
1576969200.0 109.0 58 85 244 NA NA NA NA NA NA 111 123 303 NA NA NA NA NA NA 7507 1053 3554 NA NA NA NA NA NA 8235 1197 3804 NA NA NA NA NA NA
1576969200.0 11.0 NA 94 272 0 64 NA NA NA NA NA 171 326 0 102 NA NA NA NA NA 4779 2662 900 608 NA NA NA NA NA 5678 2839 947 1050 NA NA NA NA
1576969200.0 110.0 53 85 244 NA NA NA NA NA NA 95 118 299 NA NA NA NA NA NA 1280 835 3795 NA NA NA NA NA NA 1713 972 4493 NA NA NA NA NA NA
1576969200.0 1102.0 NA 107 250 146 97 NA NA NA NA NA 184 316 187 132 NA NA NA NA NA 6110 7000 2973 791 NA NA NA NA NA 7160 7221 3060 972 NA NA NA NA
1576969200.0 11024.0 NA 245 433 0 165 NA NA NA NA NA 332 542 0 224 NA NA NA NA NA 8626 8329 1073 994 NA NA NA NA NA 9263 8626 1115 1083 NA NA NA NA
1576969200.0 11024.2 NA 246 415 0 165 NA NA NA NA NA 332 528 0 224 NA NA NA NA NA 19099 22030 2633 2543 NA NA NA NA NA 19567 22487 2752 2727 NA NA NA NA
1576969200.0 11024.3 NA 246 424 0 169 NA NA NA NA NA 332 529 0 224 NA NA NA NA NA 18914 21479 2492 2012 NA NA NA NA NA 19280 21913 2606 2163 NA NA NA NA
1576969200.0 11024.6 NA 240 430 0 166 NA NA NA NA NA 329 541 0 224 NA NA NA NA NA 8759 8478 1073 970 NA NA NA NA NA 9392 8895 1126 1058 NA NA NA NA
1576969200.0 11025.0 NA 240 429 0 173 NA NA NA NA NA 330 536 0 224 NA NA NA NA NA 10193 8278 1037 917 NA NA NA NA NA 10916 9084 1078 1010 NA NA NA NA
1576969200.0 111.0 57 85 243 NA NA NA NA NA NA 109 121 301 NA NA NA NA NA NA 2958 841 3435 NA NA NA NA NA NA 3186 945 4018 NA NA NA NA NA NA
1576969200.0 112.0 58 85 242 NA NA NA NA NA NA 109 121 300 NA NA NA NA NA NA 2895 699 3479 NA NA NA NA NA NA 2979 774 4262 NA NA NA NA NA NA
1576969200.0 11224.0 NA 114 327 0 NA NA NA NA NA NA 192 392 0 NA NA NA NA NA NA 1768 3270 1069 NA NA NA NA NA NA 2010 3531 1169 NA NA NA NA NA
1576969200.0 11224.6 NA 112 337 0 NA NA NA NA NA NA 192 392 0 NA NA NA NA NA NA 1662 3593 1229 NA NA NA NA NA NA 2260 3771 1298 NA NA NA NA NA
1576969200.0 113.0 58 83 242 NA NA NA NA NA NA 110 120 301 NA NA NA NA NA NA 5169 1057 3612 NA NA NA NA NA NA 5888 1205 3839 NA NA NA NA NA NA
1576969200.0 114.0 58 86 243 NA NA NA NA NA NA 110 121 301 NA NA NA NA NA NA 2914 715 3187 NA NA NA NA NA NA 3040 791 3704 NA NA NA NA NA NA
1576969200.0 115.0 60 87 242 NA NA NA NA NA NA 111 121 301 NA NA NA NA NA NA 4293 720 4092 NA NA NA NA NA NA 4667 786 4605 NA NA NA NA NA NA
1576969200.0 116.0 60 90 250 NA NA NA NA NA NA 109 122 300 NA NA NA NA NA NA 10244 1671 6778 NA NA NA NA NA NA 10366 1789 6999 NA NA NA NA NA NA
1576969200.0 11634.0 NA 205 360 0 94 NA NA NA NA NA 289 419 0 128 NA NA NA NA NA 7330 9523 6201 2073 NA NA NA NA NA 7522 9780 6289 2242 NA NA NA NA
1576969200.0 11634.501 NA 205 102 0 NA NA NA NA NA NA 290 139 0 NA NA NA NA NA NA 3235 1898 456 NA NA NA NA NA NA 3447 3009 575 NA NA NA NA NA
1576969200.0 11634.502 NA 197 100 0 NA NA NA NA NA NA 289 139 0 NA NA NA NA NA NA 3257 1929 465 NA NA NA NA NA NA 3489 2963 600 NA NA NA NA NA
1576969200.0 11634.7 NA 201 0 NA NA NA NA NA NA NA 289 0 NA NA NA NA NA NA NA 3197 0 NA NA NA NA NA NA NA 3458 0 NA NA NA NA NA NA
1576969200.0 11640.0 NA 193 355 0 77 NA NA NA NA NA 280 409 0 112 NA NA NA NA NA 6690 8173 6228 1879 NA NA NA NA NA 6927 8429 6329 2007 NA NA NA NA
1576969200.0 11646.0 NA 201 355 0 82 NA NA NA NA NA 286 415 0 118 NA NA NA NA NA 7237 8712 6225 1913 NA NA NA NA NA 7442 8980 6326 2055 NA NA NA NA
1576969200.0 11650.0 NA 201 358 0 97 NA NA NA NA NA 287 415 0 130 NA NA NA NA NA 2896 3824 2468 871 NA NA NA NA NA 3135 4271 2539 1060 NA NA NA NA
1576969200.0 11650.501 NA 200 103 0 NA NA NA NA NA NA 286 138 0 NA NA NA NA NA NA 3357 1010 292 NA NA NA NA NA NA 3626 1149 339 NA NA NA NA NA
1576969200.0 11650.502 NA 200 102 0 NA NA NA NA NA NA 287 138 0 NA NA NA NA NA NA 2814 991 344 NA NA NA NA NA NA 2981 1113 448 NA NA NA NA NA
1576969200.0 117.0 59 86 243 NA NA NA NA NA NA 111 121 302 NA NA NA NA NA NA 6868 1081 3706 NA NA NA NA NA NA 7555 1214 3956 NA NA NA NA NA NA
1576969200.0 118.0 60 90 249 NA NA NA NA NA NA 112 122 303 NA NA NA NA NA NA 5648 744 3356 NA NA NA NA NA NA 6017 808 3679 NA NA NA NA NA NA
1576969200.0 11834.0 NA 318 488 0 168 NA NA NA NA NA 419 592 0 229 NA NA NA NA NA 13552 12541 2425 1080 NA NA NA NA NA 14120 13137 2466 1213 NA NA NA NA
1576969200.0 11834.99 NA 230 301 421 0 166 NA NA NA NA 315 399 492 0 229 NA NA NA NA 14001 8299 11782 2615 1268 NA NA NA NA 14943 8484 12202 2705 1358 NA NA NA
1576969200.0 11846.0 NA 330 504 0 167 NA NA NA NA NA 425 611 0 228 NA NA NA NA NA 12525 10951 2387 1098 NA NA NA NA NA 13154 11416 2433 1182 NA NA NA NA
1576969200.0 119.0 58 88 252 NA NA NA NA NA NA 109 120 300 NA NA NA NA NA NA 2739 753 2615 NA NA NA NA NA NA 2863 829 2794 NA NA NA NA NA NA
1576969200.0 12.0 NA 107 254 0 NA NA NA NA NA NA 183 317 0 NA NA NA NA NA NA 8454 14035 2152 NA NA NA NA NA NA 8597 14377 2264 NA NA NA NA NA
1576969200.0 120.0 52 85 243 NA NA NA NA NA NA 98 118 299 NA NA NA NA NA NA 1150 765 3846 NA NA NA NA NA NA 1363 873 4257 NA NA NA NA NA NA
1576969200.0 12024.0 NA 212 361 0 NA NA NA NA NA NA 296 422 0 NA NA NA NA NA NA 7566 9980 6040 NA NA NA NA NA NA 7813 10276 6181 NA NA NA NA NA
1576969200.0 121.0 59 87 243 NA NA NA NA NA NA 111 121 303 NA NA NA NA NA NA 6123 788 3603 NA NA NA NA NA NA 7029 862 4477 NA NA NA NA NA NA
1576969200.0 122.0 57 86 236 NA NA NA NA NA NA 109 122 301 NA NA NA NA NA NA 1721 594 3667 NA NA NA NA NA NA 1931 700 4126 NA NA NA NA NA NA
1576969200.0 123.1 241 NA NA NA NA NA NA NA NA 296 NA NA NA NA NA NA NA NA 4760 NA NA NA NA NA NA NA NA 5166 NA NA NA NA NA NA NA NA
1576969200.0 123.2 244 NA NA NA NA NA NA NA NA 296 NA NA NA NA NA NA NA NA 5514 NA NA NA NA NA NA NA NA 5998 NA NA NA NA NA NA NA NA
1576969200.0 123.3 241 NA NA NA NA NA NA NA NA 295 NA NA NA NA NA NA NA NA 4543 NA NA NA NA NA NA NA NA 6134 NA NA NA NA NA NA NA NA
1576969200.0 124.1 241 NA NA NA NA NA NA NA NA 295 NA NA NA NA NA NA NA NA 5010 NA NA NA NA NA NA NA NA 7091 NA NA NA NA NA NA NA NA
1576969200.0 124.2 239 NA NA NA NA NA NA NA NA 296 NA NA NA NA NA NA NA NA 5396 NA NA NA NA NA NA NA NA 7611 NA NA NA NA NA NA NA NA
1576969200.0 124.4 250 NA NA NA NA NA NA NA NA 295 NA NA NA NA NA NA NA NA 4010 NA NA NA NA NA NA NA NA 4500 NA NA NA NA NA NA NA NA
1576969200.0 124.5 251 NA NA NA NA NA NA NA NA 295 NA NA NA NA NA NA NA NA 4021 NA NA NA NA NA NA NA NA 4371 NA NA NA NA NA NA NA NA
1576969200.0 124.6 242 NA NA NA NA NA NA NA NA 295 NA NA NA NA NA NA NA NA 4733 NA NA NA NA NA NA NA NA 6493 NA NA NA NA NA NA NA NA
1576969200.0 12434.0 NA 209 358 0 96 NA NA NA NA NA 296 423 0 128 NA NA NA NA NA 7647 9726 6206 1796 NA NA NA NA NA 7918 9984 6301 1913 NA NA NA NA
1576969200.0 125.0 58 89 240 NA NA NA NA NA NA 109 122 300 NA NA NA NA NA NA 3863 720 3912 NA NA NA NA NA NA 4246 787 4411 NA NA NA NA NA NA
1576969200.0 126.0 51 83 243 NA NA NA NA NA NA 99 118 299 NA NA NA NA NA NA 2244 1138 3556 NA NA NA NA NA NA 2448 1854 3953 NA NA NA NA NA NA
1576969200.0 12634.0 NA 265 421 0 174 NA NA NA NA NA 359 528 0 229 NA NA NA NA NA 19313 17802 6433 2893 NA NA NA NA NA 19726 18326 6520 3087 NA NA NA NA
1576969200.0 12634.99 NA 170 270 393 0 169 NA NA NA NA 253 359 457 0 229 NA NA NA NA 6444 5441 6337 2659 1296 NA NA NA NA 7321 5577 6619 2714 1382 NA NA NA
1576969200.0 127.0 51 87 237 NA NA NA NA NA NA 95 118 299 NA NA NA NA NA NA 2114 766 3649 NA NA NA NA NA NA 2327 876 4324 NA NA NA NA NA NA
1576969200.0 128.0 53 85 240 NA NA NA NA NA NA 94 120 299 NA NA NA NA NA NA 1129 780 3098 NA NA NA NA NA NA 1577 884 3387 NA NA NA NA NA NA
1576969200.0 12834.0 NA 207 365 0 94 NA NA NA NA NA 296 422 0 128 NA NA NA NA NA 7792 9945 6169 1707 NA NA NA NA NA 7982 10245 6277 1848 NA NA NA NA
1576969200.0 129.0 52 82 237 NA NA NA NA NA NA 94 118 299 NA NA NA NA NA NA 1093 790 3954 NA NA NA NA NA NA 1325 881 4404 NA NA NA NA NA NA
1576969200.0 13.0 NA 91 244 0 NA NA NA NA NA NA 166 305 0 NA NA NA NA NA NA 1053 4161 897 NA NA NA NA NA NA 1520 4639 947 NA NA NA NA NA
1576969200.0 130.0 52 86 240 NA NA NA NA NA NA 95 118 299 NA NA NA NA NA NA 1244 738 3902 NA NA NA NA NA NA 1436 849 4438 NA NA NA NA NA NA
1576969200.0 1301.0 57 105 192 NA NA NA NA NA NA 105 139 247 NA NA NA NA NA NA 2676 837 2917 NA NA NA NA NA NA 3157 921 3747 NA NA NA NA NA NA
1576969200.0 1301.17 56 159 215 NA NA NA NA NA NA 100 193 266 NA NA NA NA NA NA 2300 1215 2862 NA NA NA NA NA NA 2387 1293 3393 NA NA NA NA NA NA
1576969200.0 1302.0 61 108 203 NA NA NA NA NA NA 108 142 252 NA NA NA NA NA NA 15431 1913 4966 NA NA NA NA NA NA 15544 2048 5192 NA NA NA NA NA NA
1576969200.0 1302.17 57 163 222 NA NA NA NA NA NA 102 194 271 NA NA NA NA NA NA 16765 3163 5322 NA NA NA NA NA NA 16896 3298 5500 NA NA NA NA NA NA
1576969200.0 1302.18 55 154 187 NA NA NA NA NA NA 101 186 236 NA NA NA NA NA NA 5871 1596 1829 NA NA NA NA NA NA 6234 1761 2040 NA NA NA NA NA NA
1576969200.0 1303.0 61 110 202 NA NA NA NA NA NA 110 142 254 NA NA NA NA NA NA 11756 795 2813 NA NA NA NA NA NA 12012 878 2958 NA NA NA NA NA NA
1576969200.0 1303.17 57 160 215 NA NA NA NA NA NA 104 194 273 NA NA NA NA NA NA 12154 1490 2524 NA NA NA NA NA NA 12978 1588 2634 NA NA NA NA NA NA
1576969200.0 13034.0 NA 275 424 0 170 NA NA NA NA NA 364 530 0 229 NA NA NA NA NA 19066 18424 6398 2887 NA NA NA NA NA 19463 18902 6492 3047 NA NA NA NA
1576969200.0 13034.99 NA 173 266 399 0 180 NA NA NA NA 256 363 462 0 229 NA NA NA NA 7773 6758 6254 2402 1055 NA NA NA NA 8606 7173 6704 2475 1149 NA NA NA
1576969200.0 1304.18 54 148 186 121 NA NA NA NA NA 99 185 235 164 NA NA NA NA NA 4773 1863 1707 1277 NA NA NA NA NA 5468 2029 1841 1554 NA NA NA NA NA
1576969200.0 1304.181 56 149 192 124 NA NA NA NA NA 99 185 235 165 NA NA NA NA NA 3541 1193 1465 1362 NA NA NA NA NA 3892 1266 1570 1592 NA NA NA NA NA
1576969200.0 1306.0 NA 110 259 0 NA NA NA NA NA NA 184 326 0 NA NA NA NA NA NA 1069 3572 1085 NA NA NA NA NA NA 1282 4244 1453 NA NA NA NA NA
1576969200.0 1307.0 NA 97 148 54 0 NA NA NA NA NA 179 189 83 0 NA NA NA NA NA 2351 2559 672 1141 NA NA NA NA NA 3578 3021 776 1264 NA NA NA NA
1576969200.0 1308.0 NA 98 147 54 0 NA NA NA NA NA 178 185 79 0 NA NA NA NA NA 1888 2044 626 1126 NA NA NA NA NA 2146 2515 721 1209 NA NA NA NA
1576969200.0 1309.0 NA 107 268 0 NA NA NA NA NA NA 186 333 0 NA NA NA NA NA NA 1457 3625 1163 NA NA NA NA NA NA 1871 3843 1545 NA NA NA NA NA
1576969200.0 131.0 57 90 243 NA NA NA NA NA NA 96 120 299 NA NA NA NA NA NA 1565 639 2931 NA NA NA NA NA NA 1647 709 3678 NA NA NA NA NA NA
1576969200.0 1310.0 NA 109 265 0 NA NA NA NA NA NA 186 332 0 NA NA NA NA NA NA 1424 4485 1141 NA NA NA NA NA NA 1979 5246 1265 NA NA NA NA NA
1576969200.0 1311.0 NA 106 283 0 71 NA NA NA NA NA 185 340 0 103 NA NA NA NA NA 1005 3338 1034 493 NA NA NA NA NA 1150 4220 1106 582 NA NA NA NA
1576969200.0 1312.0 NA 108 266 0 NA NA NA NA NA NA 185 332 0 NA NA NA NA NA NA 1411 4849 1206 NA NA NA NA NA NA 1987 5518 1744 NA NA NA NA NA
1576969200.0 1313.0 NA 110 265 0 NA NA NA NA NA NA 188 336 0 NA NA NA NA NA NA 976 3971 811 NA NA NA NA NA NA 1147 4608 881 NA NA NA NA NA
1576969200.0 1314.0 NA 112 268 0 NA NA NA NA NA NA 185 332 0 NA NA NA NA NA NA 1352 2881 1207 NA NA NA NA NA NA 1770 3041 1822 NA NA NA NA NA
1576969200.0 1315.0 NA 102 261 0 NA NA NA NA NA NA 182 327 0 NA NA NA NA NA NA 1085 4079 1105 NA NA NA NA NA NA 1324 4947 1427 NA NA NA NA NA
1576969200.0 1316.0 NA 106 263 0 NA NA NA NA NA NA 182 328 0 NA NA NA NA NA NA 1012 2702 1175 NA NA NA NA NA NA 1179 2881 1753 NA NA NA NA NA
1576969200.0 1317.0 NA 108 265 0 169 NA NA NA NA NA 182 327 0 239 NA NA NA NA NA 1270 3756 889 1418 NA NA NA NA NA 1476 4208 970 1489 NA NA NA NA
1576969200.0 1318.0 NA 108 269 0 168 NA NA NA NA NA 182 327 0 228 NA NA NA NA NA 825 2706 688 1046 NA NA NA NA NA 932 2855 734 1129 NA NA NA NA
1576969200.0 1319.0 NA 100 263 0 NA NA NA NA NA NA 181 327 0 NA NA NA NA NA NA 1095 3845 1084 NA NA NA NA NA NA 1339 4649 1203 NA NA NA NA NA
1576969200.0 132.0 59 86 239 NA NA NA NA NA NA 109 122 302 NA NA NA NA NA NA 4897 930 3622 NA NA NA NA NA NA 5440 1017 4008 NA NA NA NA NA NA
1576969200.0 1320.0 NA 110 269 0 167 NA NA NA NA NA 183 328 0 231 NA NA NA NA NA 893 2549 1195 1513 NA NA NA NA NA 1003 2667 1410 1626 NA NA NA NA
1576969200.0 1321.0 NA 109 269 0 171 NA NA NA NA NA 183 328 0 235 NA NA NA NA NA 1037 2690 713 1070 NA NA NA NA NA 1146 2869 761 1138 NA NA NA NA
1576969200.0 1322.0 NA 105 260 0 167 NA NA NA NA NA 184 329 0 236 NA NA NA NA NA 1205 3971 903 1448 NA NA NA NA NA 1459 5176 962 1596 NA NA NA NA
1576969200.0 1323.0 NA 109 263 0 NA NA NA NA NA NA 181 322 0 NA NA NA NA NA NA 972 3015 1059 NA NA NA NA NA NA 1135 3765 1186 NA NA NA NA NA
1576969200.0 1324.0 NA 106 265 0 NA NA NA NA NA NA 186 334 0 NA NA NA NA NA NA 1211 4544 1052 NA NA NA NA NA NA 1466 5370 1144 NA NA NA NA NA
1576969200.0 1325.0 NA 111 265 0 71 175 NA NA NA NA 187 332 0 107 236 NA NA NA NA 1429 3009 1273 700 1442 NA NA NA NA 1840 3181 1874 895 1598 NA NA NA
1576969200.0 1325.1 NA 106 163 0 NA NA NA NA NA NA 187 203 0 NA NA NA NA NA NA 2717 2896 1264 NA NA NA NA NA NA 3953 3123 1335 NA NA NA NA NA
1576969200.0 1325.2 NA 109 265 0 NA NA NA NA NA NA 187 330 0 NA NA NA NA NA NA 1097 4828 899 NA NA NA NA NA NA 1238 5477 977 NA NA NA NA NA
1576969200.0 1325.3 NA 106 157 0 NA NA NA NA NA NA 187 198 0 NA NA NA NA NA NA 2747 2938 1275 NA NA NA NA NA NA 4244 3192 1390 NA NA NA NA NA
1576969200.0 1325.4 NA 114 273 0 NA NA NA NA NA NA 187 333 0 NA NA NA NA NA NA 1284 3771 940 NA NA NA NA NA NA 1724 4054 1006 NA NA NA NA NA
1576969200.0 1325.5 NA 147 0 NA NA NA NA NA NA NA 232 0 NA NA NA NA NA NA NA 4808 494 NA NA NA NA NA NA NA 5150 621 NA NA NA NA NA NA
1576969200.0 1325.51 NA 146 0 NA NA NA NA NA NA NA 233 0 NA NA NA NA NA NA NA 6555 707 NA NA NA NA NA NA NA 6897 783 NA NA NA NA NA NA
1576969200.0 1325.6 NA 201 NA NA NA NA NA NA NA NA 307 NA NA NA NA NA NA NA NA 4963 NA NA NA NA NA NA NA NA 5122 NA NA NA NA NA NA NA
1576969200.0 1325.7 NA 197 0 NA NA NA NA NA NA NA 303 0 NA NA NA NA NA NA NA 5539 254 NA NA NA NA NA NA NA 5735 299 NA NA NA NA NA NA
1576969200.0 1325.8 NA 194 0 NA NA NA NA NA NA NA 303 0 NA NA NA NA NA NA NA 7334 477 NA NA NA NA NA NA NA 7886 622 NA NA NA NA NA NA
1576969200.0 1325.9 NA 122 272 0 81 NA NA NA NA NA 200 332 0 107 NA NA NA NA NA 1536 3375 1055 538 NA NA NA NA NA 1672 3741 1106 635 NA NA NA NA
1576969200.0 1325.91 NA 126 272 0 71 NA NA NA NA NA 200 332 0 107 NA NA NA NA NA 1186 2824 1272 524 NA NA NA NA NA 1298 2941 1584 618 NA NA NA NA
1576969200.0 1326.0 NA 108 265 0 NA NA NA NA NA NA 184 330 0 NA NA NA NA NA NA 1339 3932 1057 NA NA NA NA NA NA 1913 4515 1126 NA NA NA NA NA
1576969200.0 1327.0 NA 113 272 0 NA NA NA NA NA NA 184 330 0 NA NA NA NA NA NA 988 2603 880 NA NA NA NA NA NA 1104 2727 959 NA NA NA NA NA
1576969200.0 1328.0 NA 113 267 0 NA NA NA NA NA NA 187 333 0 NA NA NA NA NA NA 1407 3540 1183 NA NA NA NA NA NA 1830 3800 1413 NA NA NA NA NA
1576969200.0 1329.0 NA 109 272 0 174 NA NA NA NA NA 185 330 0 238 NA NA NA NA NA 1156 2870 724 1154 NA NA NA NA NA 1301 3029 775 1432 NA NA NA NA
1576969200.0 1329.1 NA 181 0 NA NA NA NA NA NA NA 292 0 NA NA NA NA NA NA NA 6082 388 NA NA NA NA NA NA NA 6385 515 NA NA NA NA NA NA
1576969200.0 133.0 60 93 248 NA NA NA NA NA NA 111 122 304 NA NA NA NA NA NA 17364 1792 7755 NA NA NA NA NA NA 17482 1918 8040 NA NA NA NA NA NA
1576969200.0 1330.0 NA 109 285 0 174 NA NA NA NA NA 185 347 0 238 NA NA NA NA NA 1402 4132 1012 1449 NA NA NA NA NA 1720 4640 1086 1542 NA NA NA NA
1576969200.0 1331.0 NA 113 275 0 175 NA NA NA NA NA 186 331 0 239 NA NA NA NA NA 917 2585 1251 1572 NA NA NA NA NA 1052 2733 1453 1706 NA NA NA NA
1576969200.0 1332.0 NA 113 269 0 NA NA NA NA NA NA 186 332 0 NA NA NA NA NA NA 1090 3843 792 NA NA NA NA NA NA 1269 4321 854 NA NA NA NA NA
1576969200.0 1333.0 NA 113 270 0 NA NA NA NA NA NA 185 329 0 NA NA NA NA NA NA 944 2567 1013 NA NA NA NA NA NA 1062 2689 1080 NA NA NA NA NA
1576969200.0 1334.0 NA 108 267 0 NA NA NA NA NA NA 186 332 0 NA NA NA NA NA NA 1191 4551 1014 NA NA NA NA NA NA 1446 5128 1088 NA NA NA NA NA
1576969200.0 1335.0 NA 109 268 0 NA NA NA NA NA NA 185 330 0 NA NA NA NA NA NA 1165 4403 1135 NA NA NA NA NA NA 1463 5281 1250 NA NA NA NA NA
1576969200.0 1336.0 NA 114 274 0 NA NA NA NA NA NA 186 335 0 NA NA NA NA NA NA 1224 4169 1072 NA NA NA NA NA NA 1360 4355 1129 NA NA NA NA NA
1576969200.0 1337.0 NA 119 274 0 NA NA NA NA NA NA 193 343 0 NA NA NA NA NA NA 1183 4773 884 NA NA NA NA NA NA 1292 4994 936 NA NA NA NA NA
1576969200.0 1338.0 NA 109 270 0 170 NA NA NA NA NA 187 333 0 237 NA NA NA NA NA 1447 4072 946 1568 NA NA NA NA NA 1754 4488 1017 1741 NA NA NA NA
1576969200.0 1339.0 NA 109 268 0 NA NA NA NA NA NA 187 335 0 NA NA NA NA NA NA 1507 3460 901 NA NA NA NA NA NA 2099 3642 951 NA NA NA NA NA
1576969200.0 134.0 NA 244 51 0 NA NA NA NA NA NA 340 73 0 NA NA NA NA NA NA 7158 252 149 NA NA NA NA NA NA 7829 299 177 NA NA NA NA NA
1576969200.0 134.701 NA 43 283 0 NA NA NA NA NA NA 106 347 0 NA NA NA NA NA NA 1134 23546 2634 NA NA NA NA NA NA 1206 23850 2723 NA NA NA NA NA
1576969200.0 134.702 NA 30 277 0 NA NA NA NA NA NA 107 341 0 NA NA NA NA NA NA 655 11416 1274 NA NA NA NA NA NA 876 11564 1428 NA NA NA NA NA
1576969200.0 134.703 NA 37 289 0 NA NA NA NA NA NA 110 352 0 NA NA NA NA NA NA 709 11822 1048 NA NA NA NA NA NA 1146 12054 1105 NA NA NA NA NA
1576969200.0 134.704 NA 37 281 0 NA NA NA NA NA NA 107 343 0 NA NA NA NA NA NA 688 11867 999 NA NA NA NA NA NA 1126 12123 1034 NA NA NA NA NA
1576969200.0 134.705 NA 32 288 0 NA NA NA NA NA NA 109 351 0 NA NA NA NA NA NA 657 11789 1119 NA NA NA NA NA NA 869 11944 1177 NA NA NA NA NA
1576969200.0 134.706 NA 38 287 0 NA NA NA NA NA NA 109 351 0 NA NA NA NA NA NA 699 12413 1136 NA NA NA NA NA NA 1139 12724 1191 NA NA NA NA NA
1576969200.0 134.707 NA 38 279 0 NA NA NA NA NA NA 110 341 0 NA NA NA NA NA NA 702 11337 1069 NA NA NA NA NA NA 1140 11891 1223 NA NA NA NA NA
1576969200.0 134.708 NA 39 278 0 NA NA NA NA NA NA 107 341 0 NA NA NA NA NA NA 675 10670 1042 NA NA NA NA NA NA 1105 11059 1094 NA NA NA NA NA
1576969200.0 134.709 NA 39 458 0 NA NA NA NA NA NA 110 524 0 NA NA NA NA NA NA 700 11833 984 NA NA NA NA NA NA 1144 12398 1022 NA NA NA NA NA
1576969200.0 134.71 NA 37 255 0 NA NA NA NA NA NA 104 317 0 NA NA NA NA NA NA 655 7840 721 NA NA NA NA NA NA 1139 7998 781 NA NA NA NA NA
1576969200.0 134.801 NA 36 280 0 NA NA NA NA NA NA 112 342 0 NA NA NA NA NA NA 583 9714 1410 NA NA NA NA NA NA 908 10206 1738 NA NA NA NA NA
1576969200.0 134.802 NA 38 281 0 NA NA NA NA NA NA 108 345 0 NA NA NA NA NA NA 773 15152 1251 NA NA NA NA NA NA 1197 15409 1312 NA NA NA NA NA
1576969200.0 134.803 NA 39 282 0 NA NA NA NA NA NA 111 344 0 NA NA NA NA NA NA 785 12622 1289 NA NA NA NA NA NA 1220 12787 1348 NA NA NA NA NA
1576969200.0 134.804 NA 48 288 0 NA NA NA NA NA NA 111 352 0 NA NA NA NA NA NA 1371 37034 2528 NA NA NA NA NA NA 1447 37397 2620 NA NA NA NA NA
1576969200.0 134.805 NA 40 291 0 NA NA NA NA NA NA 111 351 0 NA NA NA NA NA NA 738 15247 1035 NA NA NA NA NA NA 1175 15520 1080 NA NA NA NA NA
1576969200.0 134.806 NA 31 289 0 NA NA NA NA NA NA 108 351 0 NA NA NA NA NA NA 1428 39464 2556 NA NA NA NA NA NA 1515 39746 2635 NA NA NA NA NA
1576969200.0 134.807 NA 106 307 0 NA NA NA NA NA NA 183 367 0 NA NA NA NA NA NA 3483 14954 1249 NA NA NA NA NA NA 3997 15434 1300 NA NA NA NA NA
1576969200.0 134.808 NA 105 307 0 NA NA NA NA NA NA 182 368 0 NA NA NA NA NA NA 3584 15220 1143 NA NA NA NA NA NA 4080 15498 1192 NA NA NA NA NA
1576969200.0 134.809 NA 40 280 0 NA NA NA NA NA NA 108 343 0 NA NA NA NA NA NA 783 13808 1016 NA NA NA NA NA NA 1212 14013 1067 NA NA NA NA NA
1576969200.0 134.81 NA 39 280 0 NA NA NA NA NA NA 108 343 0 NA NA NA NA NA NA 754 13417 1231 NA NA NA NA NA NA 1193 13613 1294 NA NA NA NA NA
1576969200.0 134.811 NA 39 288 0 NA NA NA NA NA NA 108 348 0 NA NA NA NA NA NA 783 14713 1162 NA NA NA NA NA NA 1246 15039 1224 NA NA NA NA NA
1576969200.0 134.812 NA 42 255 0 NA NA NA NA NA NA 106 317 0 NA NA NA NA NA NA 1180 20925 1572 NA NA NA NA NA NA 1251 21174 1684 NA NA NA NA NA
1576969200.0 134.813 NA 135 67 0 NA NA NA NA NA NA 220 100 0 NA NA NA NA NA NA 2819 407 462 NA NA NA NA NA NA 3045 460 520 NA NA NA NA NA
1576969200.0 134.901 NA 41 277 0 NA NA NA NA NA NA 108 341 0 NA NA NA NA NA NA 706 10464 1265 NA NA NA NA NA NA 1166 10952 1462 NA NA NA NA NA
1576969200.0 134.902 NA 38 277 0 NA NA NA NA NA NA 110 341 0 NA NA NA NA NA NA 729 11230 1008 NA NA NA NA NA NA 1176 11466 1046 NA NA NA NA NA
1576969200.0 134.903 NA 32 277 0 NA NA NA NA NA NA 110 340 0 NA NA NA NA NA NA 687 10160 1194 NA NA NA NA NA NA 906 10322 1252 NA NA NA NA NA
1576969200.0 134.904 NA 39 280 0 NA NA NA NA NA NA 109 345 0 NA NA NA NA NA NA 751 12983 1082 NA NA NA NA NA NA 1190 13207 1126 NA NA NA NA NA
1576969200.0 134.905 NA 38 276 0 NA NA NA NA NA NA 110 340 0 NA NA NA NA NA NA 714 12105 1301 NA NA NA NA NA NA 1226 12714 1369 NA NA NA NA NA
1576969200.0 134.906 NA 38 280 0 NA NA NA NA NA NA 109 342 0 NA NA NA NA NA NA 726 11774 1028 NA NA NA NA NA NA 1184 12158 1069 NA NA NA NA NA
1576969200.0 134.907 NA 105 301 0 NA NA NA NA NA NA 181 362 0 NA NA NA NA NA NA 2945 10825 1092 NA NA NA NA NA NA 3394 10977 1147 NA NA NA NA NA
1576969200.0 134.908 NA 109 304 0 NA NA NA NA NA NA 185 366 0 NA NA NA NA NA NA 3010 10760 1511 NA NA NA NA NA NA 3489 10901 1567 NA NA NA NA NA
1576969200.0 134.909 NA 32 279 0 NA NA NA NA NA NA 110 340 0 NA NA NA NA NA NA 712 10291 1027 NA NA NA NA NA NA 926 10462 1067 NA NA NA NA NA
1576969200.0 134.91 NA 38 274 0 NA NA NA NA NA NA 110 340 0 NA NA NA NA NA NA 751 11464 1417 NA NA NA NA NA NA 1243 12091 1786 NA NA NA NA NA
1576969200.0 134.911 NA 34 280 0 NA NA NA NA NA NA 110 340 0 NA NA NA NA NA NA 736 12424 1214 NA NA NA NA NA NA 1220 12808 1268 NA NA NA NA NA
1576969200.0 134.912 NA 41 250 0 NA NA NA NA NA NA 110 315 0 NA NA NA NA NA NA 752 11722 820 NA NA NA NA NA NA 1206 12859 899 NA NA NA NA NA
1576969200.0 134.99601 NA 40 284 0 NA NA NA NA NA NA 111 345 0 NA NA NA NA NA NA 1464 40258 2544 NA NA NA NA NA NA 1561 40605 2631 NA NA NA NA NA
1576969200.0 134.99602 NA 46 277 0 NA NA NA NA NA NA 109 339 0 NA NA NA NA NA NA 1301 24770 2516 NA NA NA NA NA NA 1380 25052 2594 NA NA NA NA NA
1576969200.0 134.99603 NA 39 281 0 NA NA NA NA NA NA 110 344 0 NA NA NA NA NA NA 758 13089 1272 NA NA NA NA NA NA 1188 13424 1336 NA NA NA NA NA
1576969200.0 134.99901 NA 32 279 0 NA NA NA NA NA NA 110 339 0 NA NA NA NA NA NA 667 10256 1205 NA NA NA NA NA NA 881 10393 1270 NA NA NA NA NA
1576969200.0 1340.0 NA 112 262 0 NA NA NA NA NA NA 185 328 0 NA NA NA NA NA NA 1289 2713 870 NA NA NA NA NA NA 1720 2889 963 NA NA NA NA NA
1576969200.0 1341.0 NA 116 283 0 NA NA NA NA NA NA 192 341 0 NA NA NA NA NA NA 1211 3402 956 NA NA NA NA NA NA 1328 3555 1016 NA NA NA NA NA
1576969200.0 1343.0 NA 110 264 0 NA NA NA NA NA NA 185 332 0 NA NA NA NA NA NA 1266 4811 1016 NA NA NA NA NA NA 1574 5500 1108 NA NA NA NA NA
1576969200.0 1344.0 NA 107 270 0 NA NA NA NA NA NA 185 332 0 NA NA NA NA NA NA 1181 4474 1024 NA NA NA NA NA NA 1391 5023 1112 NA NA NA NA NA
1576969200.0 1345.0 NA 108 270 0 NA NA NA NA NA NA 186 332 0 NA NA NA NA NA NA 1140 4394 1011 NA NA NA NA NA NA 1358 4910 1077 NA NA NA NA NA
1576969200.0 1347.0 NA 109 271 0 NA NA NA NA NA NA 186 331 0 NA NA NA NA NA NA 1077 2779 716 NA NA NA NA NA NA 1189 3076 764 NA NA NA NA NA
1576969200.0 1348.0 NA 112 265 0 NA NA NA NA NA NA 184 329 0 NA NA NA NA NA NA 1079 3884 884 NA NA NA NA NA NA 1257 4561 948 NA NA NA NA NA
1576969200.0 1349.0 NA 108 264 0 NA NA NA NA NA NA 185 330 0 NA NA NA NA NA NA 1348 3885 1077 NA NA NA NA NA NA 1553 4248 1173 NA NA NA NA NA
1576969200.0 135.1 248 0 117 NA NA NA NA NA NA 301 0 155 NA NA NA NA NA NA 2534 550 1224 NA NA NA NA NA NA 3082 605 1333 NA NA NA NA NA NA
1576969200.0 135.11 246 0 114 NA NA NA NA NA NA 305 0 155 NA NA NA NA NA NA 3163 569 1249 NA NA NA NA NA NA 3404 631 1360 NA NA NA NA NA NA
1576969200.0 135.12 245 0 116 NA NA NA NA NA NA 299 0 155 NA NA NA NA NA NA 2271 661 1295 NA NA NA NA NA NA 2933 761 1477 NA NA NA NA NA NA
1576969200.0 135.13 255 0 NA NA NA NA NA NA NA 304 0 NA NA NA NA NA NA NA 4382 1326 NA NA NA NA NA NA NA 4574 1464 NA NA NA NA NA NA NA
1576969200.0 135.2 250 0 113 NA NA NA NA NA NA 295 0 154 NA NA NA NA NA NA 3766 1026 2368 NA NA NA NA NA NA 3974 1103 2586 NA NA NA NA NA NA
1576969200.0 135.3 243 0 115 NA NA NA NA NA NA 295 0 155 NA NA NA NA NA NA 1758 543 1765 NA NA NA NA NA NA 1926 600 2502 NA NA NA NA NA NA
1576969200.0 135.4 240 0 116 NA NA NA NA NA NA 298 0 154 NA NA NA NA NA NA 2493 566 1158 NA NA NA NA NA NA 3009 622 1280 NA NA NA NA NA NA
1576969200.0 135.5 257 0 127 NA NA NA NA NA NA 299 0 154 NA NA NA NA NA NA 4066 1049 2160 NA NA NA NA NA NA 4305 1133 2346 NA NA NA NA NA NA
1576969200.0 135.6 251 0 117 NA NA NA NA NA NA 301 0 155 NA NA NA NA NA NA 4345 1115 2346 NA NA NA NA NA NA 4554 1216 2507 NA NA NA NA NA NA
1576969200.0 135.7 250 0 115 NA NA NA NA NA NA 299 0 154 NA NA NA NA NA NA 4123 1074 2369 NA NA NA NA NA NA 4374 1163 2628 NA NA NA NA NA NA
1576969200.0 135.8 112 NA NA NA NA NA NA NA NA 157 NA NA NA NA NA NA NA NA 2226 NA NA NA NA NA NA NA NA 3041 NA NA NA NA NA NA NA NA
1576969200.0 135.9 245 0 113 NA NA NA NA NA NA 299 0 155 NA NA NA NA NA NA 3720 1047 2375 NA NA NA NA NA NA 3961 1135 2576 NA NA NA NA NA NA
1576969200.0 1350.0 NA 111 269 0 NA NA NA NA NA NA 185 330 0 NA NA NA NA NA NA 1146 4160 1065 NA NA NA NA NA NA 1279 4616 1164 NA NA NA NA NA
1576969200.0 1351.0 NA 112 264 0 NA NA NA NA NA NA 185 330 0 NA NA NA NA NA NA 1297 3624 884 NA NA NA NA NA NA 1710 4219 956 NA NA NA NA NA
1576969200.0 1352.0 NA 107 264 0 NA NA NA NA NA NA 185 329 0 NA NA NA NA NA NA 1414 4072 932 NA NA NA NA NA NA 1699 5076 995 NA NA NA NA NA
1576969200.0 1353.0 NA 111 268 0 NA NA NA NA NA NA 186 332 0 NA NA NA NA NA NA 1375 3127 1087 NA NA NA NA NA NA 1813 3374 1181 NA NA NA NA NA
1576969200.0 1354.0 NA 110 265 0 NA NA NA NA NA NA 187 333 0 NA NA NA NA NA NA 1194 4233 1088 NA NA NA NA NA NA 1418 5098 1239 NA NA NA NA NA
1576969200.0 1355.0 NA 107 263 0 NA NA NA NA NA NA 186 332 0 NA NA NA NA NA NA 1498 4231 1080 NA NA NA NA NA NA 2055 4949 1202 NA NA NA NA NA
1576969200.0 1356.0 59 105 287 0 123 NA NA NA NA 107 144 352 0 163 NA NA NA NA 4469 1187 3816 904 1421 NA NA NA NA 5152 1372 4382 970 1923 NA NA NA NA
1576969200.0 136.721 NA 65 283 0 NA NA NA NA NA NA 143 347 0 NA NA NA NA NA NA 1385 14692 1453 NA NA NA NA NA NA 1811 14953 1515 NA NA NA NA NA
1576969200.0 136.722 NA 68 296 0 NA NA NA NA NA NA 142 359 0 NA NA NA NA NA NA 2672 39650 2580 NA NA NA NA NA NA 3243 40004 2662 NA NA NA NA NA
1576969200.0 136.723 NA 63 286 0 NA NA NA NA NA NA 140 346 0 NA NA NA NA NA NA 1635 17106 1628 NA NA NA NA NA NA 2378 17418 1702 NA NA NA NA NA
1576969200.0 136.724 NA 66 298 0 NA NA NA NA NA NA 141 360 0 NA NA NA NA NA NA 2879 45174 2600 NA NA NA NA NA NA 3460 45517 2683 NA NA NA NA NA
1576969200.0 136.725 NA 65 318 0 NA NA NA NA NA NA 142 387 0 NA NA NA NA NA NA 1438 18464 1202 NA NA NA NA NA NA 2171 19249 1269 NA NA NA NA NA
1576969200.0 136.726 NA 66 265 0 NA NA NA NA NA NA 141 328 0 NA NA NA NA NA NA 3069 41064 2604 NA NA NA NA NA NA 3649 41376 2703 NA NA NA NA NA
1576969200.0 136.727 NA 138 305 0 NA NA NA NA NA NA 213 368 0 NA NA NA NA NA NA 3765 17145 1320 NA NA NA NA NA NA 4541 17392 1376 NA NA NA NA NA
1576969200.0 136.728 NA 139 304 0 NA NA NA NA NA NA 215 366 0 NA NA NA NA NA NA 4727 18012 1284 NA NA NA NA NA NA 5819 18287 1345 NA NA NA NA NA
1576969200.0 136.729 NA 64 263 0 NA NA NA NA NA NA 139 325 0 NA NA NA NA NA NA 1393 15784 1265 NA NA NA NA NA NA 2129 15981 1315 NA NA NA NA NA
1576969200.0 136.73 NA 65 323 0 NA NA NA NA NA NA 141 385 0 NA NA NA NA NA NA 1528 15593 1020 NA NA NA NA NA NA 2268 15808 1081 NA NA NA NA NA
1576969200.0 136.731 NA 66 329 0 NA NA NA NA NA NA 140 393 0 NA NA NA NA NA NA 2656 40517 2572 NA NA NA NA NA NA 3210 40749 2656 NA NA NA NA NA
1576969200.0 136.732 NA 65 273 0 NA NA NA NA NA NA 140 335 0 NA NA NA NA NA NA 1359 13626 824 NA NA NA NA NA NA 1779 14546 950 NA NA NA NA NA
1576969200.0 136.733 NA 150 72 0 NA NA NA NA NA NA 232 107 0 NA NA NA NA NA NA 1923 490 441 NA NA NA NA NA NA 2113 568 488 NA NA NA NA NA
1576969200.0 136.734 NA 65 264 0 NA NA NA NA NA NA 141 326 0 NA NA NA NA NA NA 1832 15237 1325 NA NA NA NA NA NA 2556 15436 1378 NA NA NA NA NA
1576969200.0 136.735 NA 69 243 0 NA NA NA NA NA NA 145 300 0 NA NA NA NA NA NA 1452 3714 1033 NA NA NA NA NA NA 1640 3844 1093 NA NA NA NA NA
1576969200.0 136.736 NA 64 293 0 NA NA NA NA NA NA 141 356 0 NA NA NA NA NA NA 3522 58023 3095 NA NA NA NA NA NA 4165 58366 3189 NA NA NA NA NA
1576969200.0 136.737 NA 64 300 0 NA NA NA NA NA NA 139 365 0 NA NA NA NA NA NA 1696 26320 1207 NA NA NA NA NA NA 2441 26571 1265 NA NA NA NA NA
1576969200.0 136.738 NA 64 289 0 NA NA NA NA NA NA 140 352 0 NA NA NA NA NA NA 4394 64641 3152 NA NA NA NA NA NA 4955 64985 3240 NA NA NA NA NA
1576969200.0 136.739 NA 63 303 0 NA NA NA NA NA NA 138 365 0 NA NA NA NA NA NA 1979 28212 1056 NA NA NA NA NA NA 2900 28418 1162 NA NA NA NA NA
1576969200.0 136.74 NA 64 338 0 NA NA NA NA NA NA 139 401 0 NA NA NA NA NA NA 1541 25409 1029 NA NA NA NA NA NA 2232 25830 1070 NA NA NA NA NA
1576969200.0 136.741 NA 64 271 0 NA NA NA NA NA NA 141 333 0 NA NA NA NA NA NA 1668 26049 1379 NA NA NA NA NA NA 2360 26279 1520 NA NA NA NA NA
1576969200.0 136.742 NA 64 265 0 NA NA NA NA NA NA 139 328 0 NA NA NA NA NA NA 1676 25912 1056 NA NA NA NA NA NA 2126 26204 1099 NA NA NA NA NA
1576969200.0 136.743 NA 64 274 0 NA NA NA NA NA NA 137 340 0 NA NA NA NA NA NA 3859 57301 2574 NA NA NA NA NA NA 4429 57565 2669 NA NA NA NA NA
1576969200.0 136.744 NA 64 333 0 NA NA NA NA NA NA 141 394 0 NA NA NA NA NA NA 1391 25742 1002 NA NA NA NA NA NA 2081 26032 1040 NA NA NA NA NA
1576969200.0 136.745 NA 66 275 0 NA NA NA NA NA NA 142 339 0 NA NA NA NA NA NA 1654 17429 840 NA NA NA NA NA NA 2369 17623 933 NA NA NA NA NA
1576969200.0 136.746 NA 63 265 0 NA NA NA NA NA NA 141 330 0 NA NA NA NA NA NA 2032 24268 1347 NA NA NA NA NA NA 2786 24516 1403 NA NA NA NA NA
1576969200.0 136.747 NA 65 296 0 NA NA NA NA NA NA 141 360 0 NA NA NA NA NA NA 1514 22629 1635 NA NA NA NA NA NA 2175 22861 1694 NA NA NA NA NA
1576969200.0 136.748 NA 65 271 0 NA NA NA NA NA NA 141 331 0 NA NA NA NA NA NA 3399 58287 2629 NA NA NA NA NA NA 3939 58572 2713 NA NA NA NA NA
1576969200.0 136.749 NA 67 300 0 NA NA NA NA NA NA 140 358 0 NA NA NA NA NA NA 2097 26737 1270 NA NA NA NA NA NA 2613 27550 1325 NA NA NA NA NA
1576969200.0 136.75 NA 64 309 0 NA NA NA NA NA NA 139 369 0 NA NA NA NA NA NA 1455 29852 1039 NA NA NA NA NA NA 2150 30304 1082 NA NA NA NA NA
1576969200.0 136.751 NA 64 337 0 NA NA NA NA NA NA 140 398 0 NA NA NA NA NA NA 1769 31609 1203 NA NA NA NA NA NA 2509 31890 1255 NA NA NA NA NA
1576969200.0 136.752 NA 63 270 0 NA NA NA NA NA NA 140 333 0 NA NA NA NA NA NA 1860 25507 1220 NA NA NA NA NA NA 2580 25743 1277 NA NA NA NA NA
1576969200.0 136.753 NA 65 269 0 NA NA NA NA NA NA 139 333 0 NA NA NA NA NA NA 3365 61502 2612 NA NA NA NA NA NA 3942 61820 2712 NA NA NA NA NA
1576969200.0 136.754 NA 70 284 0 NA NA NA NA NA NA 149 347 0 NA NA NA NA NA NA 1722 21987 1215 NA NA NA NA NA NA 2202 22465 1279 NA NA NA NA NA
1576969200.0 136.755 NA 63 320 0 NA NA NA NA NA NA 140 384 0 NA NA NA NA NA NA 1769 29838 1064 NA NA NA NA NA NA 2503 30135 1111 NA NA NA NA NA
1576969200.0 136.756 NA 65 279 0 NA NA NA NA NA NA 140 341 0 NA NA NA NA NA NA 3313 42515 1598 NA NA NA NA NA NA 3875 42833 1681 NA NA NA NA NA
1576969200.0 136.757 NA 66 277 0 NA NA NA NA NA NA 142 337 0 NA NA NA NA NA NA 4250 58260 2674 NA NA NA NA NA NA 4817 58569 2746 NA NA NA NA NA
1576969200.0 136.758 NA 63 298 0 NA NA NA NA NA NA 140 357 0 NA NA NA NA NA NA 1891 27427 1263 NA NA NA NA NA NA 2821 27610 1360 NA NA NA NA NA
1576969200.0 136.759 NA 61 313 0 NA NA NA NA NA NA 138 373 0 NA NA NA NA NA NA 3782 79980 2720 NA NA NA NA NA NA 4893 80792 2833 NA NA NA NA NA
1576969200.0 136.76 NA 62 302 0 NA NA NA NA NA NA 140 364 0 NA NA NA NA NA NA 2121 34089 1353 NA NA NA NA NA NA 3036 34385 1413 NA NA NA NA NA
1576969200.0 136.761 NA 62 311 0 NA NA NA NA NA NA 138 376 0 NA NA NA NA NA NA 1987 36956 1148 NA NA NA NA NA NA 2917 37462 1285 NA NA NA NA NA
1576969200.0 136.7611 NA 155 0 NA NA NA NA NA NA NA 236 0 NA NA NA NA NA NA NA 5843 350 NA NA NA NA NA NA NA 6644 418 NA NA NA NA NA NA
1576969200.0 136.762 NA 63 313 0 NA NA NA NA NA NA 140 375 0 NA NA NA NA NA NA 1958 42217 1193 NA NA NA NA NA NA 2869 42580 1469 NA NA NA NA NA
1576969200.0 136.763 NA 63 274 0 NA NA NA NA NA NA 140 338 0 NA NA NA NA NA NA 1873 40878 1109 NA NA NA NA NA NA 2372 41348 1201 NA NA NA NA NA
1576969200.0 136.764 NA 64 278 0 NA NA NA NA NA NA 138 337 0 NA NA NA NA NA NA 1516 33988 1358 NA NA NA NA NA NA 2200 34304 1420 NA NA NA NA NA
1576969200.0 136.765 NA 64 283 0 NA NA NA NA NA NA 139 345 0 NA NA NA NA NA NA 1455 27977 1722 NA NA NA NA NA NA 2108 28209 2186 NA NA NA NA NA
1576969200.0 136.766 NA 62 324 0 NA NA NA NA NA NA 139 386 0 NA NA NA NA NA NA 3825 85251 2651 NA NA NA NA NA NA 4940 85636 2729 NA NA NA NA NA
1576969200.0 136.767 NA 63 281 0 NA NA NA NA NA NA 139 342 0 NA NA NA NA NA NA 1649 23973 824 NA NA NA NA NA NA 2385 24209 882 NA NA NA NA NA
1576969200.0 136.768 NA 63 273 0 NA NA NA NA NA NA 139 337 0 NA NA NA NA NA NA 2006 38228 1114 NA NA NA NA NA NA 2514 38878 1185 NA NA NA NA NA
1576969200.0 136.769 NA 66 297 0 NA NA NA NA NA NA 142 356 0 NA NA NA NA NA NA 3424 55505 3101 NA NA NA NA NA NA 3992 55813 3182 NA NA NA NA NA
1576969200.0 136.77 NA 65 306 0 NA NA NA NA NA NA 140 365 0 NA NA NA NA NA NA 3168 58730 2611 NA NA NA NA NA NA 3744 59098 2710 NA NA NA NA NA
1576969200.0 136.771 NA 67 294 0 NA NA NA NA NA NA 143 355 0 NA NA NA NA NA NA 3829 56148 3114 NA NA NA NA NA NA 4396 56446 3194 NA NA NA NA NA
1576969200.0 136.772 NA 66 307 0 NA NA NA NA NA NA 141 368 0 NA NA NA NA NA NA 3425 67171 2607 NA NA NA NA NA NA 3989 67465 2709 NA NA NA NA NA
1576969200.0 136.7721 NA 147 0 NA NA NA NA NA NA NA 231 0 NA NA NA NA NA NA NA 3868 384 NA NA NA NA NA NA NA 4058 480 NA NA NA NA NA NA
1576969200.0 136.7722 NA 129 0 NA NA NA NA NA NA NA 211 0 NA NA NA NA NA NA NA 3532 241 NA NA NA NA NA NA NA 3697 282 NA NA NA NA NA NA
1576969200.0 136.773 NA 65 332 0 NA NA NA NA NA NA 142 396 0 NA NA NA NA NA NA 3392 60276 2617 NA NA NA NA NA NA 3952 60558 2685 NA NA NA NA NA
1576969200.0 136.774 NA 64 275 0 NA NA NA NA NA NA 142 335 0 NA NA NA NA NA NA 1785 23096 1276 NA NA NA NA NA NA 2524 23350 1336 NA NA NA NA NA
1576969200.0 136.775 NA 70 267 0 NA NA NA NA NA NA 142 328 0 NA NA NA NA NA NA 1575 23871 1276 NA NA NA NA NA NA 2125 24128 1535 NA NA NA NA NA
1576969200.0 136.776 NA 65 275 0 NA NA NA NA NA NA 140 338 0 NA NA NA NA NA NA 1669 20002 1199 NA NA NA NA NA NA 2397 20212 1252 NA NA NA NA NA
1576969200.0 136.777 NA 65 319 0 NA NA NA NA NA NA 141 383 0 NA NA NA NA NA NA 1593 25848 1154 NA NA NA NA NA NA 2348 26085 1208 NA NA NA NA NA
1576969200.0 136.778 NA 67 276 0 NA NA NA NA NA NA 143 338 0 NA NA NA NA NA NA 2746 37884 1663 NA NA NA NA NA NA 2985 38187 1776 NA NA NA NA NA
1576969200.0 136.779 NA 65 267 0 NA NA NA NA NA NA 142 330 0 NA NA NA NA NA NA 1508 22329 1558 NA NA NA NA NA NA 2194 22559 1856 NA NA NA NA NA
1576969200.0 136.78 NA 67 331 0 NA NA NA NA NA NA 145 390 0 NA NA NA NA NA NA 1783 30871 1089 NA NA NA NA NA NA 2691 31353 1148 NA NA NA NA NA
1576969200.0 136.7801 NA 101 0 NA NA NA NA NA NA NA 175 0 NA NA NA NA NA NA NA 1939 1173 NA NA NA NA NA NA NA 2396 1269 NA NA NA NA NA NA
1576969200.0 136.7802 NA 68 0 NA NA NA NA NA NA NA 138 0 NA NA NA NA NA NA NA 1542 802 NA NA NA NA NA NA NA 2319 1003 NA NA NA NA NA NA
1576969200.0 136.7803 NA 96 0 NA NA NA NA NA NA NA 176 0 NA NA NA NA NA NA NA 2009 965 NA NA NA NA NA NA NA 2358 1046 NA NA NA NA NA NA
1576969200.0 136.781 NA 71 336 0 NA NA NA NA NA NA 142 395 0 NA NA NA NA NA NA 1331 33012 957 NA NA NA NA NA NA 1950 33309 1016 NA NA NA NA NA
1576969200.0 136.782 NA 68 332 0 NA NA NA NA NA NA 144 393 0 NA NA NA NA NA NA 1730 34055 1069 NA NA NA NA NA NA 2229 34235 1111 NA NA NA NA NA
1576969200.0 136.783 NA 66 339 0 NA NA NA NA NA NA 145 398 0 NA NA NA NA NA NA 2850 103506 2682 NA NA NA NA NA NA 3911 104611 2844 NA NA NA NA NA
1576969200.0 136.784 NA 69 334 0 NA NA NA NA NA NA 145 394 0 NA NA NA NA NA NA 1208 34876 1093 NA NA NA NA NA NA 1859 35160 1147 NA NA NA NA NA
1576969200.0 136.785 NA 70 314 0 NA NA NA NA NA NA 145 376 0 NA NA NA NA NA NA 1708 36609 959 NA NA NA NA NA NA 2319 36859 1015 NA NA NA NA NA
1576969200.0 136.786 NA 69 307 0 NA NA NA NA NA NA 143 368 0 NA NA NA NA NA NA 1377 37850 1030 NA NA NA NA NA NA 1992 38630 1123 NA NA NA NA NA
1576969200.0 136.787 NA 68 366 0 NA NA NA NA NA NA 144 427 0 NA NA NA NA NA NA 2947 82946 2423 NA NA NA NA NA NA 4015 84019 2508 NA NA NA NA NA
1576969200.0 136.788 NA 68 359 0 NA NA NA NA NA NA 145 422 0 NA NA NA NA NA NA 2734 98867 2783 NA NA NA NA NA NA 3770 99901 2973 NA NA NA NA NA
1576969200.0 136.789 NA 68 321 0 NA NA NA NA NA NA 144 382 0 NA NA NA NA NA NA 1052 30403 914 NA NA NA NA NA NA 1730 30668 1010 NA NA NA NA NA
1576969200.0 136.79 NA 73 307 0 NA NA NA NA NA NA 153 368 0 NA NA NA NA NA NA 3409 50708 2491 NA NA NA NA NA NA 3974 50979 2582 NA NA NA NA NA
1576969200.0 136.791 NA 74 279 0 NA NA NA NA NA NA 151 333 0 NA NA NA NA NA NA 1215 4251 1053 NA NA NA NA NA NA 1362 4589 1105 NA NA NA NA NA
1576969200.0 136.792 NA 73 341 0 NA NA NA NA NA NA 147 396 0 NA NA NA NA NA NA 2800 67749 3004 NA NA NA NA NA NA 3366 68085 3095 NA NA NA NA NA
1576969200.0 136.793 NA 69 342 0 NA NA NA NA NA NA 146 400 0 NA NA NA NA NA NA 1270 27708 1179 NA NA NA NA NA NA 1957 27945 1235 NA NA NA NA NA
1576969200.0 136.794 NA 69 338 0 NA NA NA NA NA NA 147 395 0 NA NA NA NA NA NA 1898 27751 1163 NA NA NA NA NA NA 2876 28339 1215 NA NA NA NA NA
1576969200.0 136.795 NA 71 343 0 NA NA NA NA NA NA 147 405 0 NA NA NA NA NA NA 1184 30782 1182 NA NA NA NA NA NA 1859 31050 1246 NA NA NA NA NA
1576969200.0 136.7952 NA 143 0 NA NA NA NA NA NA NA 231 0 NA NA NA NA NA NA NA 6161 396 NA NA NA NA NA NA NA 6763 529 NA NA NA NA NA NA
1576969200.0 136.796 NA 70 338 0 NA NA NA NA NA NA 146 397 0 NA NA NA NA NA NA 1083 27532 989 NA NA NA NA NA NA 1777 28375 1034 NA NA NA NA NA
1576969200.0 136.797 NA 70 315 0 NA NA NA NA NA NA 147 372 0 NA NA NA NA NA NA 1751 28716 1052 NA NA NA NA NA NA 2672 29003 1099 NA NA NA NA NA
1576969200.0 136.798 NA 69 308 0 NA NA NA NA NA NA 145 367 0 NA NA NA NA NA NA 1394 28322 1158 NA NA NA NA NA NA 2117 28612 1213 NA NA NA NA NA
1576969200.0 136.799 NA 70 377 0 NA NA NA NA NA NA 146 434 0 NA NA NA NA NA NA 1594 25211 1015 NA NA NA NA NA NA 2335 25553 1059 NA NA NA NA NA
1576969200.0 136.8 NA 73 373 0 NA NA NA NA NA NA 148 431 0 NA NA NA NA NA NA 1263 30748 1141 NA NA NA NA NA NA 1907 31024 1201 NA NA NA NA NA
1576969200.0 136.801 NA 72 322 0 NA NA NA NA NA NA 147 381 0 NA NA NA NA NA NA 2271 47156 1840 NA NA NA NA NA NA 2816 47559 1938 NA NA NA NA NA
1576969200.0 136.802 NA 70 307 0 NA NA NA NA NA NA 147 368 0 NA NA NA NA NA NA 1396 26959 1218 NA NA NA NA NA NA 2042 27432 1538 NA NA NA NA NA
1576969200.0 136.803 NA 72 272 0 NA NA NA NA NA NA 151 333 0 NA NA NA NA NA NA 1478 5394 1427 NA NA NA NA NA NA 1993 5773 1609 NA NA NA NA NA
1576969200.0 136.804 NA 71 337 0 NA NA NA NA NA NA 147 398 0 NA NA NA NA NA NA 1560 24584 1218 NA NA NA NA NA NA 2277 24870 1262 NA NA NA NA NA
1576969200.0 136.805 NA 70 339 0 NA NA NA NA NA NA 146 403 0 NA NA NA NA NA NA 1391 27266 1011 NA NA NA NA NA NA 2029 27507 1194 NA NA NA NA NA
1576969200.0 136.806 NA 71 328 0 NA NA NA NA NA NA 147 393 0 NA NA NA NA NA NA 3283 67645 3148 NA NA NA NA NA NA 3861 67922 3243 NA NA NA NA NA
1576969200.0 136.807 NA 71 343 0 NA NA NA NA NA NA 146 404 0 NA NA NA NA NA NA 1441 28940 1057 NA NA NA NA NA NA 2057 29432 1107 NA NA NA NA NA
1576969200.0 136.808 NA 70 357 0 NA NA NA NA NA NA 147 420 0 NA NA NA NA NA NA 1286 29686 1066 NA NA NA NA NA NA 1955 30566 1104 NA NA NA NA NA
1576969200.0 136.809 NA 70 309 0 NA NA NA NA NA NA 146 370 0 NA NA NA NA NA NA 1856 26772 1099 NA NA NA NA NA NA 2763 27075 1143 NA NA NA NA NA
1576969200.0 136.81 NA 72 302 0 NA NA NA NA NA NA 147 366 0 NA NA NA NA NA NA 1329 27796 1459 NA NA NA NA NA NA 2065 28078 1521 NA NA NA NA NA
1576969200.0 136.811 NA 71 368 0 NA NA NA NA NA NA 145 431 0 NA NA NA NA NA NA 1335 25844 1025 NA NA NA NA NA NA 2028 26326 1074 NA NA NA NA NA
1576969200.0 136.812 NA 71 372 0 NA NA NA NA NA NA 147 434 0 NA NA NA NA NA NA 1447 30652 1049 NA NA NA NA NA NA 2171 31017 1093 NA NA NA NA NA
1576969200.0 136.813 NA 72 318 0 NA NA NA NA NA NA 148 382 0 NA NA NA NA NA NA 1319 18048 703 NA NA NA NA NA NA 2067 18456 747 NA NA NA NA NA
1576969200.0 136.814 NA 71 306 0 NA NA NA NA NA NA 146 372 0 NA NA NA NA NA NA 3395 69012 2747 NA NA NA NA NA NA 3963 69310 2853 NA NA NA NA NA
1576969200.0 136.815 NA 74 271 0 NA NA NA NA NA NA 151 334 0 NA NA NA NA NA NA 1479 5374 949 NA NA NA NA NA NA 1702 5854 1020 NA NA NA NA NA
1576969200.0 136.816 NA 69 343 0 NA NA NA NA NA NA 146 404 0 NA NA NA NA NA NA 1884 39927 1252 NA NA NA NA NA NA 2817 40709 1313 NA NA NA NA NA
1576969200.0 136.817 NA 68 345 0 NA NA NA NA NA NA 145 405 0 NA NA NA NA NA NA 2702 93244 2920 NA NA NA NA NA NA 3772 94310 3118 NA NA NA NA NA
1576969200.0 136.818 NA 70 339 0 NA NA NA NA NA NA 146 403 0 NA NA NA NA NA NA 1655 34910 1292 NA NA NA NA NA NA 2163 35111 1345 NA NA NA NA NA
1576969200.0 136.819 NA 71 354 0 NA NA NA NA NA NA 144 414 0 NA NA NA NA NA NA 1541 41952 1114 NA NA NA NA NA NA 2172 42238 1274 NA NA NA NA NA
1576969200.0 136.82 NA 70 351 0 NA NA NA NA NA NA 146 412 0 NA NA NA NA NA NA 1171 42173 1268 NA NA NA NA NA NA 1836 42474 1317 NA NA NA NA NA
1576969200.0 136.821 NA 69 315 0 NA NA NA NA NA NA 146 375 0 NA NA NA NA NA NA 1868 34454 1102 NA NA NA NA NA NA 2763 34896 1175 NA NA NA NA NA
1576969200.0 136.822 NA 67 313 0 NA NA NA NA NA NA 144 372 0 NA NA NA NA NA NA 2697 90643 2973 NA NA NA NA NA NA 3767 91691 3199 NA NA NA NA NA
1576969200.0 136.823 NA 72 375 0 NA NA NA NA NA NA 144 436 0 NA NA NA NA NA NA 1537 32013 1133 NA NA NA NA NA NA 2149 32363 1212 NA NA NA NA NA
1576969200.0 136.824 NA 70 372 0 NA NA NA NA NA NA 145 433 0 NA NA NA NA NA NA 1525 48251 1040 NA NA NA NA NA NA 2031 49144 1083 NA NA NA NA NA
1576969200.0 136.825 NA 71 327 0 NA NA NA NA NA NA 147 390 0 NA NA NA NA NA NA 1338 24349 686 NA NA NA NA NA NA 2105 24657 725 NA NA NA NA NA
1576969200.0 136.826 NA 70 308 0 NA NA NA NA NA NA 146 374 0 NA NA NA NA NA NA 1612 38127 1382 NA NA NA NA NA NA 2266 38416 1451 NA NA NA NA NA
1576969200.0 136.827 NA 79 274 0 NA NA NA NA NA NA 150 335 0 NA NA NA NA NA NA 1146 4671 1206 NA NA NA NA NA NA 1250 4896 1263 NA NA NA NA NA
1576969200.0 136.828 NA 70 354 0 NA NA NA NA NA NA 145 414 0 NA NA NA NA NA NA 1665 46178 1267 NA NA NA NA NA NA 2164 46918 1308 NA NA NA NA NA
1576969200.0 136.829 NA 69 345 0 NA NA NA NA NA NA 144 408 0 NA NA NA NA NA NA 1351 45190 1074 NA NA NA NA NA NA 1847 45752 1141 NA NA NA NA NA
1576969200.0 136.83 NA 69 336 0 NA NA NA NA NA NA 146 402 0 NA NA NA NA NA NA 1793 46130 1245 NA NA NA NA NA NA 2295 46779 1313 NA NA NA NA NA
1576969200.0 136.831 NA 67 351 0 NA NA NA NA NA NA 146 413 0 NA NA NA NA NA NA 3038 116768 2769 NA NA NA NA NA NA 4078 117658 2870 NA NA NA NA NA
1576969200.0 136.8311 NA 145 0 NA NA NA NA NA NA NA 240 0 NA NA NA NA NA NA NA 8630 653 NA NA NA NA NA NA NA 8993 757 NA NA NA NA NA NA
1576969200.0 136.832 NA 69 378 0 NA NA NA NA NA NA 144 440 0 NA NA NA NA NA NA 2988 131785 2712 NA NA NA NA NA NA 4055 132648 2780 NA NA NA NA NA
1576969200.0 136.833 NA 71 319 0 NA NA NA NA NA NA 146 380 0 NA NA NA NA NA NA 1691 44388 1055 NA NA NA NA NA NA 2327 44766 1104 NA NA NA NA NA
1576969200.0 136.834 NA 71 314 0 NA NA NA NA NA NA 145 376 0 NA NA NA NA NA NA 1506 45894 1066 NA NA NA NA NA NA 2130 46629 1119 NA NA NA NA NA
1576969200.0 136.835 NA 70 380 0 NA NA NA NA NA NA 145 441 0 NA NA NA NA NA NA 1897 36626 1041 NA NA NA NA NA NA 2812 37010 1092 NA NA NA NA NA
1576969200.0 136.836 NA 70 375 0 NA NA NA NA NA NA 146 438 0 NA NA NA NA NA NA 1539 49582 1072 NA NA NA NA NA NA 2047 50295 1133 NA NA NA NA NA
1576969200.0 136.837 NA 73 333 0 NA NA NA NA NA NA 148 396 0 NA NA NA NA NA NA 1576 31091 724 NA NA NA NA NA NA 2495 31468 771 NA NA NA NA NA
1576969200.0 136.838 NA 70 318 0 NA NA NA NA NA NA 146 379 0 NA NA NA NA NA NA 1732 42897 1048 NA NA NA NA NA NA 2224 43938 1094 NA NA NA NA NA
1576969200.0 136.839 NA 77 271 0 NA NA NA NA NA NA 154 334 0 NA NA NA NA NA NA 1295 6551 1001 NA NA NA NA NA NA 1483 7338 1073 NA NA NA NA NA
1576969200.0 136.8391 NA 110 318 0 NA NA NA NA NA NA 187 379 0 NA NA NA NA NA NA 13137 82913 2281 NA NA NA NA NA NA 14613 83300 2349 NA NA NA NA NA
1576969200.0 136.84 NA 71 342 0 NA NA NA NA NA NA 149 402 0 NA NA NA NA NA NA 1437 31268 969 NA NA NA NA NA NA 2103 32137 1004 NA NA NA NA NA
1576969200.0 136.841 NA 73 340 0 NA NA NA NA NA NA 149 404 0 NA NA NA NA NA NA 1531 31453 1046 NA NA NA NA NA NA 2271 31936 1105 NA NA NA NA NA
1576969200.0 136.842 NA 71 340 0 NA NA NA NA NA NA 145 401 0 NA NA NA NA NA NA 1661 43542 1037 NA NA NA NA NA NA 2293 43886 1082 NA NA NA NA NA
1576969200.0 136.843 NA 67 346 0 NA NA NA NA NA NA 145 407 0 NA NA NA NA NA NA 3058 138592 2635 NA NA NA NA NA NA 4112 139408 2718 NA NA NA NA NA
1576969200.0 136.844 NA 69 306 0 NA NA NA NA NA NA 147 373 0 NA NA NA NA NA NA 1649 31892 1203 NA NA NA NA NA NA 2341 32493 1256 NA NA NA NA NA
1576969200.0 136.845 NA 70 309 0 NA NA NA NA NA NA 146 372 0 NA NA NA NA NA NA 1712 28079 1281 NA NA NA NA NA NA 2453 28472 1630 NA NA NA NA NA
1576969200.0 136.846 NA 70 308 0 NA NA NA NA NA NA 147 369 0 NA NA NA NA NA NA 1345 26257 1254 NA NA NA NA NA NA 2028 26582 1573 NA NA NA NA NA
1576969200.0 136.847 NA 69 314 0 NA NA NA NA NA NA 146 377 0 NA NA NA NA NA NA 2082 35287 1134 NA NA NA NA NA NA 2985 35500 1211 NA NA NA NA NA
1576969200.0 136.848 NA 70 318 0 NA NA NA NA NA NA 146 383 0 NA NA NA NA NA NA 1741 50805 1078 NA NA NA NA NA NA 2238 51306 1140 NA NA NA NA NA
1576969200.0 136.849 NA 71 334 0 NA NA NA NA NA NA 148 398 0 NA NA NA NA NA NA 1353 26749 1271 NA NA NA NA NA NA 2112 27041 1320 NA NA NA NA NA
1576969200.0 136.85 NA 71 393 0 NA NA NA NA NA NA 147 459 0 NA NA NA NA NA NA 1041 28927 1134 NA NA NA NA NA NA 1726 29211 1167 NA NA NA NA NA
1576969200.0 136.8501 NA 70 313 0 NA NA NA NA NA NA 146 376 0 NA NA NA NA NA NA 1175 33826 1088 NA NA NA NA NA NA 1839 34117 1128 NA NA NA NA NA
1576969200.0 136.851 NA 71 334 0 NA NA NA NA NA NA 147 395 0 NA NA NA NA NA NA 1561 28387 1286 NA NA NA NA NA NA 2193 28701 1327 NA NA NA NA NA
1576969200.0 136.852 NA 70 350 0 NA NA NA NA NA NA 145 411 0 NA NA NA NA NA NA 1314 31131 1063 NA NA NA NA NA NA 1833 31322 1115 NA NA NA NA NA
1576969200.0 136.8521 NA 144 0 NA NA NA NA NA NA NA 238 0 NA NA NA NA NA NA NA 4694 423 NA NA NA NA NA NA NA 4978 517 NA NA NA NA NA NA
1576969200.0 136.853 NA 71 365 0 NA NA NA NA NA NA 146 431 0 NA NA NA NA NA NA 1216 30899 1126 NA NA NA NA NA NA 1900 31219 1179 NA NA NA NA NA
1576969200.0 136.854 NA 69 314 0 NA NA NA NA NA NA 146 376 0 NA NA NA NA NA NA 1737 30694 1126 NA NA NA NA NA NA 2642 31172 1184 NA NA NA NA NA
1576969200.0 136.855 NA 73 367 0 NA NA NA NA NA NA 146 432 0 NA NA NA NA NA NA 2767 68081 2832 NA NA NA NA NA NA 3324 68397 2908 NA NA NA NA NA
1576969200.0 136.856 NA 70 343 0 NA NA NA NA NA NA 146 405 0 NA NA NA NA NA NA 1074 18993 1293 NA NA NA NA NA NA 1753 19378 1339 NA NA NA NA NA
1576969200.0 136.8561 NA 64 295 0 NA NA NA NA NA NA 141 356 0 NA NA NA NA NA NA 811 5474 857 NA NA NA NA NA NA 936 6114 904 NA NA NA NA NA
1576969200.0 136.8562 NA 66 290 0 NA NA NA NA NA NA 139 348 0 NA NA NA NA NA NA 565 4470 1055 NA NA NA NA NA NA 674 5049 1249 NA NA NA NA NA
1576969200.0 136.857 NA 71 308 0 NA NA NA NA NA NA 146 372 0 NA NA NA NA NA NA 1480 29667 1360 NA NA NA NA NA NA 2154 29942 1482 NA NA NA NA NA
1576969200.0 136.858 NA 71 271 0 NA NA NA NA NA NA 150 336 0 NA NA NA NA NA NA 1654 5597 968 NA NA NA NA NA NA 1921 5849 1039 NA NA NA NA NA
1576969200.0 136.859 NA 71 345 0 NA NA NA NA NA NA 147 406 0 NA NA NA NA NA NA 1458 34357 1106 NA NA NA NA NA NA 2079 34943 1150 NA NA NA NA NA
1576969200.0 136.86 NA 70 306 0 NA NA NA NA NA NA 147 371 0 NA NA NA NA NA NA 1283 30367 1266 NA NA NA NA NA NA 1980 30633 1320 NA NA NA NA NA
1576969200.0 136.861 NA 72 337 0 NA NA NA NA NA NA 145 398 0 NA NA NA NA NA NA 1404 33910 1335 NA NA NA NA NA NA 2014 34222 1401 NA NA NA NA NA
1576969200.0 136.862 NA 68 372 0 NA NA NA NA NA NA 145 435 0 NA NA NA NA NA NA 2636 103999 3126 NA NA NA NA NA NA 3711 105026 3266 NA NA NA NA NA
1576969200.0 136.863 NA 66 341 0 NA NA NA NA NA NA 145 402 0 NA NA NA NA NA NA 3460 97676 3375 NA NA NA NA NA NA 4571 98083 3464 NA NA NA NA NA
1576969200.0 136.864 NA 67 354 0 NA NA NA NA NA NA 144 414 0 NA NA NA NA NA NA 2872 117592 2956 NA NA NA NA NA NA 3904 118687 3035 NA NA NA NA NA
1576969200.0 136.8642 NA 67 353 0 NA NA NA NA NA NA 144 415 0 NA NA NA NA NA NA 2880 117802 2988 NA NA NA NA NA NA 3929 118781 3082 NA NA NA NA NA
1576969200.0 136.8643 NA 68 352 0 NA NA NA NA NA NA 144 415 0 NA NA NA NA NA NA 2876 117687 3020 NA NA NA NA NA NA 3943 118738 3163 NA NA NA NA NA
1576969200.0 136.865 NA 67 381 0 NA NA NA NA NA NA 145 440 0 NA NA NA NA NA NA 2702 116167 3024 NA NA NA NA NA NA 3733 117235 3116 NA NA NA NA NA
1576969200.0 136.866 NA 66 323 0 NA NA NA NA NA NA 145 385 0 NA NA NA NA NA NA 3278 103461 3037 NA NA NA NA NA NA 4392 103873 3135 NA NA NA NA NA
1576969200.0 136.867 NA 70 379 0 NA NA NA NA NA NA 143 440 0 NA NA NA NA NA NA 1355 35533 1199 NA NA NA NA NA NA 1858 35739 1290 NA NA NA NA NA
1576969200.0 136.868 NA 71 346 0 NA NA NA NA NA NA 145 409 0 NA NA NA NA NA NA 1253 28019 1318 NA NA NA NA NA NA 1814 28194 1368 NA NA NA NA NA
1576969200.0 136.869 NA 67 326 0 NA NA NA NA NA NA 146 388 0 NA NA NA NA NA NA 3932 107417 3037 NA NA NA NA NA NA 5050 107850 3122 NA NA NA NA NA
1576969200.0 136.87 NA 78 276 0 NA NA NA NA NA NA 153 335 0 NA NA NA NA NA NA 3187 13682 2453 NA NA NA NA NA NA 3356 13994 2532 NA NA NA NA NA
1576969200.0 136.871 NA 68 353 0 NA NA NA NA NA NA 146 414 0 NA NA NA NA NA NA 2929 129758 2904 NA NA NA NA NA NA 3992 130775 2978 NA NA NA NA NA
1576969200.0 136.872 NA 71 321 0 NA NA NA NA NA NA 145 383 0 NA NA NA NA NA NA 1581 42247 1136 NA NA NA NA NA NA 2082 42937 1181 NA NA NA NA NA
1576969200.0 136.873 NA 69 337 0 NA NA NA NA NA NA 145 398 0 NA NA NA NA NA NA 1464 35944 1611 NA NA NA NA NA NA 2208 36209 1663 NA NA NA NA NA
1576969200.0 136.874 NA 69 420 0 NA NA NA NA NA NA 144 480 0 NA NA NA NA NA NA 2548 90986 2952 NA NA NA NA NA NA 3597 91934 3044 NA NA NA NA NA
1576969200.0 136.875 NA 69 339 0 NA NA NA NA NA NA 146 400 0 NA NA NA NA NA NA 1941 32257 1372 NA NA NA NA NA NA 2844 32456 1433 NA NA NA NA NA
1576969200.0 136.876 NA 67 356 0 NA NA NA NA NA NA 143 416 0 NA NA NA NA NA NA 2836 105100 3008 NA NA NA NA NA NA 3901 106099 3150 NA NA NA NA NA
1576969200.0 136.877 NA 70 364 0 NA NA NA NA NA NA 146 426 0 NA NA NA NA NA NA 1238 36104 1102 NA NA NA NA NA NA 1907 36384 1141 NA NA NA NA NA
1576969200.0 136.878 NA 70 323 0 NA NA NA NA NA NA 146 383 0 NA NA NA NA NA NA 1787 36025 1222 NA NA NA NA NA NA 2680 36225 1302 NA NA NA NA NA
1576969200.0 136.879 NA 69 373 0 NA NA NA NA NA NA 144 435 0 NA NA NA NA NA NA 1695 32333 1124 NA NA NA NA NA NA 2620 32753 1171 NA NA NA NA NA
1576969200.0 136.88 NA 70 344 0 NA NA NA NA NA NA 145 405 0 NA NA NA NA NA NA 1287 26009 1297 NA NA NA NA NA NA 2028 26450 1336 NA NA NA NA NA
1576969200.0 136.881 NA 71 309 0 NA NA NA NA NA NA 146 375 0 NA NA NA NA NA NA 1607 33936 1294 NA NA NA NA NA NA 2285 34213 1360 NA NA NA NA NA
1576969200.0 136.882 NA 75 297 0 NA NA NA NA NA NA 153 359 0 NA NA NA NA NA NA 1550 8229 1294 NA NA NA NA NA NA 2206 8469 1353 NA NA NA NA NA
1576969200.0 136.883 NA 73 343 0 NA NA NA NA NA NA 145 405 0 NA NA NA NA NA NA 1514 46590 1122 NA NA NA NA NA NA 2151 47292 1168 NA NA NA NA NA
1576969200.0 136.884 NA 71 316 0 NA NA NA NA NA NA 146 378 0 NA NA NA NA NA NA 1749 35439 1344 NA NA NA NA NA NA 2484 35721 1408 NA NA NA NA NA
1576969200.0 136.885 NA 70 336 0 NA NA NA NA NA NA 146 401 0 NA NA NA NA NA NA 1252 34491 1760 NA NA NA NA NA NA 1892 34774 1810 NA NA NA NA NA
1576969200.0 136.8855 NA 68 85 0 NA NA NA NA NA NA 146 119 0 NA NA NA NA NA NA 2603 3178 584 NA NA NA NA NA NA 3055 3404 656 NA NA NA NA NA
1576969200.0 136.885501 NA 68 83 0 NA NA NA NA NA NA 145 119 0 NA NA NA NA NA NA 2556 3150 568 NA NA NA NA NA NA 2827 3402 645 NA NA NA NA NA
1576969200.0 136.885502 NA 68 78 0 NA NA NA NA NA NA 145 119 0 NA NA NA NA NA NA 2617 3137 576 NA NA NA NA NA NA 3102 3352 657 NA NA NA NA NA
1576969200.0 136.886 NA 72 384 0 NA NA NA NA NA NA 144 445 0 NA NA NA NA NA NA 1349 34771 1167 NA NA NA NA NA NA 1960 35094 1250 NA NA NA NA NA
1576969200.0 136.8861 NA 76 444 0 NA NA NA NA NA NA 150 508 0 NA NA NA NA NA NA 1376 31078 1568 NA NA NA NA NA NA 2165 31431 1613 NA NA NA NA NA
1576969200.0 136.8862 NA 72 384 0 NA NA NA NA NA NA 147 444 0 NA NA NA NA NA NA 1557 36420 1224 NA NA NA NA NA NA 2559 36633 1311 NA NA NA NA NA
1576969200.0 136.887 NA 70 337 0 NA NA NA NA NA NA 146 398 0 NA NA NA NA NA NA 1322 33219 1331 NA NA NA NA NA NA 1966 33504 1372 NA NA NA NA NA
1576969200.0 136.888 NA 69 360 0 NA NA NA NA NA NA 144 421 0 NA NA NA NA NA NA 2807 103285 3183 NA NA NA NA NA NA 3875 104339 3436 NA NA NA NA NA
1576969200.0 136.8885 NA 69 84 0 NA NA NA NA NA NA 145 119 0 NA NA NA NA NA NA 2696 3282 588 NA NA NA NA NA NA 3212 3527 669 NA NA NA NA NA
1576969200.0 136.888501 NA 69 84 0 NA NA NA NA NA NA 144 119 0 NA NA NA NA NA NA 2700 3354 579 NA NA NA NA NA NA 3351 3664 661 NA NA NA NA NA
1576969200.0 136.888502 NA 67 83 0 NA NA NA NA NA NA 144 119 0 NA NA NA NA NA NA 2973 3398 607 NA NA NA NA NA NA 4242 3638 693 NA NA NA NA NA
1576969200.0 136.889 NA 67 369 0 NA NA NA NA NA NA 146 429 0 NA NA NA NA NA NA 2652 103750 3166 NA NA NA NA NA NA 3692 104793 3339 NA NA NA NA NA
1576969200.0 136.89 NA 71 324 0 NA NA NA NA NA NA 145 384 0 NA NA NA NA NA NA 1594 34008 1155 NA NA NA NA NA NA 2197 34216 1236 NA NA NA NA NA
1576969200.0 136.891 NA 71 377 0 NA NA NA NA NA NA 143 438 0 NA NA NA NA NA NA 1574 30761 1144 NA NA NA NA NA NA 2190 31388 1195 NA NA NA NA NA
1576969200.0 136.892 NA 69 346 0 NA NA NA NA NA NA 145 411 0 NA NA NA NA NA NA 1485 28869 856 NA NA NA NA NA NA 2423 29285 953 NA NA NA NA NA
1576969200.0 136.893 NA 70 317 0 NA NA NA NA NA NA 146 381 0 NA NA NA NA NA NA 1648 36725 1151 NA NA NA NA NA NA 2157 37966 1228 NA NA NA NA NA
1576969200.0 136.894 NA 75 295 0 NA NA NA NA NA NA 151 360 0 NA NA NA NA NA NA 1750 14278 956 NA NA NA NA NA NA 2175 14512 999 NA NA NA NA NA
1576969200.0 136.895 NA 70 350 0 NA NA NA NA NA NA 149 412 0 NA NA NA NA NA NA 3040 102642 3215 NA NA NA NA NA NA 4170 103651 3420 NA NA NA NA NA
1576969200.0 136.896 NA 69 320 0 NA NA NA NA NA NA 145 380 0 NA NA NA NA NA NA 1849 32599 1218 NA NA NA NA NA NA 2762 32814 1287 NA NA NA NA NA
1576969200.0 136.898 NA 67 348 0 NA NA NA NA NA NA 144 411 0 NA NA NA NA NA NA 3219 98441 2926 NA NA NA NA NA NA 4348 98810 2997 NA NA NA NA NA
1576969200.0 1360.0 0 NA NA NA NA NA NA NA NA 0 NA NA NA NA NA NA NA NA 1920 NA NA NA NA NA NA NA NA 1882 NA NA NA NA NA NA NA NA
1576969200.0 1361.0 0 NA NA NA NA NA NA NA NA 0 NA NA NA NA NA NA NA NA 1552 NA NA NA NA NA NA NA NA 1637 NA NA NA NA NA NA NA NA
1576969200.0 1361.17 0 NA NA NA NA NA NA NA NA 0 NA NA NA NA NA NA NA NA 1651 NA NA NA NA NA NA NA NA 1739 NA NA NA NA NA NA NA NA
1576969200.0 1361.18 0 NA NA NA NA NA NA NA NA 0 NA NA NA NA NA NA NA NA 1784 NA NA NA NA NA NA NA NA 2463 NA NA NA NA NA NA NA NA
1576969200.0 1361.181 0 NA NA NA NA NA NA NA NA 0 NA NA NA NA NA NA NA NA 1838 NA NA NA NA NA NA NA NA 2364 NA NA NA NA NA NA NA NA
1576969200.0 1362.0 0 NA NA NA NA NA NA NA NA 0 NA NA NA NA NA NA NA NA 1555 NA NA NA NA NA NA NA NA 1611 NA NA NA NA NA NA NA NA
1576969200.0 1362.17 0 NA NA NA NA NA NA NA NA 0 NA NA NA NA NA NA NA NA 1861 NA NA NA NA NA NA NA NA 2366 NA NA NA NA NA NA NA NA
1576969200.0 1362.18 0 NA NA NA NA NA NA NA NA 0 NA NA NA NA NA NA NA NA 1787 NA NA NA NA NA NA NA NA 2462 NA NA NA NA NA NA NA NA
1576969200.0 1363.0 0 NA NA NA NA NA NA NA NA 0 NA NA NA NA NA NA NA NA 1588 NA NA NA NA NA NA NA NA 1741 NA NA NA NA NA NA NA NA
1576969200.0 1363.17 0 NA NA NA NA NA NA NA NA 0 NA NA NA NA NA NA NA NA 1803 NA NA NA NA NA NA NA NA 2462 NA NA NA NA NA NA NA NA
1576969200.0 1363.18 0 NA NA NA NA NA NA NA NA 0 NA NA NA NA NA NA NA NA 1844 NA NA NA NA NA NA NA NA 2363 NA NA NA NA NA NA NA NA
1576969200.0 1364.0 NA 108 266 0 NA NA NA NA NA NA 185 330 0 NA NA NA NA NA NA 1181 4430 1117 NA NA NA NA NA NA 1491 5061 1483 NA NA NA NA NA
1576969200.0 1365.0 NA 107 264 0 NA NA NA NA NA NA 186 331 0 NA NA NA NA NA NA 1182 4246 1026 NA NA NA NA NA NA 1325 5118 1111 NA NA NA NA NA
1576969200.0 1366.0 NA 111 277 0 NA NA NA NA NA NA 184 330 0 NA NA NA NA NA NA 963 2753 875 NA NA NA NA NA NA 1148 3072 930 NA NA NA NA NA
1576969200.0 137.8 NA 68 420 NA 74 385 0 NA NA NA 144 480 NA 145 445 0 NA NA NA 2539 90928 NA 2200 91372 4327 NA NA NA 3565 92001 NA 2391 92020 4422 NA NA
1576969200.0 1370.0 27 63 110 268 0 180 NA NA NA 84 112 145 333 0 237 NA NA NA 173 6309 1124 3281 880 1333 NA NA NA 328 6401 1210 3657 1069 1659 NA NA NA
1576969200.0 1370.17 27 58 159 299 0 177 NA NA NA 85 104 197 363 0 241 NA NA NA 177 6530 1832 2983 1106 1445 NA NA NA 331 6621 2068 3126 1371 2023 NA NA NA
1576969200.0 1370.18 25 58 150 306 0 176 NA NA NA 85 104 189 364 0 241 NA NA NA 182 6503 1974 2917 1234 1237 NA NA NA 535 6741 2474 3066 1427 1334 NA NA NA
1576969200.0 138.1 NA 174 70 0 NA NA NA NA NA NA 259 100 0 NA NA NA NA NA NA 6317 983 1406 NA NA NA NA NA NA 7691 1078 1513 NA NA NA NA NA
1576969200.0 139901.0 NA 113 268 0 NA NA NA NA NA NA 185 331 0 NA NA NA NA NA NA 1120 3370 1414 NA NA NA NA NA NA 1337 3653 1991 NA NA NA NA NA
1576969200.0 139902.0 NA 105 270 0 NA NA NA NA NA NA 186 334 0 NA NA NA NA NA NA 1496 3748 990 NA NA NA NA NA NA 2148 3975 1051 NA NA NA NA NA
1576969200.0 13992501.0 NA 172 338 0 NA NA NA NA NA NA 256 441 0 NA NA NA NA NA NA 5991 5760 737 NA NA NA NA NA NA 6300 6168 776 NA NA NA NA NA
1576969200.0 13992502.0 NA 172 332 0 NA NA NA NA NA NA 253 442 0 NA NA NA NA NA NA 6451 6601 855 NA NA NA NA NA NA 7606 6902 935 NA NA NA NA NA
1576969200.0 14.0 NA 106 251 0 NA NA NA NA NA NA 182 314 0 NA NA NA NA NA NA 6096 8732 866 NA NA NA NA NA NA 6749 9241 921 NA NA NA NA NA
1576969200.0 140.0 70 98 183 0 NA NA NA NA NA 118 128 228 0 NA NA NA NA NA 5088 603 1396 320 NA NA NA NA NA 5796 700 1560 412 NA NA NA NA NA
1576969200.0 140.51 NA 31 179 0 NA NA NA NA NA NA 102 227 0 NA NA NA NA NA NA 1481 3968 384 NA NA NA NA NA NA 1903 4736 437 NA NA NA NA NA
1576969200.0 140.52 NA 195 186 0 NA NA NA NA NA NA 275 223 0 NA NA NA NA NA NA 3802 2707 464 NA NA NA NA NA NA 3991 2843 514 NA NA NA NA NA
1576969200.0 140.53 NA 216 0 NA NA NA NA NA NA NA 302 0 NA NA NA NA NA NA NA 6261 339 NA NA NA NA NA NA NA 6696 377 NA NA NA NA NA NA
1576969200.0 140.54 NA 289 0 NA NA NA NA NA NA NA 379 0 NA NA NA NA NA NA NA 5819 1783 NA NA NA NA NA NA NA 6131 2031 NA NA NA NA NA NA
1576969200.0 140.55 NA 52 39 250 0 NA NA NA NA NA 130 81 312 0 NA NA NA NA NA 11883 8087 25863 338 NA NA NA NA NA 12375 8129 26011 389 NA NA NA NA
1576969200.0 140.56 NA 447 0 NA NA NA NA NA NA NA 546 0 NA NA NA NA NA NA NA 103098 2172 NA NA NA NA NA NA NA 106237 2363 NA NA NA NA NA NA
1576969200.0 140.57 NA 333 0 NA NA NA NA NA NA NA 430 0 NA NA NA NA NA NA NA 5017 851 NA NA NA NA NA NA NA 5554 1116 NA NA NA NA NA NA
1576969200.0 144.6 NA 243 NA NA NA NA NA NA NA NA 338 NA NA NA NA NA NA NA NA 4704 NA NA NA NA NA NA NA NA 4970 NA NA NA NA NA NA NA
1576969200.0 145.0 69 89 183 0 NA NA NA NA NA 114 129 229 0 NA NA NA NA NA 4757 712 2120 472 NA NA NA NA NA 5246 911 2594 588 NA NA NA NA NA
1576969200.0 148.0 56 160 300 0 NA NA NA NA NA 98 195 359 0 NA NA NA NA NA 1599 1018 2669 1145 NA NA NA NA NA 1681 1096 2804 1205 NA NA NA NA NA
1576969200.0 149.0 55 162 292 0 NA NA NA NA NA 99 196 361 0 NA NA NA NA NA 2591 1856 3681 1146 NA NA NA NA NA 2805 2352 4085 1218 NA NA NA NA NA
1576969200.0 15.0 NA 80 242 0 NA NA NA NA NA NA 159 299 0 NA NA NA NA NA NA 3187 4388 763 NA NA NA NA NA NA 3803 5037 813 NA NA NA NA NA
1576969200.0 150.0 64 155 230 0 NA NA NA NA NA 110 195 283 0 NA NA NA NA NA 5022 1920 2177 440 NA NA NA NA NA 5509 2485 2614 517 NA NA NA NA NA
1576969200.0 158.0 67 195 315 65 0 NA NA NA NA 110 234 388 103 0 NA NA NA NA 10949 3116 8141 956 2696 NA NA NA NA 11073 3265 8362 1094 2784 NA NA NA NA
1576969200.0 158.1 NA 190 307 0 NA NA NA NA NA NA 266 376 0 NA NA NA NA NA NA 1412 3541 1311 NA NA NA NA NA NA 1579 3844 1530 NA NA NA NA NA
1576969200.0 158.2 NA 182 314 0 NA NA NA NA NA NA 264 374 0 NA NA NA NA NA NA 1281 3349 1354 NA NA NA NA NA NA 1422 3585 1716 NA NA NA NA NA
1576969200.0 158.3 NA 184 321 0 NA NA NA NA NA NA 265 376 0 NA NA NA NA NA NA 1398 3295 1667 NA NA NA NA NA NA 1598 3472 2081 NA NA NA NA NA
1576969200.0 16.0 NA 98 245 0 NA NA NA NA NA NA 173 316 0 NA NA NA NA NA NA 4635 5029 956 NA NA NA NA NA NA 5522 5264 1015 NA NA NA NA NA
1576969200.0 17.0 NA 91 246 0 NA NA NA NA NA NA 169 311 0 NA NA NA NA NA NA 3312 4080 879 NA NA NA NA NA NA 3468 4390 932 NA NA NA NA NA
1576969200.0 18.0 NA 84 242 0 NA NA NA NA NA NA 159 299 0 NA NA NA NA NA NA 3625 4157 744 NA NA NA NA NA NA 4265 4553 799 NA NA NA NA NA
1576969200.0 19.0 NA 79 245 0 NA NA NA NA NA NA 159 299 0 NA NA NA NA NA NA 3238 3374 741 NA NA NA NA NA NA 3854 3569 791 NA NA NA NA NA
1576969200.0 2.0 58 82 182 NA NA NA NA NA NA 111 118 233 NA NA NA NA NA NA 7526 906 2601 NA NA NA NA NA NA 8252 1036 2753 NA NA NA NA NA NA
1576969200.0 20.0 NA 82 245 0 NA NA NA NA NA NA 161 300 0 NA NA NA NA NA NA 4497 4856 952 NA NA NA NA NA NA 5396 5445 1033 NA NA NA NA NA
1576969200.0 200.0 NA 109 265 0 NA NA NA NA NA NA 189 372 0 NA NA NA NA NA NA 2565 5192 901 NA NA NA NA NA NA 3231 5690 1100 NA NA NA NA NA
1576969200.0 20034.0 NA 179 350 0 NA NA NA NA NA NA 266 417 0 NA NA NA NA NA NA 4219 3637 908 NA NA NA NA NA NA 4667 3823 1062 NA NA NA NA NA
1576969200.0 2017.1 337 0 110 NA NA NA NA NA NA 377 0 156 NA NA NA NA NA NA 4892 1274 2759 NA NA NA NA NA NA 5124 1354 3187 NA NA NA NA NA NA
1576969200.0 2017.11 321 0 119 NA NA NA NA NA NA 380 0 156 NA NA NA NA NA NA 2935 538 1141 NA NA NA NA NA NA 3307 588 1371 NA NA NA NA NA NA
1576969200.0 2017.12 318 0 112 NA NA NA NA NA NA 374 0 156 NA NA NA NA NA NA 2102 622 1092 NA NA NA NA NA NA 2282 861 1206 NA NA NA NA NA NA
1576969200.0 2017.13 332 0 NA NA NA NA NA NA NA 389 0 NA NA NA NA NA NA NA 5188 1500 NA NA NA NA NA NA NA 5492 1659 NA NA NA NA NA NA NA
1576969200.0 2017.2 312 0 125 NA NA NA NA NA NA 360 0 156 NA NA NA NA NA NA 4114 1222 2173 NA NA NA NA NA NA 4355 1296 2361 NA NA NA NA NA NA
1576969200.0 2017.3 306 0 113 NA NA NA NA NA NA 361 0 156 NA NA NA NA NA NA 2377 605 1146 NA NA NA NA NA NA 3124 659 1261 NA NA NA NA NA NA
1576969200.0 2017.4 322 0 114 NA NA NA NA NA NA 374 0 156 NA NA NA NA NA NA 4387 1265 2552 NA NA NA NA NA NA 4636 1336 2971 NA NA NA NA NA NA
1576969200.0 2017.5 320 0 115 NA NA NA NA NA NA 374 0 156 NA NA NA NA NA NA 2340 612 1188 NA NA NA NA NA NA 2534 667 1301 NA NA NA NA NA NA
1576969200.0 2017.6 316 0 114 NA NA NA NA NA NA 377 0 156 NA NA NA NA NA NA 2604 675 1277 NA NA NA NA NA NA 2953 753 1387 NA NA NA NA NA NA
1576969200.0 2017.7 318 0 114 NA NA NA NA NA NA 375 0 156 NA NA NA NA NA NA 2476 700 1204 NA NA NA NA NA NA 3102 757 1311 NA NA NA NA NA NA
1576969200.0 2017.8 173 NA NA NA NA NA NA NA NA 219 NA NA NA NA NA NA NA NA 2654 NA NA NA NA NA NA NA NA 4280 NA NA NA NA NA NA NA NA
1576969200.0 2017.9 320 0 113 NA NA NA NA NA NA 374 0 156 NA NA NA NA NA NA 2916 791 1234 NA NA NA NA NA NA 3837 894 1498 NA NA NA NA NA NA
1576969200.0 2018.1 307 0 116 NA NA NA NA NA NA 372 0 156 NA NA NA NA NA NA 6805 1411 2389 NA NA NA NA NA NA 9056 1530 2572 NA NA NA NA NA NA
1576969200.0 2018.11 318 0 115 NA NA NA NA NA NA 376 0 156 NA NA NA NA NA NA 3674 706 1371 NA NA NA NA NA NA 4440 790 1479 NA NA NA NA NA NA
1576969200.0 2018.12 313 0 123 NA NA NA NA NA NA 370 0 156 NA NA NA NA NA NA 4509 1246 2199 NA NA NA NA NA NA 4726 1307 2371 NA NA NA NA NA NA
1576969200.0 2018.13 331 0 NA NA NA NA NA NA NA 385 0 NA NA NA NA NA NA NA 5083 1550 NA NA NA NA NA NA NA 5356 1781 NA NA NA NA NA NA NA
1576969200.0 2018.2 303 0 113 NA NA NA NA NA NA 356 0 156 NA NA NA NA NA NA 2514 678 1141 NA NA NA NA NA NA 3091 768 1241 NA NA NA NA NA NA
1576969200.0 2018.3 303 0 112 NA NA NA NA NA NA 356 0 156 NA NA NA NA NA NA 4237 1245 2604 NA NA NA NA NA NA 4457 1334 3068 NA NA NA NA NA NA
1576969200.0 2018.4 314 0 117 NA NA NA NA NA NA 370 0 156 NA NA NA NA NA NA 2552 671 1179 NA NA NA NA NA NA 3227 732 1285 NA NA NA NA NA NA
1576969200.0 2018.5 306 0 117 NA NA NA NA NA NA 370 0 156 NA NA NA NA NA NA 6157 1417 2324 NA NA NA NA NA NA 8455 1546 2495 NA NA NA NA NA NA
1576969200.0 2018.6 322 0 127 NA NA NA NA NA NA 372 0 156 NA NA NA NA NA NA 4792 1258 2273 NA NA NA NA NA NA 5037 1391 2484 NA NA NA NA NA NA
1576969200.0 2018.7 319 0 119 NA NA NA NA NA NA 370 0 156 NA NA NA NA NA NA 4524 1243 2210 NA NA NA NA NA NA 4781 1341 2406 NA NA NA NA NA NA
1576969200.0 2018.8 166 NA NA NA NA NA NA NA NA 213 NA NA NA NA NA NA NA NA 2659 NA NA NA NA NA NA NA NA 4033 NA NA NA NA NA NA NA NA
1576969200.0 2018.9 312 0 116 NA NA NA NA NA NA 370 0 156 NA NA NA NA NA NA 2848 744 1269 NA NA NA NA NA NA 3584 885 1381 NA NA NA NA NA NA
1576969200.0 202.0 NA 110 272 0 NA NA NA NA NA NA 192 374 0 NA NA NA NA NA NA 2582 4003 919 NA NA NA NA NA NA 2878 4350 1288 NA NA NA NA NA
1576969200.0 203.0 NA 109 267 0 NA NA NA NA NA NA 194 376 0 NA NA NA NA NA NA 2370 5193 1279 NA NA NA NA NA NA 2885 5569 1425 NA NA NA NA NA
1576969200.0 204.0 61 98 260 0 NA NA NA NA NA 111 178 361 0 NA NA NA NA NA 5567 1734 3667 989 NA NA NA NA NA 5841 1890 3868 1048 NA NA NA NA NA
1576969200.0 20434.0 NA 176 346 0 NA NA NA NA NA NA 260 412 0 NA NA NA NA NA NA 3361 4015 1133 NA NA NA NA NA NA 3490 4265 1477 NA NA NA NA NA
1576969200.0 20434.1 NA 175 177 0 NA NA NA NA NA NA 260 219 0 NA NA NA NA NA NA 3113 2477 766 NA NA NA NA NA NA 3236 2629 849 NA NA NA NA NA
1576969200.0 20434.103 NA 180 393 0 NA NA NA NA NA NA 269 459 0 NA NA NA NA NA NA 9458 6058 862 NA NA NA NA NA NA 9902 6387 898 NA NA NA NA NA
1576969200.0 20434.21 NA 173 177 146 NA NA NA NA NA NA 260 230 186 NA NA NA NA NA NA 4352 2742 2738 NA NA NA NA NA NA 4834 2930 3021 NA NA NA NA NA
1576969200.0 20493.52 NA 164 326 0 NA NA NA NA NA NA 250 391 0 NA NA NA NA NA NA 3439 3831 1287 NA NA NA NA NA NA 3890 4146 1430 NA NA NA NA NA
1576969200.0 205.0 NA 103 258 0 NA NA NA NA NA NA 186 364 0 NA NA NA NA NA NA 2410 4323 871 NA NA NA NA NA NA 2712 4764 1136 NA NA NA NA NA
1576969200.0 20634.21 NA 387 356 166 NA NA NA NA NA NA 487 417 208 NA NA NA NA NA NA 65791 105804 9511 NA NA NA NA NA NA 67866 106106 9676 NA NA NA NA NA
1576969200.0 20634.99 NA 340 383 NA NA NA NA NA NA NA 445 488 NA NA NA NA NA NA NA 44901 42049 NA NA NA NA NA NA NA 46852 42210 NA NA NA NA NA NA
1576969200.0 20661.97 337 NA NA NA NA NA NA NA NA 440 NA NA NA NA NA NA NA NA 20791 NA NA NA NA NA NA NA NA 21693 NA NA NA NA NA NA NA NA
1576969200.0 20834.0 69 183 356 0 NA NA NA NA NA 117 219 414 0 NA NA NA NA NA 26309 7851 9907 2341 NA NA NA NA NA 26469 7974 10154 2421 NA NA NA NA NA
1576969200.0 21.0 NA 84 245 0 NA NA NA NA NA NA 162 300 0 NA NA NA NA NA NA 3295 3998 797 NA NA NA NA NA NA 3909 4232 858 NA NA NA NA NA
1576969200.0 21234.0 71 183 359 0 NA NA NA NA NA 117 226 414 0 NA NA NA NA NA 13282 3162 3990 1086 NA NA NA NA NA 13917 3257 4236 1140 NA NA NA NA NA
1576969200.0 21634.0 70 173 344 0 NA NA NA NA NA 117 215 409 0 NA NA NA NA NA 34622 8111 10402 2422 NA NA NA NA NA 35134 8222 10669 2527 NA NA NA NA NA
1576969200.0 22.0 NA 94 252 0 NA NA NA NA NA NA 173 312 0 NA NA NA NA NA NA 3384 3927 942 NA NA NA NA NA NA 3989 4055 997 NA NA NA NA NA
1576969200.0 22034.0 71 164 350 0 NA NA NA NA NA 118 210 407 0 NA NA NA NA NA 13765 3303 4372 1135 NA NA NA NA NA 14316 3413 4750 1661 NA NA NA NA NA
1576969200.0 22434.0 70 171 347 0 NA NA NA NA NA 116 216 408 0 NA NA NA NA NA 43986 8842 10686 2515 NA NA NA NA NA 44505 9000 10984 2602 NA NA NA NA NA
1576969200.0 22834.0 70 170 354 0 NA NA NA NA NA 117 210 407 0 NA NA NA NA NA 11622 2910 4141 972 NA NA NA NA NA 12251 2981 4299 1042 NA NA NA NA NA
1576969200.0 23.0 NA 106 264 0 NA NA NA NA NA NA 182 317 0 NA NA NA NA NA NA 5918 4427 812 NA NA NA NA NA NA 6808 4591 870 NA NA NA NA NA
1576969200.0 23234.0 69 168 353 0 NA NA NA NA NA 117 210 407 0 NA NA NA NA NA 11340 3498 4208 954 NA NA NA NA NA 11744 3589 4792 1007 NA NA NA NA NA
1576969200.0 23634.0 70 167 351 0 NA NA NA NA NA 117 209 407 0 NA NA NA NA NA 35526 7996 10058 2375 NA NA NA NA NA 36035 8126 10335 2477 NA NA NA NA NA
1576969200.0 24.0 NA 102 248 0 NA NA NA NA NA NA 168 310 0 NA NA NA NA NA NA 8918 16253 2163 NA NA NA NA NA NA 9115 16551 2248 NA NA NA NA NA
1576969200.0 24034.0 69 164 344 0 NA NA NA NA NA 117 210 406 0 NA NA NA NA NA 35300 7990 10012 2370 NA NA NA NA NA 35813 8116 10294 2464 NA NA NA NA NA
1576969200.0 25.0 NA 107 269 0 79 NA NA NA NA NA 183 334 0 114 NA NA NA NA NA 6237 7017 998 527 NA NA NA NA NA 6500 7301 1142 633 NA NA NA NA
1576969200.0 250199.0 159 NA NA NA NA NA NA NA NA 243 NA NA NA NA NA NA NA NA 5844 NA NA NA NA NA NA NA NA 6392 NA NA NA NA NA NA NA NA
1576969200.0 250199.17 167 NA NA NA NA NA NA NA NA 251 NA NA NA NA NA NA NA NA 6932 NA NA NA NA NA NA NA NA 7578 NA NA NA NA NA NA NA NA
1576969200.0 250199.18 194 NA NA NA NA NA NA NA NA 282 NA NA NA NA NA NA NA NA 8642 NA NA NA NA NA NA NA NA 9510 NA NA NA NA NA NA NA NA
1576969200.0 250200.0 NA 179 297 0 NA NA NA NA NA NA 258 365 0 NA NA NA NA NA NA 34910 4556 734 NA NA NA NA NA NA 35578 4723 777 NA NA NA NA NA
1576969200.0 250200.1 61 166 226 NA NA NA NA NA NA 107 248 274 NA NA NA NA NA NA 7513 7525 8580 NA NA NA NA NA NA 7621 7746 8830 NA NA NA NA NA NA
1576969200.0 250200.117 55 218 224 NA NA NA NA NA NA 100 297 282 NA NA NA NA NA NA 4025 4945 3415 NA NA NA NA NA NA 4240 5142 3693 NA NA NA NA NA NA
1576969200.0 250200.118 55 225 246 162 NA NA NA NA NA 99 307 300 222 NA NA NA NA NA 4254 6277 4042 1078 NA NA NA NA NA 5068 6500 4364 1199 NA NA NA NA NA
1576969200.0 250200.17 NA 241 331 0 NA NA NA NA NA NA 319 405 0 NA NA NA NA NA NA 71440 14382 2759 NA NA NA NA NA NA 72874 14686 3031 NA NA NA NA NA
1576969200.0 250200.18 NA 250 341 0 NA NA NA NA NA NA 332 415 0 NA NA NA NA NA NA 99582 18505 2427 NA NA NA NA NA NA 101439 19094 2506 NA NA NA NA NA
1576969200.0 250202.0 NA 190 299 0 NA NA NA NA NA NA 271 366 0 NA NA NA NA NA NA 35988 5226 784 NA NA NA NA NA NA 36463 5418 835 NA NA NA NA NA
1576969200.0 250202.1 NA 160 182 300 0 NA NA NA NA NA 243 260 369 0 NA NA NA NA NA 14163 70035 13769 2170 NA NA NA NA NA 15936 70284 14136 2379 NA NA NA NA
1576969200.0 250202.118 56 229 245 158 NA NA NA NA NA 101 312 306 222 NA NA NA NA NA 7105 5486 5970 1364 NA NA NA NA NA 8018 5672 6397 1524 NA NA NA NA NA
1576969200.0 250202.17 NA 243 339 0 NA NA NA NA NA NA 326 408 0 NA NA NA NA NA NA 37242 6408 939 NA NA NA NA NA NA 37772 6696 1057 NA NA NA NA NA
1576969200.0 250202.171 NA 167 236 332 0 NA NA NA NA NA 251 314 404 0 NA NA NA NA NA 14619 73931 16511 2529 NA NA NA NA NA 16482 74129 16950 2641 NA NA NA NA
1576969200.0 250202.18 NA 253 348 0 NA NA NA NA NA NA 330 419 0 NA NA NA NA NA NA 104079 21103 2491 NA NA NA NA NA NA 105702 21622 2594 NA NA NA NA NA
1576969200.0 250202.181 NA 192 241 350 0 NA NA NA NA NA 281 321 418 0 NA NA NA NA NA 20473 100905 19299 2402 NA NA NA NA NA 22332 101127 19590 2486 NA NA NA NA
1576969200.0 250202.2 NA 186 304 0 NA NA NA NA NA NA 266 363 0 NA NA NA NA NA NA 47953 4801 744 NA NA NA NA NA NA 48465 5101 787 NA NA NA NA NA
1576969200.0 250202.3 NA 160 181 302 0 NA NA NA NA NA 243 259 366 0 NA NA NA NA NA 14136 102427 12721 1928 NA NA NA NA NA 15922 102716 12997 2018 NA NA NA NA
1576969200.0 250202.4 NA 186 305 0 NA NA NA NA NA NA 266 365 0 NA NA NA NA NA NA 47801 4955 762 NA NA NA NA NA NA 48275 5265 817 NA NA NA NA NA
1576969200.0 250202.5 NA 157 179 302 0 NA NA NA NA NA 241 255 366 0 NA NA NA NA NA 14159 102101 13183 1946 NA NA NA NA NA 15925 102389 13533 2028 NA NA NA NA
1576969200.0 250203.0 NA 179 301 0 NA NA NA NA NA NA 257 370 0 NA NA NA NA NA NA 67795 13708 2147 NA NA NA NA NA NA 69287 13980 2368 NA NA NA NA NA
1576969200.0 250203.17 NA 235 330 0 NA NA NA NA NA NA 317 402 0 NA NA NA NA NA NA 35567 5480 935 NA NA NA NA NA NA 36152 5725 993 NA NA NA NA NA
1576969200.0 250203.18 NA 242 350 0 NA NA NA NA NA NA 323 420 0 NA NA NA NA NA NA 100242 20649 2511 NA NA NA NA NA NA 102146 21181 2646 NA NA NA NA NA
1576969200.0 250204.0 NA 181 314 0 NA NA NA NA NA NA 260 378 0 NA NA NA NA NA NA 33681 5672 770 NA NA NA NA NA NA 34300 6055 816 NA NA NA NA NA
1576969200.0 250204.17 NA 240 338 0 NA NA NA NA NA NA 322 409 0 NA NA NA NA NA NA 35735 6147 984 NA NA NA NA NA NA 36336 6410 1106 NA NA NA NA NA
1576969200.0 250204.18 NA 246 349 0 NA NA NA NA NA NA 328 417 0 NA NA NA NA NA NA 101158 19695 2507 NA NA NA NA NA NA 103025 20239 2598 NA NA NA NA NA
1576969200.0 250205.0 NA 184 297 0 NA NA NA NA NA NA 264 364 0 NA NA NA NA NA NA 29771 4785 762 NA NA NA NA NA NA 30281 5011 821 NA NA NA NA NA
1576969200.0 250205.17 NA 238 337 0 NA NA NA NA NA NA 319 405 0 NA NA NA NA NA NA 36790 5441 1054 NA NA NA NA NA NA 37377 5602 1107 NA NA NA NA NA
1576969200.0 250205.18 NA 241 343 0 NA NA NA NA NA NA 322 415 0 NA NA NA NA NA NA 99828 18889 2500 NA NA NA NA NA NA 101546 19263 2619 NA NA NA NA NA
1576969200.0 250206.0 NA 186 308 0 NA NA NA NA NA NA 266 370 0 NA NA NA NA NA NA 33948 5412 745 NA NA NA NA NA NA 34561 5808 795 NA NA NA NA NA
1576969200.0 250206.118 59 225 235 161 NA NA NA NA NA 103 307 296 221 NA NA NA NA NA 2332 3187 3218 1267 NA NA NA NA NA 3223 3337 3382 1375 NA NA NA NA NA
1576969200.0 250206.17 NA 238 342 0 NA NA NA NA NA NA 315 403 0 NA NA NA NA NA NA 72563 14837 2481 NA NA NA NA NA NA 74126 15121 2574 NA NA NA NA NA
1576969200.0 250206.18 NA 244 365 0 NA NA NA NA NA NA 324 436 0 NA NA NA NA NA NA 100772 22377 2516 NA NA NA NA NA NA 102456 22822 2600 NA NA NA NA NA
1576969200.0 250206.181 NA 194 237 365 0 NA NA NA NA NA 281 318 430 0 NA NA NA NA NA 20342 98883 18618 2437 NA NA NA NA NA 22109 99106 18940 2558 NA NA NA NA
1576969200.0 250207.0 NA 177 303 0 NA NA NA NA NA NA 259 375 0 NA NA NA NA NA NA 33493 4935 761 NA NA NA NA NA NA 34105 5212 812 NA NA NA NA NA
1576969200.0 250207.17 NA 234 334 0 NA NA NA NA NA NA 314 399 0 NA NA NA NA NA NA 33524 4836 949 NA NA NA NA NA NA 34093 5026 1022 NA NA NA NA NA
1576969200.0 250207.18 NA 241 347 0 NA NA NA NA NA NA 323 420 0 NA NA NA NA NA NA 45850 7260 908 NA NA NA NA NA NA 46654 7598 1007 NA NA NA NA NA
1576969200.0 250208.17 NA 241 342 0 NA NA NA NA NA NA 323 410 0 NA NA NA NA NA NA 40523 7802 921 NA NA NA NA NA NA 41100 8036 964 NA NA NA NA NA
1576969200.0 250208.18 NA 250 355 0 NA NA NA NA NA NA 329 426 0 NA NA NA NA NA NA 110786 27219 2445 NA NA NA NA NA NA 112499 27529 2521 NA NA NA NA NA
1576969200.0 250399.0 132 NA NA NA NA NA NA NA NA 218 NA NA NA NA NA NA NA NA 3545 NA NA NA NA NA NA NA NA 3785 NA NA NA NA NA NA NA NA
1576969200.0 250399.17 223 NA NA NA NA NA NA NA NA 291 NA NA NA NA NA NA NA NA 4407 NA NA NA NA NA NA NA NA 4640 NA NA NA NA NA NA NA NA
1576969200.0 250399.18 217 NA NA NA NA NA NA NA NA 286 NA NA NA NA NA NA NA NA 4707 NA NA NA NA NA NA NA NA 4911 NA NA NA NA NA NA NA NA
1576969200.0 250400.0 247 0 113 NA NA NA NA NA NA 346 0 156 NA NA NA NA NA NA 2710 483 1743 NA NA NA NA NA NA 3068 533 2772 NA NA NA NA NA NA
1576969200.0 250400.17 330 0 118 NA NA NA NA NA NA 427 0 159 NA NA NA NA NA NA 3000 540 1364 NA NA NA NA NA NA 3251 592 1705 NA NA NA NA NA NA
1576969200.0 250400.18 323 0 110 NA NA NA NA NA NA 424 0 158 NA NA NA NA NA NA 3615 559 1935 NA NA NA NA NA NA 4044 620 2482 NA NA NA NA NA NA
1576969200.0 250402.0 253 0 114 NA NA NA NA NA NA 351 0 157 NA NA NA NA NA NA 3270 618 1456 NA NA NA NA NA NA 3610 690 1796 NA NA NA NA NA NA
1576969200.0 250402.1 135 247 0 NA NA NA NA NA NA 219 308 0 NA NA NA NA NA NA 2085 2934 542 NA NA NA NA NA NA 2576 3400 599 NA NA NA NA NA NA
1576969200.0 250402.17 335 0 118 NA NA NA NA NA NA 428 0 158 NA NA NA NA NA NA 2674 476 1000 NA NA NA NA NA NA 2889 512 1081 NA NA NA NA NA NA
1576969200.0 250402.171 204 330 0 NA NA NA NA NA NA 291 387 0 NA NA NA NA NA NA 2626 2886 515 NA NA NA NA NA NA 3072 3061 593 NA NA NA NA NA NA
1576969200.0 250402.18 325 0 118 NA NA NA NA NA NA 425 0 158 NA NA NA NA NA NA 3706 648 1155 NA NA NA NA NA NA 3948 698 1274 NA NA NA NA NA NA
1576969200.0 250402.181 197 321 0 NA NA NA NA NA NA 285 385 0 NA NA NA NA NA NA 3032 2750 616 NA NA NA NA NA NA 3320 2893 911 NA NA NA NA NA NA
1576969200.0 250403.0 246 0 113 NA NA NA NA NA NA 346 0 156 NA NA NA NA NA NA 2421 871 1715 NA NA NA NA NA NA 2627 1303 1948 NA NA NA NA NA NA
1576969200.0 250403.17 331 0 128 NA NA NA NA NA NA 427 0 158 NA NA NA NA NA NA 2474 468 961 NA NA NA NA NA NA 2662 506 1053 NA NA NA NA NA NA
1576969200.0 250403.18 330 0 112 NA NA NA NA NA NA 424 0 158 NA NA NA NA NA NA 2841 461 1019 NA NA NA NA NA NA 3031 498 1180 NA NA NA NA NA NA
1576969200.0 250405.0 244 0 116 NA NA NA NA NA NA 345 0 156 NA NA NA NA NA NA 6743 1150 2439 NA NA NA NA NA NA 9089 1249 2633 NA NA NA NA NA NA
1576969200.0 250405.17 332 0 129 NA NA NA NA NA NA 426 0 158 NA NA NA NA NA NA 2744 545 1036 NA NA NA NA NA NA 3284 595 1138 NA NA NA NA NA NA
1576969200.0 250405.18 321 0 111 NA NA NA NA NA NA 422 0 158 NA NA NA NA NA NA 3303 525 995 NA NA NA NA NA NA 3641 576 1087 NA NA NA NA NA NA
1576969200.0 250406.0 260 0 128 NA NA NA NA NA NA 344 0 156 NA NA NA NA NA NA 4166 1029 2185 NA NA NA NA NA NA 4422 1106 2408 NA NA NA NA NA NA
1576969200.0 250406.17 320 0 113 NA NA NA NA NA NA 423 0 158 NA NA NA NA NA NA 3083 694 1311 NA NA NA NA NA NA 3518 815 1440 NA NA NA NA NA NA
1576969200.0 250406.18 315 0 117 NA NA NA NA NA NA 418 0 158 NA NA NA NA NA NA 2340 598 1186 NA NA NA NA NA NA 2545 649 1279 NA NA NA NA NA NA
1576969200.0 250407.0 238 0 112 NA NA NA NA NA NA 330 0 155 NA NA NA NA NA NA 1974 408 1555 NA NA NA NA NA NA 2157 456 2318 NA NA NA NA NA NA
1576969200.0 250407.17 304 0 110 NA NA NA NA NA NA 408 0 157 NA NA NA NA NA NA 3456 720 1435 NA NA NA NA NA NA 4043 811 1610 NA NA NA NA NA NA
1576969200.0 250407.18 306 0 111 NA NA NA NA NA NA 408 0 158 NA NA NA NA NA NA 3191 610 1161 NA NA NA NA NA NA 3413 670 1255 NA NA NA NA NA NA
1576969200.0 250408.0 244 0 116 NA NA NA NA NA NA 346 0 156 NA NA NA NA NA NA 7102 1246 2517 NA NA NA NA NA NA 9516 1398 2703 NA NA NA NA NA NA
1576969200.0 250408.17 330 0 112 NA NA NA NA NA NA 429 0 159 NA NA NA NA NA NA 3388 491 1028 NA NA NA NA NA NA 3720 538 1126 NA NA NA NA NA NA
1576969200.0 250408.18 324 0 112 NA NA NA NA NA NA 425 0 158 NA NA NA NA NA NA 4030 610 1701 NA NA NA NA NA NA 4469 668 1937 NA NA NA NA NA NA
1576969200.0 250409.0 252 0 108 NA NA NA NA NA NA 353 0 157 NA NA NA NA NA NA 3807 514 1914 NA NA NA NA NA NA 4256 567 2653 NA NA NA NA NA NA
1576969200.0 250409.17 332 0 115 NA NA NA NA NA NA 430 0 159 NA NA NA NA NA NA 3209 481 1135 NA NA NA NA NA NA 3436 517 1257 NA NA NA NA NA NA
1576969200.0 250409.18 325 0 114 NA NA NA NA NA NA 428 0 159 NA NA NA NA NA NA 4292 604 1229 NA NA NA NA NA NA 4804 661 1340 NA NA NA NA NA NA
1576969200.0 25200.0 NA 175 334 0 174 NA NA NA NA NA 259 438 0 239 NA NA NA NA NA 6144 5779 752 1016 NA NA NA NA NA 7225 6300 833 1073 NA NA NA NA
1576969200.0 25202.0 NA 181 346 0 180 NA NA NA NA NA 263 448 0 242 NA NA NA NA NA 6231 6169 733 940 NA NA NA NA NA 6437 6956 774 1007 NA NA NA NA
1576969200.0 25202.1 NA 186 344 0 NA NA NA NA NA NA 269 446 0 NA NA NA NA NA NA 8439 5748 731 NA NA NA NA NA NA 9499 6580 772 NA NA NA NA NA
1576969200.0 25202.2 NA 185 343 0 NA NA NA NA NA NA 268 445 0 NA NA NA NA NA NA 8595 5954 906 NA NA NA NA NA NA 9643 6386 1149 NA NA NA NA NA
1576969200.0 25203.0 NA 176 340 0 184 NA NA NA NA NA 259 445 0 240 NA NA NA NA NA 6346 5922 745 954 NA NA NA NA NA 6586 6259 791 1006 NA NA NA NA
1576969200.0 25204.0 NA 174 341 0 NA NA NA NA NA NA 259 447 0 NA NA NA NA NA NA 6740 6620 770 NA NA NA NA NA NA 7881 6936 839 NA NA NA NA NA
1576969200.0 25205.0 NA 176 332 0 174 NA NA NA NA NA 258 438 0 240 NA NA NA NA NA 5730 5791 712 942 NA NA NA NA NA 6029 6569 752 1006 NA NA NA NA
1576969200.0 25206.0 NA 178 356 0 172 NA NA NA NA NA 260 461 0 234 NA NA NA NA NA 6768 6210 826 958 NA NA NA NA NA 7867 6866 955 1031 NA NA NA NA
1576969200.0 25207.0 NA 172 330 0 NA NA NA NA NA NA 256 440 0 NA NA NA NA NA NA 5300 5524 806 NA NA NA NA NA NA 5550 5816 868 NA NA NA NA NA
1576969200.0 25208.0 NA 184 344 0 NA NA NA NA NA NA 263 450 0 NA NA NA NA NA NA 6493 7313 728 NA NA NA NA NA NA 7026 7745 768 NA NA NA NA NA
1576969200.0 25209.0 NA 174 339 0 183 NA NA NA NA NA 257 438 0 238 NA NA NA NA NA 6028 5743 729 944 NA NA NA NA NA 6297 6132 767 984 NA NA NA NA
1576969200.0 25210.0 0 NA NA NA NA NA NA NA NA 0 NA NA NA NA NA NA NA NA 1906 NA NA NA NA NA NA NA NA 1857 NA NA NA NA NA NA NA NA
1576969200.0 25211.0 0 NA NA NA NA NA NA NA NA 0 NA NA NA NA NA NA NA NA 1582 NA NA NA NA NA NA NA NA 1646 NA NA NA NA NA NA NA NA
1576969200.0 25211.17 0 NA NA NA NA NA NA NA NA 0 NA NA NA NA NA NA NA NA 1584 NA NA NA NA NA NA NA NA 1655 NA NA NA NA NA NA NA NA
1576969200.0 25211.18 0 NA NA NA NA NA NA NA NA 0 NA NA NA NA NA NA NA NA 1602 NA NA NA NA NA NA NA NA 1684 NA NA NA NA NA NA NA NA
1576969200.0 25212.0 0 NA NA NA NA NA NA NA NA 0 NA NA NA NA NA NA NA NA 1561 NA NA NA NA NA NA NA NA 1660 NA NA NA NA NA NA NA NA
1576969200.0 25212.17 0 NA NA NA NA NA NA NA NA 0 NA NA NA NA NA NA NA NA 1632 NA NA NA NA NA NA NA NA 1706 NA NA NA NA NA NA NA NA
1576969200.0 25212.18 0 NA NA NA NA NA NA NA NA 0 NA NA NA NA NA NA NA NA 1562 NA NA NA NA NA NA NA NA 1629 NA NA NA NA NA NA NA NA
1576969200.0 25213.0 0 NA NA NA NA NA NA NA NA 0 NA NA NA NA NA NA NA NA 1541 NA NA NA NA NA NA NA NA 1594 NA NA NA NA NA NA NA NA
1576969200.0 25213.17 0 NA NA NA NA NA NA NA NA 0 NA NA NA NA NA NA NA NA 1585 NA NA NA NA NA NA NA NA 1651 NA NA NA NA NA NA NA NA
1576969200.0 25213.18 0 NA NA NA NA NA NA NA NA 0 NA NA NA NA NA NA NA NA 1567 NA NA NA NA NA NA NA NA 1631 NA NA NA NA NA NA NA NA
1576969200.0 25214.0 NA 177 331 0 NA NA NA NA NA NA 260 445 0 NA NA NA NA NA NA 6681 6743 806 NA NA NA NA NA NA 7787 7204 879 NA NA NA NA NA
1576969200.0 25215.0 23 63 177 350 0 NA NA NA NA 84 112 255 449 0 NA NA NA NA 181 6433 5475 5896 713 NA NA NA NA 531 6735 5689 6194 758 NA NA NA NA
1576969200.0 25215.17 27 57 232 373 0 NA NA NA NA 85 104 306 480 0 NA NA NA NA 260 15522 13454 18060 2306 NA NA NA NA 592 15783 13741 18456 2374 NA NA NA NA
1576969200.0 25215.18 27 57 244 390 0 NA NA NA NA 85 104 328 503 0 NA NA NA NA 265 15115 18883 22192 2245 NA NA NA NA 617 15397 19203 22685 2333 NA NA NA NA
1576969200.0 25400.0 274 0 114 NA NA NA NA NA NA 383 0 156 NA NA NA NA NA NA 7048 623 1330 NA NA NA NA NA NA 7877 702 1517 NA NA NA NA NA NA
1576969200.0 25400.17 366 0 117 NA NA NA NA NA NA 475 0 158 NA NA NA NA NA NA 10775 654 1454 NA NA NA NA NA NA 11570 714 1714 NA NA NA NA NA NA
1576969200.0 25400.18 365 0 119 NA NA NA NA NA NA 472 0 158 NA NA NA NA NA NA 23483 1351 2496 NA NA NA NA NA NA 23801 1443 2660 NA NA NA NA NA NA
1576969200.0 25402.0 279 0 114 NA NA NA NA NA NA 387 0 156 NA NA NA NA NA NA 8173 657 1291 NA NA NA NA NA NA 9078 807 1403 NA NA NA NA NA NA
1576969200.0 25402.17 372 0 118 NA NA NA NA NA NA 476 0 158 NA NA NA NA NA NA 24487 1335 2564 NA NA NA NA NA NA 24798 1413 2709 NA NA NA NA NA NA
1576969200.0 25402.18 366 0 128 NA NA NA NA NA NA 476 0 157 NA NA NA NA NA NA 26083 1254 2405 NA NA NA NA NA NA 26404 1333 2564 NA NA NA NA NA NA
1576969200.0 25403.0 277 0 118 NA NA NA NA NA NA 386 0 157 NA NA NA NA NA NA 7964 640 1291 NA NA NA NA NA NA 8773 732 1423 NA NA NA NA NA NA
1576969200.0 25403.17 364 0 125 NA NA NA NA NA NA 473 0 158 NA NA NA NA NA NA 23535 1276 2347 NA NA NA NA NA NA 23888 1357 2490 NA NA NA NA NA NA
1576969200.0 25403.18 368 0 120 NA NA NA NA NA NA 470 0 158 NA NA NA NA NA NA 22731 1250 2281 NA NA NA NA NA NA 23067 1340 2447 NA NA NA NA NA NA
1576969200.0 25405.0 277 0 115 NA NA NA NA NA NA 383 0 157 NA NA NA NA NA NA 7424 661 1180 NA NA NA NA NA NA 8272 806 1289 NA NA NA NA NA NA
1576969200.0 25405.17 364 0 118 NA NA NA NA NA NA 474 0 158 NA NA NA NA NA NA 23111 1286 2321 NA NA NA NA NA NA 23404 1403 2486 NA NA NA NA NA NA
1576969200.0 25405.18 362 0 119 NA NA NA NA NA NA 469 0 158 NA NA NA NA NA NA 23400 1279 2305 NA NA NA NA NA NA 23773 1353 2476 NA NA NA NA NA NA
1576969200.0 25406.0 274 0 115 NA NA NA NA NA NA 381 0 156 NA NA NA NA NA NA 3592 551 1080 NA NA NA NA NA NA 3809 601 1173 NA NA NA NA NA NA
1576969200.0 25406.17 364 0 128 NA NA NA NA NA NA 469 0 158 NA NA NA NA NA NA 4004 530 906 NA NA NA NA NA NA 4247 577 981 NA NA NA NA NA NA
1576969200.0 25406.18 356 0 114 NA NA NA NA NA NA 464 0 158 NA NA NA NA NA NA 3928 594 1192 NA NA NA NA NA NA 4220 692 1394 NA NA NA NA NA NA
1576969200.0 25407.0 261 0 115 NA NA NA NA NA NA 370 0 156 NA NA NA NA NA NA 5678 570 1430 NA NA NA NA NA NA 6154 769 2052 NA NA NA NA NA NA
1576969200.0 25407.17 350 0 122 NA NA NA NA NA NA 458 0 157 NA NA NA NA NA NA 8596 506 1020 NA NA NA NA NA NA 9181 553 1169 NA NA NA NA NA NA
1576969200.0 25407.18 348 0 116 NA NA NA NA NA NA 453 0 158 NA NA NA NA NA NA 21665 1275 2421 NA NA NA NA NA NA 21958 1361 2594 NA NA NA NA NA NA
1576969200.0 25408.0 283 0 116 NA NA NA NA NA NA 390 0 156 NA NA NA NA NA NA 7232 769 1356 NA NA NA NA NA NA 7634 848 1467 NA NA NA NA NA NA
1576969200.0 25408.17 372 0 117 NA NA NA NA NA NA 479 0 158 NA NA NA NA NA NA 27673 1358 2855 NA NA NA NA NA NA 27981 1445 3000 NA NA NA NA NA NA
1576969200.0 25408.18 362 0 114 NA NA NA NA NA NA 473 0 158 NA NA NA NA NA NA 12348 619 1468 NA NA NA NA NA NA 13241 676 1874 NA NA NA NA NA NA
1576969200.0 25409.0 281 0 114 NA NA NA NA NA NA 388 0 156 NA NA NA NA NA NA 5882 439 1440 NA NA NA NA NA NA 6340 479 1565 NA NA NA NA NA NA
1576969200.0 25409.17 371 0 118 NA NA NA NA NA NA 477 0 158 NA NA NA NA NA NA 24740 1324 2418 NA NA NA NA NA NA 25032 1409 2556 NA NA NA NA NA NA
1576969200.0 25409.18 361 0 124 NA NA NA NA NA NA 470 0 158 NA NA NA NA NA NA 9085 519 991 NA NA NA NA NA NA 9700 568 1090 NA NA NA NA NA NA
1576969200.0 26.0 NA 104 264 0 NA NA NA NA NA NA 182 330 0 NA NA NA NA NA NA 8388 11383 2028 NA NA NA NA NA NA 8567 11667 2112 NA NA NA NA NA
1576969200.0 27.0 NA 110 255 0 NA NA NA NA NA NA 188 316 0 NA NA NA NA NA NA 5674 4015 912 NA NA NA NA NA NA 6572 4243 1213 NA NA NA NA NA
1576969200.0 28.0 NA 106 252 0 NA NA NA NA NA NA 184 315 0 NA NA NA NA NA NA 5556 5717 935 NA NA NA NA NA NA 5751 5949 986 NA NA NA NA NA
1576969200.0 280.0 57 81 238 0 NA NA NA NA NA 165 118 299 0 NA NA NA NA NA 1278 1095 3551 960 NA NA NA NA NA 1479 1616 4048 1021 NA NA NA NA NA
1576969200.0 281.0 111 108 295 0 NA NA NA NA NA 218 148 356 0 NA NA NA NA NA 5335 1171 2029 747 NA NA NA NA NA 6071 1298 2175 787 NA NA NA NA NA
1576969200.0 29.0 NA 111 270 0 NA NA NA NA NA NA 183 333 0 NA NA NA NA NA NA 8370 11893 2055 NA NA NA NA NA NA 8560 12209 2187 NA NA NA NA NA
1576969200.0 3.0 60 81 185 NA NA NA NA NA NA 109 119 234 NA NA NA NA NA NA 10792 641 2500 NA NA NA NA NA NA 11037 740 2903 NA NA NA NA NA NA
1576969200.0 30.0 NA 109 250 0 NA NA NA NA NA NA 186 316 0 NA NA NA NA NA NA 4688 4953 851 NA NA NA NA NA NA 5324 5154 911 NA NA NA NA NA
1576969200.0 300.0 57 131 329 0 NA NA NA NA NA 139 208 431 0 NA NA NA NA NA 1728 1123 4155 1067 NA NA NA NA NA 2236 1352 4484 1120 NA NA NA NA NA
1576969200.0 301.0 57 134 327 0 NA NA NA NA NA 141 209 432 0 NA NA NA NA NA 2304 1026 4242 1076 NA NA NA NA NA 2807 1165 4762 1133 NA NA NA NA NA
1576969200.0 302.0 59 136 338 0 NA NA NA NA NA 140 208 432 0 NA NA NA NA NA 1285 790 3245 1232 NA NA NA NA NA 1451 896 3448 1286 NA NA NA NA NA
1576969200.0 31.0 NA 109 248 0 NA NA NA NA NA NA 184 314 0 NA NA NA NA NA NA 4300 5753 867 NA NA NA NA NA NA 4901 6580 915 NA NA NA NA NA
1576969200.0 32.0 NA 94 246 0 NA NA NA NA NA NA 167 309 0 NA NA NA NA NA NA 8047 12711 2030 NA NA NA NA NA NA 8212 13045 2105 NA NA NA NA NA
1576969200.0 33.0 NA 105 250 0 NA NA NA NA NA NA 184 315 0 NA NA NA NA NA NA 4182 5343 904 NA NA NA NA NA NA 4681 5755 969 NA NA NA NA NA
1576969200.0 34.0 61 86 241 0 NA NA NA NA NA 111 121 303 0 NA NA NA NA NA 4999 801 4163 936 NA NA NA NA NA 5529 891 4769 1031 NA NA NA NA NA
1576969200.0 35.0 NA 109 246 0 NA NA NA NA NA NA 187 316 0 NA NA NA NA NA NA 4140 6593 977 NA NA NA NA NA NA 4769 7688 1039 NA NA NA NA NA
1576969200.0 36.0 NA 101 253 0 NA NA NA NA NA NA 178 319 0 NA NA NA NA NA NA 5100 17711 982 NA NA NA NA NA NA 5902 17974 1041 NA NA NA NA NA
1576969200.0 37.0 NA 105 254 0 NA NA NA NA NA NA 181 316 0 NA NA NA NA NA NA 5957 6464 1114 NA NA NA NA NA NA 6994 6586 1291 NA NA NA NA NA
1576969200.0 38.0 NA 107 253 0 NA NA NA NA NA NA 182 317 0 NA NA NA NA NA NA 9727 16189 2036 NA NA NA NA NA NA 9883 16449 2139 NA NA NA NA NA
1576969200.0 39.0 NA 106 252 0 NA NA NA NA NA NA 181 316 0 NA NA NA NA NA NA 6827 11209 1000 NA NA NA NA NA NA 7873 11468 1256 NA NA NA NA NA
1576969200.0 4.17 NA 44 239 0 161 NA NA NA NA NA 100 297 0 248 NA NA NA NA NA 1064 13571 2087 6089 NA NA NA NA NA 1159 13829 2169 6293 NA NA NA NA
1576969200.0 4.22 NA 130 69 65 0 NA NA NA NA NA 205 105 140 0 NA NA NA NA NA 1747 449 499 573 NA NA NA NA NA 1913 534 600 650 NA NA NA NA
1576969200.0 4.23 NA 59 247 0 NA NA NA NA NA NA 135 309 0 NA NA NA NA NA NA 919 6055 1113 NA NA NA NA NA NA 1164 7062 1171 NA NA NA NA NA
1576969200.0 4.24 NA 64 248 0 NA NA NA NA NA NA 125 304 0 NA NA NA NA NA NA 839 6640 1232 NA NA NA NA NA NA 1220 6994 1314 NA NA NA NA NA
1576969200.0 4.25 NA 52 248 0 NA NA NA NA NA NA 124 303 0 NA NA NA NA NA NA 700 6320 1125 NA NA NA NA NA NA 1098 6564 1189 NA NA NA NA NA
1576969200.0 4.26 NA 56 244 0 NA NA NA NA NA NA 123 305 0 NA NA NA NA NA NA 925 7488 1113 NA NA NA NA NA NA 1490 7774 1163 NA NA NA NA NA
1576969200.0 4.27 NA 58 248 0 NA NA NA NA NA NA 127 305 0 NA NA NA NA NA NA 981 8273 1240 NA NA NA NA NA NA 1554 8556 1306 NA NA NA NA NA
1576969200.0 4.28 NA 61 259 0 NA NA NA NA NA NA 135 313 0 NA NA NA NA NA NA 627 4415 4047 NA NA NA NA NA NA 1195 4577 4133 NA NA NA NA NA
1576969200.0 4.29 NA 40 243 0 164 NA NA NA NA NA 103 301 0 252 NA NA NA NA NA 1113 14999 2229 6585 NA NA NA NA NA 1200 15265 2299 6852 NA NA NA NA
1576969200.0 4.34 NA 61 248 0 NA NA NA NA NA NA 135 310 0 NA NA NA NA NA NA 983 8445 1483 NA NA NA NA NA NA 1562 9588 1542 NA NA NA NA NA
1576969200.0 4.36 NA 62 249 0 NA NA NA NA NA NA 127 304 0 NA NA NA NA NA NA 857 7780 1052 NA NA NA NA NA NA 1247 8142 1104 NA NA NA NA NA
1576969200.0 4.37 NA 69 249 0 NA NA NA NA NA NA 125 307 0 NA NA NA NA NA NA 1350 19816 2374 NA NA NA NA NA NA 1513 20171 2465 NA NA NA NA NA
1576969200.0 4.4 NA 31 282 0 NA NA NA NA NA NA 105 348 0 NA NA NA NA NA NA 527 7368 1184 NA NA NA NA NA NA 970 7531 1237 NA NA NA NA NA
1576969200.0 4.41 NA 31 283 0 NA NA NA NA NA NA 106 348 0 NA NA NA NA NA NA 614 9657 1070 NA NA NA NA NA NA 960 9835 1261 NA NA NA NA NA
1576969200.0 4.42 NA 32 285 0 NA NA NA NA NA NA 104 353 0 NA NA NA NA NA NA 631 11742 1000 NA NA NA NA NA NA 931 11892 1145 NA NA NA NA NA
1576969200.0 4.43 NA 32 280 0 NA NA NA NA NA NA 107 346 0 NA NA NA NA NA NA 543 6866 1197 NA NA NA NA NA NA 949 7034 1259 NA NA NA NA NA
1576969200.0 4.44 NA 32 283 0 NA NA NA NA NA NA 104 347 0 NA NA NA NA NA NA 621 8630 1133 NA NA NA NA NA NA 920 8811 1317 NA NA NA NA NA
1576969200.0 4.45 NA 39 285 0 NA NA NA NA NA NA 105 352 0 NA NA NA NA NA NA 692 12804 1145 NA NA NA NA NA NA 1146 13478 1323 NA NA NA NA NA
1576969200.0 4.51 NA 33 285 0 NA NA NA NA NA NA 104 352 0 NA NA NA NA NA NA 603 10194 1004 NA NA NA NA NA NA 942 10357 1063 NA NA NA NA NA
1576969200.0 4.52 NA 28 285 0 NA NA NA NA NA NA 105 353 0 NA NA NA NA NA NA 673 13662 1081 NA NA NA NA NA NA 1214 13972 1270 NA NA NA NA NA
1576969200.0 4.53 NA 30 285 0 NA NA NA NA NA NA 106 352 0 NA NA NA NA NA NA 673 12574 1117 NA NA NA NA NA NA 1200 12835 1302 NA NA NA NA NA
1576969200.0 4.54 NA 38 286 0 NA NA NA NA NA NA 103 355 0 NA NA NA NA NA NA 635 15191 991 NA NA NA NA NA NA 1156 15485 1050 NA NA NA NA NA
1576969200.0 4.55 NA 37 287 0 NA NA NA NA NA NA 104 354 0 NA NA NA NA NA NA 695 14576 991 NA NA NA NA NA NA 1229 14718 1044 NA NA NA NA NA
1576969200.0 4.57 NA 55 292 0 NA NA NA NA NA NA 126 361 0 NA NA NA NA NA NA 1359 38263 2280 NA NA NA NA NA NA 1574 38558 2352 NA NA NA NA NA
1576969200.0 4.58 NA 42 283 0 NA NA NA NA NA NA 119 351 0 NA NA NA NA NA NA 641 10392 960 NA NA NA NA NA NA 993 10602 1015 NA NA NA NA NA
1576969200.0 4.6 NA 270 0 NA NA NA NA NA NA NA 365 0 NA NA NA NA NA NA NA 6198 1080 NA NA NA NA NA NA NA 6915 1137 NA NA NA NA NA NA
1576969200.0 4.61 NA 29 288 0 NA NA NA NA NA NA 103 355 0 NA NA NA NA NA NA 647 12515 1275 NA NA NA NA NA NA 1172 12717 1469 NA NA NA NA NA
1576969200.0 4.62 NA 38 283 0 NA NA NA NA NA NA 104 353 0 NA NA NA NA NA NA 651 14666 941 NA NA NA NA NA NA 1142 14977 993 NA NA NA NA NA
1576969200.0 4.63 NA 28 282 0 NA NA NA NA NA NA 104 353 0 NA NA NA NA NA NA 681 15718 1056 NA NA NA NA NA NA 1210 16123 1116 NA NA NA NA NA
1576969200.0 4.64 NA 29 287 0 NA NA NA NA NA NA 104 354 0 NA NA NA NA NA NA 1148 34215 2205 NA NA NA NA NA NA 1313 34546 2288 NA NA NA NA NA
1576969200.0 4.65 NA 28 295 0 NA NA NA NA NA NA 104 362 0 NA NA NA NA NA NA 1328 47332 2206 NA NA NA NA NA NA 1843 47645 2278 NA NA NA NA NA
1576969200.0 4.67 NA 55 295 0 NA NA NA NA NA NA 127 361 0 NA NA NA NA NA NA 813 16780 1098 NA NA NA NA NA NA 1336 17514 1156 NA NA NA NA NA
1576969200.0 4.68 NA 52 287 0 NA NA NA NA NA NA 118 353 0 NA NA NA NA NA NA 715 11418 1175 NA NA NA NA NA NA 1141 11598 1434 NA NA NA NA NA
1576969200.0 4.71 NA 30 279 0 NA NA NA NA NA NA 104 350 0 NA NA NA NA NA NA 704 12046 1065 NA NA NA NA NA NA 1272 13284 1124 NA NA NA NA NA
1576969200.0 4.72 NA 29 283 0 NA NA NA NA NA NA 106 350 0 NA NA NA NA NA NA 686 10809 1122 NA NA NA NA NA NA 1194 10958 1184 NA NA NA NA NA
1576969200.0 4.73 NA 31 291 0 NA NA NA NA NA NA 107 357 0 NA NA NA NA NA NA 685 14069 878 NA NA NA NA NA NA 1354 14461 922 NA NA NA NA NA
1576969200.0 4.74 NA 30 285 0 NA NA NA NA NA NA 106 351 0 NA NA NA NA NA NA 690 10845 1099 NA NA NA NA NA NA 1214 11021 1309 NA NA NA NA NA
1576969200.0 4.75 NA 29 289 0 NA NA NA NA NA NA 105 355 0 NA NA NA NA NA NA 738 14277 1082 NA NA NA NA NA NA 1282 14583 1141 NA NA NA NA NA
1576969200.0 4.76 NA 56 293 0 NA NA NA NA NA NA 128 361 0 NA NA NA NA NA NA 808 15808 1101 NA NA NA NA NA NA 1286 16207 1164 NA NA NA NA NA
1576969200.0 4.77 NA 54 295 0 NA NA NA NA NA NA 127 361 0 NA NA NA NA NA NA 1527 42130 2221 NA NA NA NA NA NA 1979 42426 2331 NA NA NA NA NA
1576969200.0 4.78 NA 53 286 0 NA NA NA NA NA NA 119 354 0 NA NA NA NA NA NA 1274 36329 2167 NA NA NA NA NA NA 1489 36590 2258 NA NA NA NA NA
1576969200.0 4000.0 NA 106 252 NA NA NA NA NA NA NA 183 316 NA NA NA NA NA NA NA 6072 7087 NA NA NA NA NA NA NA 6247 7245 NA NA NA NA NA NA
1576969200.0 4001.0 NA 115 279 NA NA NA NA NA NA NA 192 374 NA NA NA NA NA NA NA 1743 3897 NA NA NA NA NA NA NA 1942 4228 NA NA NA NA NA NA
1576969200.0 4002.0 NA 111 247 NA NA NA NA NA NA NA 183 315 NA NA NA NA NA NA NA 3870 5766 NA NA NA NA NA NA NA 4502 6517 NA NA NA NA NA NA
1576969200.0 4003.0 NA 108 252 NA NA NA NA NA NA NA 186 316 NA NA NA NA NA NA NA 5688 4683 NA NA NA NA NA NA NA 6568 4914 NA NA NA NA NA NA
1576969200.0 4006.0 52 103 259 NA NA NA NA NA NA 99 180 363 NA NA NA NA NA NA 2255 1628 4687 NA NA NA NA NA NA 2702 1764 5062 NA NA NA NA NA NA
1576969200.0 4007.0 58 94 258 NA NA NA NA NA NA 106 168 349 NA NA NA NA NA NA 1419 707 3109 NA NA NA NA NA NA 1871 848 3734 NA NA NA NA NA NA
1576969200.0 4008.0 56 87 248 NA NA NA NA NA NA 107 166 347 NA NA NA NA NA NA 2105 910 3748 NA NA NA NA NA NA 2309 1136 4244 NA NA NA NA NA NA
1576969200.0 43.0 NA 107 254 0 NA NA NA NA NA NA 184 317 0 NA NA NA NA NA NA 8628 14328 2136 NA NA NA NA NA NA 8824 14607 2232 NA NA NA NA NA
1576969200.0 44.0 NA 104 255 0 NA NA NA NA NA NA 180 316 0 NA NA NA NA NA NA 4263 6051 963 NA NA NA NA NA NA 4875 6359 1028 NA NA NA NA NA
1576969200.0 45.0 NA 109 257 0 NA NA NA NA NA NA 184 317 0 NA NA NA NA NA NA 8668 13366 2066 NA NA NA NA NA NA 8846 13683 2154 NA NA NA NA NA
1576969200.0 5.1 245 0 NA NA NA NA NA NA NA 295 0 NA NA NA NA NA NA NA 4623 1288 NA NA NA NA NA NA NA 4890 1528 NA NA NA NA NA NA NA
1576969200.0 5.2 240 0 NA NA NA NA NA NA NA 295 0 NA NA NA NA NA NA NA 4234 1092 NA NA NA NA NA NA NA 5053 1197 NA NA NA NA NA NA NA
1576969200.0 5.3 241 0 NA NA NA NA NA NA NA 295 0 NA NA NA NA NA NA NA 4305 1074 NA NA NA NA NA NA NA 4734 1163 NA NA NA NA NA NA NA
1576969200.0 5.4 245 0 NA NA NA NA NA NA NA 296 0 NA NA NA NA NA NA NA 4545 1181 NA NA NA NA NA NA NA 5046 1323 NA NA NA NA NA NA NA
1576969200.0 5.5 243 0 NA NA NA NA NA NA NA 296 0 NA NA NA NA NA NA NA 4370 1215 NA NA NA NA NA NA NA 4734 1435 NA NA NA NA NA NA NA
1576969200.0 5.6 245 0 NA NA NA NA NA NA NA 295 0 NA NA NA NA NA NA NA 4739 1273 NA NA NA NA NA NA NA 4943 1500 NA NA NA NA NA NA NA
1576969200.0 5.7 242 0 NA NA NA NA NA NA NA 296 0 NA NA NA NA NA NA NA 4573 1096 NA NA NA NA NA NA NA 5200 1185 NA NA NA NA NA NA NA
1576969200.0 500199.0 118 NA NA NA NA NA NA NA NA 200 NA NA NA NA NA NA NA NA 7229 NA NA NA NA NA NA NA NA 7422 NA NA NA NA NA NA NA NA
1576969200.0 500200.0 NA 126 259 0 NA NA NA NA NA NA 204 330 0 NA NA NA NA NA NA 16117 5521 1031 NA NA NA NA NA NA 16846 5744 1092 NA NA NA NA NA
1576969200.0 500200.1 59 113 202 NA NA NA NA NA NA 107 192 257 NA NA NA NA NA NA 4682 2469 4198 NA NA NA NA NA NA 5407 2715 4400 NA NA NA NA NA NA
1576969200.0 500202.0 NA 130 264 0 NA NA NA NA NA NA 210 332 0 NA NA NA NA NA NA 17289 5710 1004 NA NA NA NA NA NA 18047 6283 1071 NA NA NA NA NA
1576969200.0 500203.0 NA 127 268 0 NA NA NA NA NA NA 205 334 0 NA NA NA NA NA NA 16068 5837 867 NA NA NA NA NA NA 16837 6183 940 NA NA NA NA NA
1576969200.0 500204.0 NA 129 262 0 NA NA NA NA NA NA 205 329 0 NA NA NA NA NA NA 16569 5394 881 NA NA NA NA NA NA 17405 5697 946 NA NA NA NA NA
1576969200.0 500205.0 NA 134 267 0 NA NA NA NA NA NA 212 329 0 NA NA NA NA NA NA 36135 11941 1988 NA NA NA NA NA NA 36627 12220 2095 NA NA NA NA NA
1576969200.0 500206.0 NA 124 261 0 NA NA NA NA NA NA 201 329 0 NA NA NA NA NA NA 16275 5406 972 NA NA NA NA NA NA 17068 5660 1038 NA NA NA NA NA
1576969200.0 500207.0 NA 123 260 0 NA NA NA NA NA NA 201 325 0 NA NA NA NA NA NA 32590 10718 2032 NA NA NA NA NA NA 33050 11008 2142 NA NA NA NA NA
1576969200.0 50200.0 NA 124 282 0 NA NA NA NA NA NA 209 388 0 NA NA NA NA NA NA 4312 4624 743 NA NA NA NA NA NA 5238 4891 775 NA NA NA NA NA
1576969200.0 50202.0 NA 133 283 0 NA NA NA NA NA NA 211 389 0 NA NA NA NA NA NA 6935 14053 2039 NA NA NA NA NA NA 7164 14371 2149 NA NA NA NA NA
1576969200.0 50203.0 NA 136 281 0 NA NA NA NA NA NA 210 392 0 NA NA NA NA NA NA 6771 12797 2033 NA NA NA NA NA NA 7044 13164 2163 NA NA NA NA NA
1576969200.0 50204.0 NA 130 289 0 NA NA NA NA NA NA 213 391 0 NA NA NA NA NA NA 4780 5030 940 NA NA NA NA NA NA 5715 5347 1061 NA NA NA NA NA
1576969200.0 50205.0 NA 131 287 0 NA NA NA NA NA NA 209 391 0 NA NA NA NA NA NA 4176 6001 962 NA NA NA NA NA NA 5022 6516 1028 NA NA NA NA NA
1576969200.0 50206.0 NA 136 288 0 NA NA NA NA NA NA 209 391 0 NA NA NA NA NA NA 6755 13062 2010 NA NA NA NA NA NA 7081 13487 2084 NA NA NA NA NA
1576969200.0 50207.0 NA 121 280 0 NA NA NA NA NA NA 204 385 0 NA NA NA NA NA NA 2922 5191 910 NA NA NA NA NA NA 3134 5471 966 NA NA NA NA NA
1576969200.0 50208.0 NA 138 296 0 NA NA NA NA NA NA 213 394 0 NA NA NA NA NA NA 7115 16573 2045 NA NA NA NA NA NA 7378 16978 2120 NA NA NA NA NA
1576969200.0 503.0 36 0 NA NA NA NA NA NA NA 70 0 NA NA NA NA NA NA NA 1753 646 NA NA NA NA NA NA NA 2501 784 NA NA NA NA NA NA NA
1576969200.0 504.0 35 0 NA NA NA NA NA NA NA 71 0 NA NA NA NA NA NA NA 925 655 NA NA NA NA NA NA NA 1416 786 NA NA NA NA NA NA NA
1576969200.0 505.0 35 0 NA NA NA NA NA NA NA 70 0 NA NA NA NA NA NA NA 903 642 NA NA NA NA NA NA NA 1252 784 NA NA NA NA NA NA NA
1576969200.0 506.0 36 0 NA NA NA NA NA NA NA 71 0 NA NA NA NA NA NA NA 876 644 NA NA NA NA NA NA NA 1141 746 NA NA NA NA NA NA NA
1576969200.0 507.0 36 0 NA NA NA NA NA NA NA 70 0 NA NA NA NA NA NA NA 1670 638 NA NA NA NA NA NA NA 2319 747 NA NA NA NA NA NA NA
1576969200.0 508.0 36 0 NA NA NA NA NA NA NA 70 0 NA NA NA NA NA NA NA 863 640 NA NA NA NA NA NA NA 1190 822 NA NA NA NA NA NA NA
1576969200.0 509.0 36 0 NA NA NA NA NA NA NA 69 0 NA NA NA NA NA NA NA 875 641 NA NA NA NA NA NA NA 1538 821 NA NA NA NA NA NA NA
1576969200.0 510.0 36 0 NA NA NA NA NA NA NA 70 0 NA NA NA NA NA NA NA 2619 634 NA NA NA NA NA NA NA 3196 727 NA NA NA NA NA NA NA
1576969200.0 511.0 43 0 NA NA NA NA NA NA NA 77 0 NA NA NA NA NA NA NA 26460 272 NA NA NA NA NA NA NA 27144 343 NA NA NA NA NA NA NA
1576969200.0 512.0 0 NA NA NA NA NA NA NA NA 0 NA NA NA NA NA NA NA NA 299 NA NA NA NA NA NA NA NA 342 NA NA NA NA NA NA NA NA
1576969200.0 513.0 0 NA NA NA NA NA NA NA NA 0 NA NA NA NA NA NA NA NA 294 NA NA NA NA NA NA NA NA 345 NA NA NA NA NA NA NA NA
1576969200.0 514.0 0 NA NA NA NA NA NA NA NA 0 NA NA NA NA NA NA NA NA 297 NA NA NA NA NA NA NA NA 355 NA NA NA NA NA NA NA NA
1576969200.0 515.0 0 NA NA NA NA NA NA NA NA 0 NA NA NA NA NA NA NA NA 293 NA NA NA NA NA NA NA NA 345 NA NA NA NA NA NA NA NA
1576969200.0 516.0 0 NA NA NA NA NA NA NA NA 0 NA NA NA NA NA NA NA NA 305 NA NA NA NA NA NA NA NA 372 NA NA NA NA NA NA NA NA
1576969200.0 517.0 0 NA NA NA NA NA NA NA NA 0 NA NA NA NA NA NA NA NA 315 NA NA NA NA NA NA NA NA 365 NA NA NA NA NA NA NA NA
1576969200.0 518.0 0 NA NA NA NA NA NA NA NA 0 NA NA NA NA NA NA NA NA 298 NA NA NA NA NA NA NA NA 366 NA NA NA NA NA NA NA NA
1576969200.0 519.0 0 NA NA NA NA NA NA NA NA 0 NA NA NA NA NA NA NA NA 303 NA NA NA NA NA NA NA NA 349 NA NA NA NA NA NA NA NA
1576969200.0 520.0 0 NA NA NA NA NA NA NA NA 0 NA NA NA NA NA NA NA NA 317 NA NA NA NA NA NA NA NA 377 NA NA NA NA NA NA NA NA
1576969200.0 521.0 0 NA NA NA NA NA NA NA NA 0 NA NA NA NA NA NA NA NA 304 NA NA NA NA NA NA NA NA 374 NA NA NA NA NA NA NA NA
1576969200.0 522.0 0 NA NA NA NA NA NA NA NA 0 NA NA NA NA NA NA NA NA 298 NA NA NA NA NA NA NA NA 343 NA NA NA NA NA NA NA NA
1576969200.0 523.0 0 NA NA NA NA NA NA NA NA 0 NA NA NA NA NA NA NA NA 634 NA NA NA NA NA NA NA NA 593 NA NA NA NA NA NA NA NA
1576969200.0 524.0 0 NA NA NA NA NA NA NA NA 0 NA NA NA NA NA NA NA NA 318 NA NA NA NA NA NA NA NA 382 NA NA NA NA NA NA NA NA
1576969200.0 525.0 0 NA NA NA NA NA NA NA NA 0 NA NA NA NA NA NA NA NA 299 NA NA NA NA NA NA NA NA 349 NA NA NA NA NA NA NA NA
1576969200.0 526.0 0 NA NA NA NA NA NA NA NA 0 NA NA NA NA NA NA NA NA 298 NA NA NA NA NA NA NA NA 361 NA NA NA NA NA NA NA NA
1576969200.0 527.0 0 NA NA NA NA NA NA NA NA 0 NA NA NA NA NA NA NA NA 320 NA NA NA NA NA NA NA NA 376 NA NA NA NA NA NA NA NA
1576969200.0 528.0 0 NA NA NA NA NA NA NA NA 0 NA NA NA NA NA NA NA NA 300 NA NA NA NA NA NA NA NA 358 NA NA NA NA NA NA NA NA
1576969200.0 529.0 0 NA NA NA NA NA NA NA NA 0 NA NA NA NA NA NA NA NA 297 NA NA NA NA NA NA NA NA 346 NA NA NA NA NA NA NA NA
1576969200.0 530.0 0 NA NA NA NA NA NA NA NA 0 NA NA NA NA NA NA NA NA 311 NA NA NA NA NA NA NA NA 386 NA NA NA NA NA NA NA NA
1576969200.0 531.0 88 0 NA NA NA NA NA NA NA 182 0 NA NA NA NA NA NA NA 789 646 NA NA NA NA NA NA NA 1055 795 NA NA NA NA NA NA NA
1576969200.0 534.0 0 NA NA NA NA NA NA NA NA 0 NA NA NA NA NA NA NA NA 665 NA NA NA NA NA NA NA NA 783 NA NA NA NA NA NA NA NA
1576969200.0 535.0 0 NA NA NA NA NA NA NA NA 0 NA NA NA NA NA NA NA NA 699 NA NA NA NA NA NA NA NA 792 NA NA NA NA NA NA NA NA
1576969200.0 536.0 0 NA NA NA NA NA NA NA NA 0 NA NA NA NA NA NA NA NA 746 NA NA NA NA NA NA NA NA 850 NA NA NA NA NA NA NA NA
1576969200.0 541.0 45 0 NA NA NA NA NA NA NA 81 0 NA NA NA NA NA NA NA 984 648 NA NA NA NA NA NA NA 1535 795 NA NA NA NA NA NA NA
1576969200.0 545.0 45 0 NA NA NA NA NA NA NA 81 0 NA NA NA NA NA NA NA 1057 637 NA NA NA NA NA NA NA 1646 775 NA NA NA NA NA NA NA
1576969200.0 551.0 0 NA NA NA NA NA NA NA NA 0 NA NA NA NA NA NA NA NA 634 NA NA NA NA NA NA NA NA 589 NA NA NA NA NA NA NA NA
1576969200.0 552.0 0 NA NA NA NA NA NA NA NA 0 NA NA NA NA NA NA NA NA 313 NA NA NA NA NA NA NA NA 374 NA NA NA NA NA NA NA NA
1576969200.0 554.0 0 NA NA NA NA NA NA NA NA 0 NA NA NA NA NA NA NA NA 302 NA NA NA NA NA NA NA NA 347 NA NA NA NA NA NA NA NA
1576969200.0 555.0 0 NA NA NA NA NA NA NA NA 0 NA NA NA NA NA NA NA NA 1079 NA NA NA NA NA NA NA NA 928 NA NA NA NA NA NA NA NA
1576969200.0 556.0 0 NA NA NA NA NA NA NA NA 0 NA NA NA NA NA NA NA NA 305 NA NA NA NA NA NA NA NA 366 NA NA NA NA NA NA NA NA
1576969200.0 560.0 35 0 NA NA NA NA NA NA NA 70 0 NA NA NA NA NA NA NA 864 634 NA NA NA NA NA NA NA 1175 748 NA NA NA NA NA NA NA
1576969200.0 561.0 36 0 NA NA NA NA NA NA NA 70 0 NA NA NA NA NA NA NA 1056 649 NA NA NA NA NA NA NA 1779 840 NA NA NA NA NA NA NA
1576969200.0 562.0 0 NA NA NA NA NA NA NA NA 0 NA NA NA NA NA NA NA NA 509 NA NA NA NA NA NA NA NA 550 NA NA NA NA NA NA NA NA
1576969200.0 6.0 NA 80 239 0 NA NA NA NA NA NA 160 299 0 NA NA NA NA NA NA 3943 4270 1003 NA NA NA NA NA NA 4191 4671 1070 NA NA NA NA NA
1576969200.0 7.0 55 85 124 59 0 NA NA NA NA 93 116 155 93 0 NA NA NA NA 1351 666 846 401 400 NA NA NA NA 1806 783 941 494 449 NA NA NA NA
1576969200.0 7.1 51 86 122 60 0 NA NA NA NA 93 117 155 93 0 NA NA NA NA 2322 534 812 397 553 NA NA NA NA 2759 623 928 478 623 NA NA NA NA
1576969200.0 7.2 53 147 170 61 0 NA NA NA NA 93 182 216 95 0 NA NA NA NA 1407 1293 1052 407 607 NA NA NA NA 1841 1376 1172 494 662 NA NA NA NA
1576969200.0 7.21 53 157 175 62 0 NA NA NA NA 93 190 215 95 0 NA NA NA NA 1406 1203 1033 397 553 NA NA NA NA 1842 1282 1146 479 610 NA NA NA NA
1576969200.0 7.22 55 106 152 63 0 NA NA NA NA 93 138 189 94 0 NA NA NA NA 1358 646 942 392 426 NA NA NA NA 1809 740 1050 470 474 NA NA NA NA
1576969200.0 7.23 55 110 170 61 0 NA NA NA NA 92 144 208 95 0 NA NA NA NA 1392 719 1070 386 515 NA NA NA NA 1837 818 1181 482 568 NA NA NA NA
1576969200.0 7.3 55 151 169 71 0 NA NA NA NA 93 183 216 96 0 NA NA NA NA 2123 1336 1110 420 509 NA NA NA NA 2545 1472 1219 521 551 NA NA NA NA
1576969200.0 7.4 56 149 176 62 0 NA NA NA NA 93 182 216 95 0 NA NA NA NA 1428 1500 1358 630 796 NA NA NA NA 1928 1640 1530 831 958 NA NA NA NA
1576969200.0 8.0 NA 85 119 54 0 NA NA NA NA NA 161 156 81 0 NA NA NA NA NA 3724 1113 290 767 NA NA NA NA NA 4378 1247 337 1059 NA NA NA NA
1576969200.0 8.1 52 149 174 50 0 NA NA NA NA 92 181 214 80 0 NA NA NA NA 1242 1476 1016 264 673 NA NA NA NA 1681 1582 1129 309 786 NA NA NA NA
1576969200.0 8.2 51 104 169 52 0 NA NA NA NA 90 144 205 80 0 NA NA NA NA 1179 989 1203 390 808 NA NA NA NA 1371 1080 1326 589 904 NA NA NA NA
1576969200.0 9.0 NA 106 251 0 NA NA NA NA NA NA 181 315 0 NA NA NA NA NA NA 5660 6229 1057 NA NA NA NA NA NA 5925 6356 1252 NA NA NA NA NA
