Timestamp WorkflowId PeakValueRss1 PeakValueRss2 PeakValueRss3 PeakValueRss4 PeakValueRss5 PeakValueRss6 PeakValueRss7 PeakValueRss8 PeakValueVsize1 PeakValueVsize2 PeakValueVsize3 PeakValueVsize4 PeakValueVsize5 PeakValueVsize6 PeakValueVsize7 PeakValueVsize8 TotalJobCPU1 TotalJobCPU2 TotalJobCPU3 TotalJobCPU4 TotalJobCPU5 TotalJobCPU6 TotalJobCPU7 TotalJobCPU8 TotalJobTime1 TotalJobTime2 TotalJobTime3 TotalJobTime4 TotalJobTime5 TotalJobTime6 TotalJobTime7 TotalJobTime8
1557007200.0 1.0 98 84 207 NA NA NA NA NA 186 368 296 NA NA NA NA NA 1844 455 941 NA NA NA NA NA 1263 462 1191 NA NA NA NA NA
1557007200.0 10.0 NA 125 470 0 NA NA NA NA NA 376 566 0 NA NA NA NA NA 2365 3495 535 NA NA NA NA NA 1842 2470 595 NA NA NA NA
1557007200.0 1000.0 NA 392 160 0 52 NA NA NA NA 507 261 0 90 NA NA NA NA 2780 1297 626 308 NA NA NA NA 3093 2004 863 605 NA NA NA
1557007200.0 10001.0 NA 198 659 83 0 NA NA NA NA 488 799 135 0 NA NA NA NA 1684 2555 488 1916 NA NA NA NA 2595 5288 1434 2388 NA NA NA
1557007200.0 10002.0 NA 193 659 84 0 NA NA NA NA 485 829 135 0 NA NA NA NA 1695 2612 455 2032 NA NA NA NA 2169 3427 811 2259 NA NA NA
1557007200.0 10003.0 NA 216 643 90 0 NA NA NA NA 486 826 135 0 NA NA NA NA 1521 2694 390 1821 NA NA NA NA 2560 3751 592 1923 NA NA NA
1557007200.0 10004.0 NA 194 466 85 0 NA NA NA NA 479 805 135 0 NA NA NA NA 1549 2648 420 1814 NA NA NA NA 3195 4499 633 2040 NA NA NA
1557007200.0 10005.0 NA 209 666 83 0 NA NA NA NA 485 822 136 0 NA NA NA NA 1580 2162 364 1694 NA NA NA NA 2367 2305 489 1776 NA NA NA
1557007200.0 10006.0 NA 186 652 83 0 NA NA NA NA 481 816 135 0 NA NA NA NA 1674 2542 447 2029 NA NA NA NA 2916 2842 692 2109 NA NA NA
1557007200.0 10007.0 NA 191 662 94 0 NA NA NA NA 484 802 145 0 NA NA NA NA 1724 2579 464 2018 NA NA NA NA 2819 2768 578 2092 NA NA NA
1557007200.0 10008.0 NA 189 668 93 0 NA NA NA NA 477 827 145 0 NA NA NA NA 1707 2475 464 1933 NA NA NA NA 4530 3829 1121 2390 NA NA NA
1557007200.0 10009.0 NA 189 664 93 0 NA NA NA NA 478 821 145 0 NA NA NA NA 1738 2608 470 2058 NA NA NA NA 1988 3014 675 2257 NA NA NA
1557007200.0 1001.0 NA 370 188 0 0 0 0 0 NA 466 231 0 0 0 0 0 NA 2471 530 72 125 244 120 252 NA 1966 629 124 363 307 182 332
1557007200.0 1002.0 NA 416 64 NA NA NA NA NA NA 515 124 NA NA NA NA NA NA 3250 461 NA NA NA NA NA NA 2445 373 NA NA NA NA NA
1557007200.0 10023.0 NA 188 656 83 0 NA NA NA NA 477 827 134 0 NA NA NA NA 1720 2403 463 1915 NA NA NA NA 5378 3832 1097 2533 NA NA NA
1557007200.0 10024.0 NA 212 679 96 0 NA NA NA NA 478 852 146 0 NA NA NA NA 1907 2722 477 1990 NA NA NA NA 4513 3246 1015 2266 NA NA NA
1557007200.0 10024.1 NA 241 273 0 NA NA NA NA NA 486 369 0 NA NA NA NA NA 1545 815 305 NA NA NA NA NA 1518 942 377 NA NA NA NA
1557007200.0 10024.2 NA 210 677 0 NA NA NA NA NA 488 831 0 NA NA NA NA NA 1853 2711 1918 NA NA NA NA NA 4087 2832 2038 NA NA NA NA
1557007200.0 10024.3 NA 212 241 0 NA NA NA NA NA 486 348 0 NA NA NA NA NA 1874 936 321 NA NA NA NA NA 2850 1884 529 NA NA NA NA
1557007200.0 10024.4 NA 219 690 0 NA NA NA NA NA 478 848 0 NA NA NA NA NA 1804 2663 1888 NA NA NA NA NA 3637 2414 1956 NA NA NA NA
1557007200.0 10024.5 NA 201 271 0 NA NA NA NA NA 494 362 0 NA NA NA NA NA 1800 796 304 NA NA NA NA NA 2680 850 408 NA NA NA NA
1557007200.0 10024.6 NA 220 677 0 NA NA NA NA NA 479 843 0 NA NA NA NA NA 1775 2424 1766 NA NA NA NA NA 2180 2208 1831 NA NA NA NA
1557007200.0 10025.0 NA 204 263 88 0 NA NA NA NA 478 834 136 0 NA NA NA NA 1529 2745 379 1783 NA NA NA NA 3094 5544 640 2399 NA NA NA
1557007200.0 10026.0 NA 231 682 97 0 NA NA NA NA 477 850 145 0 NA NA NA NA 1996 3000 499 1905 NA NA NA NA 2890 4679 1391 2548 NA NA NA
1557007200.0 1003.0 NA 314 0 NA NA NA NA NA NA 410 0 NA NA NA NA NA NA 3209 526 NA NA NA NA NA NA 2015 597 NA NA NA NA NA
1557007200.0 1004.0 NA 308 160 0 0 0 0 NA NA 411 213 0 0 0 0 NA NA 1074 404 95 112 286 300 NA NA 2007 1064 246 278 584 605 NA
1557007200.0 10042.0 NA 198 666 95 0 NA NA NA NA 486 834 145 0 NA NA NA NA 1858 2568 522 1960 NA NA NA NA 5158 3967 1219 2471 NA NA NA
1557007200.0 10059.0 NA 234 699 105 0 NA NA NA NA 486 855 146 0 NA NA NA NA 1670 2831 388 1718 NA NA NA NA 3624 2231 512 2008 NA NA NA
1557007200.0 10071.0 NA 203 677 94 0 NA NA NA NA 486 828 136 0 NA NA NA NA 1812 2603 426 2094 NA NA NA NA 4984 3115 566 3066 NA NA NA
1557007200.0 101.0 80 NA NA NA NA NA NA NA 150 NA NA NA NA NA NA NA 1002 NA NA NA NA NA NA NA 1574 NA NA NA NA NA NA NA
1557007200.0 1010.0 NA 29 75 0 NA NA NA NA NA 72 121 0 NA NA NA NA NA 130 230 110 NA NA NA NA NA 587 773 205 NA NA NA NA
1557007200.0 102.0 82 NA NA NA NA NA NA NA 150 NA NA NA NA NA NA NA 806 NA NA NA NA NA NA NA 1765 NA NA NA NA NA NA NA
1557007200.0 1020.0 NA 36 NA NA NA NA NA NA NA 109 NA NA NA NA NA NA NA 273 NA NA NA NA NA NA NA 776 NA NA NA NA NA NA
1557007200.0 10224.0 NA 410 936 0 NA NA NA NA NA 619 1164 0 NA NA NA NA NA 4397 4780 1757 NA NA NA NA NA 4538 3156 1845 NA NA NA NA
1557007200.0 10225.0 NA 379 908 0 NA NA NA NA NA 591 1147 0 NA NA NA NA NA 4679 5325 2087 NA NA NA NA NA 3664 3792 2167 NA NA NA NA
1557007200.0 103.0 43 0 0 NA NA NA NA NA 91 0 0 NA NA NA NA NA 1214 304 1530 NA NA NA NA NA 1433 595 2743 NA NA NA NA NA
1557007200.0 1030.0 NA 178 45 0 NA NA NA NA NA 318 85 0 NA NA NA NA NA 8543 277 64 NA NA NA NA NA 4310 334 424 NA NA NA NA
1557007200.0 10424.0 NA 210 675 0 NA NA NA NA NA 486 839 0 NA NA NA NA NA 1956 2811 1957 NA NA NA NA NA 4219 2945 2552 NA NA NA NA
1557007200.0 105.0 88 81 30 NA NA NA NA NA 186 367 66 NA NA NA NA NA 2302 549 137 NA NA NA NA NA 1942 677 307 NA NA NA NA NA
1557007200.0 106.0 43 0 0 NA NA NA NA NA 91 0 0 NA NA NA NA NA 1133 289 1485 NA NA NA NA NA 1265 643 2855 NA NA NA NA NA
1557007200.0 107.0 103 91 439 NA NA NA NA NA 188 368 545 NA NA NA NA NA 3678 526 1792 NA NA NA NA NA 2445 514 2126 NA NA NA NA NA
1557007200.0 108.0 100 84 446 NA NA NA NA NA 185 368 559 NA NA NA NA NA 4305 776 1849 NA NA NA NA NA 2998 1899 2093 NA NA NA NA NA
1557007200.0 10823.0 64 193 663 85 0 NA NA NA 125 485 827 134 0 NA NA NA 2307 1703 2534 433 1991 NA NA NA 2074 1999 2574 523 2095 NA NA NA
1557007200.0 10824.0 72 226 689 101 0 NA NA NA 135 486 820 145 0 NA NA NA 4969 1930 2890 469 2073 NA NA NA 2221 2356 3007 580 2139 NA NA NA
1557007200.0 10825.0 69 201 656 88 0 NA NA NA 129 471 808 136 0 NA NA NA 3857 1805 2979 459 1934 NA NA NA 2940 3143 3380 727 2373 NA NA NA
1557007200.0 10826.0 75 225 686 101 0 NA NA NA 137 485 857 146 0 NA NA NA 7292 1986 3104 462 2095 NA NA NA 3317 2308 2667 575 2180 NA NA NA
1557007200.0 10842.0 58 189 639 94 0 NA NA NA 111 486 826 146 0 NA NA NA 2231 1540 2738 452 1960 NA NA NA 2149 3114 3407 657 2108 NA NA NA
1557007200.0 109.0 106 94 453 NA NA NA NA NA 192 360 546 NA NA NA NA NA 4487 532 1880 NA NA NA NA NA 2822 703 2276 NA NA NA NA NA
1557007200.0 11.0 NA 103 476 0 68 NA NA NA NA 376 583 0 105 NA NA NA NA 1783 1536 556 203 NA NA NA NA 1368 1378 656 271 NA NA NA
1557007200.0 110.0 58 81 425 NA NA NA NA NA 125 367 541 NA NA NA NA NA 1203 582 1700 NA NA NA NA NA 1409 1232 2809 NA NA NA NA NA
1557007200.0 1102.0 NA 118 476 143 73 NA NA NA NA 375 571 225 163 NA NA NA NA 2782 4221 1843 411 NA NA NA NA 1982 2503 1272 326 NA NA NA
1557007200.0 111.0 98 92 415 NA NA NA NA NA 185 368 540 NA NA NA NA NA 1804 578 1643 NA NA NA NA NA 1281 1355 2182 NA NA NA NA NA
1557007200.0 112.0 101 89 441 NA NA NA NA NA 191 361 552 NA NA NA NA NA 3255 738 1645 NA NA NA NA NA 1435 1197 1955 NA NA NA NA NA
1557007200.0 11224.0 73 217 689 0 NA NA NA NA 136 477 855 0 NA NA NA NA 4817 1913 2827 1996 NA NA NA NA 3758 3420 3465 2107 NA NA NA NA
1557007200.0 113.0 99 91 432 NA NA NA NA NA 190 368 552 NA NA NA NA NA 3175 533 1878 NA NA NA NA NA 2640 510 2522 NA NA NA NA NA
1557007200.0 114.0 95 91 441 NA NA NA NA NA 184 360 536 NA NA NA NA NA 3734 515 1852 NA NA NA NA NA 2898 615 2332 NA NA NA NA NA
1557007200.0 115.0 98 87 436 NA NA NA NA NA 187 360 542 NA NA NA NA NA 3748 656 1917 NA NA NA NA NA 2582 851 2465 NA NA NA NA NA
1557007200.0 116.0 97 89 435 NA NA NA NA NA 187 360 541 NA NA NA NA NA 3619 632 1701 NA NA NA NA NA 2774 1299 2010 NA NA NA NA NA
1557007200.0 11623.0 67 196 673 84 0 NA NA NA 111 487 833 134 0 NA NA NA 1790 1873 2795 460 2116 NA NA NA 1676 2193 2732 566 2190 NA NA NA
1557007200.0 11624.0 71 219 669 98 0 NA NA NA 121 480 835 145 0 NA NA NA 4343 2103 3351 560 2065 NA NA NA 3231 3693 3656 705 2421 NA NA NA
1557007200.0 11625.0 68 226 679 92 0 NA NA NA 116 480 840 136 0 NA NA NA 3266 1618 2548 400 1850 NA NA NA 2205 2825 2402 557 1936 NA NA NA
1557007200.0 11626.0 73 239 694 93 0 NA NA NA 123 473 862 144 0 NA NA NA 6283 2240 3274 626 2180 NA NA NA 3462 2933 2816 730 2324 NA NA NA
1557007200.0 11642.0 63 194 665 94 0 NA NA NA 109 479 836 145 0 NA NA NA 1730 1682 2740 552 2148 NA NA NA 1222 3053 3128 696 2312 NA NA NA
1557007200.0 117.0 104 85 422 NA NA NA NA NA 193 368 550 NA NA NA NA NA 3983 630 1987 NA NA NA NA NA 3180 886 2490 NA NA NA NA NA
1557007200.0 118.0 97 93 441 NA NA NA NA NA 186 368 545 NA NA NA NA NA 4213 580 1760 NA NA NA NA NA 2316 914 1912 NA NA NA NA NA
1557007200.0 119.0 100 85 436 NA NA NA NA NA 190 361 538 NA NA NA NA NA 3041 500 1565 NA NA NA NA NA 2763 743 1807 NA NA NA NA NA
1557007200.0 12.0 NA 111 460 0 NA NA NA NA NA 374 569 0 NA NA NA NA NA 2345 3462 581 NA NA NA NA NA 3647 2704 798 NA NA NA NA
1557007200.0 120.0 59 77 421 NA NA NA NA NA 145 368 532 NA NA NA NA NA 1265 572 1653 NA NA NA NA NA 1352 1127 3087 NA NA NA NA NA
1557007200.0 12024.0 71 218 691 0 NA NA NA NA 122 483 856 0 NA NA NA NA 4787 1999 3060 2085 NA NA NA NA 4202 3876 3308 2572 NA NA NA NA
1557007200.0 121.0 93 93 443 NA NA NA NA NA 191 360 545 NA NA NA NA NA 4142 677 1887 NA NA NA NA NA 3580 938 2047 NA NA NA NA NA
1557007200.0 122.0 62 80 423 NA NA NA NA NA 131 360 540 NA NA NA NA NA 650 634 1595 NA NA NA NA NA 1001 640 1995 NA NA NA NA NA
1557007200.0 123.1 314 NA NA NA NA NA NA NA 510 NA NA NA NA NA NA NA 1304 NA NA NA NA NA NA NA 1495 NA NA NA NA NA NA NA
1557007200.0 123.2 314 NA NA NA NA NA NA NA 508 NA NA NA NA NA NA NA 1428 NA NA NA NA NA NA NA 1824 NA NA NA NA NA NA NA
1557007200.0 123.3 262 NA NA NA NA NA NA NA 509 NA NA NA NA NA NA NA 1190 NA NA NA NA NA NA NA 1930 NA NA NA NA NA NA NA
1557007200.0 124.1 303 NA NA NA NA NA NA NA 501 NA NA NA NA NA NA NA 1144 NA NA NA NA NA NA NA 1371 NA NA NA NA NA NA NA
1557007200.0 124.2 316 NA NA NA NA NA NA NA 510 NA NA NA NA NA NA NA 1302 NA NA NA NA NA NA NA 1600 NA NA NA NA NA NA NA
1557007200.0 124.4 304 NA NA NA NA NA NA NA 509 NA NA NA NA NA NA NA 1174 NA NA NA NA NA NA NA 1485 NA NA NA NA NA NA NA
1557007200.0 124.5 306 NA NA NA NA NA NA NA 502 NA NA NA NA NA NA NA 1202 NA NA NA NA NA NA NA 1508 NA NA NA NA NA NA NA
1557007200.0 124.6 264 NA NA NA NA NA NA NA 509 NA NA NA NA NA NA NA 1143 NA NA NA NA NA NA NA 1411 NA NA NA NA NA NA NA
1557007200.0 125.0 100 87 420 NA NA NA NA NA 189 360 541 NA NA NA NA NA 3130 615 1833 NA NA NA NA NA 2306 743 2337 NA NA NA NA NA
1557007200.0 126.0 68 86 365 NA NA NA NA NA 150 360 552 NA NA NA NA NA 1308 552 1637 NA NA NA NA NA 878 564 2501 NA NA NA NA NA
1557007200.0 127.0 63 83 433 NA NA NA NA NA 134 360 548 NA NA NA NA NA 1312 442 1593 NA NA NA NA NA 1319 597 2075 NA NA NA NA NA
1557007200.0 128.0 62 85 358 NA NA NA NA NA 116 368 534 NA NA NA NA NA 797 459 1550 NA NA NA NA NA 633 523 2510 NA NA NA NA NA
1557007200.0 129.0 62 84 425 NA NA NA NA NA 124 368 530 NA NA NA NA NA 743 534 1651 NA NA NA NA NA 911 643 1986 NA NA NA NA NA
1557007200.0 13.0 NA 97 443 0 NA NA NA NA NA 368 544 0 NA NA NA NA NA 409 2015 458 NA NA NA NA NA 654 2041 525 NA NA NA NA
1557007200.0 130.0 66 85 430 NA NA NA NA NA 126 360 529 NA NA NA NA NA 801 607 1768 NA NA NA NA NA 717 669 2416 NA NA NA NA NA
1557007200.0 1301.0 86 99 219 NA NA NA NA NA 152 377 344 NA NA NA NA NA 1381 503 1114 NA NA NA NA NA 1373 461 1317 NA NA NA NA NA
1557007200.0 1302.0 102 105 248 NA NA NA NA NA 168 377 332 NA NA NA NA NA 3867 741 1280 NA NA NA NA NA 1835 881 1767 NA NA NA NA NA
1557007200.0 1303.0 96 106 236 NA NA NA NA NA 160 378 359 NA NA NA NA NA 6818 649 1505 NA NA NA NA NA 3995 1438 1462 NA NA NA NA NA
1557007200.0 1306.0 NA 100 558 0 NA NA NA NA NA 385 665 0 NA NA NA NA NA 561 1673 636 NA NA NA NA NA 1526 2012 733 NA NA NA NA
1557007200.0 1307.0 NA 93 180 42 0 NA NA NA NA 375 259 87 0 NA NA NA NA 605 700 178 274 NA NA NA NA 1310 2002 709 1003 NA NA NA
1557007200.0 1308.0 NA 91 176 49 0 NA NA NA NA 375 257 86 0 NA NA NA NA 566 633 186 278 NA NA NA NA 1211 1373 600 676 NA NA NA
1557007200.0 1309.0 NA 115 571 0 NA NA NA NA NA 385 690 0 NA NA NA NA NA 633 2037 697 NA NA NA NA NA 743 2125 776 NA NA NA NA
1557007200.0 131.0 66 87 437 NA NA NA NA NA 127 360 533 NA NA NA NA NA 1310 523 1738 NA NA NA NA NA 1309 841 2134 NA NA NA NA NA
1557007200.0 1310.0 NA 106 526 0 NA NA NA NA NA 386 667 0 NA NA NA NA NA 686 1737 597 NA NA NA NA NA 688 1971 663 NA NA NA NA
1557007200.0 1311.0 NA 101 318 0 61 NA NA NA NA 386 596 0 106 NA NA NA NA 562 1521 648 217 NA NA NA NA 750 2447 802 386 NA NA NA
1557007200.0 1312.0 NA 105 463 0 NA NA NA NA NA 378 670 0 NA NA NA NA NA 586 2021 618 NA NA NA NA NA 702 2361 864 NA NA NA NA
1557007200.0 1313.0 NA 108 572 0 NA NA NA NA NA 378 671 0 NA NA NA NA NA 623 2055 595 NA NA NA NA NA 1036 1923 897 NA NA NA NA
1557007200.0 1314.0 NA 101 553 0 NA NA NA NA NA 386 675 0 NA NA NA NA NA 629 1743 602 NA NA NA NA NA 1235 1854 659 NA NA NA NA
1557007200.0 1315.0 NA 96 532 0 NA NA NA NA NA 385 670 0 NA NA NA NA NA 632 1898 622 NA NA NA NA NA 827 3233 714 NA NA NA NA
1557007200.0 1316.0 NA 98 553 0 NA NA NA NA NA 385 670 0 NA NA NA NA NA 629 1986 690 NA NA NA NA NA 3509 3879 1118 NA NA NA NA
1557007200.0 1317.0 NA 100 549 0 NA NA NA NA NA 396 674 0 NA NA NA NA NA 445 1635 597 NA NA NA NA NA 534 2357 730 NA NA NA NA
1557007200.0 1318.0 NA 102 556 0 NA NA NA NA NA 378 679 0 NA NA NA NA NA 512 1596 585 NA NA NA NA NA 577 1902 681 NA NA NA NA
1557007200.0 1319.0 NA 103 554 0 NA NA NA NA NA 385 677 0 NA NA NA NA NA 774 1908 644 NA NA NA NA NA 1184 2368 717 NA NA NA NA
1557007200.0 132.0 98 91 391 NA NA NA NA NA 180 360 552 NA NA NA NA NA 3331 596 1903 NA NA NA NA NA 2358 969 2260 NA NA NA NA NA
1557007200.0 1320.0 NA 105 552 0 NA NA NA NA NA 385 674 0 NA NA NA NA NA 479 1631 602 NA NA NA NA NA 612 2582 748 NA NA NA NA
1557007200.0 1321.0 NA 104 559 0 NA NA NA NA NA 385 675 0 NA NA NA NA NA 462 1643 681 NA NA NA NA NA 535 2106 880 NA NA NA NA
1557007200.0 1322.0 NA 97 556 0 NA NA NA NA NA 378 667 0 NA NA NA NA NA 537 1628 615 NA NA NA NA NA 1342 1803 983 NA NA NA NA
1557007200.0 1323.0 NA 100 428 0 NA NA NA NA NA 385 658 0 NA NA NA NA NA 471 1736 583 NA NA NA NA NA 1109 3521 703 NA NA NA NA
1557007200.0 1324.0 NA 105 563 0 NA NA NA NA NA 384 687 0 NA NA NA NA NA 646 2039 720 NA NA NA NA NA 1319 3363 1307 NA NA NA NA
1557007200.0 1325.0 NA 121 574 0 75 NA NA NA NA 385 678 0 116 NA NA NA NA 610 2114 698 372 NA NA NA NA 734 4439 812 796 NA NA NA
1557007200.0 1325.1 NA 107 217 0 NA NA NA NA NA 384 299 0 NA NA NA NA NA 707 825 320 NA NA NA NA NA 1010 964 461 NA NA NA NA
1557007200.0 1325.2 NA 113 567 0 NA NA NA NA NA 386 675 0 NA NA NA NA NA 768 2047 680 NA NA NA NA NA 853 2419 782 NA NA NA NA
1557007200.0 1325.3 NA 108 207 0 NA NA NA NA NA 376 285 0 NA NA NA NA NA 679 809 306 NA NA NA NA NA 1667 997 402 NA NA NA NA
1557007200.0 1325.4 NA 108 572 0 NA NA NA NA NA 385 686 0 NA NA NA NA NA 729 1823 599 NA NA NA NA NA 792 1907 689 NA NA NA NA
1557007200.0 1325.5 NA 195 0 NA NA NA NA NA NA 332 0 NA NA NA NA NA NA 4454 122 NA NA NA NA NA NA 5341 192 NA NA NA NA NA
1557007200.0 1325.51 NA 175 0 NA NA NA NA NA NA 250 0 NA NA NA NA NA NA 1814 178 NA NA NA NA NA NA 3145 563 NA NA NA NA NA
1557007200.0 1325.6 NA 165 NA NA NA NA NA NA NA 250 NA NA NA NA NA NA NA 2665 NA NA NA NA NA NA NA 3511 NA NA NA NA NA NA
1557007200.0 1325.7 NA 166 0 NA NA NA NA NA NA 239 0 NA NA NA NA NA NA 2658 162 NA NA NA NA NA NA 3702 513 NA NA NA NA NA
1557007200.0 1325.8 NA 162 0 NA NA NA NA NA NA 243 0 NA NA NA NA NA NA 2974 177 NA NA NA NA NA NA 5309 554 NA NA NA NA NA
1557007200.0 1325.9 NA 154 0 NA NA NA NA NA NA 229 0 NA NA NA NA NA NA 1911 159 NA NA NA NA NA NA 1296 398 NA NA NA NA NA
1557007200.0 1326.0 NA 110 506 0 NA NA NA NA NA 386 670 0 NA NA NA NA NA 541 2017 671 NA NA NA NA NA 1606 3605 747 NA NA NA NA
1557007200.0 1327.0 NA 101 557 0 NA NA NA NA NA 377 668 0 NA NA NA NA NA 667 2025 684 NA NA NA NA NA 4268 4409 919 NA NA NA NA
1557007200.0 1328.0 NA 104 568 0 NA NA NA NA NA 386 667 0 NA NA NA NA NA 706 1736 600 NA NA NA NA NA 1604 1808 687 NA NA NA NA
1557007200.0 1329.0 NA 106 553 0 NA NA NA NA NA 378 680 0 NA NA NA NA NA 582 1951 674 NA NA NA NA NA 1159 3388 999 NA NA NA NA
1557007200.0 1329.1 NA 176 0 NA NA NA NA NA NA 258 0 NA NA NA NA NA NA 2223 161 NA NA NA NA NA NA 2371 417 NA NA NA NA NA
1557007200.0 133.0 99 92 452 NA NA NA NA NA 192 368 548 NA NA NA NA NA 5024 694 1862 NA NA NA NA NA 3191 1068 2074 NA NA NA NA NA
1557007200.0 1330.0 NA 100 458 0 NA NA NA NA NA 386 666 0 NA NA NA NA NA 623 2061 705 NA NA NA NA NA 1070 3138 944 NA NA NA NA
1557007200.0 1331.0 NA 109 538 0 NA NA NA NA NA 386 668 0 NA NA NA NA NA 483 1906 601 NA NA NA NA NA 633 4068 672 NA NA NA NA
1557007200.0 1332.0 NA 114 568 0 NA NA NA NA NA 386 675 0 NA NA NA NA NA 607 1868 644 NA NA NA NA NA 842 2604 764 NA NA NA NA
1557007200.0 1333.0 NA 109 562 0 NA NA NA NA NA 386 668 0 NA NA NA NA NA 574 1850 683 NA NA NA NA NA 989 2021 782 NA NA NA NA
1557007200.0 1334.0 NA 107 562 0 NA NA NA NA NA 385 686 0 NA NA NA NA NA 605 1820 606 NA NA NA NA NA 912 2606 715 NA NA NA NA
1557007200.0 1335.0 NA 109 532 0 NA NA NA NA NA 378 688 0 NA NA NA NA NA 567 1885 684 NA NA NA NA NA 1007 2780 791 NA NA NA NA
1557007200.0 1336.0 NA 99 566 0 NA NA NA NA NA 383 695 0 NA NA NA NA NA 736 2201 613 NA NA NA NA NA 1338 2088 682 NA NA NA NA
1557007200.0 1337.0 NA 117 465 0 NA NA NA NA NA 386 694 0 NA NA NA NA NA 644 2335 633 NA NA NA NA NA 1182 3961 727 NA NA NA NA
1557007200.0 1338.0 NA 108 571 0 NA NA NA NA NA 378 686 0 NA NA NA NA NA 670 1819 595 NA NA NA NA NA 1151 1920 751 NA NA NA NA
1557007200.0 1339.0 NA 111 580 0 NA NA NA NA NA 378 688 0 NA NA NA NA NA 726 2165 653 NA NA NA NA NA 1787 2318 749 NA NA NA NA
1557007200.0 134.0 NA 420 33 0 NA NA NA NA NA 515 77 0 NA NA NA NA NA 3390 145 102 NA NA NA NA NA 2510 248 296 NA NA NA NA
1557007200.0 134.701 NA 35 509 0 NA NA NA NA NA 87 603 0 NA NA NA NA NA 261 4646 648 NA NA NA NA NA 523 2636 739 NA NA NA NA
1557007200.0 134.702 NA 32 512 0 NA NA NA NA NA 88 602 0 NA NA NA NA NA 287 6243 718 NA NA NA NA NA 1148 3080 804 NA NA NA NA
1557007200.0 134.703 NA 38 533 0 NA NA NA NA NA 93 611 0 NA NA NA NA NA 322 5847 688 NA NA NA NA NA 592 2869 749 NA NA NA NA
1557007200.0 134.704 NA 31 515 0 NA NA NA NA NA 91 603 0 NA NA NA NA NA 292 6084 686 NA NA NA NA NA 339 3014 763 NA NA NA NA
1557007200.0 134.705 NA 39 514 0 NA NA NA NA NA 92 613 0 NA NA NA NA NA 313 6622 757 NA NA NA NA NA 702 4104 834 NA NA NA NA
1557007200.0 134.706 NA 42 518 0 NA NA NA NA NA 88 620 0 NA NA NA NA NA 256 6137 667 NA NA NA NA NA 625 3081 715 NA NA NA NA
1557007200.0 134.707 NA 42 528 0 NA NA NA NA NA 89 602 0 NA NA NA NA NA 255 5495 608 NA NA NA NA NA 435 2819 657 NA NA NA NA
1557007200.0 134.708 NA 31 510 0 NA NA NA NA NA 86 599 0 NA NA NA NA NA 305 5711 691 NA NA NA NA NA 321 2925 754 NA NA NA NA
1557007200.0 134.709 NA 34 696 0 NA NA NA NA NA 88 788 0 NA NA NA NA NA 258 5945 683 NA NA NA NA NA 539 2940 745 NA NA NA NA
1557007200.0 134.71 NA 34 503 0 NA NA NA NA NA 82 610 0 NA NA NA NA NA 229 4088 605 NA NA NA NA NA 449 2469 682 NA NA NA NA
1557007200.0 134.801 NA 32 505 0 NA NA NA NA NA 93 597 0 NA NA NA NA NA 258 4448 614 NA NA NA NA NA 323 2958 677 NA NA NA NA
1557007200.0 134.802 NA 35 522 0 NA NA NA NA NA 90 614 0 NA NA NA NA NA 284 6900 629 NA NA NA NA NA 739 3172 702 NA NA NA NA
1557007200.0 134.803 NA 38 518 0 NA NA NA NA NA 93 620 0 NA NA NA NA NA 281 6270 634 NA NA NA NA NA 382 2923 690 NA NA NA NA
1557007200.0 134.804 NA 36 534 0 NA NA NA NA NA 91 628 0 NA NA NA NA NA 297 6861 594 NA NA NA NA NA 710 3238 642 NA NA NA NA
1557007200.0 134.805 NA 33 530 0 NA NA NA NA NA 94 626 0 NA NA NA NA NA 281 7558 703 NA NA NA NA NA 491 3453 766 NA NA NA NA
1557007200.0 134.806 NA 32 520 0 NA NA NA NA NA 91 618 0 NA NA NA NA NA 309 7961 675 NA NA NA NA NA 368 3500 742 NA NA NA NA
1557007200.0 134.807 NA 98 557 0 NA NA NA NA NA 199 676 0 NA NA NA NA NA 1521 8557 808 NA NA NA NA NA 1831 3807 856 NA NA NA NA
1557007200.0 134.808 NA 93 550 0 NA NA NA NA NA 199 681 0 NA NA NA NA NA 1566 8609 748 NA NA NA NA NA 2103 3908 838 NA NA NA NA
1557007200.0 134.809 NA 31 516 0 NA NA NA NA NA 89 618 0 NA NA NA NA NA 302 7021 679 NA NA NA NA NA 432 3238 736 NA NA NA NA
1557007200.0 134.81 NA 31 519 0 NA NA NA NA NA 89 611 0 NA NA NA NA NA 322 7091 708 NA NA NA NA NA 389 3433 808 NA NA NA NA
1557007200.0 134.811 NA 41 515 0 NA NA NA NA NA 91 622 0 NA NA NA NA NA 277 6838 599 NA NA NA NA NA 715 3151 651 NA NA NA NA
1557007200.0 134.812 NA 28 502 0 NA NA NA NA NA 84 592 0 NA NA NA NA NA 274 4606 685 NA NA NA NA NA 320 2598 746 NA NA NA NA
1557007200.0 134.813 NA 184 61 0 NA NA NA NA NA 273 110 0 NA NA NA NA NA 980 219 277 NA NA NA NA NA 1686 366 512 NA NA NA NA
1557007200.0 134.901 NA 33 521 0 NA NA NA NA NA 86 618 0 NA NA NA NA NA 251 4881 694 NA NA NA NA NA 388 2753 754 NA NA NA NA
1557007200.0 134.902 NA 34 508 0 NA NA NA NA NA 89 600 0 NA NA NA NA NA 374 5283 613 NA NA NA NA NA 986 2827 658 NA NA NA NA
1557007200.0 134.903 NA 33 505 0 NA NA NA NA NA 91 603 0 NA NA NA NA NA 305 5497 670 NA NA NA NA NA 434 3156 738 NA NA NA NA
1557007200.0 134.904 NA 31 512 0 NA NA NA NA NA 91 602 0 NA NA NA NA NA 299 6566 686 NA NA NA NA NA 315 3434 743 NA NA NA NA
1557007200.0 134.905 NA 41 524 0 NA NA NA NA NA 93 620 0 NA NA NA NA NA 290 5031 612 NA NA NA NA NA 336 2631 662 NA NA NA NA
1557007200.0 134.906 NA 38 504 0 NA NA NA NA NA 91 599 0 NA NA NA NA NA 238 5782 652 NA NA NA NA NA 416 2843 722 NA NA NA NA
1557007200.0 134.907 NA 89 545 0 NA NA NA NA NA 196 668 0 NA NA NA NA NA 1079 5886 680 NA NA NA NA NA 1297 2927 797 NA NA NA NA
1557007200.0 134.908 NA 95 563 0 NA NA NA NA NA 200 665 0 NA NA NA NA NA 990 6056 686 NA NA NA NA NA 1035 2965 745 NA NA NA NA
1557007200.0 134.909 NA 32 505 0 NA NA NA NA NA 89 595 0 NA NA NA NA NA 275 5411 654 NA NA NA NA NA 379 2774 724 NA NA NA NA
1557007200.0 134.91 NA 36 510 0 NA NA NA NA NA 91 602 0 NA NA NA NA NA 294 4975 673 NA NA NA NA NA 396 2650 778 NA NA NA NA
1557007200.0 134.911 NA 36 525 0 NA NA NA NA NA 91 607 0 NA NA NA NA NA 309 5176 664 NA NA NA NA NA 770 2664 726 NA NA NA NA
1557007200.0 134.912 NA 34 502 0 NA NA NA NA NA 88 597 0 NA NA NA NA NA 276 4111 641 NA NA NA NA NA 326 2498 719 NA NA NA NA
1557007200.0 134.99601 NA 36 516 0 NA NA NA NA NA 94 615 0 NA NA NA NA NA 327 7755 671 NA NA NA NA NA 449 3878 731 NA NA NA NA
1557007200.0 134.99602 NA 31 507 0 NA NA NA NA NA 92 595 0 NA NA NA NA NA 298 4852 640 NA NA NA NA NA 625 2596 703 NA NA NA NA
1557007200.0 134.99603 NA 33 525 0 NA NA NA NA NA 94 613 0 NA NA NA NA NA 289 6345 657 NA NA NA NA NA 395 3078 715 NA NA NA NA
1557007200.0 134.99901 NA 33 507 0 NA NA NA NA NA 91 601 0 NA NA NA NA NA 277 5306 703 NA NA NA NA NA 497 2817 764 NA NA NA NA
1557007200.0 1340.0 NA 106 554 0 NA NA NA NA NA 385 663 0 NA NA NA NA NA 527 1738 637 NA NA NA NA NA 824 1971 722 NA NA NA NA
1557007200.0 1341.0 NA 117 581 0 NA NA NA NA NA 386 694 0 NA NA NA NA NA 692 2287 687 NA NA NA NA NA 771 2168 772 NA NA NA NA
1557007200.0 1343.0 NA 109 430 0 NA NA NA NA NA 385 668 0 NA NA NA NA NA 544 1981 605 NA NA NA NA NA 569 2829 696 NA NA NA NA
1557007200.0 1344.0 NA 103 573 0 NA NA NA NA NA 386 682 0 NA NA NA NA NA 656 1903 658 NA NA NA NA NA 1071 2156 789 NA NA NA NA
1557007200.0 1345.0 NA 110 564 0 NA NA NA NA NA 385 667 0 NA NA NA NA NA 573 1836 651 NA NA NA NA NA 924 2505 743 NA NA NA NA
1557007200.0 1347.0 NA 109 553 0 NA NA NA NA NA 378 662 0 NA NA NA NA NA 693 1830 649 NA NA NA NA NA 845 2027 721 NA NA NA NA
1557007200.0 1348.0 NA 106 561 0 NA NA NA NA NA 386 679 0 NA NA NA NA NA 627 1873 661 NA NA NA NA NA 790 2105 723 NA NA NA NA
1557007200.0 1349.0 NA 105 375 0 NA NA NA NA NA 385 689 0 NA NA NA NA NA 591 2119 674 NA NA NA NA NA 768 3477 1152 NA NA NA NA
1557007200.0 135.1 332 0 137 NA NA NA NA NA 511 0 214 NA NA NA NA NA 1332 307 760 NA NA NA NA NA 2142 677 1422 NA NA NA NA NA
1557007200.0 135.11 361 0 144 NA NA NA NA NA 512 0 218 NA NA NA NA NA 1636 251 697 NA NA NA NA NA 1455 401 817 NA NA NA NA NA
1557007200.0 135.12 327 0 139 NA NA NA NA NA 533 0 213 NA NA NA NA NA 1309 284 722 NA NA NA NA NA 2277 674 1613 NA NA NA NA NA
1557007200.0 135.13 330 0 NA NA NA NA NA NA 553 0 NA NA NA NA NA NA 1340 315 NA NA NA NA NA NA 1519 583 NA NA NA NA NA NA
1557007200.0 135.2 279 0 135 NA NA NA NA NA 519 0 209 NA NA NA NA NA 1174 291 716 NA NA NA NA NA 2131 676 1345 NA NA NA NA NA
1557007200.0 135.3 286 0 137 NA NA NA NA NA 511 0 209 NA NA NA NA NA 1149 244 659 NA NA NA NA NA 2266 533 1031 NA NA NA NA NA
1557007200.0 135.4 361 0 139 NA NA NA NA NA 519 0 213 NA NA NA NA NA 1351 276 779 NA NA NA NA NA 1284 425 1112 NA NA NA NA NA
1557007200.0 135.5 322 0 136 NA NA NA NA NA 520 0 209 NA NA NA NA NA 1260 321 715 NA NA NA NA NA 2513 856 1520 NA NA NA NA NA
1557007200.0 135.6 329 0 137 NA NA NA NA NA 519 0 211 NA NA NA NA NA 1339 310 734 NA NA NA NA NA 2117 695 1492 NA NA NA NA NA
1557007200.0 135.7 322 0 134 NA NA NA NA NA 519 0 211 NA NA NA NA NA 1303 304 705 NA NA NA NA NA 2119 709 1597 NA NA NA NA NA
1557007200.0 135.8 143 NA NA NA NA NA NA NA 234 NA NA NA NA NA NA NA 483 NA NA NA NA NA NA NA 1006 NA NA NA NA NA NA NA
1557007200.0 135.9 283 0 130 NA NA NA NA NA 519 0 207 NA NA NA NA NA 1140 294 699 NA NA NA NA NA 2513 708 1379 NA NA NA NA NA
1557007200.0 1350.0 NA 97 546 0 NA NA NA NA NA 386 688 0 NA NA NA NA NA 726 1796 617 NA NA NA NA NA 1420 2606 685 NA NA NA NA
1557007200.0 1351.0 NA 104 564 0 NA NA NA NA NA 386 681 0 NA NA NA NA NA 688 1892 699 NA NA NA NA NA 1232 2149 967 NA NA NA NA
1557007200.0 1352.0 NA 105 568 0 NA NA NA NA NA 386 686 0 NA NA NA NA NA 784 1954 683 NA NA NA NA NA 1553 2439 784 NA NA NA NA
1557007200.0 1353.0 NA 114 568 0 NA NA NA NA NA 385 677 0 NA NA NA NA NA 678 1750 615 NA NA NA NA NA 1378 2290 694 NA NA NA NA
1557007200.0 1354.0 NA 107 565 0 NA NA NA NA NA 378 688 0 NA NA NA NA NA 696 1853 667 NA NA NA NA NA 1304 2274 843 NA NA NA NA
1557007200.0 1355.0 NA 97 567 0 NA NA NA NA NA 386 685 0 NA NA NA NA NA 732 1778 614 NA NA NA NA NA 1319 1913 846 NA NA NA NA
1557007200.0 1356.0 88 106 457 0 148 NA NA NA 161 378 692 0 217 NA NA NA 3012 643 2151 709 666 NA NA NA 2211 1285 3835 1053 827 NA NA NA
1557007200.0 136.721 NA 74 529 0 NA NA NA NA NA 137 633 0 NA NA NA NA NA 632 6909 828 NA NA NA NA NA 1089 3207 918 NA NA NA NA
1557007200.0 136.722 NA 76 556 0 NA NA NA NA NA 142 679 0 NA NA NA NA NA 633 7743 780 NA NA NA NA NA 849 3338 833 NA NA NA NA
1557007200.0 136.723 NA 76 529 0 NA NA NA NA NA 140 631 0 NA NA NA NA NA 631 6944 740 NA NA NA NA NA 756 3153 801 NA NA NA NA
1557007200.0 136.724 NA 76 564 0 NA NA NA NA NA 139 688 0 NA NA NA NA NA 619 8605 788 NA NA NA NA NA 1009 3609 848 NA NA NA NA
1557007200.0 136.725 NA 76 562 0 NA NA NA NA NA 140 719 0 NA NA NA NA NA 712 8015 814 NA NA NA NA NA 1470 3588 875 NA NA NA NA
1557007200.0 136.726 NA 73 539 0 NA NA NA NA NA 143 641 0 NA NA NA NA NA 753 8532 820 NA NA NA NA NA 1262 3717 898 NA NA NA NA
1557007200.0 136.727 NA 133 557 0 NA NA NA NA NA 248 705 0 NA NA NA NA NA 1317 7786 789 NA NA NA NA NA 1439 3382 869 NA NA NA NA
1557007200.0 136.728 NA 135 577 0 NA NA NA NA NA 248 705 0 NA NA NA NA NA 1832 8797 776 NA NA NA NA NA 2044 3754 829 NA NA NA NA
1557007200.0 136.729 NA 77 547 0 NA NA NA NA NA 130 633 0 NA NA NA NA NA 497 7744 777 NA NA NA NA NA 1018 3381 851 NA NA NA NA
1557007200.0 136.73 NA 73 558 0 NA NA NA NA NA 137 700 0 NA NA NA NA NA 647 8119 825 NA NA NA NA NA 1065 3554 887 NA NA NA NA
1557007200.0 136.731 NA 74 572 0 NA NA NA NA NA 142 720 0 NA NA NA NA NA 608 8546 851 NA NA NA NA NA 1058 3779 908 NA NA NA NA
1557007200.0 136.732 NA 76 531 0 NA NA NA NA NA 144 629 0 NA NA NA NA NA 512 5875 736 NA NA NA NA NA 558 2812 814 NA NA NA NA
1557007200.0 136.7321 NA 88 548 0 NA NA NA NA NA 151 653 0 NA NA NA NA NA 567 6510 832 NA NA NA NA NA 866 3159 918 NA NA NA NA
1557007200.0 136.733 NA 196 68 0 NA NA NA NA NA 284 118 0 NA NA NA NA NA 1059 450 282 NA NA NA NA NA 1873 588 505 NA NA NA NA
1557007200.0 136.734 NA 74 540 0 NA NA NA NA NA 143 638 0 NA NA NA NA NA 832 8034 813 NA NA NA NA NA 1519 3803 866 NA NA NA NA
1557007200.0 136.735 NA 79 299 0 NA NA NA NA NA 138 550 0 NA NA NA NA NA 923 2770 729 NA NA NA NA NA 1168 3986 850 NA NA NA NA
1557007200.0 136.736 NA 75 551 0 NA NA NA NA NA 137 668 0 NA NA NA NA NA 621 11168 792 NA NA NA NA NA 891 4225 889 NA NA NA NA
1557007200.0 136.737 NA 75 568 0 NA NA NA NA NA 136 719 0 NA NA NA NA NA 721 13178 808 NA NA NA NA NA 969 4959 888 NA NA NA NA
1557007200.0 136.738 NA 74 547 0 NA NA NA NA NA 140 661 0 NA NA NA NA NA 923 12233 773 NA NA NA NA NA 1157 4538 849 NA NA NA NA
1557007200.0 136.739 NA 76 573 0 NA NA NA NA NA 135 714 0 NA NA NA NA NA 756 15012 837 NA NA NA NA NA 904 8009 1067 NA NA NA NA
1557007200.0 136.74 NA 74 594 0 NA NA NA NA NA 140 765 0 NA NA NA NA NA 762 12908 778 NA NA NA NA NA 1192 4799 839 NA NA NA NA
1557007200.0 136.741 NA 79 541 0 NA NA NA NA NA 140 666 0 NA NA NA NA NA 774 13724 847 NA NA NA NA NA 925 8461 1013 NA NA NA NA
1557007200.0 136.742 NA 75 545 0 NA NA NA NA NA 132 659 0 NA NA NA NA NA 685 11738 794 NA NA NA NA NA 867 4393 869 NA NA NA NA
1557007200.0 136.743 NA 73 544 0 NA NA NA NA NA 134 659 0 NA NA NA NA NA 803 11895 813 NA NA NA NA NA 1267 4697 893 NA NA NA NA
1557007200.0 136.744 NA 75 572 0 NA NA NA NA NA 137 757 0 NA NA NA NA NA 641 12801 785 NA NA NA NA NA 1273 4760 862 NA NA NA NA
1557007200.0 136.745 NA 75 538 0 NA NA NA NA NA 144 655 0 NA NA NA NA NA 691 9311 776 NA NA NA NA NA 885 3843 830 NA NA NA NA
1557007200.0 136.746 NA 79 547 0 NA NA NA NA NA 144 665 0 NA NA NA NA NA 868 11941 826 NA NA NA NA NA 1055 4469 914 NA NA NA NA
1557007200.0 136.747 NA 75 552 0 NA NA NA NA NA 141 669 0 NA NA NA NA NA 696 11185 823 NA NA NA NA NA 943 4394 892 NA NA NA NA
1557007200.0 136.748 NA 75 544 0 NA NA NA NA NA 140 666 0 NA NA NA NA NA 741 11175 737 NA NA NA NA NA 1275 4496 782 NA NA NA NA
1557007200.0 136.749 NA 73 560 0 NA NA NA NA NA 141 671 0 NA NA NA NA NA 897 12531 793 NA NA NA NA NA 997 4651 876 NA NA NA NA
1557007200.0 136.75 NA 73 568 0 NA NA NA NA NA 137 728 0 NA NA NA NA NA 880 15324 823 NA NA NA NA NA 885 7829 1032 NA NA NA NA
1557007200.0 136.751 NA 74 587 0 NA NA NA NA NA 138 763 0 NA NA NA NA NA 663 15383 836 NA NA NA NA NA 1466 5545 896 NA NA NA NA
1557007200.0 136.752 NA 74 556 0 NA NA NA NA NA 141 671 0 NA NA NA NA NA 800 12238 843 NA NA NA NA NA 1124 4632 918 NA NA NA NA
1557007200.0 136.753 NA 83 550 0 NA NA NA NA NA 135 668 0 NA NA NA NA NA 631 12082 788 NA NA NA NA NA 867 4478 871 NA NA NA NA
1557007200.0 136.754 NA 82 554 0 NA NA NA NA NA 144 673 0 NA NA NA NA NA 642 9735 746 NA NA NA NA NA 1424 3929 798 NA NA NA NA
1557007200.0 136.755 NA 80 583 0 NA NA NA NA NA 140 752 0 NA NA NA NA NA 865 13528 764 NA NA NA NA NA 1205 7201 850 NA NA NA NA
1557007200.0 136.756 NA 75 542 0 NA NA NA NA NA 137 645 0 NA NA NA NA NA 702 8944 828 NA NA NA NA NA 1591 3782 1186 NA NA NA NA
1557007200.0 136.757 NA 78 561 0 NA NA NA NA NA 143 669 0 NA NA NA NA NA 837 11313 767 NA NA NA NA NA 913 4313 821 NA NA NA NA
1557007200.0 136.758 NA 82 556 0 NA NA NA NA NA 140 687 0 NA NA NA NA NA 655 14381 835 NA NA NA NA NA 1214 6510 971 NA NA NA NA
1557007200.0 136.759 NA 75 570 0 NA NA NA NA NA 132 739 0 NA NA NA NA NA 1030 15624 758 NA NA NA NA NA 1166 5524 835 NA NA NA NA
1557007200.0 136.76 NA 76 570 0 NA NA NA NA NA 134 707 0 NA NA NA NA NA 962 18095 835 NA NA NA NA NA 1349 6221 922 NA NA NA NA
1557007200.0 136.761 NA 70 573 0 NA NA NA NA NA 135 761 0 NA NA NA NA NA 786 20350 911 NA NA NA NA NA 860 6899 1004 NA NA NA NA
1557007200.0 136.7611 NA 201 0 NA NA NA NA NA NA 302 0 NA NA NA NA NA NA 5690 135 NA NA NA NA NA NA 6675 430 NA NA NA NA NA
1557007200.0 136.762 NA 71 591 0 NA NA NA NA NA 144 781 0 NA NA NA NA NA 1080 21947 895 NA NA NA NA NA 1425 7706 1027 NA NA NA NA
1557007200.0 136.763 NA 71 555 0 NA NA NA NA NA 140 704 0 NA NA NA NA NA 1266 18093 914 NA NA NA NA NA 1438 6375 984 NA NA NA NA
1557007200.0 136.764 NA 72 570 0 NA NA NA NA NA 135 699 0 NA NA NA NA NA 711 17887 847 NA NA NA NA NA 1009 6249 905 NA NA NA NA
1557007200.0 136.765 NA 72 555 0 NA NA NA NA NA 137 684 0 NA NA NA NA NA 726 14251 802 NA NA NA NA NA 837 5224 882 NA NA NA NA
1557007200.0 136.766 NA 78 596 0 NA NA NA NA NA 138 777 0 NA NA NA NA NA 751 17917 821 NA NA NA NA NA 934 6304 879 NA NA NA NA
1557007200.0 136.767 NA 71 554 0 NA NA NA NA NA 136 683 0 NA NA NA NA NA 596 12406 787 NA NA NA NA NA 920 4637 866 NA NA NA NA
1557007200.0 136.768 NA 78 561 0 NA NA NA NA NA 140 682 0 NA NA NA NA NA 900 16457 839 NA NA NA NA NA 734 6045 920 NA NA NA NA
1557007200.0 136.769 NA 78 545 0 NA NA NA NA NA 140 666 0 NA NA NA NA NA 740 10444 827 NA NA NA NA NA 1016 4109 904 NA NA NA NA
1557007200.0 136.77 NA 74 555 0 NA NA NA NA NA 135 701 0 NA NA NA NA NA 640 11181 803 NA NA NA NA NA 863 4230 1132 NA NA NA NA
1557007200.0 136.771 NA 83 556 0 NA NA NA NA NA 144 659 0 NA NA NA NA NA 868 10832 783 NA NA NA NA NA 1166 4235 835 NA NA NA NA
1557007200.0 136.772 NA 83 569 0 NA NA NA NA NA 141 720 0 NA NA NA NA NA 716 12928 776 NA NA NA NA NA 1250 4808 868 NA NA NA NA
1557007200.0 136.7721 NA 198 0 NA NA NA NA NA NA 279 0 NA NA NA NA NA NA 4969 129 NA NA NA NA NA NA 5856 330 NA NA NA NA NA
1557007200.0 136.7722 NA 164 0 NA NA NA NA NA NA 247 0 NA NA NA NA NA NA 1558 150 NA NA NA NA NA NA 1410 243 NA NA NA NA NA
1557007200.0 136.773 NA 74 597 0 NA NA NA NA NA 142 748 0 NA NA NA NA NA 623 12119 782 NA NA NA NA NA 1055 4652 862 NA NA NA NA
1557007200.0 136.774 NA 76 552 0 NA NA NA NA NA 139 662 0 NA NA NA NA NA 781 11527 788 NA NA NA NA NA 1132 4431 866 NA NA NA NA
1557007200.0 136.775 NA 72 554 0 NA NA NA NA NA 134 656 0 NA NA NA NA NA 662 11300 820 NA NA NA NA NA 2234 4544 892 NA NA NA NA
1557007200.0 136.776 NA 75 548 0 NA NA NA NA NA 132 654 0 NA NA NA NA NA 809 10742 830 NA NA NA NA NA 1294 4330 880 NA NA NA NA
1557007200.0 136.777 NA 75 581 0 NA NA NA NA NA 138 764 0 NA NA NA NA NA 684 11918 812 NA NA NA NA NA 1001 4514 900 NA NA NA NA
1557007200.0 136.778 NA 76 553 0 NA NA NA NA NA 137 638 0 NA NA NA NA NA 680 7949 798 NA NA NA NA NA 1309 3658 855 NA NA NA NA
1557007200.0 136.779 NA 75 550 0 NA NA NA NA NA 140 658 0 NA NA NA NA NA 859 10995 772 NA NA NA NA NA 1043 4481 838 NA NA NA NA
1557007200.0 136.78 NA 244 652 0 NA NA NA NA NA 454 904 0 NA NA NA NA NA 9563 17063 1369 NA NA NA NA NA 7848 6538 1612 NA NA NA NA
1557007200.0 136.7801 NA 103 0 NA NA NA NA NA NA 164 0 NA NA NA NA NA NA 474 222 NA NA NA NA NA NA 1472 687 NA NA NA NA NA
1557007200.0 136.7802 NA 130 0 NA NA NA NA NA NA 188 0 NA NA NA NA NA NA 500 243 NA NA NA NA NA NA 1556 403 NA NA NA NA NA
1557007200.0 136.781 NA 251 663 0 NA NA NA NA NA 508 964 0 NA NA NA NA NA 10605 18585 1413 NA NA NA NA NA 4683 6708 1481 NA NA NA NA
1557007200.0 136.782 NA 253 655 0 NA NA NA NA NA 488 937 0 NA NA NA NA NA 11173 19663 1422 NA NA NA NA NA 4913 6929 1489 NA NA NA NA
1557007200.0 136.783 NA 253 688 0 NA NA NA NA NA 517 1007 0 NA NA NA NA NA 12456 22391 1430 NA NA NA NA NA 5738 7681 1499 NA NA NA NA
1557007200.0 136.784 NA 242 671 0 NA NA NA NA NA 476 947 0 NA NA NA NA NA 10531 18983 1441 NA NA NA NA NA 4728 6925 1517 NA NA NA NA
1557007200.0 136.785 NA 263 662 0 NA NA NA NA NA 475 957 0 NA NA NA NA NA 11607 20868 1464 NA NA NA NA NA 5022 7460 1544 NA NA NA NA
1557007200.0 136.786 NA 270 656 0 NA NA NA NA NA 511 917 0 NA NA NA NA NA 10464 19086 1387 NA NA NA NA NA 8257 6919 1532 NA NA NA NA
1557007200.0 136.787 NA 246 673 0 NA NA NA NA NA 456 965 0 NA NA NA NA NA 9859 17734 1385 NA NA NA NA NA 7990 6606 1611 NA NA NA NA
1557007200.0 136.788 NA 261 689 0 NA NA NA NA NA 497 984 0 NA NA NA NA NA 12082 21644 1488 NA NA NA NA NA 5332 7569 1921 NA NA NA NA
1557007200.0 136.789 NA 227 645 0 NA NA NA NA NA 464 930 0 NA NA NA NA NA 8302 17593 1436 NA NA NA NA NA 4579 6515 1497 NA NA NA NA
1557007200.0 136.79 NA 240 661 0 NA NA NA NA NA 416 821 0 NA NA NA NA NA 5561 11735 1386 NA NA NA NA NA 3314 4902 1451 NA NA NA NA
1557007200.0 136.791 NA 207 550 0 NA NA NA NA NA 327 693 0 NA NA NA NA NA 2035 3393 1249 NA NA NA NA NA 2912 2749 1318 NA NA NA NA
1557007200.0 136.792 NA 233 659 0 NA NA NA NA NA 434 842 0 NA NA NA NA NA 7214 13279 1267 NA NA NA NA NA 5168 5049 1316 NA NA NA NA
1557007200.0 136.793 NA 240 654 0 NA NA NA NA NA 429 883 0 NA NA NA NA NA 7615 15057 1519 NA NA NA NA NA 3862 5853 1594 NA NA NA NA
1557007200.0 136.794 NA 232 653 0 NA NA NA NA NA 435 860 0 NA NA NA NA NA 8159 15591 1572 NA NA NA NA NA 4502 6137 2013 NA NA NA NA
1557007200.0 136.795 NA 240 686 0 NA NA NA NA NA 447 923 0 NA NA NA NA NA 8340 16432 1515 NA NA NA NA NA 4729 6216 1573 NA NA NA NA
1557007200.0 136.796 NA 232 661 0 NA NA NA NA NA 423 878 0 NA NA NA NA NA 8008 15626 1557 NA NA NA NA NA 5064 6028 1671 NA NA NA NA
1557007200.0 136.797 NA 247 651 0 NA NA NA NA NA 454 870 0 NA NA NA NA NA 8814 15978 1468 NA NA NA NA NA 7732 6141 1587 NA NA NA NA
1557007200.0 136.798 NA 228 645 0 NA NA NA NA NA 421 850 0 NA NA NA NA NA 7946 15448 1559 NA NA NA NA NA 4904 6041 1675 NA NA NA NA
1557007200.0 136.799 NA 233 667 0 NA NA NA NA NA 424 896 0 NA NA NA NA NA 7810 15193 1552 NA NA NA NA NA 4725 6085 1648 NA NA NA NA
1557007200.0 136.8 NA 247 678 0 NA NA NA NA NA 453 921 0 NA NA NA NA NA 8348 16452 1464 NA NA NA NA NA 7510 6686 1619 NA NA NA NA
1557007200.0 136.801 NA 214 644 0 NA NA NA NA NA 395 798 0 NA NA NA NA NA 5239 10811 1518 NA NA NA NA NA 3585 4663 1593 NA NA NA NA
1557007200.0 136.802 NA 225 638 0 NA NA NA NA NA 423 836 0 NA NA NA NA NA 7555 14191 1535 NA NA NA NA NA 4925 5659 1599 NA NA NA NA
1557007200.0 136.803 NA 211 552 0 NA NA NA NA NA 331 656 0 NA NA NA NA NA 1906 3207 1215 NA NA NA NA NA 2526 2793 1280 NA NA NA NA
1557007200.0 136.8311 NA 188 0 NA NA NA NA NA NA 279 0 NA NA NA NA NA NA 2548 165 NA NA NA NA NA NA 2930 368 NA NA NA NA NA
1557007200.0 1360.0 87 101 506 0 NA NA NA NA 155 370 688 0 NA NA NA NA 3062 525 1683 655 NA NA NA NA 2600 1610 2210 838 NA NA NA NA
1557007200.0 1361.0 88 109 555 0 NA NA NA NA 163 378 676 0 NA NA NA NA 3938 549 2041 658 NA NA NA NA 3989 536 2274 736 NA NA NA NA
1557007200.0 1361.17 71 234 676 0 NA NA NA NA 131 477 833 0 NA NA NA NA 3323 1439 2236 1731 NA NA NA NA 2519 1828 2181 1873 NA NA NA NA
1557007200.0 1362.0 85 100 560 0 NA NA NA NA 160 378 684 0 NA NA NA NA 4686 652 2079 705 NA NA NA NA 7900 1270 4185 1237 NA NA NA NA
1557007200.0 1362.17 69 199 673 0 NA NA NA NA 132 470 824 0 NA NA NA NA 5057 1804 2679 2035 NA NA NA NA 3987 2425 2611 2343 NA NA NA NA
1557007200.0 1363.0 100 107 568 0 NA NA NA NA 164 377 676 0 NA NA NA NA 5075 540 1952 661 NA NA NA NA 3798 511 2193 745 NA NA NA NA
1557007200.0 1363.17 69 203 677 0 NA NA NA NA 132 478 812 0 NA NA NA NA 5068 1804 2626 1959 NA NA NA NA 8792 3263 2869 2418 NA NA NA NA
1557007200.0 1364.0 NA 107 320 0 NA NA NA NA NA 385 681 0 NA NA NA NA NA 677 1946 607 NA NA NA NA NA 1015 4412 665 NA NA NA NA
1557007200.0 1365.0 NA 105 462 0 NA NA NA NA NA 378 666 0 NA NA NA NA NA 638 1908 598 NA NA NA NA NA 1200 2312 1034 NA NA NA NA
1557007200.0 1366.0 NA 106 559 0 NA NA NA NA NA 386 674 0 NA NA NA NA NA 653 1886 689 NA NA NA NA NA 881 2043 783 NA NA NA NA
1557007200.0 139901.0 NA 106 563 0 NA NA NA NA NA 378 685 0 NA NA NA NA NA 766 2076 694 NA NA NA NA NA 1117 3490 811 NA NA NA NA
1557007200.0 139902.0 NA 110 570 0 NA NA NA NA NA 386 692 0 NA NA NA NA NA 609 1803 615 NA NA NA NA NA 570 1915 677 NA NA NA NA
1557007200.0 13992501.0 NA 251 725 0 NA NA NA NA NA 399 1007 0 NA NA NA NA NA 2770 3772 608 NA NA NA NA NA 3037 2762 663 NA NA NA NA
1557007200.0 13992502.0 NA 262 805 0 NA NA NA NA NA 409 1018 0 NA NA NA NA NA 2580 4130 629 NA NA NA NA NA 2384 2864 715 NA NA NA NA
1557007200.0 14.0 NA 115 470 0 NA NA NA NA NA 368 590 0 NA NA NA NA NA 2575 4305 530 NA NA NA NA NA 1788 2352 589 NA NA NA NA
1557007200.0 140.0 72 87 287 0 NA NA NA NA 127 368 385 0 NA NA NA NA 3652 499 1009 287 NA NA NA NA 9824 1774 2225 618 NA NA NA NA
1557007200.0 140.51 NA 38 331 0 NA NA NA NA NA 109 441 0 NA NA NA NA NA 521 1941 298 NA NA NA NA NA 870 1490 375 NA NA NA NA
1557007200.0 140.52 NA 348 325 0 NA NA NA NA NA 494 439 0 NA NA NA NA NA 2369 2031 335 NA NA NA NA NA 2481 1718 563 NA NA NA NA
1557007200.0 140.53 NA 399 0 NA NA NA NA NA NA 521 0 NA NA NA NA NA NA 3656 327 NA NA NA NA NA NA 1863 411 NA NA NA NA NA
1557007200.0 140.54 NA 333 0 NA NA NA NA NA NA 473 0 NA NA NA NA NA NA 1574 427 NA NA NA NA NA NA 2839 664 NA NA NA NA NA
1557007200.0 144.6 NA 407 NA NA NA NA NA NA NA 496 NA NA NA NA NA NA NA 2780 NA NA NA NA NA NA NA 3662 NA NA NA NA NA NA
1557007200.0 145.0 72 93 294 0 NA NA NA NA 121 362 389 0 NA NA NA NA 2534 480 866 274 NA NA NA NA 3192 977 1124 797 NA NA NA NA
1557007200.0 148.0 100 144 652 0 NA NA NA NA 153 385 802 0 NA NA NA NA 8149 809 3697 1146 NA NA NA NA 8835 1506 3484 1221 NA NA NA NA
1557007200.0 149.0 66 99 590 0 NA NA NA NA 113 371 731 0 NA NA NA NA 1771 483 2150 1172 NA NA NA NA 1466 629 3139 1286 NA NA NA NA
1557007200.0 15.0 NA 94 349 0 NA NA NA NA NA 368 544 0 NA NA NA NA NA 1713 2076 465 NA NA NA NA NA 1149 2309 1285 NA NA NA NA
1557007200.0 150.0 68 114 335 0 NA NA NA NA 118 378 456 0 NA NA NA NA 2751 585 1158 403 NA NA NA NA 4071 927 1384 513 NA NA NA NA
1557007200.0 150.1 NA 97 329 0 NA NA NA NA NA 385 443 0 NA NA NA NA NA 462 1239 460 NA NA NA NA NA 1544 2077 684 NA NA NA NA
1557007200.0 150.2 NA 98 323 0 NA NA NA NA NA 385 430 0 NA NA NA NA NA 491 1069 452 NA NA NA NA NA 1225 2042 658 NA NA NA NA
1557007200.0 150.3 NA 97 325 0 NA NA NA NA NA 385 451 0 NA NA NA NA NA 871 1169 462 NA NA NA NA NA 1232 2063 759 NA NA NA NA
1557007200.0 16.0 NA 105 446 0 NA NA NA NA NA 368 551 0 NA NA NA NA NA 1658 2125 463 NA NA NA NA NA 932 1880 516 NA NA NA NA
1557007200.0 17.0 NA 94 433 0 NA NA NA NA NA 368 557 0 NA NA NA NA NA 1736 2146 463 NA NA NA NA NA 1013 2641 627 NA NA NA NA
1557007200.0 18.0 NA 77 350 0 NA NA NA NA NA 375 532 0 NA NA NA NA NA 1794 1987 444 NA NA NA NA NA 1785 2293 490 NA NA NA NA
1557007200.0 19.0 NA 86 432 0 NA NA NA NA NA 375 560 0 NA NA NA NA NA 1913 2214 513 NA NA NA NA NA 1640 2279 604 NA NA NA NA
1557007200.0 2.0 102 88 206 NA NA NA NA NA 190 367 327 NA NA NA NA NA 3541 624 1071 NA NA NA NA NA 1762 1161 1328 NA NA NA NA NA
1557007200.0 20.0 NA 84 425 0 NA NA NA NA NA 374 543 0 NA NA NA NA NA 1850 2460 550 NA NA NA NA NA 1606 3221 852 NA NA NA NA
1557007200.0 200.0 NA 166 519 0 NA NA NA NA NA 379 643 0 NA NA NA NA NA 884 2155 470 NA NA NA NA NA 1305 2066 588 NA NA NA NA
1557007200.0 20034.0 86 286 721 0 NA NA NA NA 138 356 880 0 NA NA NA NA 5697 2124 2623 640 NA NA NA NA 3825 1318 2391 686 NA NA NA NA
1557007200.0 20034.1 88 289 253 0 NA NA NA NA 137 357 321 0 NA NA NA NA 6191 2395 1260 263 NA NA NA NA 2977 1435 1300 325 NA NA NA NA
1557007200.0 20034.2 103 297 726 0 NA NA NA NA 158 370 875 0 NA NA NA NA 6431 2499 2880 680 NA NA NA NA 3807 1728 2483 740 NA NA NA NA
1557007200.0 2017.1 396 0 144 NA NA NA NA NA 551 0 216 NA NA NA NA NA 1467 285 662 NA NA NA NA NA 2071 361 839 NA NA NA NA NA
1557007200.0 2017.11 388 0 142 NA NA NA NA NA 558 0 216 NA NA NA NA NA 1712 314 788 NA NA NA NA NA 2415 395 932 NA NA NA NA NA
1557007200.0 2017.12 381 0 139 NA NA NA NA NA 546 0 211 NA NA NA NA NA 1429 340 762 NA NA NA NA NA 2393 1027 1149 NA NA NA NA NA
1557007200.0 2017.13 396 0 NA NA NA NA NA NA 601 0 NA NA NA NA NA NA 1410 335 NA NA NA NA NA NA 1338 396 NA NA NA NA NA NA
1557007200.0 2017.2 326 0 136 NA NA NA NA NA 535 0 209 NA NA NA NA NA 1211 340 709 NA NA NA NA NA 2066 827 1341 NA NA NA NA NA
1557007200.0 2017.3 328 0 133 NA NA NA NA NA 543 0 211 NA NA NA NA NA 1250 321 715 NA NA NA NA NA 2100 707 1593 NA NA NA NA NA
1557007200.0 2017.4 373 0 136 NA NA NA NA NA 551 0 212 NA NA NA NA NA 1306 339 730 NA NA NA NA NA 2095 704 1623 NA NA NA NA NA
1557007200.0 2017.5 386 0 139 NA NA NA NA NA 551 0 210 NA NA NA NA NA 1310 278 616 NA NA NA NA NA 1538 614 901 NA NA NA NA NA
1557007200.0 2017.6 375 0 136 NA NA NA NA NA 543 0 215 NA NA NA NA NA 1371 320 746 NA NA NA NA NA 2171 582 1653 NA NA NA NA NA
1557007200.0 2017.7 384 0 142 NA NA NA NA NA 551 0 213 NA NA NA NA NA 1362 279 653 NA NA NA NA NA 2389 487 836 NA NA NA NA NA
1557007200.0 2017.8 187 NA NA NA NA NA NA NA 274 NA NA NA NA NA NA NA 548 NA NA NA NA NA NA NA 1038 NA NA NA NA NA NA NA
1557007200.0 2017.9 354 0 135 NA NA NA NA NA 543 0 207 NA NA NA NA NA 1122 266 597 NA NA NA NA NA 2454 443 744 NA NA NA NA NA
1557007200.0 202.0 NA 161 519 0 NA NA NA NA NA 378 657 0 NA NA NA NA NA 1124 2582 561 NA NA NA NA NA 1679 3261 679 NA NA NA NA
1557007200.0 203.0 NA 166 512 0 NA NA NA NA NA 386 653 0 NA NA NA NA NA 1138 2418 518 NA NA NA NA NA 1249 2587 595 NA NA NA NA
1557007200.0 204.0 92 161 504 0 NA NA NA NA 186 384 646 0 NA NA NA NA 2703 964 2490 585 NA NA NA NA 3138 993 2539 836 NA NA NA NA
1557007200.0 20434.0 105 317 741 0 NA NA NA NA 161 387 883 0 NA NA NA NA 6150 2266 2344 617 NA NA NA NA 3505 1293 2866 696 NA NA NA NA
1557007200.0 205.0 NA 159 525 0 NA NA NA NA NA 386 636 0 NA NA NA NA NA 950 2168 477 NA NA NA NA NA 972 2040 550 NA NA NA NA
1557007200.0 20834.0 89 288 716 0 NA NA NA NA 138 360 874 0 NA NA NA NA 5960 2408 2637 646 NA NA NA NA 3392 1385 2901 708 NA NA NA NA
1557007200.0 20834.2 105 287 719 0 NA NA NA NA 162 365 873 0 NA NA NA NA 6626 2404 2905 697 NA NA NA NA 3584 1520 2621 760 NA NA NA NA
1557007200.0 21.0 NA 92 430 0 NA NA NA NA NA 375 547 0 NA NA NA NA NA 1889 2480 534 NA NA NA NA NA 980 2275 612 NA NA NA NA
1557007200.0 22.0 NA 104 436 0 NA NA NA NA NA 368 556 0 NA NA NA NA NA 1698 2411 467 NA NA NA NA NA 889 1887 523 NA NA NA NA
1557007200.0 23.0 NA 114 464 0 NA NA NA NA NA 368 565 0 NA NA NA NA NA 2296 3004 542 NA NA NA NA NA 1513 2284 614 NA NA NA NA
1557007200.0 24.0 NA 119 466 0 NA NA NA NA NA 368 570 0 NA NA NA NA NA 2597 3777 551 NA NA NA NA NA 1632 2312 604 NA NA NA NA
1557007200.0 25.0 NA 121 485 0 90 NA NA NA NA 375 604 0 129 NA NA NA NA 2584 4048 522 275 NA NA NA NA 1741 2353 582 367 NA NA NA
1557007200.0 250199.0 259 NA NA NA NA NA NA NA 440 NA NA NA NA NA NA NA 3500 NA NA NA NA NA NA NA 1779 NA NA NA NA NA NA NA
1557007200.0 250199.17 270 NA NA NA NA NA NA NA 447 NA NA NA NA NA NA NA 3755 NA NA NA NA NA NA NA 2072 NA NA NA NA NA NA NA
1557007200.0 250200.0 NA 265 666 0 NA NA NA NA NA 573 788 0 NA NA NA NA NA 11418 3236 697 NA NA NA NA NA 12504 3152 763 NA NA NA NA
1557007200.0 250200.1 95 246 260 NA NA NA NA NA 161 462 382 NA NA NA NA NA 3400 1685 2204 NA NA NA NA NA 2420 1701 2068 NA NA NA NA NA
1557007200.0 250200.117 73 401 278 NA NA NA NA NA 130 589 405 NA NA NA NA NA 3842 3097 2247 NA NA NA NA NA 2316 2867 1790 NA NA NA NA NA
1557007200.0 250200.17 NA 443 782 0 NA NA NA NA NA 797 962 0 NA NA NA NA NA 19643 4426 2064 NA NA NA NA NA 11612 3044 2136 NA NA NA NA
1557007200.0 250202.0 NA 266 668 0 NA NA NA NA NA 539 805 0 NA NA NA NA NA 13087 3669 727 NA NA NA NA NA 13589 3203 1034 NA NA NA NA
1557007200.0 250202.17 NA 455 784 0 NA NA NA NA NA 807 959 0 NA NA NA NA NA 18369 4631 2087 NA NA NA NA NA 12961 3170 2170 NA NA NA NA
1557007200.0 250203.0 NA 263 661 0 NA NA NA NA NA 561 790 0 NA NA NA NA NA 11974 3478 709 NA NA NA NA NA 8927 2461 805 NA NA NA NA
1557007200.0 250203.17 NA 443 782 0 NA NA NA NA NA 772 955 0 NA NA NA NA NA 20126 4059 1940 NA NA NA NA NA 11279 2852 2028 NA NA NA NA
1557007200.0 250204.0 NA 260 653 0 NA NA NA NA NA 563 795 0 NA NA NA NA NA 11712 3511 744 NA NA NA NA NA 8652 2535 848 NA NA NA NA
1557007200.0 250204.17 NA 446 772 0 NA NA NA NA NA 903 955 0 NA NA NA NA NA 18776 4184 2070 NA NA NA NA NA 11117 3055 2139 NA NA NA NA
1557007200.0 250205.0 NA 262 646 0 NA NA NA NA NA 510 806 0 NA NA NA NA NA 10161 3483 721 NA NA NA NA NA 12861 2712 1062 NA NA NA NA
1557007200.0 250205.17 NA 432 775 0 NA NA NA NA NA 827 923 0 NA NA NA NA NA 18084 4082 2061 NA NA NA NA NA 10946 2876 2152 NA NA NA NA
1557007200.0 250206.0 NA 259 657 0 NA NA NA NA NA 519 791 0 NA NA NA NA NA 13030 3720 747 NA NA NA NA NA 9095 2599 969 NA NA NA NA
1557007200.0 250206.17 NA 442 788 0 NA NA NA NA NA 795 948 0 NA NA NA NA NA 20424 4697 2057 NA NA NA NA NA 11192 3121 2131 NA NA NA NA
1557007200.0 250207.0 NA 249 636 0 NA NA NA NA NA 520 776 0 NA NA NA NA NA 12653 2976 688 NA NA NA NA NA 12571 2472 948 NA NA NA NA
1557007200.0 250207.17 NA 406 753 0 NA NA NA NA NA 852 911 0 NA NA NA NA NA 16920 4006 2078 NA NA NA NA NA 11365 2958 2161 NA NA NA NA
1557007200.0 250208.17 NA 474 816 0 NA NA NA NA NA 884 1007 0 NA NA NA NA NA 22958 6364 2108 NA NA NA NA NA 12576 3734 2185 NA NA NA NA
1557007200.0 250399.0 233 NA NA NA NA NA NA NA 415 NA NA NA NA NA NA NA 1256 NA NA NA NA NA NA NA 1153 NA NA NA NA NA NA NA
1557007200.0 250399.17 300 NA NA NA NA NA NA NA 449 NA NA NA NA NA NA NA 1599 NA NA NA NA NA NA NA 1329 NA NA NA NA NA NA NA
1557007200.0 250400.0 363 0 140 NA NA NA NA NA 540 0 220 NA NA NA NA NA 1683 295 797 NA NA NA NA NA 3193 594 1348 NA NA NA NA NA
1557007200.0 250400.17 431 0 143 NA NA NA NA NA 570 0 222 NA NA NA NA NA 1665 270 750 NA NA NA NA NA 1762 411 1150 NA NA NA NA NA
1557007200.0 250402.0 373 0 144 NA NA NA NA NA 531 0 221 NA NA NA NA NA 1799 240 672 NA NA NA NA NA 1915 316 726 NA NA NA NA NA
1557007200.0 250402.17 418 0 151 NA NA NA NA NA 567 0 222 NA NA NA NA NA 1696 314 817 NA NA NA NA NA 1717 423 1409 NA NA NA NA NA
1557007200.0 250402.171 319 445 0 NA NA NA NA NA 451 567 0 NA NA NA NA NA 1668 1892 282 NA NA NA NA NA 1462 1281 347 NA NA NA NA NA
1557007200.0 250403.0 371 0 142 NA NA NA NA NA 531 0 216 NA NA NA NA NA 1598 253 695 NA NA NA NA NA 1856 847 1009 NA NA NA NA NA
1557007200.0 250403.17 413 0 142 NA NA NA NA NA 584 0 219 NA NA NA NA NA 1789 324 810 NA NA NA NA NA 1638 525 843 NA NA NA NA NA
1557007200.0 250405.0 358 0 143 NA NA NA NA NA 530 0 215 NA NA NA NA NA 1548 290 777 NA NA NA NA NA 2990 527 1317 NA NA NA NA NA
1557007200.0 250405.17 414 0 143 NA NA NA NA NA 570 0 217 NA NA NA NA NA 1644 302 750 NA NA NA NA NA 1982 417 885 NA NA NA NA NA
1557007200.0 250406.0 302 0 137 NA NA NA NA NA 539 0 212 NA NA NA NA NA 1117 229 612 NA NA NA NA NA 2321 418 897 NA NA NA NA NA
1557007200.0 250406.17 347 0 132 NA NA NA NA NA 563 0 209 NA NA NA NA NA 1208 331 703 NA NA NA NA NA 2322 772 1412 NA NA NA NA NA
1557007200.0 250407.0 309 0 140 NA NA NA NA NA 537 0 217 NA NA NA NA NA 1355 287 741 NA NA NA NA NA 2342 660 1344 NA NA NA NA NA
1557007200.0 250407.17 362 0 142 NA NA NA NA NA 569 0 219 NA NA NA NA NA 1527 320 752 NA NA NA NA NA 2518 651 1540 NA NA NA NA NA
1557007200.0 250408.0 364 0 140 NA NA NA NA NA 541 0 219 NA NA NA NA NA 1573 300 811 NA NA NA NA NA 2309 640 1586 NA NA NA NA NA
1557007200.0 250408.17 414 0 145 NA NA NA NA NA 570 0 221 NA NA NA NA NA 1794 312 794 NA NA NA NA NA 2527 580 1435 NA NA NA NA NA
1557007200.0 250409.0 377 0 148 NA NA NA NA NA 537 0 224 NA NA NA NA NA 1938 273 903 NA NA NA NA NA 2002 343 1433 NA NA NA NA NA
1557007200.0 250409.17 420 0 152 NA NA NA NA NA 583 0 224 NA NA NA NA NA 2018 325 934 NA NA NA NA NA 1871 572 1419 NA NA NA NA NA
1557007200.0 25200.0 NA 274 789 0 NA NA NA NA NA 418 1002 0 NA NA NA NA NA 2889 3757 767 NA NA NA NA NA 2998 2671 834 NA NA NA NA
1557007200.0 25202.0 NA 265 815 0 NA NA NA NA NA 430 1017 0 NA NA NA NA NA 2890 4325 719 NA NA NA NA NA 3028 2873 846 NA NA NA NA
1557007200.0 25203.0 NA 269 800 0 NA NA NA NA NA 403 1008 0 NA NA NA NA NA 2644 4063 601 NA NA NA NA NA 2827 2721 681 NA NA NA NA
1557007200.0 25204.0 NA 265 805 0 NA NA NA NA NA 424 1012 0 NA NA NA NA NA 2775 4302 667 NA NA NA NA NA 2686 2853 736 NA NA NA NA
1557007200.0 25205.0 NA 257 775 0 NA NA NA NA NA 426 989 0 NA NA NA NA NA 2619 3792 650 NA NA NA NA NA 2348 2579 716 NA NA NA NA
1557007200.0 25206.0 NA 244 808 0 NA NA NA NA NA 402 986 0 NA NA NA NA NA 2786 3948 707 NA NA NA NA NA 3359 3383 903 NA NA NA NA
1557007200.0 25207.0 NA 258 797 0 NA NA NA NA NA 426 991 0 NA NA NA NA NA 2593 3384 629 NA NA NA NA NA 2133 2495 687 NA NA NA NA
1557007200.0 25208.0 NA 266 848 0 NA NA NA NA NA 428 1035 0 NA NA NA NA NA 2707 4651 612 NA NA NA NA NA 2654 2730 702 NA NA NA NA
1557007200.0 25209.0 NA 244 818 0 NA NA NA NA NA 398 1008 0 NA NA NA NA NA 2629 4342 708 NA NA NA NA NA 4505 3571 900 NA NA NA NA
1557007200.0 25210.0 85 218 757 0 NA NA NA NA 150 392 902 0 NA NA NA NA 3218 1402 2372 639 NA NA NA NA 2702 1972 2207 742 NA NA NA NA
1557007200.0 25211.0 95 234 836 0 NA NA NA NA 163 403 1008 0 NA NA NA NA 3956 2978 3972 704 NA NA NA NA 3007 2203 2821 793 NA NA NA NA
1557007200.0 25211.17 71 375 770 0 NA NA NA NA 132 545 947 0 NA NA NA NA 4411 4612 4607 2107 NA NA NA NA 2541 3096 3110 2183 NA NA NA NA
1557007200.0 25212.0 90 251 815 0 NA NA NA NA 163 408 1003 0 NA NA NA NA 4771 2480 3246 597 NA NA NA NA 4668 2248 2299 639 NA NA NA NA
1557007200.0 25212.17 70 369 770 0 NA NA NA NA 136 541 937 0 NA NA NA NA 5078 4242 4258 1976 NA NA NA NA 8000 4647 3418 2049 NA NA NA NA
1557007200.0 25213.0 93 251 778 0 NA NA NA NA 164 410 1009 0 NA NA NA NA 4888 2688 4020 700 NA NA NA NA 4477 2954 2850 782 NA NA NA NA
1557007200.0 25213.17 70 375 795 0 NA NA NA NA 133 569 945 0 NA NA NA NA 5098 4606 4362 1844 NA NA NA NA 7973 4859 2941 1933 NA NA NA NA
1557007200.0 25214.0 NA 250 814 0 NA NA NA NA NA 412 1008 0 NA NA NA NA NA 2800 4157 720 NA NA NA NA NA 4694 3349 1082 NA NA NA NA
1557007200.0 25400.0 533 0 143 NA NA NA NA NA 659 0 216 NA NA NA NA NA 3675 261 644 NA NA NA NA NA 1935 336 703 NA NA NA NA NA
1557007200.0 25400.17 613 0 153 NA NA NA NA NA 815 0 219 NA NA NA NA NA 5903 285 801 NA NA NA NA NA 2709 340 856 NA NA NA NA NA
1557007200.0 25402.0 532 0 152 NA NA NA NA NA 673 0 222 NA NA NA NA NA 4039 269 670 NA NA NA NA NA 2098 361 678 NA NA NA NA NA
1557007200.0 25402.17 582 0 147 NA NA NA NA NA 814 0 226 NA NA NA NA NA 7335 328 870 NA NA NA NA NA 3280 503 1228 NA NA NA NA NA
1557007200.0 25403.0 515 0 145 NA NA NA NA NA 654 0 216 NA NA NA NA NA 3348 245 745 NA NA NA NA NA 1915 312 1003 NA NA NA NA NA
1557007200.0 25403.17 581 0 154 NA NA NA NA NA 779 0 223 NA NA NA NA NA 6109 330 801 NA NA NA NA NA 2888 419 964 NA NA NA NA NA
1557007200.0 25405.0 484 0 143 NA NA NA NA NA 668 0 218 NA NA NA NA NA 3751 288 755 NA NA NA NA NA 2302 433 1034 NA NA NA NA NA
1557007200.0 25405.17 593 0 146 NA NA NA NA NA 782 0 217 NA NA NA NA NA 5856 311 742 NA NA NA NA NA 2746 375 763 NA NA NA NA NA
1557007200.0 25406.0 362 0 135 NA NA NA NA NA 542 0 208 NA NA NA NA NA 1633 299 715 NA NA NA NA NA 2544 629 1559 NA NA NA NA NA
1557007200.0 25406.17 540 0 146 NA NA NA NA NA 667 0 215 NA NA NA NA NA 3182 301 667 NA NA NA NA NA 1891 380 768 NA NA NA NA NA
1557007200.0 25407.0 432 0 141 NA NA NA NA NA 604 0 217 NA NA NA NA NA 3459 276 750 NA NA NA NA NA 2059 431 974 NA NA NA NA NA
1557007200.0 25407.17 536 0 152 NA NA NA NA NA 684 0 221 NA NA NA NA NA 5095 268 664 NA NA NA NA NA 2521 319 676 NA NA NA NA NA
1557007200.0 25408.0 489 0 154 NA NA NA NA NA 682 0 227 NA NA NA NA NA 5275 301 923 NA NA NA NA NA 2921 364 1116 NA NA NA NA NA
1557007200.0 25408.17 619 0 152 NA NA NA NA NA 815 0 225 NA NA NA NA NA 7942 282 840 NA NA NA NA NA 3334 341 782 NA NA NA NA NA
1557007200.0 25409.0 482 0 143 NA NA NA NA NA 678 0 216 NA NA NA NA NA 3810 291 783 NA NA NA NA NA 2142 463 1096 NA NA NA NA NA
1557007200.0 25409.17 611 0 147 NA NA NA NA NA 761 0 219 NA NA NA NA NA 6875 329 789 NA NA NA NA NA 3114 413 804 NA NA NA NA NA
1557007200.0 26.0 NA 116 465 0 NA NA NA NA NA 376 589 0 NA NA NA NA NA 2312 2911 540 NA NA NA NA NA 1843 2485 615 NA NA NA NA
1557007200.0 27.0 NA 120 458 0 NA NA NA NA NA 368 580 0 NA NA NA NA NA 2100 2715 556 NA NA NA NA NA 1603 2705 648 NA NA NA NA
1557007200.0 28.0 NA 119 472 0 NA NA NA NA NA 368 583 0 NA NA NA NA NA 2429 3432 522 NA NA NA NA NA 1430 2595 595 NA NA NA NA
1557007200.0 280.0 89 89 429 0 NA NA NA NA 259 367 543 0 NA NA NA NA 5051 618 1930 554 NA NA NA NA 4187 1462 3742 1090 NA NA NA NA
1557007200.0 281.0 112 103 284 0 NA NA NA NA 261 380 611 0 NA NA NA NA 2094 701 1497 629 NA NA NA NA 2315 1544 3961 853 NA NA NA NA
1557007200.0 29.0 NA 97 482 0 NA NA NA NA NA 375 586 0 NA NA NA NA NA 2565 3133 526 NA NA NA NA NA 2232 2301 599 NA NA NA NA
1557007200.0 3.0 91 91 209 NA NA NA NA NA 183 360 322 NA NA NA NA NA 6334 571 1207 NA NA NA NA NA 3400 970 1414 NA NA NA NA NA
1557007200.0 30.0 NA 119 459 0 NA NA NA NA NA 368 563 0 NA NA NA NA NA 2023 2800 502 NA NA NA NA NA 1209 2029 617 NA NA NA NA
1557007200.0 300.0 60 133 359 0 NA NA NA NA 130 397 490 0 NA NA NA NA 1086 710 1285 425 NA NA NA NA 1026 781 1630 491 NA NA NA NA
1557007200.0 301.0 65 134 354 0 NA NA NA NA 131 389 506 0 NA NA NA NA 1254 545 1112 403 NA NA NA NA 1187 822 1369 458 NA NA NA NA
1557007200.0 302.0 64 134 358 0 NA NA NA NA 133 390 502 0 NA NA NA NA 924 540 1124 390 NA NA NA NA 1033 779 1273 458 NA NA NA NA
1557007200.0 31.0 NA 119 468 0 NA NA NA NA NA 368 580 0 NA NA NA NA NA 2221 2716 513 NA NA NA NA NA 1263 2322 599 NA NA NA NA
1557007200.0 32.0 NA 116 476 0 NA NA NA NA NA 368 566 0 NA NA NA NA NA 2240 2794 481 NA NA NA NA NA 1643 1972 528 NA NA NA NA
1557007200.0 33.0 NA 112 461 0 NA NA NA NA NA 368 570 0 NA NA NA NA NA 2195 2583 515 NA NA NA NA NA 1662 2158 594 NA NA NA NA
1557007200.0 34.0 100 91 303 0 NA NA NA NA 187 360 542 0 NA NA NA NA 2690 581 1962 524 NA NA NA NA 2127 1319 3245 638 NA NA NA NA
1557007200.0 35.0 NA 115 463 0 NA NA NA NA NA 374 564 0 NA NA NA NA NA 2470 3319 573 NA NA NA NA NA 3924 2625 688 NA NA NA NA
1557007200.0 36.0 NA 114 482 0 NA NA NA NA NA 368 579 0 NA NA NA NA NA 2622 9150 563 NA NA NA NA NA 1963 3705 627 NA NA NA NA
1557007200.0 37.0 NA 116 469 0 NA NA NA NA NA 375 581 0 NA NA NA NA NA 2445 4355 550 NA NA NA NA NA 1749 2676 619 NA NA NA NA
1557007200.0 38.0 NA 118 466 0 NA NA NA NA NA 368 562 0 NA NA NA NA NA 2293 3566 521 NA NA NA NA NA 1388 2169 587 NA NA NA NA
1557007200.0 39.0 NA 117 475 0 NA NA NA NA NA 375 574 0 NA NA NA NA NA 2979 5827 578 NA NA NA NA NA 2013 2890 663 NA NA NA NA
1557007200.0 4.17 NA 29 421 0 160 NA NA NA NA 79 502 0 262 NA NA NA NA 256 3095 577 1358 NA NA NA NA 572 4112 855 1402 NA NA NA
1557007200.0 4.22 NA 192 66 62 0 NA NA NA NA 285 117 124 0 NA NA NA NA 1116 573 704 287 NA NA NA NA 1657 901 1040 595 NA NA NA
1557007200.0 4.23 NA 62 415 0 NA NA NA NA NA 115 514 0 NA NA NA NA NA 428 3092 792 NA NA NA NA NA 1010 2703 1019 NA NA NA NA
1557007200.0 4.24 NA 57 423 0 NA NA NA NA NA 106 505 0 NA NA NA NA NA 362 2822 596 NA NA NA NA NA 572 2105 653 NA NA NA NA
1557007200.0 4.25 NA 60 425 0 NA NA NA NA NA 106 525 0 NA NA NA NA NA 372 2909 649 NA NA NA NA NA 682 2300 987 NA NA NA NA
1557007200.0 4.26 NA 53 436 0 NA NA NA NA NA 105 525 0 NA NA NA NA NA 362 3294 649 NA NA NA NA NA 1009 2980 939 NA NA NA NA
1557007200.0 4.27 NA 57 428 0 NA NA NA NA NA 109 509 0 NA NA NA NA NA 365 3470 664 NA NA NA NA NA 563 2382 1018 NA NA NA NA
1557007200.0 4.28 NA 68 412 0 NA NA NA NA NA 117 518 0 NA NA NA NA NA 299 2803 2007 NA NA NA NA NA 715 3004 2177 NA NA NA NA
1557007200.0 4.29 NA 37 422 0 166 NA NA NA NA 82 509 0 268 NA NA NA NA 286 3574 623 1503 NA NA NA NA 547 4425 855 1707 NA NA NA
1557007200.0 4.34 NA 67 432 0 NA NA NA NA NA 118 516 0 NA NA NA NA NA 390 3199 659 NA NA NA NA NA 679 2189 725 NA NA NA NA
1557007200.0 4.36 NA 61 431 0 NA NA NA NA NA 106 511 0 NA NA NA NA NA 330 3972 614 NA NA NA NA NA 492 2687 697 NA NA NA NA
1557007200.0 4.37 NA 56 428 0 NA NA NA NA NA 106 521 0 NA NA NA NA NA 430 4368 677 NA NA NA NA NA 838 2945 834 NA NA NA NA
1557007200.0 4.4 NA 28 424 0 NA NA NA NA NA 80 520 0 NA NA NA NA NA 278 4150 799 NA NA NA NA NA 756 2850 1786 NA NA NA NA
1557007200.0 4.41 NA 29 436 0 NA NA NA NA NA 82 526 0 NA NA NA NA NA 261 5189 587 NA NA NA NA NA 526 2756 648 NA NA NA NA
1557007200.0 4.42 NA 31 448 0 NA NA NA NA NA 84 540 0 NA NA NA NA NA 248 5650 556 NA NA NA NA NA 530 2789 643 NA NA NA NA
1557007200.0 4.43 NA 32 429 0 NA NA NA NA NA 85 514 0 NA NA NA NA NA 228 3691 590 NA NA NA NA NA 391 2473 669 NA NA NA NA
1557007200.0 4.44 NA 36 428 0 NA NA NA NA NA 81 524 0 NA NA NA NA NA 227 4398 536 NA NA NA NA NA 533 2615 592 NA NA NA NA
1557007200.0 4.45 NA 36 445 0 NA NA NA NA NA 81 537 0 NA NA NA NA NA 277 6694 612 NA NA NA NA NA 566 3239 696 NA NA NA NA
1557007200.0 4.51 NA 31 441 0 NA NA NA NA NA 81 536 0 NA NA NA NA NA 265 5214 589 NA NA NA NA NA 557 2626 688 NA NA NA NA
1557007200.0 4.52 NA 26 436 0 NA NA NA NA NA 78 547 0 NA NA NA NA NA 318 7434 662 NA NA NA NA NA 833 4053 865 NA NA NA NA
1557007200.0 4.53 NA 34 438 0 NA NA NA NA NA 83 534 0 NA NA NA NA NA 273 6601 624 NA NA NA NA NA 431 3532 715 NA NA NA NA
1557007200.0 4.54 NA 30 449 0 NA NA NA NA NA 82 535 0 NA NA NA NA NA 254 5999 566 NA NA NA NA NA 447 2874 897 NA NA NA NA
1557007200.0 4.55 NA 31 447 0 NA NA NA NA NA 83 548 0 NA NA NA NA NA 258 7294 551 NA NA NA NA NA 538 3460 607 NA NA NA NA
1557007200.0 4.57 NA 54 424 0 NA NA NA NA NA 103 551 0 NA NA NA NA NA 370 7478 579 NA NA NA NA NA 1187 4716 773 NA NA NA NA
1557007200.0 4.58 NA 49 439 0 NA NA NA NA NA 99 523 0 NA NA NA NA NA 302 4429 543 NA NA NA NA NA 397 2496 606 NA NA NA NA
1557007200.0 4.6 NA 479 0 NA NA NA NA NA NA 580 0 NA NA NA NA NA NA 2832 581 NA NA NA NA NA NA 2436 826 NA NA NA NA NA
1557007200.0 4.61 NA 28 453 0 NA NA NA NA NA 81 546 0 NA NA NA NA NA 267 6605 626 NA NA NA NA NA 373 3250 734 NA NA NA NA
1557007200.0 4.62 NA 28 448 0 NA NA NA NA NA 82 535 0 NA NA NA NA NA 223 6100 535 NA NA NA NA NA 368 2925 586 NA NA NA NA
1557007200.0 4.63 NA 37 450 0 NA NA NA NA NA 81 543 0 NA NA NA NA NA 293 6602 527 NA NA NA NA NA 649 2939 576 NA NA NA NA
1557007200.0 4.64 NA 29 456 0 NA NA NA NA NA 81 543 0 NA NA NA NA NA 229 6260 511 NA NA NA NA NA 342 2810 544 NA NA NA NA
1557007200.0 4.65 NA 36 462 0 NA NA NA NA NA 82 563 0 NA NA NA NA NA 265 9048 590 NA NA NA NA NA 517 3815 665 NA NA NA NA
1557007200.0 4.67 NA 55 459 0 NA NA NA NA NA 108 573 0 NA NA NA NA NA 372 7964 609 NA NA NA NA NA 756 3606 664 NA NA NA NA
1557007200.0 4.68 NA 49 437 0 NA NA NA NA NA 94 540 0 NA NA NA NA NA 363 6219 614 NA NA NA NA NA 3038 3274 779 NA NA NA NA
1557007200.0 4.71 NA 27 427 0 NA NA NA NA NA 81 527 0 NA NA NA NA NA 299 5056 605 NA NA NA NA NA 663 3244 726 NA NA NA NA
1557007200.0 4.72 NA 31 443 0 NA NA NA NA NA 81 534 0 NA NA NA NA NA 259 6191 624 NA NA NA NA NA 821 3104 740 NA NA NA NA
1557007200.0 4.73 NA 38 439 0 NA NA NA NA NA 86 542 0 NA NA NA NA NA 291 7101 653 NA NA NA NA NA 526 3522 774 NA NA NA NA
1557007200.0 4.74 NA 29 437 0 NA NA NA NA NA 83 531 0 NA NA NA NA NA 301 5979 619 NA NA NA NA NA 647 3277 690 NA NA NA NA
1557007200.0 4.75 NA 32 442 0 NA NA NA NA NA 86 534 0 NA NA NA NA NA 298 6557 616 NA NA NA NA NA 532 3219 962 NA NA NA NA
1557007200.0 4.76 NA 60 454 0 NA NA NA NA NA 109 564 0 NA NA NA NA NA 319 7006 558 NA NA NA NA NA 489 3286 639 NA NA NA NA
1557007200.0 4.77 NA 54 450 0 NA NA NA NA NA 108 554 0 NA NA NA NA NA 424 8782 594 NA NA NA NA NA 1183 3844 682 NA NA NA NA
1557007200.0 4.78 NA 49 449 0 NA NA NA NA NA 99 542 0 NA NA NA NA NA 269 6633 561 NA NA NA NA NA 531 3035 886 NA NA NA NA
1557007200.0 4000.0 NA 118 472 NA NA NA NA NA NA 368 572 NA NA NA NA NA NA 2529 3887 NA NA NA NA NA NA 2076 2282 NA NA NA NA NA
1557007200.0 4001.0 NA 160 515 NA NA NA NA NA NA 379 655 NA NA NA NA NA NA 998 2493 NA NA NA NA NA NA 1857 2503 NA NA NA NA NA
1557007200.0 4002.0 NA 119 463 NA NA NA NA NA NA 368 564 NA NA NA NA NA NA 2280 2604 NA NA NA NA NA NA 1111 2052 NA NA NA NA NA
1557007200.0 4003.0 NA 115 460 NA NA NA NA NA NA 368 573 NA NA NA NA NA NA 2469 3142 NA NA NA NA NA NA 2130 2380 NA NA NA NA NA
1557007200.0 4006.0 66 153 438 NA NA NA NA NA 142 377 645 NA NA NA NA NA 1261 852 2218 NA NA NA NA NA 1440 915 2388 NA NA NA NA NA
1557007200.0 4007.0 58 91 440 NA NA NA NA NA 115 376 560 NA NA NA NA NA 1209 392 1778 NA NA NA NA NA 1236 796 2317 NA NA NA NA NA
1557007200.0 4008.0 44 0 0 NA NA NA NA NA 91 0 0 NA NA NA NA NA 875 273 1495 NA NA NA NA NA 1035 668 2789 NA NA NA NA NA
1557007200.0 43.0 NA 111 458 0 NA NA NA NA NA 367 576 0 NA NA NA NA NA 2282 3591 602 NA NA NA NA NA 1931 2717 885 NA NA NA NA
1557007200.0 44.0 NA 113 463 0 NA NA NA NA NA 375 578 0 NA NA NA NA NA 2320 2924 498 NA NA NA NA NA 1659 2091 565 NA NA NA NA
1557007200.0 45.0 NA 122 465 0 NA NA NA NA NA 368 563 0 NA NA NA NA NA 2215 3153 514 NA NA NA NA NA 1167 2432 583 NA NA NA NA
1557007200.0 5.1 320 0 NA NA NA NA NA NA 511 0 NA NA NA NA NA NA 1368 309 NA NA NA NA NA NA 1991 682 NA NA NA NA NA NA
1557007200.0 5.2 265 0 NA NA NA NA NA NA 501 0 NA NA NA NA NA NA 1176 284 NA NA NA NA NA NA 2250 634 NA NA NA NA NA NA
1557007200.0 5.3 266 0 NA NA NA NA NA NA 509 0 NA NA NA NA NA NA 1171 291 NA NA NA NA NA NA 1847 821 NA NA NA NA NA NA
1557007200.0 5.4 315 0 NA NA NA NA NA NA 506 0 NA NA NA NA NA NA 1279 296 NA NA NA NA NA NA 1911 510 NA NA NA NA NA NA
1557007200.0 5.5 316 0 NA NA NA NA NA NA 503 0 NA NA NA NA NA NA 1283 293 NA NA NA NA NA NA 2818 470 NA NA NA NA NA NA
1557007200.0 5.6 313 0 NA NA NA NA NA NA 504 0 NA NA NA NA NA NA 1260 304 NA NA NA NA NA NA 1947 696 NA NA NA NA NA NA
1557007200.0 5.7 312 0 NA NA NA NA NA NA 502 0 NA NA NA NA NA NA 1291 309 NA NA NA NA NA NA 2003 711 NA NA NA NA NA NA
1557007200.0 500199.0 187 NA NA NA NA NA NA NA 399 NA NA NA NA NA NA NA 2456 NA NA NA NA NA NA NA 1551 NA NA NA NA NA NA NA
1557007200.0 500200.0 NA 180 495 0 NA NA NA NA NA 405 622 0 NA NA NA NA NA 7454 2826 581 NA NA NA NA NA 8356 3990 1042 NA NA NA NA
1557007200.0 500200.1 92 180 257 NA NA NA NA NA 161 390 361 NA NA NA NA NA 3038 1168 1960 NA NA NA NA NA 1723 1859 1839 NA NA NA NA NA
1557007200.0 500202.0 NA 191 527 0 NA NA NA NA NA 400 639 0 NA NA NA NA NA 7262 3131 535 NA NA NA NA NA 6448 2179 616 NA NA NA NA
1557007200.0 500203.0 NA 181 508 0 NA NA NA NA NA 401 628 0 NA NA NA NA NA 7588 2860 548 NA NA NA NA NA 8334 3311 637 NA NA NA NA
1557007200.0 500204.0 NA 189 523 0 NA NA NA NA NA 393 643 0 NA NA NA NA NA 7052 2610 481 NA NA NA NA NA 6588 2065 527 NA NA NA NA
1557007200.0 500205.0 NA 183 503 0 NA NA NA NA NA 399 634 0 NA NA NA NA NA 7460 2942 582 NA NA NA NA NA 8846 3614 1042 NA NA NA NA
1557007200.0 500206.0 NA 180 491 0 NA NA NA NA NA 407 610 0 NA NA NA NA NA 6713 2820 578 NA NA NA NA NA 8129 3851 1006 NA NA NA NA
1557007200.0 500207.0 NA 173 493 0 NA NA NA NA NA 408 618 0 NA NA NA NA NA 5799 2364 473 NA NA NA NA NA 6368 1920 556 NA NA NA NA
1557007200.0 50200.0 NA 180 585 0 NA NA NA NA NA 388 750 0 NA NA NA NA NA 1669 2888 503 NA NA NA NA NA 1554 2262 565 NA NA NA NA
1557007200.0 50202.0 NA 178 585 0 NA NA NA NA NA 380 745 0 NA NA NA NA NA 1736 3139 509 NA NA NA NA NA 1565 2287 580 NA NA NA NA
1557007200.0 50203.0 NA 181 570 0 NA NA NA NA NA 380 743 0 NA NA NA NA NA 1563 2856 482 NA NA NA NA NA 1584 2268 551 NA NA NA NA
1557007200.0 50204.0 NA 176 585 0 NA NA NA NA NA 380 735 0 NA NA NA NA NA 1741 2914 496 NA NA NA NA NA 2558 2227 572 NA NA NA NA
1557007200.0 50205.0 NA 176 579 0 NA NA NA NA NA 387 733 0 NA NA NA NA NA 1706 2727 525 NA NA NA NA NA 1686 2151 616 NA NA NA NA
1557007200.0 50206.0 NA 179 570 0 NA NA NA NA NA 387 726 0 NA NA NA NA NA 1744 3133 533 NA NA NA NA NA 1790 2296 594 NA NA NA NA
1557007200.0 50207.0 NA 171 578 0 NA NA NA NA NA 387 718 0 NA NA NA NA NA 1534 2649 476 NA NA NA NA NA 1703 2125 672 NA NA NA NA
1557007200.0 50208.0 NA 186 622 0 NA NA NA NA NA 387 763 0 NA NA NA NA NA 1722 3843 545 NA NA NA NA NA 1523 2510 603 NA NA NA NA
1557007200.0 503.0 35 0 NA NA NA NA NA NA 79 0 NA NA NA NA NA NA 233 155 NA NA NA NA NA NA 463 516 NA NA NA NA NA NA
1557007200.0 504.0 41 0 NA NA NA NA NA NA 80 0 NA NA NA NA NA NA 229 158 NA NA NA NA NA NA 830 750 NA NA NA NA NA NA
1557007200.0 505.0 36 0 NA NA NA NA NA NA 79 0 NA NA NA NA NA NA 224 157 NA NA NA NA NA NA 449 806 NA NA NA NA NA NA
1557007200.0 506.0 36 0 NA NA NA NA NA NA 79 0 NA NA NA NA NA NA 217 159 NA NA NA NA NA NA 419 783 NA NA NA NA NA NA
1557007200.0 507.0 36 0 NA NA NA NA NA NA 78 0 NA NA NA NA NA NA 230 154 NA NA NA NA NA NA 1318 564 NA NA NA NA NA NA
1557007200.0 508.0 39 0 NA NA NA NA NA NA 79 0 NA NA NA NA NA NA 194 156 NA NA NA NA NA NA 445 675 NA NA NA NA NA NA
1557007200.0 509.0 35 0 NA NA NA NA NA NA 77 0 NA NA NA NA NA NA 186 162 NA NA NA NA NA NA 421 965 NA NA NA NA NA NA
1557007200.0 510.0 35 0 NA NA NA NA NA NA 79 0 NA NA NA NA NA NA 301 162 NA NA NA NA NA NA 555 1132 NA NA NA NA NA NA
1557007200.0 512.0 0 NA NA NA NA NA NA NA 0 NA NA NA NA NA NA NA 2452 NA NA NA NA NA NA NA 4750 NA NA NA NA NA NA NA
1557007200.0 513.0 0 NA NA NA NA NA NA NA 0 NA NA NA NA NA NA NA 936 NA NA NA NA NA NA NA 897 NA NA NA NA NA NA NA
1557007200.0 514.0 16 38 0 NA NA NA NA NA 56 85 0 NA NA NA NA NA 583 220 172 NA NA NA NA NA 1663 504 533 NA NA NA NA NA
1557007200.0 515.0 0 NA NA NA NA NA NA NA 0 NA NA NA NA NA NA NA 4765 NA NA NA NA NA NA NA 5632 NA NA NA NA NA NA NA
1557007200.0 516.0 0 NA NA NA NA NA NA NA 0 NA NA NA NA NA NA NA 939 NA NA NA NA NA NA NA 843 NA NA NA NA NA NA NA
1557007200.0 517.0 2 41 0 NA NA NA NA NA 57 86 0 NA NA NA NA NA 1803 171 129 NA NA NA NA NA 3294 241 271 NA NA NA NA NA
1557007200.0 518.0 0 NA NA NA NA NA NA NA 0 NA NA NA NA NA NA NA 2471 NA NA NA NA NA NA NA 5086 NA NA NA NA NA NA NA
1557007200.0 519.0 0 NA NA NA NA NA NA NA 0 NA NA NA NA NA NA NA 930 NA NA NA NA NA NA NA 780 NA NA NA NA NA NA NA
1557007200.0 520.0 16 39 0 NA NA NA NA NA 56 86 0 NA NA NA NA NA 1700 237 161 NA NA NA NA NA 3340 485 488 NA NA NA NA NA
1557007200.0 521.0 0 NA NA NA NA NA NA NA 0 NA NA NA NA NA NA NA 980 NA NA NA NA NA NA NA 829 NA NA NA NA NA NA NA
1557007200.0 522.0 0 NA NA NA NA NA NA NA 0 NA NA NA NA NA NA NA 4806 NA NA NA NA NA NA NA 8602 NA NA NA NA NA NA NA
1557007200.0 523.0 16 45 0 NA NA NA NA NA 56 97 0 NA NA NA NA NA 1511 258 173 NA NA NA NA NA 1958 580 679 NA NA NA NA NA
1557007200.0 524.0 16 43 0 NA NA NA NA NA 56 86 0 NA NA NA NA NA 1698 235 162 NA NA NA NA NA 3623 612 500 NA NA NA NA NA
1557007200.0 525.0 0 NA NA NA NA NA NA NA 0 NA NA NA NA NA NA NA 947 NA NA NA NA NA NA NA 771 NA NA NA NA NA NA NA
1557007200.0 526.0 0 NA NA NA NA NA NA NA 0 NA NA NA NA NA NA NA 2430 NA NA NA NA NA NA NA 2633 NA NA NA NA NA NA NA
1557007200.0 527.0 16 44 0 NA NA NA NA NA 57 86 0 NA NA NA NA NA 1783 180 119 NA NA NA NA NA 3245 297 238 NA NA NA NA NA
1557007200.0 528.0 0 NA NA NA NA NA NA NA 0 NA NA NA NA NA NA NA 988 NA NA NA NA NA NA NA 857 NA NA NA NA NA NA NA
1557007200.0 529.0 0 NA NA NA NA NA NA NA 0 NA NA NA NA NA NA NA 2751 NA NA NA NA NA NA NA 2464 NA NA NA NA NA NA NA
1557007200.0 530.0 16 40 0 NA NA NA NA NA 56 86 0 NA NA NA NA NA 1708 259 158 NA NA NA NA NA 3163 796 443 NA NA NA NA NA
1557007200.0 531.0 52 0 NA NA NA NA NA NA 188 0 NA NA NA NA NA NA 208 149 NA NA NA NA NA NA 669 304 NA NA NA NA NA NA
1557007200.0 534.0 40 0 NA NA NA NA NA NA 93 0 NA NA NA NA NA NA 233 157 NA NA NA NA NA NA 975 830 NA NA NA NA NA NA
1557007200.0 541.0 50 0 NA NA NA NA NA NA 89 0 NA NA NA NA NA NA 212 157 NA NA NA NA NA NA 809 529 NA NA NA NA NA NA
1557007200.0 545.0 46 0 NA NA NA NA NA NA 90 0 NA NA NA NA NA NA 257 160 NA NA NA NA NA NA 1402 899 NA NA NA NA NA NA
1557007200.0 551.0 16 37 0 NA NA NA NA NA 56 85 0 NA NA NA NA NA 1500 230 156 NA NA NA NA NA 1402 514 450 NA NA NA NA NA
1557007200.0 552.0 16 38 0 NA NA NA NA NA 56 86 0 NA NA NA NA NA 1664 252 171 NA NA NA NA NA 3145 723 551 NA NA NA NA NA
1557007200.0 554.0 16 36 0 NA NA NA NA NA 56 85 0 NA NA NA NA NA 2597 237 157 NA NA NA NA NA 4746 525 465 NA NA NA NA NA
1557007200.0 555.0 16 38 0 NA NA NA NA NA 56 84 0 NA NA NA NA NA 1643 219 159 NA NA NA NA NA 4357 498 476 NA NA NA NA NA
1557007200.0 556.0 16 40 0 NA NA NA NA NA 56 86 0 NA NA NA NA NA 573 238 147 NA NA NA NA NA 1040 1047 291 NA NA NA NA NA
1557007200.0 560.0 36 0 NA NA NA NA NA NA 79 0 NA NA NA NA NA NA 220 159 NA NA NA NA NA NA 432 895 NA NA NA NA NA NA
1557007200.0 561.0 40 0 NA NA NA NA NA NA 79 0 NA NA NA NA NA NA 223 149 NA NA NA NA NA NA 836 400 NA NA NA NA NA NA
1557007200.0 562.0 16 41 0 NA NA NA NA NA 57 85 0 NA NA NA NA NA 369 232 152 NA NA NA NA NA 1562 595 333 NA NA NA NA NA
1557007200.0 6.0 NA 70 423 0 NA NA NA NA NA 376 533 0 NA NA NA NA NA 1917 2062 521 NA NA NA NA NA 1497 2176 602 NA NA NA NA
1557007200.0 7.0 60 83 178 61 0 NA NA NA 113 359 254 103 0 NA NA NA 846 533 575 278 218 NA NA NA 1274 1424 1449 630 327 NA NA NA
1557007200.0 7.1 58 82 179 57 0 NA NA NA 113 359 258 103 0 NA NA NA 1355 545 614 220 232 NA NA NA 1593 674 788 417 324 NA NA NA
1557007200.0 7.2 65 174 241 65 0 NA NA NA 114 467 347 112 0 NA NA NA 766 1383 955 241 510 NA NA NA 1379 2635 1135 431 617 NA NA NA
1557007200.0 7.3 62 178 249 67 0 NA NA NA 115 467 371 113 0 NA NA NA 1267 1419 1065 270 512 NA NA NA 1135 3028 1379 434 599 NA NA NA
1557007200.0 7.4 61 181 244 65 0 NA NA NA 114 482 341 113 0 NA NA NA 852 1499 1018 269 548 NA NA NA 926 2511 1213 521 650 NA NA NA
1557007200.0 8.0 NA 85 177 46 0 NA NA NA NA 365 253 87 0 NA NA NA NA 1776 743 179 260 NA NA NA NA 1228 1306 454 529 NA NA NA
1557007200.0 9.0 NA 115 471 0 NA NA NA NA NA 376 582 0 NA NA NA NA NA 2610 3968 567 NA NA NA NA NA 1607 2402 639 NA NA NA NA
