Timestamp WorkflowId PeakValueRss1 PeakValueRss2 PeakValueRss3 PeakValueRss4 PeakValueRss5 PeakValueRss6 PeakValueRss7 PeakValueRss8 PeakValueRss9 PeakValueVsize1 PeakValueVsize2 PeakValueVsize3 PeakValueVsize4 PeakValueVsize5 PeakValueVsize6 PeakValueVsize7 PeakValueVsize8 PeakValueVsize9 TotalJobCPU1 TotalJobCPU2 TotalJobCPU3 TotalJobCPU4 TotalJobCPU5 TotalJobCPU6 TotalJobCPU7 TotalJobCPU8 TotalJobCPU9 TotalJobTime1 TotalJobTime2 TotalJobTime3 TotalJobTime4 TotalJobTime5 TotalJobTime6 TotalJobTime7 TotalJobTime8 TotalJobTime9
1566550800.0 1.0 105 118 238 NA NA NA NA NA NA 201 583 581 NA NA NA NA NA NA 999 435 1138 NA NA NA NA NA NA 776 433 1267 NA NA NA NA NA NA
1566550800.0 10.0 NA 134 304 0 NA NA NA NA NA NA 602 666 0 NA NA NA NA NA NA 2211 3684 584 NA NA NA NA NA NA 1263 2506 857 NA NA NA NA NA
1566550800.0 1000.0 NA 296 155 0 52 NA NA NA NA NA 644 285 0 102 NA NA NA NA NA 3190 1273 731 337 NA NA NA NA NA 1889 1253 799 406 NA NA NA NA
1566550800.0 10001.0 NA 210 369 0 77 NA NA NA NA NA 606 714 0 125 NA NA NA NA NA 2015 2063 1028 374 NA NA NA NA NA 1002 2130 1180 409 NA NA NA NA
1566550800.0 10002.0 NA 209 366 0 76 NA NA NA NA NA 561 663 0 129 NA NA NA NA NA 1992 2087 1024 350 NA NA NA NA NA 852 2095 1110 368 NA NA NA NA
1566550800.0 10003.0 NA 215 374 0 68 NA NA NA NA NA 605 693 0 131 NA NA NA NA NA 1996 2128 1022 357 NA NA NA NA NA 892 2181 1093 393 NA NA NA NA
1566550800.0 10004.0 NA 209 372 0 74 NA NA NA NA NA 561 747 0 126 NA NA NA NA NA 2000 2068 1019 268 NA NA NA NA NA 895 2155 1097 462 NA NA NA NA
1566550800.0 10005.0 NA 207 372 0 75 NA NA NA NA NA 607 758 0 126 NA NA NA NA NA 2036 2078 1023 266 NA NA NA NA NA 938 2122 1122 376 NA NA NA NA
1566550800.0 10006.0 NA 213 369 0 76 NA NA NA NA NA 605 758 0 125 NA NA NA NA NA 2003 1983 1026 263 NA NA NA NA NA 901 2211 1149 445 NA NA NA NA
1566550800.0 10007.0 NA 211 369 0 75 NA NA NA NA NA 559 747 0 124 NA NA NA NA NA 2029 2098 1027 262 NA NA NA NA NA 933 2125 1078 379 NA NA NA NA
1566550800.0 10008.0 NA 212 373 0 70 NA NA NA NA NA 606 683 0 132 NA NA NA NA NA 2034 2096 1033 267 NA NA NA NA NA 915 2069 1110 383 NA NA NA NA
1566550800.0 10009.0 NA 209 373 0 77 NA NA NA NA NA 607 771 0 126 NA NA NA NA NA 2018 2178 1038 271 NA NA NA NA NA 924 2214 1101 426 NA NA NA NA
1566550800.0 1001.0 NA 272 125 0 0 0 0 0 0 NA 571 186 0 0 0 0 0 0 NA 3112 723 103 78 122 270 128 267 NA 3384 1061 200 136 179 314 229 303
1566550800.0 1001.2 NA 392 136 0 NA NA NA NA NA NA 794 209 0 NA NA NA NA NA NA 15582 1828 129 NA NA NA NA NA NA 7494 2210 230 NA NA NA NA NA
1566550800.0 1002.0 NA 306 69 NA NA NA NA NA NA NA 603 137 NA NA NA NA NA NA NA 3463 425 NA NA NA NA NA NA NA 2615 350 NA NA NA NA NA NA
1566550800.0 10023.0 NA 214 370 0 76 NA NA NA NA NA 606 763 0 125 NA NA NA NA NA 1986 2042 1027 358 NA NA NA NA NA 883 2329 1109 384 NA NA NA NA
1566550800.0 10024.0 NA 217 388 0 70 NA NA NA NA NA 607 705 0 131 NA NA NA NA NA 2164 2351 1046 386 NA NA NA NA NA 1051 2211 1150 405 NA NA NA NA
1566550800.0 10024.1 NA 234 207 0 NA NA NA NA NA NA 608 355 0 NA NA NA NA NA NA 2075 873 337 NA NA NA NA NA NA 886 932 404 NA NA NA NA NA
1566550800.0 10024.2 NA 221 380 0 NA NA NA NA NA NA 607 700 0 NA NA NA NA NA NA 2098 2327 1019 NA NA NA NA NA NA 988 2223 1071 NA NA NA NA NA
1566550800.0 10024.3 NA 234 198 0 NA NA NA NA NA NA 606 333 0 NA NA NA NA NA NA 2374 838 292 NA NA NA NA NA NA 969 921 372 NA NA NA NA NA
1566550800.0 10024.4 NA 221 384 0 NA NA NA NA NA NA 607 746 0 NA NA NA NA NA NA 2036 2231 996 NA NA NA NA NA NA 862 2441 1320 NA NA NA NA NA
1566550800.0 10024.5 NA 231 156 0 NA NA NA NA NA NA 606 227 0 NA NA NA NA NA NA 2186 483 129 NA NA NA NA NA NA 1023 662 195 NA NA NA NA NA
1566550800.0 10025.0 NA 212 364 0 70 NA NA NA NA NA 607 700 0 130 NA NA NA NA NA 2069 2221 1048 352 NA NA NA NA NA 909 2234 1130 367 NA NA NA NA
1566550800.0 10026.0 NA 219 386 0 72 NA NA NA NA NA 606 681 0 132 NA NA NA NA NA 2144 2584 1062 389 NA NA NA NA NA 918 2309 1299 412 NA NA NA NA
1566550800.0 1003.0 NA 267 0 NA NA NA NA NA NA NA 617 0 NA NA NA NA NA NA NA 3467 621 NA NA NA NA NA NA NA 2454 770 NA NA NA NA NA NA
1566550800.0 1004.0 NA 235 107 0 0 0 0 NA NA NA 345 169 0 0 0 0 NA NA NA 866 315 76 115 255 252 NA NA NA 905 428 139 177 326 313 NA NA
1566550800.0 10042.0 NA 218 379 0 70 NA NA NA NA NA 516 772 0 128 NA NA NA NA NA 2055 2224 1036 263 NA NA NA NA NA 888 2155 1103 367 NA NA NA NA
1566550800.0 10059.0 NA 227 392 0 78 NA NA NA NA NA 605 771 0 132 NA NA NA NA NA 2212 3108 1058 374 NA NA NA NA NA 885 2510 1122 390 NA NA NA NA
1566550800.0 10071.0 NA 221 386 0 69 NA NA NA NA NA 606 760 0 132 NA NA NA NA NA 2087 2376 1064 273 NA NA NA NA NA 864 2234 1158 389 NA NA NA NA
1566550800.0 101.0 97 NA NA NA NA NA NA NA NA 163 NA NA NA NA NA NA NA NA 871 NA NA NA NA NA NA NA NA 1074 NA NA NA NA NA NA NA NA
1566550800.0 1010.0 NA 34 44 0 NA NA NA NA NA NA 83 97 0 NA NA NA NA NA NA 113 193 131 NA NA NA NA NA NA 208 259 187 NA NA NA NA NA
1566550800.0 102.0 94 NA NA NA NA NA NA NA NA 163 NA NA NA NA NA NA NA NA 857 NA NA NA NA NA NA NA NA 1819 NA NA NA NA NA NA NA NA
1566550800.0 1020.0 NA 81 29 0 84 NA NA NA NA NA 143 70 0 145 NA NA NA NA NA 232 107 68 222 NA NA NA NA NA 368 183 116 375 NA NA NA NA
1566550800.0 10224.0 NA 387 650 0 NA NA NA NA NA NA 673 991 0 NA NA NA NA NA NA 4411 4787 1019 NA NA NA NA NA NA 2686 2901 1720 NA NA NA NA NA
1566550800.0 10225.0 NA 381 622 0 NA NA NA NA NA NA 674 965 0 NA NA NA NA NA NA 4210 4155 1027 NA NA NA NA NA NA 3455 2826 1429 NA NA NA NA NA
1566550800.0 103.0 51 0 0 NA NA NA NA NA NA 99 0 0 NA NA NA NA NA NA 443 216 1436 NA NA NA NA NA NA 528 215 1622 NA NA NA NA NA NA
1566550800.0 1030.0 NA 195 46 0 0 NA NA NA NA NA 429 96 0 0 NA NA NA NA NA 8207 282 64 64 NA NA NA NA NA 2794 276 103 106 NA NA NA NA
1566550800.0 1040.0 NA 363 29 0 NA NA NA NA NA NA 787 73 0 NA NA NA NA NA NA 12047 138 114 NA NA NA NA NA NA 5032 210 177 NA NA NA NA NA
1566550800.0 1040.1 NA 80 32 0 NA NA NA NA NA NA 138 74 0 NA NA NA NA NA NA 418 146 116 NA NA NA NA NA NA 606 230 185 NA NA NA NA NA
1566550800.0 10424.0 NA 174 379 0 NA NA NA NA NA NA 560 680 0 NA NA NA NA NA NA 752 2198 1020 NA NA NA NA NA NA 1184 3103 1276 NA NA NA NA NA
1566550800.0 105.0 86 120 35 NA NA NA NA NA NA 197 539 75 NA NA NA NA NA NA 1062 612 108 NA NA NA NA NA NA 784 465 167 NA NA NA NA NA NA
1566550800.0 106.0 51 0 0 NA NA NA NA NA NA 99 0 0 NA NA NA NA NA NA 439 326 1406 NA NA NA NA NA NA 546 246 1639 NA NA NA NA NA NA
1566550800.0 107.0 80 151 287 NA NA NA NA NA NA 201 584 615 NA NA NA NA NA NA 1923 519 1887 NA NA NA NA NA NA 1021 410 1951 NA NA NA NA NA NA
1566550800.0 108.0 76 150 293 NA NA NA NA NA NA 205 585 593 NA NA NA NA NA NA 2768 542 2035 NA NA NA NA NA NA 1335 384 1980 NA NA NA NA NA NA
1566550800.0 10801.0 NA 259 403 0 85 150 NA NA NA NA 682 746 0 139 271 NA NA NA NA 1995 2308 2020 446 766 NA NA NA NA 1682 2280 2103 566 844 NA NA NA
1566550800.0 10802.0 NA 272 410 0 93 156 NA NA NA NA 681 747 0 145 270 NA NA NA NA 1949 2351 2043 442 758 NA NA NA NA 1672 2335 2106 519 832 NA NA NA
1566550800.0 10803.0 NA 270 409 0 84 163 NA NA NA NA 637 686 0 142 273 NA NA NA NA 2082 2410 2016 454 790 NA NA NA NA 1717 2305 2084 569 841 NA NA NA
1566550800.0 10804.0 NA 263 409 0 85 143 NA NA NA NA 592 718 0 151 259 NA NA NA NA 1943 2274 2026 563 760 NA NA NA NA 1677 2289 2110 582 851 NA NA NA
1566550800.0 10805.0 NA 259 406 0 90 156 NA NA NA NA 637 775 0 148 264 NA NA NA NA 1978 2313 2007 455 748 NA NA NA NA 1674 2306 2078 556 822 NA NA NA
1566550800.0 10806.0 NA 262 399 0 89 127 NA NA NA NA 637 651 0 137 237 NA NA NA NA 1958 2120 1852 425 685 NA NA NA NA 1867 2210 1953 528 754 NA NA NA
1566550800.0 10807.0 NA 261 403 0 101 158 NA NA NA NA 637 764 0 152 268 NA NA NA NA 1916 2432 2033 469 761 NA NA NA NA 1641 2543 2180 584 834 NA NA NA
1566550800.0 10808.0 NA 266 401 0 101 155 NA NA NA NA 637 760 0 160 278 NA NA NA NA 2025 2385 2057 527 754 NA NA NA NA 1696 2314 2227 1232 838 NA NA NA
1566550800.0 10809.0 NA 258 406 0 102 158 NA NA NA NA 638 812 0 160 273 NA NA NA NA 2033 2246 1820 458 720 NA NA NA NA 2911 2241 1903 523 797 NA NA NA
1566550800.0 10823.0 NA 260 396 0 84 134 NA NA NA NA 681 760 0 138 233 NA NA NA NA 1993 2315 2052 484 723 NA NA NA NA 1662 2258 2138 897 832 NA NA NA
1566550800.0 10824.0 NA 291 420 0 94 158 NA NA NA NA 684 701 0 158 270 NA NA NA NA 2259 2652 2090 518 762 NA NA NA NA 1939 2428 2171 780 843 NA NA NA
1566550800.0 10824.1 NA 291 211 0 NA NA NA NA NA NA 637 366 0 NA NA NA NA NA NA 2228 960 362 NA NA NA NA NA NA 3007 2318 556 NA NA NA NA NA
1566550800.0 10824.5 NA 291 163 0 NA NA NA NA NA NA 637 254 0 NA NA NA NA NA NA 2239 682 175 NA NA NA NA NA NA 2073 1769 800 NA NA NA NA NA
1566550800.0 10824.6 NA 295 412 0 95 167 NA NA NA NA 637 771 0 162 279 NA NA NA NA 2151 2657 2071 508 772 NA NA NA NA 1768 2362 2140 731 848 NA NA NA
1566550800.0 10824.7 NA 303 436 0 104 152 NA NA NA NA 638 776 0 165 270 NA NA NA NA 2287 2837 2142 525 998 NA NA NA NA 1996 2882 3282 635 1684 NA NA NA
1566550800.0 10824.8 NA 295 418 0 100 167 NA NA NA NA 637 685 0 151 283 NA NA NA NA 2089 2733 2071 486 771 NA NA NA NA 1674 2395 2144 577 864 NA NA NA
1566550800.0 10825.0 NA 276 408 0 94 158 NA NA NA NA 682 747 0 150 274 NA NA NA NA 2140 2503 2086 466 784 NA NA NA NA 1730 2331 2184 627 874 NA NA NA
1566550800.0 10826.0 NA 294 437 0 94 167 NA NA NA NA 637 772 0 160 285 NA NA NA NA 2266 2883 2079 510 792 NA NA NA NA 2190 2452 2180 721 881 NA NA NA
1566550800.0 10842.0 NA 274 417 0 102 157 NA NA NA NA 637 760 0 162 270 NA NA NA NA 2052 2400 2055 471 775 NA NA NA NA 1728 2253 2126 596 853 NA NA NA
1566550800.0 10842.7 NA 288 405 0 94 155 NA NA NA NA 638 776 0 162 277 NA NA NA NA 2277 2801 1922 508 925 NA NA NA NA 2092 3302 2037 673 1315 NA NA NA
1566550800.0 10859.0 NA 294 422 0 103 167 NA NA NA NA 637 783 0 165 273 NA NA NA NA 2279 3193 2102 516 793 NA NA NA NA 2032 2458 2199 769 831 NA NA NA
1566550800.0 10871.0 NA 274 414 0 88 166 NA NA NA NA 637 771 0 152 271 NA NA NA NA 2067 2410 1864 445 732 NA NA NA NA 1915 2640 1952 519 794 NA NA NA
1566550800.0 109.0 75 125 299 NA NA NA NA NA NA 202 585 641 NA NA NA NA NA NA 2907 556 2058 NA NA NA NA NA NA 1302 411 1993 NA NA NA NA NA NA
1566550800.0 11.0 NA 144 281 0 67 NA NA NA NA NA 602 664 0 124 NA NA NA NA NA 1828 1923 654 228 NA NA NA NA NA 809 1613 752 334 NA NA NA NA
1566550800.0 110.0 65 178 290 NA NA NA NA NA NA 127 584 637 NA NA NA NA NA NA 581 455 1797 NA NA NA NA NA NA 554 372 1871 NA NA NA NA NA NA
1566550800.0 1102.0 NA 141 311 160 90 NA NA NA NA NA 555 687 509 184 NA NA NA NA NA 2479 4506 2211 335 NA NA NA NA NA 1009 2568 1246 252 NA NA NA NA
1566550800.0 11024.0 NA 511 776 0 161 NA NA NA NA NA 865 1168 0 268 NA NA NA NA NA 6617 6309 2105 773 NA NA NA NA NA 3925 4120 2188 832 NA NA NA NA
1566550800.0 11024.2 NA 504 740 0 163 NA NA NA NA NA 865 1195 0 283 NA NA NA NA NA 6448 6517 2078 788 NA NA NA NA NA 3609 3822 2200 841 NA NA NA NA
1566550800.0 11024.3 NA 502 743 0 162 NA NA NA NA NA 814 1094 0 276 NA NA NA NA NA 6428 6495 2083 770 NA NA NA NA NA 3487 3827 2214 886 NA NA NA NA
1566550800.0 11024.6 NA 528 782 0 166 NA NA NA NA NA 864 1239 0 280 NA NA NA NA NA 6421 6776 2063 780 NA NA NA NA NA 3314 3998 2145 850 NA NA NA NA
1566550800.0 11025.0 NA 518 768 0 160 NA NA NA NA NA 822 1105 0 268 NA NA NA NA NA 6440 6533 2065 769 NA NA NA NA NA 3371 3972 2168 853 NA NA NA NA
1566550800.0 111.0 70 152 286 NA NA NA NA NA NA 196 584 643 NA NA NA NA NA NA 1173 398 1827 NA NA NA NA NA NA 799 355 1968 NA NA NA NA NA NA
1566550800.0 112.0 82 135 287 NA NA NA NA NA NA 205 585 655 NA NA NA NA NA NA 1768 517 1856 NA NA NA NA NA NA 896 406 1864 NA NA NA NA NA NA
1566550800.0 11224.0 NA 286 418 0 NA NA NA NA NA NA 637 750 0 NA NA NA NA NA NA 2094 2645 1988 NA NA NA NA NA NA 1733 2422 2040 NA NA NA NA NA
1566550800.0 11224.6 NA 282 417 0 NA NA NA NA NA NA 638 760 0 NA NA NA NA NA NA 2155 2821 2073 NA NA NA NA NA NA 2998 3275 2349 NA NA NA NA NA
1566550800.0 113.0 83 154 291 NA NA NA NA NA NA 206 585 650 NA NA NA NA NA NA 2138 500 1923 NA NA NA NA NA NA 1179 391 1953 NA NA NA NA NA NA
1566550800.0 114.0 82 143 291 NA NA NA NA NA NA 206 585 618 NA NA NA NA NA NA 1807 508 1898 NA NA NA NA NA NA 930 436 1922 NA NA NA NA NA NA
1566550800.0 115.0 86 148 291 NA NA NA NA NA NA 213 585 607 NA NA NA NA NA NA 2348 503 1773 NA NA NA NA NA NA 1145 393 1785 NA NA NA NA NA NA
1566550800.0 116.0 86 148 287 NA NA NA NA NA NA 211 584 648 NA NA NA NA NA NA 2575 536 1982 NA NA NA NA NA NA 1235 394 1918 NA NA NA NA NA NA
1566550800.0 11623.0 NA 168 355 0 76 NA NA NA NA NA 617 653 0 124 NA NA NA NA NA 717 2094 1077 513 NA NA NA NA NA 1312 3382 1261 683 NA NA NA NA
1566550800.0 11624.0 NA 178 381 0 78 NA NA NA NA NA 560 749 0 136 NA NA NA NA NA 805 2203 1003 265 NA NA NA NA NA 1918 2752 1577 589 NA NA NA NA
1566550800.0 11625.0 NA 170 365 0 75 NA NA NA NA NA 560 716 0 124 NA NA NA NA NA 747 2210 1077 305 NA NA NA NA NA 1327 3456 1201 654 NA NA NA NA
1566550800.0 11626.0 NA 186 385 0 69 NA NA NA NA NA 605 736 0 126 NA NA NA NA NA 851 2879 1018 469 NA NA NA NA NA 1005 2704 1106 525 NA NA NA NA
1566550800.0 11642.0 NA 173 378 0 69 NA NA NA NA NA 604 724 0 125 NA NA NA NA NA 777 2060 1011 281 NA NA NA NA NA 1019 2512 2394 838 NA NA NA NA
1566550800.0 117.0 85 153 295 NA NA NA NA NA NA 216 585 662 NA NA NA NA NA NA 2970 553 2004 NA NA NA NA NA NA 1316 446 1948 NA NA NA NA NA NA
1566550800.0 118.0 81 137 297 NA NA NA NA NA NA 221 584 664 NA NA NA NA NA NA 3018 558 2112 NA NA NA NA NA NA 1369 470 2006 NA NA NA NA NA NA
1566550800.0 11824.0 NA 405 681 0 163 NA NA NA NA NA 623 1086 0 269 NA NA NA NA NA 4685 6279 1093 747 NA NA NA NA NA 2958 3690 1164 851 NA NA NA NA
1566550800.0 11825.0 NA 400 732 0 157 NA NA NA NA NA 672 1086 0 254 NA NA NA NA NA 4724 5783 1112 694 NA NA NA NA NA 2222 3441 1265 803 NA NA NA NA
1566550800.0 119.0 79 161 290 NA NA NA NA NA NA 211 585 584 NA NA NA NA NA NA 1642 488 1818 NA NA NA NA NA NA 868 397 1858 NA NA NA NA NA NA
1566550800.0 12.0 NA 131 309 0 NA NA NA NA NA NA 600 667 0 NA NA NA NA NA NA 1995 3756 612 NA NA NA NA NA NA 2352 3398 885 NA NA NA NA NA
1566550800.0 120.0 58 196 285 NA NA NA NA NA NA 130 584 641 NA NA NA NA NA NA 568 441 1786 NA NA NA NA NA NA 557 361 1863 NA NA NA NA NA NA
1566550800.0 12024.0 NA 183 391 0 NA NA NA NA NA NA 560 759 0 NA NA NA NA NA NA 781 2310 1034 NA NA NA NA NA NA 558 2224 1091 NA NA NA NA NA
1566550800.0 121.0 75 137 292 NA NA NA NA NA NA 208 584 650 NA NA NA NA NA NA 2989 506 1984 NA NA NA NA NA NA 1596 637 2196 NA NA NA NA NA NA
1566550800.0 122.0 49 0 0 NA NA NA NA NA NA 99 0 0 NA NA NA NA NA NA 434 231 1636 NA NA NA NA NA NA 514 205 2180 NA NA NA NA NA NA
1566550800.0 123.1 346 NA NA NA NA NA NA NA NA 852 NA NA NA NA NA NA NA NA 1520 NA NA NA NA NA NA NA NA 1490 NA NA NA NA NA NA NA NA
1566550800.0 123.2 305 NA NA NA NA NA NA NA NA 852 NA NA NA NA NA NA NA NA 1952 NA NA NA NA NA NA NA NA 1881 NA NA NA NA NA NA NA NA
1566550800.0 123.3 245 NA NA NA NA NA NA NA NA 851 NA NA NA NA NA NA NA NA 1628 NA NA NA NA NA NA NA NA 1739 NA NA NA NA NA NA NA NA
1566550800.0 124.1 317 NA NA NA NA NA NA NA NA 807 NA NA NA NA NA NA NA NA 1421 NA NA NA NA NA NA NA NA 1561 NA NA NA NA NA NA NA NA
1566550800.0 124.2 346 NA NA NA NA NA NA NA NA 761 NA NA NA NA NA NA NA NA 1390 NA NA NA NA NA NA NA NA 1364 NA NA NA NA NA NA NA NA
1566550800.0 124.4 319 NA NA NA NA NA NA NA NA 849 NA NA NA NA NA NA NA NA 1426 NA NA NA NA NA NA NA NA 1594 NA NA NA NA NA NA NA NA
1566550800.0 124.5 324 NA NA NA NA NA NA NA NA 809 NA NA NA NA NA NA NA NA 1649 NA NA NA NA NA NA NA NA 1762 NA NA NA NA NA NA NA NA
1566550800.0 124.6 256 NA NA NA NA NA NA NA NA 851 NA NA NA NA NA NA NA NA 1576 NA NA NA NA NA NA NA NA 1812 NA NA NA NA NA NA NA NA
1566550800.0 125.0 80 168 291 NA NA NA NA NA NA 207 584 656 NA NA NA NA NA NA 1810 510 1867 NA NA NA NA NA NA 912 375 1908 NA NA NA NA NA NA
1566550800.0 126.0 59 172 280 NA NA NA NA NA NA 159 583 627 NA NA NA NA NA NA 1186 465 1819 NA NA NA NA NA NA 821 369 1923 NA NA NA NA NA NA
1566550800.0 127.0 64 160 275 NA NA NA NA NA NA 133 584 609 NA NA NA NA NA NA 927 468 1813 NA NA NA NA NA NA 685 363 1903 NA NA NA NA NA NA
1566550800.0 128.0 58 158 281 NA NA NA NA NA NA 128 582 650 NA NA NA NA NA NA 548 470 1757 NA NA NA NA NA NA 559 366 1886 NA NA NA NA NA NA
1566550800.0 129.0 57 162 277 NA NA NA NA NA NA 136 585 669 NA NA NA NA NA NA 554 484 1751 NA NA NA NA NA NA 572 393 1820 NA NA NA NA NA NA
1566550800.0 13.0 NA 121 301 0 NA NA NA NA NA NA 556 660 0 NA NA NA NA NA NA 437 2341 535 NA NA NA NA NA NA 772 2498 785 NA NA NA NA NA
1566550800.0 130.0 58 151 290 NA NA NA NA NA NA 129 584 664 NA NA NA NA NA NA 588 466 1777 NA NA NA NA NA NA 567 368 1855 NA NA NA NA NA NA
1566550800.0 1301.0 90 152 231 NA NA NA NA NA NA 157 599 574 NA NA NA NA NA NA 1078 472 1410 NA NA NA NA NA NA 758 392 1854 NA NA NA NA NA NA
1566550800.0 1301.17 62 208 225 NA NA NA NA NA NA 139 599 646 NA NA NA NA NA NA 1214 2052 1429 NA NA NA NA NA NA 1837 1516 1507 NA NA NA NA NA NA
1566550800.0 1302.0 84 181 226 NA NA NA NA NA NA 174 599 561 NA NA NA NA NA NA 3053 514 1476 NA NA NA NA NA NA 1246 369 1335 NA NA NA NA NA NA
1566550800.0 1302.17 67 211 231 NA NA NA NA NA NA 139 599 573 NA NA NA NA NA NA 3216 1975 1555 NA NA NA NA NA NA 1799 829 1543 NA NA NA NA NA NA
1566550800.0 1302.18 66 257 199 NA NA NA NA NA NA 139 631 590 NA NA NA NA NA NA 3163 1908 1150 NA NA NA NA NA NA 2039 1700 1549 NA NA NA NA NA NA
1566550800.0 1303.0 73 184 220 NA NA NA NA NA NA 154 599 578 NA NA NA NA NA NA 6517 468 1845 NA NA NA NA NA NA 2553 451 1506 NA NA NA NA NA NA
1566550800.0 1303.17 72 214 235 NA NA NA NA NA NA 149 554 647 NA NA NA NA NA NA 6095 1911 1923 NA NA NA NA NA NA 3469 867 1727 NA NA NA NA NA NA
1566550800.0 1304.18 63 247 211 153 NA NA NA NA NA 137 675 594 236 NA NA NA NA NA 2446 1781 1089 719 NA NA NA NA NA 1088 1499 1287 739 NA NA NA NA NA
1566550800.0 1304.181 66 248 207 158 NA NA NA NA NA 140 631 632 244 NA NA NA NA NA 2392 1792 1088 728 NA NA NA NA NA 1061 1506 1117 757 NA NA NA NA NA
1566550800.0 1306.0 NA 193 333 0 NA NA NA NA NA NA 561 643 0 NA NA NA NA NA NA 494 1818 602 NA NA NA NA NA NA 405 1881 666 NA NA NA NA NA
1566550800.0 1307.0 NA 153 200 49 0 NA NA NA NA NA 557 276 92 0 NA NA NA NA NA 562 627 149 257 NA NA NA NA NA 492 760 227 317 NA NA NA NA
1566550800.0 1308.0 NA 153 206 50 0 NA NA NA NA NA 554 272 90 0 NA NA NA NA NA 503 507 147 251 NA NA NA NA NA 413 624 248 323 NA NA NA NA
1566550800.0 1309.0 NA 212 356 0 NA NA NA NA NA NA 559 690 0 NA NA NA NA NA NA 579 2141 627 NA NA NA NA NA NA 428 2041 678 NA NA NA NA NA
1566550800.0 131.0 57 139 279 NA NA NA NA NA NA 137 585 612 NA NA NA NA NA NA 1062 445 1771 NA NA NA NA NA NA 1087 452 2220 NA NA NA NA NA NA
1566550800.0 1310.0 NA 153 357 0 NA NA NA NA NA NA 515 676 0 NA NA NA NA NA NA 546 2036 637 NA NA NA NA NA NA 436 1963 710 NA NA NA NA NA
1566550800.0 1311.0 NA 162 323 0 67 NA NA NA NA NA 559 659 0 126 NA NA NA NA NA 530 1380 659 226 NA NA NA NA NA 634 1440 717 324 NA NA NA NA
1566550800.0 1312.0 NA 140 351 0 NA NA NA NA NA NA 602 676 0 NA NA NA NA NA NA 561 2026 634 NA NA NA NA NA NA 1484 2354 934 NA NA NA NA NA
1566550800.0 1313.0 NA 147 365 0 NA NA NA NA NA NA 562 683 0 NA NA NA NA NA NA 493 2258 623 NA NA NA NA NA NA 459 2068 686 NA NA NA NA NA
1566550800.0 1314.0 NA 166 346 0 NA NA NA NA NA NA 606 651 0 NA NA NA NA NA NA 509 1990 638 NA NA NA NA NA NA 521 2210 887 NA NA NA NA NA
1566550800.0 1315.0 NA 146 345 0 NA NA NA NA NA NA 565 661 0 NA NA NA NA NA NA 509 1904 597 NA NA NA NA NA NA 429 1958 647 NA NA NA NA NA
1566550800.0 1316.0 NA 191 343 0 NA NA NA NA NA NA 603 641 0 NA NA NA NA NA NA 504 1940 604 NA NA NA NA NA NA 427 1954 653 NA NA NA NA NA
1566550800.0 1317.0 NA 156 342 0 NA NA NA NA NA NA 560 678 0 NA NA NA NA NA NA 495 1951 606 NA NA NA NA NA NA 400 2019 675 NA NA NA NA NA
1566550800.0 1318.0 NA 188 340 0 NA NA NA NA NA NA 605 671 0 NA NA NA NA NA NA 485 1889 609 NA NA NA NA NA NA 390 1932 664 NA NA NA NA NA
1566550800.0 1319.0 NA 192 345 0 NA NA NA NA NA NA 606 677 0 NA NA NA NA NA NA 513 1877 611 NA NA NA NA NA NA 427 1951 676 NA NA NA NA NA
1566550800.0 132.0 78 164 292 NA NA NA NA NA NA 209 585 612 NA NA NA NA NA NA 2584 560 1967 NA NA NA NA NA NA 1183 415 1895 NA NA NA NA NA NA
1566550800.0 1320.0 NA 183 340 0 NA NA NA NA NA NA 561 668 0 NA NA NA NA NA NA 524 1945 614 NA NA NA NA NA NA 460 1971 676 NA NA NA NA NA
1566550800.0 1321.0 NA 157 344 0 NA NA NA NA NA NA 561 661 0 NA NA NA NA NA NA 523 1954 601 NA NA NA NA NA NA 432 1967 665 NA NA NA NA NA
1566550800.0 1322.0 NA 189 345 0 NA NA NA NA NA NA 604 689 0 NA NA NA NA NA NA 521 1941 606 NA NA NA NA NA NA 478 1932 660 NA NA NA NA NA
1566550800.0 1323.0 NA 197 330 0 NA NA NA NA NA NA 560 689 0 NA NA NA NA NA NA 498 1867 592 NA NA NA NA NA NA 440 1996 642 NA NA NA NA NA
1566550800.0 1324.0 NA 145 355 0 NA NA NA NA NA NA 515 652 0 NA NA NA NA NA NA 570 2157 621 NA NA NA NA NA NA 450 1985 681 NA NA NA NA NA
1566550800.0 1325.0 NA 181 351 0 74 NA NA NA NA NA 560 691 0 129 NA NA NA NA NA 589 2213 638 356 NA NA NA NA NA 458 2095 726 389 NA NA NA NA
1566550800.0 1325.1 NA 167 172 0 NA NA NA NA NA NA 605 266 0 NA NA NA NA NA NA 589 812 314 NA NA NA NA NA NA 449 1018 416 NA NA NA NA NA
1566550800.0 1325.2 NA 183 350 0 NA NA NA NA NA NA 560 679 0 NA NA NA NA NA NA 556 2120 630 NA NA NA NA NA NA 471 2194 813 NA NA NA NA NA
1566550800.0 1325.3 NA 167 174 0 NA NA NA NA NA NA 606 269 0 NA NA NA NA NA NA 666 695 293 NA NA NA NA NA NA 478 775 376 NA NA NA NA NA
1566550800.0 1325.4 NA 145 350 0 NA NA NA NA NA NA 560 664 0 NA NA NA NA NA NA 578 2096 643 NA NA NA NA NA NA 1315 2326 1071 NA NA NA NA NA
1566550800.0 1325.5 NA 167 0 NA NA NA NA NA NA NA 287 0 NA NA NA NA NA NA NA 4349 144 NA NA NA NA NA NA NA 6804 383 NA NA NA NA NA NA
1566550800.0 1325.51 NA 161 0 NA NA NA NA NA NA NA 273 0 NA NA NA NA NA NA NA 1899 158 NA NA NA NA NA NA NA 2674 296 NA NA NA NA NA NA
1566550800.0 1325.6 NA 197 NA NA NA NA NA NA NA NA 317 NA NA NA NA NA NA NA NA 3778 NA NA NA NA NA NA NA NA 3386 NA NA NA NA NA NA NA
1566550800.0 1325.7 NA 191 0 NA NA NA NA NA NA NA 340 0 NA NA NA NA NA NA NA 4082 149 NA NA NA NA NA NA NA 2789 282 NA NA NA NA NA NA
1566550800.0 1325.8 NA 190 0 NA NA NA NA NA NA NA 323 0 NA NA NA NA NA NA NA 3971 155 NA NA NA NA NA NA NA 3115 338 NA NA NA NA NA NA
1566550800.0 1326.0 NA 162 345 0 NA NA NA NA NA NA 605 642 0 NA NA NA NA NA NA 529 1943 620 NA NA NA NA NA NA 430 1946 667 NA NA NA NA NA
1566550800.0 1327.0 NA 183 346 0 NA NA NA NA NA NA 560 682 0 NA NA NA NA NA NA 530 1966 623 NA NA NA NA NA NA 406 1997 677 NA NA NA NA NA
1566550800.0 1328.0 NA 177 344 0 NA NA NA NA NA NA 560 679 0 NA NA NA NA NA NA 544 2023 644 NA NA NA NA NA NA 431 1970 698 NA NA NA NA NA
1566550800.0 1329.0 NA 142 351 0 NA NA NA NA NA NA 515 688 0 NA NA NA NA NA NA 545 2004 624 NA NA NA NA NA NA 443 1997 691 NA NA NA NA NA
1566550800.0 1329.1 NA 179 0 NA NA NA NA NA NA NA 316 0 NA NA NA NA NA NA NA 5160 142 NA NA NA NA NA NA NA 6840 379 NA NA NA NA NA NA
1566550800.0 133.0 84 148 296 NA NA NA NA NA NA 206 585 657 NA NA NA NA NA NA 3768 535 2079 NA NA NA NA NA NA 2886 419 2149 NA NA NA NA NA NA
1566550800.0 1330.0 NA 140 392 0 NA NA NA NA NA NA 515 698 0 NA NA NA NA NA NA 587 1992 637 NA NA NA NA NA NA 1479 3482 764 NA NA NA NA NA
1566550800.0 1331.0 NA 162 347 0 NA NA NA NA NA NA 560 661 0 NA NA NA NA NA NA 573 2041 630 NA NA NA NA NA NA 724 2130 697 NA NA NA NA NA
1566550800.0 1332.0 NA 166 346 0 NA NA NA NA NA NA 604 651 0 NA NA NA NA NA NA 581 2091 637 NA NA NA NA NA NA 640 2525 694 NA NA NA NA NA
1566550800.0 1333.0 NA 191 347 0 NA NA NA NA NA NA 605 690 0 NA NA NA NA NA NA 523 2027 620 NA NA NA NA NA NA 418 2085 689 NA NA NA NA NA
1566550800.0 1334.0 NA 176 345 0 NA NA NA NA NA NA 560 690 0 NA NA NA NA NA NA 548 2025 629 NA NA NA NA NA NA 446 2014 695 NA NA NA NA NA
1566550800.0 1335.0 NA 195 345 0 NA NA NA NA NA NA 560 641 0 NA NA NA NA NA NA 533 1972 628 NA NA NA NA NA NA 448 1994 680 NA NA NA NA NA
1566550800.0 1336.0 NA 152 358 0 NA NA NA NA NA NA 601 700 0 NA NA NA NA NA NA 602 2654 637 NA NA NA NA NA NA 996 2479 873 NA NA NA NA NA
1566550800.0 1337.0 NA 173 364 0 NA NA NA NA NA NA 603 700 0 NA NA NA NA NA NA 634 2567 639 NA NA NA NA NA NA 444 2182 705 NA NA NA NA NA
1566550800.0 1338.0 NA 146 350 0 NA NA NA NA NA NA 560 665 0 NA NA NA NA NA NA 552 2099 631 NA NA NA NA NA NA 1046 3033 1012 NA NA NA NA NA
1566550800.0 1339.0 NA 160 360 0 NA NA NA NA NA NA 515 664 0 NA NA NA NA NA NA 614 2353 641 NA NA NA NA NA NA 459 2050 702 NA NA NA NA NA
1566550800.0 134.0 NA 319 39 0 NA NA NA NA NA NA 670 85 0 NA NA NA NA NA NA 3722 126 73 NA NA NA NA NA NA 2481 172 107 NA NA NA NA NA
1566550800.0 134.701 NA 35 340 0 NA NA NA NA NA NA 97 669 0 NA NA NA NA NA NA 267 5446 784 NA NA NA NA NA NA 644 3995 1096 NA NA NA NA NA
1566550800.0 134.702 NA 38 336 0 NA NA NA NA NA NA 105 697 0 NA NA NA NA NA NA 278 6670 699 NA NA NA NA NA NA 230 3469 750 NA NA NA NA NA
1566550800.0 134.703 NA 34 354 0 NA NA NA NA NA NA 101 697 0 NA NA NA NA NA NA 271 6294 697 NA NA NA NA NA NA 417 3745 873 NA NA NA NA NA
1566550800.0 134.704 NA 34 334 0 NA NA NA NA NA NA 101 658 0 NA NA NA NA NA NA 265 6130 691 NA NA NA NA NA NA 307 3405 1186 NA NA NA NA NA
1566550800.0 134.705 NA 34 352 0 NA NA NA NA NA NA 99 686 0 NA NA NA NA NA NA 255 6739 729 NA NA NA NA NA NA 460 4240 941 NA NA NA NA NA
1566550800.0 134.706 NA 43 350 0 NA NA NA NA NA NA 100 648 0 NA NA NA NA NA NA 283 7019 760 NA NA NA NA NA NA 215 3639 834 NA NA NA NA NA
1566550800.0 134.707 NA 35 341 0 NA NA NA NA NA NA 100 650 0 NA NA NA NA NA NA 265 6128 692 NA NA NA NA NA NA 465 4306 942 NA NA NA NA NA
1566550800.0 134.708 NA 33 340 0 NA NA NA NA NA NA 109 684 0 NA NA NA NA NA NA 278 5873 672 NA NA NA NA NA NA 455 3416 750 NA NA NA NA NA
1566550800.0 134.709 NA 34 513 0 NA NA NA NA NA NA 101 909 0 NA NA NA NA NA NA 272 6230 702 NA NA NA NA NA NA 645 4414 922 NA NA NA NA NA
1566550800.0 134.71 NA 28 331 0 NA NA NA NA NA NA 96 639 0 NA NA NA NA NA NA 244 4483 681 NA NA NA NA NA NA 562 2858 873 NA NA NA NA NA
1566550800.0 134.801 NA 40 339 0 NA NA NA NA NA NA 108 693 0 NA NA NA NA NA NA 273 4854 686 NA NA NA NA NA NA 245 2747 755 NA NA NA NA NA
1566550800.0 134.802 NA 36 345 0 NA NA NA NA NA NA 108 692 0 NA NA NA NA NA NA 277 7731 683 NA NA NA NA NA NA 233 3582 727 NA NA NA NA NA
1566550800.0 134.803 NA 38 338 0 NA NA NA NA NA NA 105 695 0 NA NA NA NA NA NA 290 6804 675 NA NA NA NA NA NA 560 4002 735 NA NA NA NA NA
1566550800.0 134.804 NA 35 363 0 NA NA NA NA NA NA 107 716 0 NA NA NA NA NA NA 286 7595 664 NA NA NA NA NA NA 392 3797 778 NA NA NA NA NA
1566550800.0 134.805 NA 32 353 0 NA NA NA NA NA NA 105 697 0 NA NA NA NA NA NA 275 7421 683 NA NA NA NA NA NA 436 3678 1149 NA NA NA NA NA
1566550800.0 134.806 NA 41 353 0 NA NA NA NA NA NA 109 692 0 NA NA NA NA NA NA 308 8127 670 NA NA NA NA NA NA 601 4040 990 NA NA NA NA NA
1566550800.0 134.807 NA 93 367 0 NA NA NA NA NA NA 215 728 0 NA NA NA NA NA NA 1411 8289 832 NA NA NA NA NA NA 1886 4408 899 NA NA NA NA NA
1566550800.0 134.808 NA 99 373 0 NA NA NA NA NA NA 217 734 0 NA NA NA NA NA NA 1202 8433 749 NA NA NA NA NA NA 1158 4355 1088 NA NA NA NA NA
1566550800.0 134.809 NA 36 344 0 NA NA NA NA NA NA 100 653 0 NA NA NA NA NA NA 270 7112 687 NA NA NA NA NA NA 492 4289 1017 NA NA NA NA NA
1566550800.0 134.81 NA 33 343 0 NA NA NA NA NA NA 101 687 0 NA NA NA NA NA NA 294 7138 690 NA NA NA NA NA NA 612 4029 1003 NA NA NA NA NA
1566550800.0 134.811 NA 35 355 0 NA NA NA NA NA NA 105 689 0 NA NA NA NA NA NA 265 7512 677 NA NA NA NA NA NA 516 3981 899 NA NA NA NA NA
1566550800.0 134.812 NA 36 333 0 NA NA NA NA NA NA 102 627 0 NA NA NA NA NA NA 266 4832 679 NA NA NA NA NA NA 212 2725 749 NA NA NA NA NA
1566550800.0 134.813 NA 183 71 0 NA NA NA NA NA NA 276 121 0 NA NA NA NA NA NA 965 213 271 NA NA NA NA NA NA 686 279 384 NA NA NA NA NA
1566550800.0 134.901 NA 30 334 0 NA NA NA NA NA NA 101 670 0 NA NA NA NA NA NA 265 5097 745 NA NA NA NA NA NA 409 2915 1084 NA NA NA NA NA
1566550800.0 134.902 NA 39 342 0 NA NA NA NA NA NA 101 648 0 NA NA NA NA NA NA 273 5949 679 NA NA NA NA NA NA 554 3504 1019 NA NA NA NA NA
1566550800.0 134.903 NA 35 332 0 NA NA NA NA NA NA 110 686 0 NA NA NA NA NA NA 267 5642 697 NA NA NA NA NA NA 243 2985 745 NA NA NA NA NA
1566550800.0 134.904 NA 46 347 0 NA NA NA NA NA NA 111 669 0 NA NA NA NA NA NA 310 6778 688 NA NA NA NA NA NA 290 3507 745 NA NA NA NA NA
1566550800.0 134.905 NA 44 345 0 NA NA NA NA NA NA 115 688 0 NA NA NA NA NA NA 294 5771 695 NA NA NA NA NA NA 241 3139 744 NA NA NA NA NA
1566550800.0 134.906 NA 33 341 0 NA NA NA NA NA NA 106 691 0 NA NA NA NA NA NA 268 6277 680 NA NA NA NA NA NA 548 3429 1077 NA NA NA NA NA
1566550800.0 134.907 NA 100 370 0 NA NA NA NA NA NA 224 736 0 NA NA NA NA NA NA 1278 6431 735 NA NA NA NA NA NA 2023 3994 1114 NA NA NA NA NA
1566550800.0 134.908 NA 95 370 0 NA NA NA NA NA NA 232 682 0 NA NA NA NA NA NA 961 6528 707 NA NA NA NA NA NA 1373 4022 901 NA NA NA NA NA
1566550800.0 134.909 NA 34 340 0 NA NA NA NA NA NA 102 667 0 NA NA NA NA NA NA 269 5752 683 NA NA NA NA NA NA 610 3595 913 NA NA NA NA NA
1566550800.0 134.91 NA 42 335 0 NA NA NA NA NA NA 109 642 0 NA NA NA NA NA NA 282 5592 698 NA NA NA NA NA NA 215 3199 751 NA NA NA NA NA
1566550800.0 134.911 NA 31 334 0 NA NA NA NA NA NA 103 656 0 NA NA NA NA NA NA 284 5573 668 NA NA NA NA NA NA 472 3033 805 NA NA NA NA NA
1566550800.0 134.912 NA 39 321 0 NA NA NA NA NA NA 107 663 0 NA NA NA NA NA NA 278 4633 684 NA NA NA NA NA NA 229 2877 743 NA NA NA NA NA
1566550800.0 134.99601 NA 35 348 0 NA NA NA NA NA NA 99 700 0 NA NA NA NA NA NA 295 8233 685 NA NA NA NA NA NA 548 3906 881 NA NA NA NA NA
1566550800.0 134.99602 NA 32 334 0 NA NA NA NA NA NA 109 656 0 NA NA NA NA NA NA 282 5401 690 NA NA NA NA NA NA 259 2961 750 NA NA NA NA NA
1566550800.0 134.99603 NA 42 343 0 NA NA NA NA NA NA 109 684 0 NA NA NA NA NA NA 288 6844 657 NA NA NA NA NA NA 295 3222 704 NA NA NA NA NA
1566550800.0 134.99901 NA 34 333 0 NA NA NA NA NA NA 109 683 0 NA NA NA NA NA NA 248 5351 663 NA NA NA NA NA NA 421 3066 787 NA NA NA NA NA
1566550800.0 1340.0 NA 162 341 0 NA NA NA NA NA NA 515 677 0 NA NA NA NA NA NA 523 1897 615 NA NA NA NA NA NA 417 1887 666 NA NA NA NA NA
1566550800.0 1341.0 NA 147 356 0 NA NA NA NA NA NA 604 678 0 NA NA NA NA NA NA 625 2160 638 NA NA NA NA NA NA 1732 2229 1005 NA NA NA NA NA
1566550800.0 1343.0 NA 144 352 0 NA NA NA NA NA NA 605 677 0 NA NA NA NA NA NA 555 2028 639 NA NA NA NA NA NA 1315 1942 1117 NA NA NA NA NA
1566550800.0 1344.0 NA 169 352 0 NA NA NA NA NA NA 516 665 0 NA NA NA NA NA NA 549 2136 641 NA NA NA NA NA NA 441 1997 707 NA NA NA NA NA
1566550800.0 1345.0 NA 145 346 0 NA NA NA NA NA NA 606 677 0 NA NA NA NA NA NA 503 1953 623 NA NA NA NA NA NA 636 2210 1092 NA NA NA NA NA
1566550800.0 1347.0 NA 177 349 0 NA NA NA NA NA NA 606 649 0 NA NA NA NA NA NA 544 2009 625 NA NA NA NA NA NA 432 2011 678 NA NA NA NA NA
1566550800.0 1348.0 NA 170 345 0 NA NA NA NA NA NA 560 653 0 NA NA NA NA NA NA 531 1978 630 NA NA NA NA NA NA 408 1980 683 NA NA NA NA NA
1566550800.0 1349.0 NA 164 344 0 NA NA NA NA NA NA 561 653 0 NA NA NA NA NA NA 542 1992 622 NA NA NA NA NA NA 437 1996 673 NA NA NA NA NA
1566550800.0 135.1 361 0 148 NA NA NA NA NA NA 738 0 229 NA NA NA NA NA NA 1561 256 635 NA NA NA NA NA NA 1282 331 688 NA NA NA NA NA NA
1566550800.0 135.11 358 0 147 NA NA NA NA NA NA 852 0 234 NA NA NA NA NA NA 1876 261 716 NA NA NA NA NA NA 1366 336 687 NA NA NA NA NA NA
1566550800.0 135.12 351 0 146 NA NA NA NA NA NA 856 0 231 NA NA NA NA NA NA 1564 245 726 NA NA NA NA NA NA 1650 330 1023 NA NA NA NA NA NA
1566550800.0 135.13 365 0 NA NA NA NA NA NA NA 847 0 NA NA NA NA NA NA NA 1601 311 NA NA NA NA NA NA NA 1545 421 NA NA NA NA NA NA NA
1566550800.0 135.2 289 0 135 NA NA NA NA NA NA 851 0 221 NA NA NA NA NA NA 1162 229 591 NA NA NA NA NA NA 1124 301 711 NA NA NA NA NA NA
1566550800.0 135.3 292 0 142 NA NA NA NA NA NA 804 0 226 NA NA NA NA NA NA 1383 230 768 NA NA NA NA NA NA 1553 301 1195 NA NA NA NA NA NA
1566550800.0 135.4 362 0 141 NA NA NA NA NA NA 800 0 220 NA NA NA NA NA NA 1329 255 607 NA NA NA NA NA NA 1202 329 711 NA NA NA NA NA NA
1566550800.0 135.5 354 0 139 NA NA NA NA NA NA 852 0 220 NA NA NA NA NA NA 1359 248 594 NA NA NA NA NA NA 1233 319 699 NA NA NA NA NA NA
1566550800.0 135.6 361 0 145 NA NA NA NA NA NA 850 0 218 NA NA NA NA NA NA 1625 262 655 NA NA NA NA NA NA 1292 335 733 NA NA NA NA NA NA
1566550800.0 135.7 343 0 145 NA NA NA NA NA NA 852 0 219 NA NA NA NA NA NA 1663 257 594 NA NA NA NA NA NA 1562 340 681 NA NA NA NA NA NA
1566550800.0 135.8 144 NA NA NA NA NA NA NA NA 257 NA NA NA NA NA NA NA NA 516 NA NA NA NA NA NA NA NA 1555 NA NA NA NA NA NA NA NA
1566550800.0 135.9 355 0 147 NA NA NA NA NA NA 807 0 219 NA NA NA NA NA NA 1482 243 629 NA NA NA NA NA NA 1719 331 793 NA NA NA NA NA NA
1566550800.0 1350.0 NA 160 351 0 NA NA NA NA NA NA 560 655 0 NA NA NA NA NA NA 556 1985 626 NA NA NA NA NA NA 442 1991 690 NA NA NA NA NA
1566550800.0 1351.0 NA 171 344 0 NA NA NA NA NA NA 560 666 0 NA NA NA NA NA NA 540 1943 613 NA NA NA NA NA NA 435 1997 667 NA NA NA NA NA
1566550800.0 1352.0 NA 160 346 0 NA NA NA NA NA NA 604 680 0 NA NA NA NA NA NA 542 2048 628 NA NA NA NA NA NA 460 2025 690 NA NA NA NA NA
1566550800.0 1353.0 NA 154 352 0 NA NA NA NA NA NA 600 693 0 NA NA NA NA NA NA 518 1986 628 NA NA NA NA NA NA 726 2122 1075 NA NA NA NA NA
1566550800.0 1354.0 NA 147 347 0 NA NA NA NA NA NA 606 672 0 NA NA NA NA NA NA 562 2003 615 NA NA NA NA NA NA 647 2035 682 NA NA NA NA NA
1566550800.0 1355.0 NA 179 358 0 NA NA NA NA NA NA 560 643 0 NA NA NA NA NA NA 577 2135 635 NA NA NA NA NA NA 439 2166 692 NA NA NA NA NA
1566550800.0 1356.0 87 202 354 0 142 NA NA NA NA 172 555 709 0 238 NA NA NA NA 2363 510 2016 617 593 NA NA NA NA 1195 397 1983 674 653 NA NA NA NA
1566550800.0 136.721 NA 87 344 0 NA NA NA NA NA NA 161 691 0 NA NA NA NA NA NA 535 7183 807 NA NA NA NA NA NA 1683 3951 1197 NA NA NA NA NA
1566550800.0 136.722 NA 88 355 0 NA NA NA NA NA NA 162 747 0 NA NA NA NA NA NA 501 8225 800 NA NA NA NA NA NA 891 4706 1688 NA NA NA NA NA
1566550800.0 136.723 NA 82 345 0 NA NA NA NA NA NA 166 680 0 NA NA NA NA NA NA 561 7828 789 NA NA NA NA NA NA 1437 4092 845 NA NA NA NA NA
1566550800.0 136.724 NA 85 367 0 NA NA NA NA NA NA 168 772 0 NA NA NA NA NA NA 599 9221 799 NA NA NA NA NA NA 2111 5012 932 NA NA NA NA NA
1566550800.0 136.725 NA 86 382 0 NA NA NA NA NA NA 164 699 0 NA NA NA NA NA NA 556 8241 806 NA NA NA NA NA NA 1115 4648 1161 NA NA NA NA NA
1566550800.0 136.726 NA 87 353 0 NA NA NA NA NA NA 163 688 0 NA NA NA NA NA NA 634 8622 774 NA NA NA NA NA NA 1543 4170 1068 NA NA NA NA NA
1566550800.0 136.727 NA 152 364 0 NA NA NA NA NA NA 291 747 0 NA NA NA NA NA NA 1339 8452 801 NA NA NA NA NA NA 776 3614 857 NA NA NA NA NA
1566550800.0 136.728 NA 143 374 0 NA NA NA NA NA NA 279 763 0 NA NA NA NA NA NA 1941 9942 909 NA NA NA NA NA NA 2147 5004 1402 NA NA NA NA NA
1566550800.0 136.729 NA 84 353 0 NA NA NA NA NA NA 161 677 0 NA NA NA NA NA NA 514 8243 796 NA NA NA NA NA NA 1582 3987 1239 NA NA NA NA NA
1566550800.0 136.73 NA 85 391 0 NA NA NA NA NA NA 164 707 0 NA NA NA NA NA NA 573 8313 800 NA NA NA NA NA NA 1343 4578 1111 NA NA NA NA NA
1566550800.0 136.731 NA 89 384 0 NA NA NA NA NA NA 169 743 0 NA NA NA NA NA NA 536 8767 826 NA NA NA NA NA NA 425 4365 890 NA NA NA NA NA
1566550800.0 136.732 NA 85 339 0 NA NA NA NA NA NA 163 701 0 NA NA NA NA NA NA 518 6534 801 NA NA NA NA NA NA 1348 3428 1166 NA NA NA NA NA
1566550800.0 136.733 NA 193 79 0 NA NA NA NA NA NA 304 134 0 NA NA NA NA NA NA 1026 399 284 NA NA NA NA NA NA 808 431 367 NA NA NA NA NA
1566550800.0 136.734 NA 84 346 0 NA NA NA NA NA NA 169 690 0 NA NA NA NA NA NA 723 8352 794 NA NA NA NA NA NA 1741 4316 952 NA NA NA NA NA
1566550800.0 136.735 NA 93 292 0 NA NA NA NA NA NA 158 588 0 NA NA NA NA NA NA 741 2846 699 NA NA NA NA NA NA 630 2915 764 NA NA NA NA NA
1566550800.0 136.736 NA 95 359 0 NA NA NA NA NA NA 159 756 0 NA NA NA NA NA NA 560 11648 802 NA NA NA NA NA NA 910 8553 1101 NA NA NA NA NA
1566550800.0 136.737 NA 96 376 0 NA NA NA NA NA NA 158 761 0 NA NA NA NA NA NA 577 13575 823 NA NA NA NA NA NA 418 5187 898 NA NA NA NA NA
1566550800.0 136.738 NA 88 362 0 NA NA NA NA NA NA 161 717 0 NA NA NA NA NA NA 746 13429 852 NA NA NA NA NA NA 503 5381 911 NA NA NA NA NA
1566550800.0 136.739 NA 89 375 0 NA NA NA NA NA NA 162 702 0 NA NA NA NA NA NA 640 15099 800 NA NA NA NA NA NA 771 9071 1318 NA NA NA NA NA
1566550800.0 136.74 NA 88 395 0 NA NA NA NA NA NA 157 816 0 NA NA NA NA NA NA 619 13162 795 NA NA NA NA NA NA 751 6475 1140 NA NA NA NA NA
1566550800.0 136.741 NA 95 364 0 NA NA NA NA NA NA 163 744 0 NA NA NA NA NA NA 700 13661 831 NA NA NA NA NA NA 683 5446 886 NA NA NA NA NA
1566550800.0 136.742 NA 85 361 0 NA NA NA NA NA NA 162 750 0 NA NA NA NA NA NA 637 13016 866 NA NA NA NA NA NA 1234 5383 1246 NA NA NA NA NA
1566550800.0 136.743 NA 84 386 0 NA NA NA NA NA NA 159 714 0 NA NA NA NA NA NA 725 12423 842 NA NA NA NA NA NA 1330 5561 911 NA NA NA NA NA
1566550800.0 136.744 NA 91 394 0 NA NA NA NA NA NA 167 847 0 NA NA NA NA NA NA 680 13673 873 NA NA NA NA NA NA 796 5334 1383 NA NA NA NA NA
1566550800.0 136.745 NA 85 347 0 NA NA NA NA NA NA 158 721 0 NA NA NA NA NA NA 570 9441 812 NA NA NA NA NA NA 1115 4380 1311 NA NA NA NA NA
1566550800.0 136.746 NA 84 363 0 NA NA NA NA NA NA 159 711 0 NA NA NA NA NA NA 831 12887 895 NA NA NA NA NA NA 1364 5224 1143 NA NA NA NA NA
1566550800.0 136.747 NA 92 364 0 NA NA NA NA NA NA 165 745 0 NA NA NA NA NA NA 613 12204 827 NA NA NA NA NA NA 422 4636 897 NA NA NA NA NA
1566550800.0 136.748 NA 86 363 0 NA NA NA NA NA NA 170 726 0 NA NA NA NA NA NA 663 12736 884 NA NA NA NA NA NA 1281 5819 1008 NA NA NA NA NA
1566550800.0 136.749 NA 85 368 0 NA NA NA NA NA NA 165 729 0 NA NA NA NA NA NA 836 13920 882 NA NA NA NA NA NA 1655 5646 1202 NA NA NA NA NA
1566550800.0 136.75 NA 90 388 0 NA NA NA NA NA NA 167 795 0 NA NA NA NA NA NA 630 15563 844 NA NA NA NA NA NA 567 6000 899 NA NA NA NA NA
1566550800.0 136.751 NA 91 403 0 NA NA NA NA NA NA 167 811 0 NA NA NA NA NA NA 629 15481 804 NA NA NA NA NA NA 781 7778 1206 NA NA NA NA NA
1566550800.0 136.752 NA 88 370 0 NA NA NA NA NA NA 164 725 0 NA NA NA NA NA NA 726 13566 889 NA NA NA NA NA NA 1063 6457 1270 NA NA NA NA NA
1566550800.0 136.753 NA 89 367 0 NA NA NA NA NA NA 158 746 0 NA NA NA NA NA NA 585 12621 815 NA NA NA NA NA NA 841 7034 1399 NA NA NA NA NA
1566550800.0 136.754 NA 88 389 0 NA NA NA NA NA NA 176 740 0 NA NA NA NA NA NA 674 11053 875 NA NA NA NA NA NA 1341 4552 1228 NA NA NA NA NA
1566550800.0 136.755 NA 84 393 0 NA NA NA NA NA NA 159 804 0 NA NA NA NA NA NA 672 14967 893 NA NA NA NA NA NA 1161 6312 1057 NA NA NA NA NA
1566550800.0 136.756 NA 86 350 0 NA NA NA NA NA NA 156 715 0 NA NA NA NA NA NA 586 8853 791 NA NA NA NA NA NA 1537 4340 902 NA NA NA NA NA
1566550800.0 136.757 NA 95 371 0 NA NA NA NA NA NA 164 728 0 NA NA NA NA NA NA 772 12448 828 NA NA NA NA NA NA 554 5033 875 NA NA NA NA NA
1566550800.0 136.758 NA 84 366 0 NA NA NA NA NA NA 158 729 0 NA NA NA NA NA NA 738 15276 891 NA NA NA NA NA NA 1073 6742 1009 NA NA NA NA NA
1566550800.0 136.759 NA 93 389 0 NA NA NA NA NA NA 154 810 0 NA NA NA NA NA NA 637 16883 832 NA NA NA NA NA NA 575 6286 889 NA NA NA NA NA
1566550800.0 136.76 NA 85 381 0 NA NA NA NA NA NA 163 743 0 NA NA NA NA NA NA 811 18446 908 NA NA NA NA NA NA 1513 6833 1283 NA NA NA NA NA
1566550800.0 136.761 NA 101 421 0 NA NA NA NA NA NA 157 797 0 NA NA NA NA NA NA 594 20785 809 NA NA NA NA NA NA 451 7021 940 NA NA NA NA NA
1566550800.0 136.7611 NA 176 0 NA NA NA NA NA NA NA 294 0 NA NA NA NA NA NA NA 5026 143 NA NA NA NA NA NA NA 6858 413 NA NA NA NA NA NA
1566550800.0 136.762 NA 90 416 0 NA NA NA NA NA NA 165 846 0 NA NA NA NA NA NA 668 22770 844 NA NA NA NA NA NA 486 7470 901 NA NA NA NA NA
1566550800.0 136.763 NA 93 375 0 NA NA NA NA NA NA 167 750 0 NA NA NA NA NA NA 756 18504 892 NA NA NA NA NA NA 892 7628 1325 NA NA NA NA NA
1566550800.0 136.764 NA 99 372 0 NA NA NA NA NA NA 160 715 0 NA NA NA NA NA NA 602 17889 846 NA NA NA NA NA NA 441 6482 903 NA NA NA NA NA
1566550800.0 136.765 NA 88 397 0 NA NA NA NA NA NA 159 763 0 NA NA NA NA NA NA 718 15312 874 NA NA NA NA NA NA 911 5809 1147 NA NA NA NA NA
1566550800.0 136.766 NA 88 396 0 NA NA NA NA NA NA 167 858 0 NA NA NA NA NA NA 633 18278 926 NA NA NA NA NA NA 1066 7705 1255 NA NA NA NA NA
1566550800.0 136.767 NA 82 358 0 NA NA NA NA NA NA 159 722 0 NA NA NA NA NA NA 652 13260 903 NA NA NA NA NA NA 1251 5580 1344 NA NA NA NA NA
1566550800.0 136.768 NA 84 367 0 NA NA NA NA NA NA 161 754 0 NA NA NA NA NA NA 830 16793 869 NA NA NA NA NA NA 1617 6977 1016 NA NA NA NA NA
1566550800.0 136.769 NA 98 364 0 NA NA NA NA NA NA 160 734 0 NA NA NA NA NA NA 626 11564 821 NA NA NA NA NA NA 434 4686 890 NA NA NA NA NA
1566550800.0 136.77 NA 92 376 0 NA NA NA NA NA NA 155 782 0 NA NA NA NA NA NA 555 12428 830 NA NA NA NA NA NA 414 4996 890 NA NA NA NA NA
1566550800.0 136.771 NA 90 355 0 NA NA NA NA NA NA 161 718 0 NA NA NA NA NA NA 708 11289 789 NA NA NA NA NA NA 798 5950 902 NA NA NA NA NA
1566550800.0 136.772 NA 91 380 0 NA NA NA NA NA NA 167 781 0 NA NA NA NA NA NA 620 13529 800 NA NA NA NA NA NA 771 6863 1510 NA NA NA NA NA
1566550800.0 136.7721 NA 172 0 NA NA NA NA NA NA NA 277 0 NA NA NA NA NA NA NA 4672 142 NA NA NA NA NA NA NA 6694 374 NA NA NA NA NA NA
1566550800.0 136.7722 NA 169 0 NA NA NA NA NA NA NA 284 0 NA NA NA NA NA NA NA 4938 141 NA NA NA NA NA NA NA 6391 490 NA NA NA NA NA NA
1566550800.0 136.773 NA 87 384 0 NA NA NA NA NA NA 168 750 0 NA NA NA NA NA NA 660 12946 866 NA NA NA NA NA NA 1334 5933 1370 NA NA NA NA NA
1566550800.0 136.774 NA 88 374 0 NA NA NA NA NA NA 161 741 0 NA NA NA NA NA NA 717 12879 863 NA NA NA NA NA NA 974 5305 1163 NA NA NA NA NA
1566550800.0 136.775 NA 84 362 0 NA NA NA NA NA NA 169 726 0 NA NA NA NA NA NA 618 12034 869 NA NA NA NA NA NA 1633 5806 1181 NA NA NA NA NA
1566550800.0 136.776 NA 86 377 0 NA NA NA NA NA NA 161 731 0 NA NA NA NA NA NA 614 11150 817 NA NA NA NA NA NA 446 4470 900 NA NA NA NA NA
1566550800.0 136.777 NA 84 386 0 NA NA NA NA NA NA 161 711 0 NA NA NA NA NA NA 640 13290 863 NA NA NA NA NA NA 1351 6101 1337 NA NA NA NA NA
1566550800.0 136.778 NA 89 342 0 NA NA NA NA NA NA 154 677 0 NA NA NA NA NA NA 553 7997 773 NA NA NA NA NA NA 1475 3925 868 NA NA NA NA NA
1566550800.0 136.779 NA 90 360 0 NA NA NA NA NA NA 164 753 0 NA NA NA NA NA NA 710 11465 785 NA NA NA NA NA NA 471 4367 838 NA NA NA NA NA
1566550800.0 136.78 NA 105 422 0 NA NA NA NA NA NA 186 844 0 NA NA NA NA NA NA 714 16420 1041 NA NA NA NA NA NA 1016 6059 1427 NA NA NA NA NA
1566550800.0 136.7801 NA 105 0 NA NA NA NA NA NA NA 181 0 NA NA NA NA NA NA NA 487 263 NA NA NA NA NA NA NA 732 513 NA NA NA NA NA NA
1566550800.0 136.7802 NA 69 0 NA NA NA NA NA NA NA 137 0 NA NA NA NA NA NA NA 336 163 NA NA NA NA NA NA NA 572 273 NA NA NA NA NA NA
1566550800.0 136.7803 NA 110 0 NA NA NA NA NA NA NA 180 0 NA NA NA NA NA NA NA 678 256 NA NA NA NA NA NA NA 1883 668 NA NA NA NA NA NA
1566550800.0 136.781 NA 109 439 0 NA NA NA NA NA NA 174 839 0 NA NA NA NA NA NA 646 17710 1026 NA NA NA NA NA NA 764 6504 1603 NA NA NA NA NA
1566550800.0 136.782 NA 106 434 0 NA NA NA NA NA NA 193 820 0 NA NA NA NA NA NA 864 18348 978 NA NA NA NA NA NA 861 6563 1035 NA NA NA NA NA
1566550800.0 136.783 NA 120 468 0 NA NA NA NA NA NA 182 902 0 NA NA NA NA NA NA 549 21068 884 NA NA NA NA NA NA 418 7050 1012 NA NA NA NA NA
1566550800.0 136.784 NA 116 442 0 NA NA NA NA NA NA 187 853 0 NA NA NA NA NA NA 614 17637 984 NA NA NA NA NA NA 968 6452 1047 NA NA NA NA NA
1566550800.0 136.785 NA 113 455 0 NA NA NA NA NA NA 190 812 0 NA NA NA NA NA NA 666 18523 912 NA NA NA NA NA NA 486 6526 1034 NA NA NA NA NA
1566550800.0 136.786 NA 107 432 0 NA NA NA NA NA NA 190 839 0 NA NA NA NA NA NA 562 17825 981 NA NA NA NA NA NA 451 6780 1047 NA NA NA NA NA
1566550800.0 136.787 NA 110 495 0 NA NA NA NA NA NA 178 936 0 NA NA NA NA NA NA 636 16894 970 NA NA NA NA NA NA 567 6408 1037 NA NA NA NA NA
1566550800.0 136.788 NA 108 450 0 NA NA NA NA NA NA 185 898 0 NA NA NA NA NA NA 628 20514 1019 NA NA NA NA NA NA 1066 7713 1202 NA NA NA NA NA
1566550800.0 136.789 NA 107 422 0 NA NA NA NA NA NA 180 818 0 NA NA NA NA NA NA 607 15839 972 NA NA NA NA NA NA 896 5882 1030 NA NA NA NA NA
1566550800.0 136.79 NA 110 418 0 NA NA NA NA NA NA 187 781 0 NA NA NA NA NA NA 818 10885 1022 NA NA NA NA NA NA 1020 4799 1602 NA NA NA NA NA
1566550800.0 136.791 NA 105 347 0 NA NA NA NA NA NA 186 672 0 NA NA NA NA NA NA 617 2877 782 NA NA NA NA NA NA 757 2653 866 NA NA NA NA NA
1566550800.0 136.792 NA 110 437 0 NA NA NA NA NA NA 194 811 0 NA NA NA NA NA NA 754 14354 1068 NA NA NA NA NA NA 1456 6008 1384 NA NA NA NA NA
1566550800.0 136.793 NA 105 433 0 NA NA NA NA NA NA 182 917 0 NA NA NA NA NA NA 587 14494 1112 NA NA NA NA NA NA 851 6474 1438 NA NA NA NA NA
1566550800.0 136.794 NA 108 427 0 NA NA NA NA NA NA 188 820 0 NA NA NA NA NA NA 715 15119 1104 NA NA NA NA NA NA 955 6189 1704 NA NA NA NA NA
1566550800.0 136.795 NA 108 445 0 NA NA NA NA NA NA 186 800 0 NA NA NA NA NA NA 638 16034 1095 NA NA NA NA NA NA 999 6194 1423 NA NA NA NA NA
1566550800.0 136.7952 NA 188 0 NA NA NA NA NA NA NA 288 0 NA NA NA NA NA NA NA 3383 147 NA NA NA NA NA NA NA 2787 303 NA NA NA NA NA NA
1566550800.0 136.796 NA 108 439 0 NA NA NA NA NA NA 190 867 0 NA NA NA NA NA NA 634 15201 1086 NA NA NA NA NA NA 1419 6371 1505 NA NA NA NA NA
1566550800.0 136.797 NA 114 432 0 NA NA NA NA NA NA 190 840 0 NA NA NA NA NA NA 738 15929 1083 NA NA NA NA NA NA 856 6858 1173 NA NA NA NA NA
1566550800.0 136.798 NA 107 424 0 NA NA NA NA NA NA 190 854 0 NA NA NA NA NA NA 625 14743 1108 NA NA NA NA NA NA 1038 5905 1684 NA NA NA NA NA
1566550800.0 136.799 NA 117 483 0 NA NA NA NA NA NA 195 956 0 NA NA NA NA NA NA 698 14325 1093 NA NA NA NA NA NA 873 5890 1183 NA NA NA NA NA
1566550800.0 136.8 NA 114 453 0 NA NA NA NA NA NA 192 910 0 NA NA NA NA NA NA 656 15755 1108 NA NA NA NA NA NA 842 6172 1470 NA NA NA NA NA
1566550800.0 136.801 NA 106 405 0 NA NA NA NA NA NA 184 823 0 NA NA NA NA NA NA 547 10286 1089 NA NA NA NA NA NA 1085 4550 1803 NA NA NA NA NA
1566550800.0 136.802 NA 108 418 0 NA NA NA NA NA NA 191 821 0 NA NA NA NA NA NA 774 13802 1078 NA NA NA NA NA NA 954 6098 1232 NA NA NA NA NA
1566550800.0 136.803 NA 107 344 0 NA NA NA NA NA NA 191 751 0 NA NA NA NA NA NA 658 2887 847 NA NA NA NA NA NA 1440 3656 897 NA NA NA NA NA
1566550800.0 136.804 NA 106 427 0 NA NA NA NA NA NA 187 856 0 NA NA NA NA NA NA 724 13771 1131 NA NA NA NA NA NA 1364 5461 1493 NA NA NA NA NA
1566550800.0 136.805 NA 106 434 0 NA NA NA NA NA NA 190 865 0 NA NA NA NA NA NA 648 15504 1150 NA NA NA NA NA NA 1015 6180 1762 NA NA NA NA NA
1566550800.0 136.806 NA 110 429 0 NA NA NA NA NA NA 200 800 0 NA NA NA NA NA NA 767 14261 1117 NA NA NA NA NA NA 1231 5826 1213 NA NA NA NA NA
1566550800.0 136.807 NA 115 446 0 NA NA NA NA NA NA 191 846 0 NA NA NA NA NA NA 669 15823 1124 NA NA NA NA NA NA 763 6154 1261 NA NA NA NA NA
1566550800.0 136.808 NA 106 458 0 NA NA NA NA NA NA 198 896 0 NA NA NA NA NA NA 656 15343 1133 NA NA NA NA NA NA 998 5790 1498 NA NA NA NA NA
1566550800.0 136.809 NA 114 423 0 NA NA NA NA NA NA 195 802 0 NA NA NA NA NA NA 782 14902 1132 NA NA NA NA NA NA 872 5861 1585 NA NA NA NA NA
1566550800.0 136.81 NA 109 418 0 NA NA NA NA NA NA 178 871 0 NA NA NA NA NA NA 578 13973 1125 NA NA NA NA NA NA 1249 6013 1545 NA NA NA NA NA
1566550800.0 136.811 NA 106 476 0 NA NA NA NA NA NA 182 869 0 NA NA NA NA NA NA 674 14151 1142 NA NA NA NA NA NA 911 5649 1376 NA NA NA NA NA
1566550800.0 136.812 NA 106 451 0 NA NA NA NA NA NA 186 886 0 NA NA NA NA NA NA 609 16761 1123 NA NA NA NA NA NA 1043 6568 1258 NA NA NA NA NA
1566550800.0 136.813 NA 105 403 0 NA NA NA NA NA NA 190 804 0 NA NA NA NA NA NA 571 10278 1107 NA NA NA NA NA NA 1254 4689 1242 NA NA NA NA NA
1566550800.0 136.814 NA 115 421 0 NA NA NA NA NA NA 198 867 0 NA NA NA NA NA NA 836 14543 1110 NA NA NA NA NA NA 898 6083 1249 NA NA NA NA NA
1566550800.0 136.815 NA 109 347 0 NA NA NA NA NA NA 192 718 0 NA NA NA NA NA NA 612 3018 877 NA NA NA NA NA NA 1083 3407 1098 NA NA NA NA NA
1566550800.0 136.816 NA 108 443 0 NA NA NA NA NA NA 185 843 0 NA NA NA NA NA NA 726 21291 1123 NA NA NA NA NA NA 1334 8062 1334 NA NA NA NA NA
1566550800.0 136.817 NA 107 455 0 NA NA NA NA NA NA 184 888 0 NA NA NA NA NA NA 629 19466 1124 NA NA NA NA NA NA 1220 7268 1405 NA NA NA NA NA
1566550800.0 136.818 NA 106 441 0 NA NA NA NA NA NA 180 838 0 NA NA NA NA NA NA 804 19518 1118 NA NA NA NA NA NA 1672 7583 1374 NA NA NA NA NA
1566550800.0 136.819 NA 108 462 0 NA NA NA NA NA NA 192 909 0 NA NA NA NA NA NA 683 22439 1141 NA NA NA NA NA NA 929 8356 1348 NA NA NA NA NA
1566550800.0 136.82 NA 111 466 0 NA NA NA NA NA NA 190 897 0 NA NA NA NA NA NA 658 22247 1164 NA NA NA NA NA NA 938 8519 1789 NA NA NA NA NA
1566550800.0 136.821 NA 107 436 0 NA NA NA NA NA NA 190 814 0 NA NA NA NA NA NA 727 19504 1131 NA NA NA NA NA NA 760 8104 1615 NA NA NA NA NA
1566550800.0 136.822 NA 104 437 0 NA NA NA NA NA NA 182 820 0 NA NA NA NA NA NA 665 18826 1126 NA NA NA NA NA NA 1460 7012 1661 NA NA NA NA NA
1566550800.0 136.823 NA 113 495 0 NA NA NA NA NA NA 183 915 0 NA NA NA NA NA NA 688 17942 1213 NA NA NA NA NA NA 898 6588 1374 NA NA NA NA NA
1566550800.0 136.824 NA 122 500 0 NA NA NA NA NA NA 182 850 0 NA NA NA NA NA NA 638 23763 1023 NA NA NA NA NA NA 477 7817 1156 NA NA NA NA NA
1566550800.0 136.825 NA 107 439 0 NA NA NA NA NA NA 191 823 0 NA NA NA NA NA NA 600 12993 1118 NA NA NA NA NA NA 1252 5580 1384 NA NA NA NA NA
1566550800.0 136.826 NA 104 439 0 NA NA NA NA NA NA 180 822 0 NA NA NA NA NA NA 851 19632 1132 NA NA NA NA NA NA 1674 7847 1512 NA NA NA NA NA
1566550800.0 136.827 NA 108 350 0 NA NA NA NA NA NA 180 664 0 NA NA NA NA NA NA 555 3158 868 NA NA NA NA NA NA 1627 3248 1195 NA NA NA NA NA
1566550800.0 136.828 NA 124 459 0 NA NA NA NA NA NA 188 848 0 NA NA NA NA NA NA 659 21621 954 NA NA NA NA NA NA 441 6993 1057 NA NA NA NA NA
1566550800.0 136.829 NA 121 487 0 NA NA NA NA NA NA 186 868 0 NA NA NA NA NA NA 602 22373 1097 NA NA NA NA NA NA 466 7473 1404 NA NA NA NA NA
1566550800.0 136.83 NA 109 444 0 NA NA NA NA NA NA 191 910 0 NA NA NA NA NA NA 801 22043 1156 NA NA NA NA NA NA 906 8053 1710 NA NA NA NA NA
1566550800.0 136.831 NA 110 466 0 NA NA NA NA NA NA 189 876 0 NA NA NA NA NA NA 691 23964 1182 NA NA NA NA NA NA 2536 9833 1708 NA NA NA NA NA
1566550800.0 136.8311 NA 178 0 NA NA NA NA NA NA NA 305 0 NA NA NA NA NA NA NA 2398 163 NA NA NA NA NA NA NA 2480 449 NA NA NA NA NA NA
1566550800.0 136.832 NA 112 499 0 NA NA NA NA NA NA 189 845 0 NA NA NA NA NA NA 725 27467 1168 NA NA NA NA NA NA 1392 9474 1373 NA NA NA NA NA
1566550800.0 136.833 NA 117 458 0 NA NA NA NA NA NA 193 861 0 NA NA NA NA NA NA 727 23301 1164 NA NA NA NA NA NA 644 8815 1611 NA NA NA NA NA
1566550800.0 136.834 NA 107 447 0 NA NA NA NA NA NA 178 778 0 NA NA NA NA NA NA 611 22037 1155 NA NA NA NA NA NA 1061 8282 1598 NA NA NA NA NA
1566550800.0 136.835 NA 107 502 0 NA NA NA NA NA NA 180 862 0 NA NA NA NA NA NA 748 20194 1128 NA NA NA NA NA NA 1544 8007 1387 NA NA NA NA NA
1566550800.0 136.836 NA 112 478 0 NA NA NA NA NA NA 197 900 0 NA NA NA NA NA NA 669 23729 1119 NA NA NA NA NA NA 663 8400 1402 NA NA NA NA NA
1566550800.0 136.837 NA 107 444 0 NA NA NA NA NA NA 194 811 0 NA NA NA NA NA NA 616 16811 1117 NA NA NA NA NA NA 722 6867 1359 NA NA NA NA NA
1566550800.0 136.838 NA 106 442 0 NA NA NA NA NA NA 193 842 0 NA NA NA NA NA NA 848 22069 1136 NA NA NA NA NA NA 1127 8675 1292 NA NA NA NA NA
1566550800.0 136.839 NA 112 349 0 NA NA NA NA NA NA 194 665 0 NA NA NA NA NA NA 597 3246 872 NA NA NA NA NA NA 1403 2815 933 NA NA NA NA NA
1566550800.0 136.8391 NA 158 457 0 NA NA NA NA NA NA 239 823 0 NA NA NA NA NA NA 7493 19393 838 NA NA NA NA NA NA 9126 6462 960 NA NA NA NA NA
1566550800.0 136.84 NA 109 447 0 NA NA NA NA NA NA 192 842 0 NA NA NA NA NA NA 701 16847 1110 NA NA NA NA NA NA 755 6557 1696 NA NA NA NA NA
1566550800.0 136.841 NA 112 450 0 NA NA NA NA NA NA 186 906 0 NA NA NA NA NA NA 658 17801 1113 NA NA NA NA NA NA 824 7097 1532 NA NA NA NA NA
1566550800.0 136.842 NA 109 462 0 NA NA NA NA NA NA 189 920 0 NA NA NA NA NA NA 669 23191 1145 NA NA NA NA NA NA 1142 7951 1346 NA NA NA NA NA
1566550800.0 136.843 NA 112 469 0 NA NA NA NA NA NA 195 851 0 NA NA NA NA NA NA 688 28568 1138 NA NA NA NA NA NA 663 11602 1801 NA NA NA NA NA
1566550800.0 136.844 NA 106 436 0 NA NA NA NA NA NA 192 831 0 NA NA NA NA NA NA 798 16739 1042 NA NA NA NA NA NA 791 6955 1204 NA NA NA NA NA
1566550800.0 136.845 NA 107 420 0 NA NA NA NA NA NA 183 804 0 NA NA NA NA NA NA 776 14267 1129 NA NA NA NA NA NA 1104 7558 1664 NA NA NA NA NA
1566550800.0 136.846 NA 108 422 0 NA NA NA NA NA NA 196 832 0 NA NA NA NA NA NA 781 13657 1153 NA NA NA NA NA NA 1569 5708 1660 NA NA NA NA NA
1566550800.0 136.847 NA 105 446 0 NA NA NA NA NA NA 185 865 0 NA NA NA NA NA NA 876 20107 1143 NA NA NA NA NA NA 1674 7273 1343 NA NA NA NA NA
1566550800.0 136.848 NA 120 461 0 NA NA NA NA NA NA 191 823 0 NA NA NA NA NA NA 861 23662 982 NA NA NA NA NA NA 836 7786 1085 NA NA NA NA NA
1566550800.0 136.849 NA 245 455 0 NA NA NA NA NA NA 405 797 0 NA NA NA NA NA NA 3630 14879 1476 NA NA NA NA NA NA 4104 7038 1630 NA NA NA NA NA
1566550800.0 136.85 NA 244 503 0 NA NA NA NA NA NA 411 923 0 NA NA NA NA NA NA 3721 16543 1470 NA NA NA NA NA NA 3613 6838 1685 NA NA NA NA NA
1566550800.0 136.8501 NA 243 470 0 NA NA NA NA NA NA 418 802 0 NA NA NA NA NA NA 3741 18591 1481 NA NA NA NA NA NA 3607 7627 1895 NA NA NA NA NA
1566550800.0 136.851 NA 256 463 0 NA NA NA NA NA NA 408 750 0 NA NA NA NA NA NA 4048 16481 1484 NA NA NA NA NA NA 3407 6818 1630 NA NA NA NA NA
1566550800.0 136.852 NA 248 484 0 NA NA NA NA NA NA 411 899 0 NA NA NA NA NA NA 4086 18231 1517 NA NA NA NA NA NA 3715 7446 1712 NA NA NA NA NA
1566550800.0 136.8521 NA 179 0 NA NA NA NA NA NA NA 299 0 NA NA NA NA NA NA NA 2805 157 NA NA NA NA NA NA NA 3110 483 NA NA NA NA NA NA
1566550800.0 136.853 NA 271 546 0 NA NA NA NA NA NA 391 868 0 NA NA NA NA NA NA 3276 16307 1254 NA NA NA NA NA NA 1892 6069 1367 NA NA NA NA NA
1566550800.0 136.854 NA 250 468 0 NA NA NA NA NA NA 428 801 0 NA NA NA NA NA NA 4209 17746 1467 NA NA NA NA NA NA 3551 7174 1631 NA NA NA NA NA
1566550800.0 136.855 NA 242 511 0 NA NA NA NA NA NA 411 850 0 NA NA NA NA NA NA 3953 15377 1494 NA NA NA NA NA NA 4084 6515 1670 NA NA NA NA NA
1566550800.0 136.856 NA 235 435 0 NA NA NA NA NA NA 371 781 0 NA NA NA NA NA NA 3032 11363 1449 NA NA NA NA NA NA 3716 6030 1657 NA NA NA NA NA
1566550800.0 136.8561 NA 241 388 0 NA NA NA NA NA NA 385 714 0 NA NA NA NA NA NA 1981 3638 982 NA NA NA NA NA NA 2889 3954 1298 NA NA NA NA NA
1566550800.0 136.8562 NA 209 364 0 NA NA NA NA NA NA 347 696 0 NA NA NA NA NA NA 1806 3291 990 NA NA NA NA NA NA 3252 3784 1449 NA NA NA NA NA
1566550800.0 136.857 NA 241 464 0 NA NA NA NA NA NA 410 876 0 NA NA NA NA NA NA 4004 16238 1472 NA NA NA NA NA NA 3552 7290 1667 NA NA NA NA NA
1566550800.0 136.858 NA 233 366 0 NA NA NA NA NA NA 396 684 0 NA NA NA NA NA NA 2338 3929 1296 NA NA NA NA NA NA 3283 4674 1454 NA NA NA NA NA
1566550800.0 136.859 NA 254 492 0 NA NA NA NA NA NA 456 928 0 NA NA NA NA NA NA 4615 19748 1486 NA NA NA NA NA NA 3855 7495 1775 NA NA NA NA NA
1566550800.0 136.86 NA 272 478 0 NA NA NA NA NA NA 416 808 0 NA NA NA NA NA NA 3631 17827 1315 NA NA NA NA NA NA 2003 6335 1423 NA NA NA NA NA
1566550800.0 136.861 NA 281 479 0 NA NA NA NA NA NA 409 832 0 NA NA NA NA NA NA 3686 19545 1316 NA NA NA NA NA NA 2122 6893 1431 NA NA NA NA NA
1566550800.0 136.862 NA 276 531 0 NA NA NA NA NA NA 408 881 0 NA NA NA NA NA NA 4065 21789 1322 NA NA NA NA NA NA 2205 7923 1444 NA NA NA NA NA
1566550800.0 136.863 NA 254 475 0 NA NA NA NA NA NA 426 824 0 NA NA NA NA NA NA 4597 21576 1505 NA NA NA NA NA NA 3853 8143 1649 NA NA NA NA NA
1566550800.0 136.864 NA 286 523 0 NA NA NA NA NA NA 425 867 0 NA NA NA NA NA NA 4401 24795 1357 NA NA NA NA NA NA 2288 8431 1481 NA NA NA NA NA
1566550800.0 136.8642 NA 297 512 0 NA NA NA NA NA NA 435 892 0 NA NA NA NA NA NA 4136 24599 1329 NA NA NA NA NA NA 2281 8205 1500 NA NA NA NA NA
1566550800.0 136.8643 NA 287 512 0 NA NA NA NA NA NA 437 877 0 NA NA NA NA NA NA 4206 23919 1311 NA NA NA NA NA NA 2187 7892 1463 NA NA NA NA NA
1566550800.0 136.865 NA 282 546 0 NA NA NA NA NA NA 425 938 0 NA NA NA NA NA NA 3870 24441 1374 NA NA NA NA NA NA 2043 8602 1473 NA NA NA NA NA
1566550800.0 136.866 NA 259 481 0 NA NA NA NA NA NA 431 889 0 NA NA NA NA NA NA 4712 22038 1521 NA NA NA NA NA NA 3895 8189 1658 NA NA NA NA NA
1566550800.0 136.867 NA 274 533 0 NA NA NA NA NA NA 403 870 0 NA NA NA NA NA NA 4159 20690 1408 NA NA NA NA NA NA 2165 7307 1537 NA NA NA NA NA
1566550800.0 136.868 NA 234 456 0 NA NA NA NA NA NA 418 876 0 NA NA NA NA NA NA 3474 16634 1567 NA NA NA NA NA NA 3606 7142 2203 NA NA NA NA NA
1566550800.0 136.869 NA 275 495 0 NA NA NA NA NA NA 411 824 0 NA NA NA NA NA NA 4144 22996 1302 NA NA NA NA NA NA 2162 7867 1465 NA NA NA NA NA
1566550800.0 136.87 NA 227 373 0 NA NA NA NA NA NA 378 648 0 NA NA NA NA NA NA 2544 4172 1363 NA NA NA NA NA NA 3800 4011 1561 NA NA NA NA NA
1566550800.0 136.871 NA 295 516 0 NA NA NA NA NA NA 443 892 0 NA NA NA NA NA NA 4709 27120 1322 NA NA NA NA NA NA 2252 9032 1423 NA NA NA NA NA
1566550800.0 136.872 NA 283 500 0 NA NA NA NA NA NA 404 836 0 NA NA NA NA NA NA 4232 24643 1286 NA NA NA NA NA NA 2183 8149 1412 NA NA NA NA NA
1566550800.0 136.873 NA 271 473 0 NA NA NA NA NA NA 409 750 0 NA NA NA NA NA NA 3778 18854 1395 NA NA NA NA NA NA 2354 7108 1559 NA NA NA NA NA
1566550800.0 136.874 NA 271 573 0 NA NA NA NA NA NA 430 893 0 NA NA NA NA NA NA 3942 19903 1378 NA NA NA NA NA NA 2459 7399 1455 NA NA NA NA NA
1566550800.0 136.875 NA 253 478 0 NA NA NA NA NA NA 409 793 0 NA NA NA NA NA NA 4507 18973 1445 NA NA NA NA NA NA 3695 6944 1576 NA NA NA NA NA
1566550800.0 136.876 NA 263 509 0 NA NA NA NA NA NA 422 850 0 NA NA NA NA NA NA 4447 22191 1466 NA NA NA NA NA NA 3616 8145 1847 NA NA NA NA NA
1566550800.0 136.877 NA 271 499 0 NA NA NA NA NA NA 408 888 0 NA NA NA NA NA NA 3810 20280 1461 NA NA NA NA NA NA 2400 7449 1620 NA NA NA NA NA
1566550800.0 136.878 NA 285 481 0 NA NA NA NA NA NA 422 839 0 NA NA NA NA NA NA 4240 21135 1434 NA NA NA NA NA NA 2283 7700 1572 NA NA NA NA NA
1566550800.0 136.879 NA 254 578 0 NA NA NA NA NA NA 412 901 0 NA NA NA NA NA NA 4015 18067 1455 NA NA NA NA NA NA 2901 6445 1571 NA NA NA NA NA
1566550800.0 136.88 NA 241 452 0 NA NA NA NA NA NA 383 793 0 NA NA NA NA NA NA 3400 14733 1491 NA NA NA NA NA NA 4581 5983 1714 NA NA NA NA NA
1566550800.0 136.881 NA 239 471 0 NA NA NA NA NA NA 404 822 0 NA NA NA NA NA NA 4299 18142 1530 NA NA NA NA NA NA 3824 7917 1854 NA NA NA NA NA
1566550800.0 136.882 NA 238 417 0 NA NA NA NA NA NA 372 742 0 NA NA NA NA NA NA 2576 5062 1346 NA NA NA NA NA NA 3413 3685 1705 NA NA NA NA NA
1566550800.0 136.883 NA 281 509 0 NA NA NA NA NA NA 428 844 0 NA NA NA NA NA NA 4805 23736 1397 NA NA NA NA NA NA 3361 8571 1520 NA NA NA NA NA
1566550800.0 136.884 NA 269 478 0 NA NA NA NA NA NA 397 813 0 NA NA NA NA NA NA 4081 21008 1445 NA NA NA NA NA NA 3018 7542 1588 NA NA NA NA NA
1566550800.0 136.885 NA 269 468 0 NA NA NA NA NA NA 421 784 0 NA NA NA NA NA NA 3865 19061 1429 NA NA NA NA NA NA 2576 7138 1531 NA NA NA NA NA
1566550800.0 136.886 NA 274 559 0 NA NA NA NA NA NA 413 903 0 NA NA NA NA NA NA 4031 20146 1473 NA NA NA NA NA NA 2859 7635 1624 NA NA NA NA NA
1566550800.0 136.887 NA 242 465 0 NA NA NA NA NA NA 422 822 0 NA NA NA NA NA NA 4366 18422 1504 NA NA NA NA NA NA 3765 7401 1637 NA NA NA NA NA
1566550800.0 136.888 NA 277 502 0 NA NA NA NA NA NA 411 867 0 NA NA NA NA NA NA 4115 22214 1483 NA NA NA NA NA NA 2687 8185 1662 NA NA NA NA NA
1566550800.0 136.889 NA 266 543 0 NA NA NA NA NA NA 405 880 0 NA NA NA NA NA NA 4014 22322 1462 NA NA NA NA NA NA 2892 7949 1615 NA NA NA NA NA
1566550800.0 136.89 NA 257 497 0 NA NA NA NA NA NA 407 794 0 NA NA NA NA NA NA 4484 20307 1464 NA NA NA NA NA NA 3165 7458 1574 NA NA NA NA NA
1566550800.0 136.891 NA 251 527 0 NA NA NA NA NA NA 385 877 0 NA NA NA NA NA NA 4020 18269 1516 NA NA NA NA NA NA 2864 7455 1657 NA NA NA NA NA
1566550800.0 136.892 NA 266 465 0 NA NA NA NA NA NA 393 773 0 NA NA NA NA NA NA 3380 16845 1442 NA NA NA NA NA NA 2826 6571 1581 NA NA NA NA NA
1566550800.0 136.893 NA 254 484 0 NA NA NA NA NA NA 397 766 0 NA NA NA NA NA NA 4396 20247 1467 NA NA NA NA NA NA 2723 7478 1783 NA NA NA NA NA
1566550800.0 136.894 NA 242 439 0 NA NA NA NA NA NA 389 768 0 NA NA NA NA NA NA 3063 8804 1390 NA NA NA NA NA NA 3549 4516 1734 NA NA NA NA NA
1566550800.0 136.895 NA 278 543 0 NA NA NA NA NA NA 428 813 0 NA NA NA NA NA NA 5050 22145 1408 NA NA NA NA NA NA 3296 8024 1578 NA NA NA NA NA
1566550800.0 136.896 NA 242 488 0 NA NA NA NA NA NA 407 778 0 NA NA NA NA NA NA 4307 21663 1419 NA NA NA NA NA NA 3896 8076 1554 NA NA NA NA NA
1566550800.0 136.898 NA 257 492 0 NA NA NA NA NA NA 400 848 0 NA NA NA NA NA NA 3615 21376 1405 NA NA NA NA NA NA 2394 7842 1542 NA NA NA NA NA
1566550800.0 1360.0 64 187 317 0 NA NA NA NA NA 131 599 585 0 NA NA NA NA NA 1889 533 1851 609 NA NA NA NA NA 989 405 2017 660 NA NA NA NA NA
1566550800.0 1361.0 82 191 349 0 NA NA NA NA NA 178 600 688 0 NA NA NA NA NA 4790 525 1966 624 NA NA NA NA NA 2191 411 2009 689 NA NA NA NA NA
1566550800.0 1361.17 68 213 379 0 NA NA NA NA NA 142 598 771 0 NA NA NA NA NA 4841 2001 2068 1022 NA NA NA NA NA 2232 765 2083 1076 NA NA NA NA NA
1566550800.0 1361.18 75 286 426 0 NA NA NA NA NA 143 631 789 0 NA NA NA NA NA 4726 2160 2804 1938 NA NA NA NA NA 3135 1715 3541 2066 NA NA NA NA NA
1566550800.0 1362.0 82 207 357 0 NA NA NA NA NA 178 600 690 0 NA NA NA NA NA 9206 545 2031 627 NA NA NA NA NA 4384 383 1946 677 NA NA NA NA NA
1566550800.0 1362.17 66 213 385 0 NA NA NA NA NA 143 600 746 0 NA NA NA NA NA 8669 2079 2277 1043 NA NA NA NA NA 3857 822 2175 1099 NA NA NA NA NA
1566550800.0 1362.18 78 299 436 0 NA NA NA NA NA 145 674 760 0 NA NA NA NA NA 8332 2113 2429 1819 NA NA NA NA NA 3768 1616 2252 1927 NA NA NA NA NA
1566550800.0 1363.0 83 202 352 0 NA NA NA NA NA 180 598 685 0 NA NA NA NA NA 8800 533 1995 618 NA NA NA NA NA 4160 369 2023 665 NA NA NA NA NA
1566550800.0 1363.17 69 215 377 0 NA NA NA NA NA 144 599 747 0 NA NA NA NA NA 8615 2097 2308 1037 NA NA NA NA NA 3882 850 2281 1090 NA NA NA NA NA
1566550800.0 1363.18 74 299 417 0 NA NA NA NA NA 144 632 747 0 NA NA NA NA NA 9360 2176 2998 1969 NA NA NA NA NA 5388 1676 3147 2071 NA NA NA NA NA
1566550800.0 1364.0 NA 153 351 0 NA NA NA NA NA NA 604 687 0 NA NA NA NA NA NA 525 1903 621 NA NA NA NA NA NA 1004 2040 779 NA NA NA NA NA
1566550800.0 1365.0 NA 176 345 0 NA NA NA NA NA NA 605 678 0 NA NA NA NA NA NA 585 2032 627 NA NA NA NA NA NA 492 2044 676 NA NA NA NA NA
1566550800.0 1366.0 NA 168 346 0 NA NA NA NA NA NA 560 678 0 NA NA NA NA NA NA 532 2009 632 NA NA NA NA NA NA 411 2015 690 NA NA NA NA NA
1566550800.0 137.8 NA 283 569 NA 294 568 0 NA NA NA 410 925 NA 409 883 0 NA NA NA 3764 19626 NA 3699 19602 2177 NA NA NA 2155 7078 NA 2008 7305 2326 NA NA
1566550800.0 139901.0 NA 169 348 0 NA NA NA NA NA NA 605 653 0 NA NA NA NA NA NA 561 2041 624 NA NA NA NA NA NA 498 2008 684 NA NA NA NA NA
1566550800.0 139902.0 NA 147 352 0 NA NA NA NA NA NA 560 677 0 NA NA NA NA NA NA 563 2110 628 NA NA NA NA NA NA 685 2413 716 NA NA NA NA NA
1566550800.0 13992501.0 NA 313 587 0 NA NA NA NA NA NA 621 931 0 NA NA NA NA NA NA 2647 3920 654 NA NA NA NA NA NA 2266 3315 773 NA NA NA NA NA
1566550800.0 13992502.0 NA 326 599 0 NA NA NA NA NA NA 576 956 0 NA NA NA NA NA NA 2613 4141 652 NA NA NA NA NA NA 1888 2735 1277 NA NA NA NA NA
1566550800.0 14.0 NA 131 306 0 NA NA NA NA NA NA 557 632 0 NA NA NA NA NA NA 2319 4922 599 NA NA NA NA NA NA 1470 2850 751 NA NA NA NA NA
1566550800.0 140.0 71 172 194 0 NA NA NA NA NA 146 584 323 0 NA NA NA NA NA 4567 708 792 273 NA NA NA NA NA 2986 767 1301 344 NA NA NA NA NA
1566550800.0 140.51 NA 72 236 0 NA NA NA NA NA NA 131 357 0 NA NA NA NA NA NA 465 1791 311 NA NA NA NA NA NA 345 1178 392 NA NA NA NA NA
1566550800.0 140.52 NA 275 238 0 NA NA NA NA NA NA 405 357 0 NA NA NA NA NA NA 2275 1695 309 NA NA NA NA NA NA 1720 1100 399 NA NA NA NA NA
1566550800.0 140.53 NA 313 0 NA NA NA NA NA NA NA 476 0 NA NA NA NA NA NA NA 3671 350 NA NA NA NA NA NA NA 3862 431 NA NA NA NA NA NA
1566550800.0 140.54 NA 264 0 NA NA NA NA NA NA NA 628 0 NA NA NA NA NA NA NA 1835 466 NA NA NA NA NA NA NA 3108 608 NA NA NA NA NA NA
1566550800.0 140.55 NA 95 80 389 0 NA NA NA NA NA 164 172 689 0 NA NA NA NA NA 1458 1965 14148 346 NA NA NA NA NA 813 690 4322 391 NA NA NA NA
1566550800.0 140.56 NA 674 0 NA NA NA NA NA NA NA 1380 0 NA NA NA NA NA NA NA 19566 861 NA NA NA NA NA NA NA 7662 1084 NA NA NA NA NA NA
1566550800.0 140.57 NA 440 0 NA NA NA NA NA NA NA 693 0 NA NA NA NA NA NA NA 3750 866 NA NA NA NA NA NA NA 3457 1100 NA NA NA NA NA NA
1566550800.0 144.6 NA 302 NA NA NA NA NA NA NA NA 605 NA NA NA NA NA NA NA NA 3107 NA NA NA NA NA NA NA NA 2968 NA NA NA NA NA NA NA
1566550800.0 145.0 68 194 206 0 NA NA NA NA NA 133 540 333 0 NA NA NA NA NA 3900 427 850 273 NA NA NA NA NA 2362 508 826 353 NA NA NA NA NA
1566550800.0 148.0 57 179 369 0 NA NA NA NA NA 110 600 726 0 NA NA NA NA NA 1027 1349 1859 968 NA NA NA NA NA 924 890 2074 1059 NA NA NA NA NA
1566550800.0 149.0 56 220 365 0 NA NA NA NA NA 120 600 735 0 NA NA NA NA NA 1701 1712 2006 1033 NA NA NA NA NA 1032 821 2144 1093 NA NA NA NA NA
1566550800.0 15.0 NA 133 281 0 NA NA NA NA NA NA 557 612 0 NA NA NA NA NA NA 1594 2303 540 NA NA NA NA NA NA 1135 2608 894 NA NA NA NA NA
1566550800.0 150.0 67 198 257 0 NA NA NA NA NA 130 553 406 0 NA NA NA NA NA 4475 750 886 442 NA NA NA NA NA 2665 517 931 495 NA NA NA NA NA
1566550800.0 158.0 64 268 383 72 0 NA NA NA NA 126 594 716 122 0 NA NA NA NA 3998 884 2347 221 1161 NA NA NA NA 2794 807 2320 305 1209 NA NA NA NA
1566550800.0 158.1 NA 224 374 0 NA NA NA NA NA NA 598 739 0 NA NA NA NA NA NA 953 2495 1274 NA NA NA NA NA NA 2155 3615 1461 NA NA NA NA NA
1566550800.0 158.2 NA 238 372 0 NA NA NA NA NA NA 643 697 0 NA NA NA NA NA NA 989 2213 1166 NA NA NA NA NA NA 1373 4466 1427 NA NA NA NA NA
1566550800.0 158.3 NA 235 373 0 NA NA NA NA NA NA 644 759 0 NA NA NA NA NA NA 1033 2199 1173 NA NA NA NA NA NA 1378 4249 1599 NA NA NA NA NA
1566550800.0 16.0 NA 142 289 0 NA NA NA NA NA NA 602 572 0 NA NA NA NA NA NA 1825 2799 592 NA NA NA NA NA NA 1311 2858 1131 NA NA NA NA NA
1566550800.0 17.0 NA 163 277 0 NA NA NA NA NA NA 557 636 0 NA NA NA NA NA NA 1562 2332 544 NA NA NA NA NA NA 689 2235 648 NA NA NA NA NA
1566550800.0 18.0 NA 114 275 0 NA NA NA NA NA NA 602 660 0 NA NA NA NA NA NA 1567 2213 529 NA NA NA NA NA NA 1409 2345 730 NA NA NA NA NA
1566550800.0 19.0 NA 125 279 0 NA NA NA NA NA NA 554 615 0 NA NA NA NA NA NA 1620 2248 544 NA NA NA NA NA NA 1373 2232 831 NA NA NA NA NA
1566550800.0 2.0 77 145 215 NA NA NA NA NA NA 206 584 565 NA NA NA NA NA NA 2938 526 1456 NA NA NA NA NA NA 1458 435 1368 NA NA NA NA NA NA
1566550800.0 20.0 NA 140 286 0 NA NA NA NA NA NA 602 616 0 NA NA NA NA NA NA 1698 2514 569 NA NA NA NA NA NA 743 2091 642 NA NA NA NA NA
1566550800.0 200.0 NA 172 348 0 NA NA NA NA NA NA 571 678 0 NA NA NA NA NA NA 857 2336 571 NA NA NA NA NA NA 1204 2806 772 NA NA NA NA NA
1566550800.0 20034.0 NA 293 375 0 NA NA NA NA NA NA 437 674 0 NA NA NA NA NA NA 2495 2634 682 NA NA NA NA NA NA 1459 2209 736 NA NA NA NA NA
1566550800.0 20034.1 NA 298 195 0 NA NA NA NA NA NA 435 306 0 NA NA NA NA NA NA 2720 1219 313 NA NA NA NA NA NA 2336 1285 472 NA NA NA NA NA
1566550800.0 20034.11 NA 294 374 0 NA NA NA NA NA NA 462 752 0 NA NA NA NA NA NA 2543 2734 689 NA NA NA NA NA NA 2912 3280 996 NA NA NA NA NA
1566550800.0 2017.1 419 0 146 NA NA NA NA NA NA 883 0 230 NA NA NA NA NA NA 1559 284 627 NA NA NA NA NA NA 1338 348 712 NA NA NA NA NA NA
1566550800.0 2017.11 418 0 144 NA NA NA NA NA NA 883 0 235 NA NA NA NA NA NA 1995 300 719 NA NA NA NA NA NA 1453 378 720 NA NA NA NA NA NA
1566550800.0 2017.12 387 0 146 NA NA NA NA NA NA 884 0 218 NA NA NA NA NA NA 1909 292 600 NA NA NA NA NA NA 1532 394 691 NA NA NA NA NA NA
1566550800.0 2017.13 424 0 NA NA NA NA NA NA NA 834 0 NA NA NA NA NA NA NA 1770 392 NA NA NA NA NA NA NA 1551 867 NA NA NA NA NA NA NA
1566550800.0 2017.2 350 0 142 NA NA NA NA NA NA 841 0 218 NA NA NA NA NA NA 1566 275 578 NA NA NA NA NA NA 1539 335 680 NA NA NA NA NA NA
1566550800.0 2017.3 343 0 133 NA NA NA NA NA NA 884 0 215 NA NA NA NA NA NA 1329 282 584 NA NA NA NA NA NA 1248 361 699 NA NA NA NA NA NA
1566550800.0 2017.4 400 0 144 NA NA NA NA NA NA 885 0 231 NA NA NA NA NA NA 1526 275 602 NA NA NA NA NA NA 1296 353 688 NA NA NA NA NA NA
1566550800.0 2017.5 414 0 145 NA NA NA NA NA NA 883 0 232 NA NA NA NA NA NA 1633 286 592 NA NA NA NA NA NA 1476 360 683 NA NA NA NA NA NA
1566550800.0 2017.6 420 0 147 NA NA NA NA NA NA 884 0 225 NA NA NA NA NA NA 1774 297 655 NA NA NA NA NA NA 1511 418 726 NA NA NA NA NA NA
1566550800.0 2017.7 413 0 146 NA NA NA NA NA NA 883 0 225 NA NA NA NA NA NA 1486 280 685 NA NA NA NA NA NA 1487 358 907 NA NA NA NA NA NA
1566550800.0 2017.8 189 NA NA NA NA NA NA NA NA 306 NA NA NA NA NA NA NA NA 565 NA NA NA NA NA NA NA NA 803 NA NA NA NA NA NA NA NA
1566550800.0 2017.9 416 0 143 NA NA NA NA NA NA 840 0 221 NA NA NA NA NA NA 1385 283 569 NA NA NA NA NA NA 1298 379 701 NA NA NA NA NA NA
1566550800.0 2018.1 393 0 131 NA NA NA NA NA NA 885 0 220 NA NA NA NA NA NA 1661 314 731 NA NA NA NA NA NA 1967 472 989 NA NA NA NA NA NA
1566550800.0 2018.11 404 0 136 NA NA NA NA NA NA 839 0 229 NA NA NA NA NA NA 1877 325 802 NA NA NA NA NA NA 1505 519 1064 NA NA NA NA NA NA
1566550800.0 2018.12 382 0 130 NA NA NA NA NA NA 884 0 224 NA NA NA NA NA NA 1587 301 677 NA NA NA NA NA NA 2655 373 986 NA NA NA NA NA NA
1566550800.0 2018.13 432 0 NA NA NA NA NA NA NA 844 0 NA NA NA NA NA NA NA 1793 350 NA NA NA NA NA NA NA 1585 440 NA NA NA NA NA NA NA
1566550800.0 2018.2 331 0 131 NA NA NA NA NA NA 885 0 226 NA NA NA NA NA NA 1453 317 657 NA NA NA NA NA NA 1856 1113 963 NA NA NA NA NA NA
1566550800.0 2018.3 333 0 129 NA NA NA NA NA NA 885 0 224 NA NA NA NA NA NA 1466 320 688 NA NA NA NA NA NA 1898 1022 1705 NA NA NA NA NA NA
1566550800.0 2018.4 391 0 128 NA NA NA NA NA NA 840 0 219 NA NA NA NA NA NA 1549 316 679 NA NA NA NA NA NA 1590 549 950 NA NA NA NA NA NA
1566550800.0 2018.5 388 0 127 NA NA NA NA NA NA 885 0 224 NA NA NA NA NA NA 1541 318 692 NA NA NA NA NA NA 1696 436 1417 NA NA NA NA NA NA
1566550800.0 2018.6 393 0 134 NA NA NA NA NA NA 840 0 221 NA NA NA NA NA NA 1660 321 773 NA NA NA NA NA NA 2085 534 1296 NA NA NA NA NA NA
1566550800.0 2018.7 389 0 130 NA NA NA NA NA NA 885 0 212 NA NA NA NA NA NA 1611 320 712 NA NA NA NA NA NA 2169 842 1162 NA NA NA NA NA NA
1566550800.0 2018.8 195 NA NA NA NA NA NA NA NA 298 NA NA NA NA NA NA NA NA 596 NA NA NA NA NA NA NA NA 1065 NA NA NA NA NA NA NA NA
1566550800.0 2018.9 372 0 129 NA NA NA NA NA NA 882 0 217 NA NA NA NA NA NA 1596 323 688 NA NA NA NA NA NA 2683 566 1387 NA NA NA NA NA NA
1566550800.0 202.0 NA 185 371 0 NA NA NA NA NA NA 570 703 0 NA NA NA NA NA NA 947 2580 581 NA NA NA NA NA NA 1880 2717 824 NA NA NA NA NA
1566550800.0 20234.99 NA 639 785 1030 0 NA NA NA NA NA 965 1222 1559 0 NA NA NA NA NA 11179 8886 23579 715 NA NA NA NA NA 6174 3181 7504 826 NA NA NA NA
1566550800.0 20261.97 666 NA NA NA NA NA NA NA NA 1022 NA NA NA NA NA NA NA NA 10050 NA NA NA NA NA NA NA NA 3872 NA NA NA NA NA NA NA NA
1566550800.0 203.0 NA 187 365 0 NA NA NA NA NA NA 615 699 0 NA NA NA NA NA NA 896 2541 577 NA NA NA NA NA NA 1319 2711 817 NA NA NA NA NA
1566550800.0 204.0 80 188 372 0 NA NA NA NA NA 211 602 695 0 NA NA NA NA NA 2673 876 2457 568 NA NA NA NA NA 1249 649 2144 612 NA NA NA NA NA
1566550800.0 20434.0 97 314 393 0 NA NA NA NA NA 169 518 688 0 NA NA NA NA NA 6126 2571 2829 691 NA NA NA NA NA 2547 1462 2386 742 NA NA NA NA NA
1566550800.0 205.0 NA 187 360 0 NA NA NA NA NA NA 570 693 0 NA NA NA NA NA NA 984 2533 562 NA NA NA NA NA NA 975 2593 763 NA NA NA NA NA
1566550800.0 21.0 NA 131 285 0 NA NA NA NA NA NA 557 656 0 NA NA NA NA NA NA 1700 2510 562 NA NA NA NA NA NA 1853 2665 695 NA NA NA NA NA
1566550800.0 21234.0 85 297 388 0 NA NA NA NA NA 151 461 690 0 NA NA NA NA NA 5752 2561 2737 680 NA NA NA NA NA 2621 1458 2304 725 NA NA NA NA NA
1566550800.0 21234.11 95 302 387 0 NA NA NA NA NA 163 486 710 0 NA NA NA NA NA 6354 2710 3416 709 NA NA NA NA NA 3672 2217 3766 891 NA NA NA NA NA
1566550800.0 22.0 NA 137 285 0 NA NA NA NA NA NA 602 665 0 NA NA NA NA NA NA 1735 2844 562 NA NA NA NA NA NA 1286 2742 832 NA NA NA NA NA
1566550800.0 22434.0 99 314 392 0 NA NA NA NA NA 169 435 704 0 NA NA NA NA NA 7054 2984 3792 757 NA NA NA NA NA 3430 2133 3458 955 NA NA NA NA NA
1566550800.0 23.0 NA 136 296 0 NA NA NA NA NA NA 603 603 0 NA NA NA NA NA NA 2151 3210 612 NA NA NA NA NA NA 1941 2803 827 NA NA NA NA NA
1566550800.0 24.0 NA 130 302 0 NA NA NA NA NA NA 557 688 0 NA NA NA NA NA NA 2295 4062 609 NA NA NA NA NA NA 1683 2708 718 NA NA NA NA NA
1566550800.0 24034.0 76 269 363 0 NA NA NA NA NA 136 427 684 0 NA NA NA NA NA 6014 2422 2703 563 NA NA NA NA NA 3125 2189 3138 1161 NA NA NA NA NA
1566550800.0 25.0 NA 145 318 0 75 NA NA NA NA NA 603 666 0 138 NA NA NA NA NA 2466 4621 600 351 NA NA NA NA NA 933 2648 665 351 NA NA NA NA
1566550800.0 250199.0 335 NA NA NA NA NA NA NA NA 620 NA NA NA NA NA NA NA NA 3416 NA NA NA NA NA NA NA NA 2039 NA NA NA NA NA NA NA NA
1566550800.0 250199.17 349 NA NA NA NA NA NA NA NA 577 NA NA NA NA NA NA NA NA 3887 NA NA NA NA NA NA NA NA 1992 NA NA NA NA NA NA NA NA
1566550800.0 250199.18 413 NA NA NA NA NA NA NA NA 622 NA NA NA NA NA NA NA NA 5220 NA NA NA NA NA NA NA NA 2687 NA NA NA NA NA NA NA NA
1566550800.0 250200.0 NA 328 424 0 NA NA NA NA NA NA 671 743 0 NA NA NA NA NA NA 12853 3489 678 NA NA NA NA NA NA 6248 2452 962 NA NA NA NA NA
1566550800.0 250200.1 88 328 242 NA NA NA NA NA NA 172 617 597 NA NA NA NA NA NA 2356 1738 2185 NA NA NA NA NA NA 1107 936 1761 NA NA NA NA NA NA
1566550800.0 250200.117 63 426 258 NA NA NA NA NA NA 139 736 590 NA NA NA NA NA NA 2534 4572 2200 NA NA NA NA NA NA 1660 1960 2278 NA NA NA NA NA NA
1566550800.0 250200.118 64 552 303 156 NA NA NA NA NA 139 811 635 279 NA NA NA NA NA 2350 3940 2681 718 NA NA NA NA NA 1155 2264 1799 774 NA NA NA NA NA
1566550800.0 250200.17 NA 437 477 0 NA NA NA NA NA NA 840 805 0 NA NA NA NA NA NA 16510 4298 1105 NA NA NA NA NA NA 5647 3271 1731 NA NA NA NA NA
1566550800.0 250200.18 NA 551 544 0 NA NA NA NA NA NA 1108 816 0 NA NA NA NA NA NA 24933 5240 2129 NA NA NA NA NA NA 9008 3381 2372 NA NA NA NA NA
1566550800.0 250202.0 NA 346 423 0 NA NA NA NA NA NA 772 762 0 NA NA NA NA NA NA 13352 3713 689 NA NA NA NA NA NA 6265 3073 876 NA NA NA NA NA
1566550800.0 250202.1 NA 330 335 433 0 NA NA NA NA NA 620 657 743 0 NA NA NA NA NA 2952 13831 3756 654 NA NA NA NA NA 1430 4369 2443 723 NA NA NA NA
1566550800.0 250202.118 66 532 322 163 NA NA NA NA NA 141 915 736 276 NA NA NA NA NA 3174 3946 2935 725 NA NA NA NA NA 1382 2276 1771 765 NA NA NA NA NA
1566550800.0 250202.17 NA 438 486 0 NA NA NA NA NA NA 826 818 0 NA NA NA NA NA NA 16517 4440 1123 NA NA NA NA NA NA 8128 3750 1287 NA NA NA NA NA
1566550800.0 250202.171 NA 344 453 479 0 NA NA NA NA NA 574 899 784 0 NA NA NA NA NA 3626 16952 4444 1102 NA NA NA NA NA 1974 5492 2791 1156 NA NA NA NA
1566550800.0 250202.18 NA 565 575 0 NA NA NA NA NA NA 1109 846 0 NA NA NA NA NA NA 25388 6045 1933 NA NA NA NA NA NA 9827 3558 2045 NA NA NA NA NA
1566550800.0 250202.181 NA 426 570 573 0 NA NA NA NA NA 622 1083 792 0 NA NA NA NA NA 5343 24404 5906 1855 NA NA NA NA NA 2232 8656 3350 1999 NA NA NA NA
1566550800.0 250203.0 NA 336 422 0 NA NA NA NA NA NA 671 728 0 NA NA NA NA NA NA 12728 3722 669 NA NA NA NA NA NA 6330 3593 882 NA NA NA NA NA
1566550800.0 250203.17 NA 438 474 0 NA NA NA NA NA NA 775 830 0 NA NA NA NA NA NA 16514 3823 1112 NA NA NA NA NA NA 6281 2861 1321 NA NA NA NA NA
1566550800.0 250203.18 NA 569 554 0 NA NA NA NA NA NA 1109 880 0 NA NA NA NA NA NA 26631 5179 1962 NA NA NA NA NA NA 10332 3493 2058 NA NA NA NA NA
1566550800.0 250204.0 NA 348 445 0 NA NA NA NA NA NA 723 753 0 NA NA NA NA NA NA 13127 3466 647 NA NA NA NA NA NA 4971 3065 734 NA NA NA NA NA
1566550800.0 250204.17 NA 427 477 0 NA NA NA NA NA NA 839 830 0 NA NA NA NA NA NA 17197 3943 1076 NA NA NA NA NA NA 5745 2983 1135 NA NA NA NA NA
1566550800.0 250204.18 NA 572 569 0 NA NA NA NA NA NA 981 883 0 NA NA NA NA NA NA 25575 5123 1953 NA NA NA NA NA NA 8981 3064 2040 NA NA NA NA NA
1566550800.0 250205.0 NA 344 418 0 NA NA NA NA NA NA 723 744 0 NA NA NA NA NA NA 13310 3554 677 NA NA NA NA NA NA 5542 3298 1007 NA NA NA NA NA
1566550800.0 250205.17 NA 432 497 0 NA NA NA NA NA NA 775 770 0 NA NA NA NA NA NA 17138 3825 1138 NA NA NA NA NA NA 5885 3241 1596 NA NA NA NA NA
1566550800.0 250205.18 NA 542 566 0 NA NA NA NA NA NA 1043 846 0 NA NA NA NA NA NA 23104 4803 1969 NA NA NA NA NA NA 10717 2945 2082 NA NA NA NA NA
1566550800.0 250206.0 NA 331 422 0 NA NA NA NA NA NA 720 751 0 NA NA NA NA NA NA 12983 3505 678 NA NA NA NA NA NA 5665 2787 938 NA NA NA NA NA
1566550800.0 250206.118 66 523 309 151 NA NA NA NA NA 139 760 699 266 NA NA NA NA NA 1592 3111 2198 706 NA NA NA NA NA 926 2001 1627 762 NA NA NA NA NA
1566550800.0 250206.17 NA 431 466 0 NA NA NA NA NA NA 787 785 0 NA NA NA NA NA NA 17211 3887 1052 NA NA NA NA NA NA 5843 2952 1108 NA NA NA NA NA
1566550800.0 250206.18 NA 548 627 0 NA NA NA NA NA NA 1107 831 0 NA NA NA NA NA NA 25718 5412 2007 NA NA NA NA NA NA 9816 3190 2093 NA NA NA NA NA
1566550800.0 250206.181 NA 429 549 615 0 NA NA NA NA NA 672 1020 913 0 NA NA NA NA NA 4931 24188 5254 1827 NA NA NA NA NA 2003 8514 2997 1906 NA NA NA NA
1566550800.0 250207.0 NA 335 443 0 NA NA NA NA NA NA 724 764 0 NA NA NA NA NA NA 13179 3096 617 NA NA NA NA NA NA 4364 2318 699 NA NA NA NA NA
1566550800.0 250207.17 NA 432 456 0 NA NA NA NA NA NA 890 820 0 NA NA NA NA NA NA 16013 3586 1058 NA NA NA NA NA NA 5797 2580 1131 NA NA NA NA NA
1566550800.0 250207.18 NA 543 586 0 NA NA NA NA NA NA 1043 848 0 NA NA NA NA NA NA 22993 4778 1994 NA NA NA NA NA NA 9177 3005 2102 NA NA NA NA NA
1566550800.0 250208.17 NA 443 520 0 NA NA NA NA NA NA 776 847 0 NA NA NA NA NA NA 18307 5051 963 NA NA NA NA NA NA 5742 2829 1090 NA NA NA NA NA
1566550800.0 250208.18 NA 576 591 0 NA NA NA NA NA NA 1110 847 0 NA NA NA NA NA NA 26915 7120 1957 NA NA NA NA NA NA 10196 3876 2046 NA NA NA NA NA
1566550800.0 250399.0 222 NA NA NA NA NA NA NA NA 623 NA NA NA NA NA NA NA NA 1314 NA NA NA NA NA NA NA NA 1161 NA NA NA NA NA NA NA NA
1566550800.0 250399.17 303 NA NA NA NA NA NA NA NA 618 NA NA NA NA NA NA NA NA 1604 NA NA NA NA NA NA NA NA 1073 NA NA NA NA NA NA NA NA
1566550800.0 250399.18 311 NA NA NA NA NA NA NA NA 572 NA NA NA NA NA NA NA NA 1494 NA NA NA NA NA NA NA NA 953 NA NA NA NA NA NA NA NA
1566550800.0 250400.0 394 0 143 NA NA NA NA NA NA 844 0 236 NA NA NA NA NA NA 1803 252 626 NA NA NA NA NA NA 1649 346 725 NA NA NA NA NA NA
1566550800.0 250400.17 431 0 152 NA NA NA NA NA NA 871 0 234 NA NA NA NA NA NA 2086 385 681 NA NA NA NA NA NA 1614 679 749 NA NA NA NA NA NA
1566550800.0 250400.18 445 0 136 NA NA NA NA NA NA 889 0 247 NA NA NA NA NA NA 2188 295 766 NA NA NA NA NA NA 2152 378 1209 NA NA NA NA NA NA
1566550800.0 250402.0 400 0 139 NA NA NA NA NA NA 844 0 231 NA NA NA NA NA NA 1741 260 658 NA NA NA NA NA NA 1534 356 758 NA NA NA NA NA NA
1566550800.0 250402.1 220 352 0 NA NA NA NA NA NA 577 791 0 NA NA NA NA NA NA 1177 1846 281 NA NA NA NA NA NA 2295 2008 411 NA NA NA NA NA NA
1566550800.0 250402.17 451 0 152 NA NA NA NA NA NA 780 0 235 NA NA NA NA NA NA 2268 288 736 NA NA NA NA NA NA 1714 359 737 NA NA NA NA NA NA
1566550800.0 250402.171 306 450 0 NA NA NA NA NA NA 617 882 0 NA NA NA NA NA NA 1533 2194 285 NA NA NA NA NA NA 921 1586 361 NA NA NA NA NA NA
1566550800.0 250402.18 443 0 139 NA NA NA NA NA NA 891 0 246 NA NA NA NA NA NA 2277 299 792 NA NA NA NA NA NA 1902 363 1045 NA NA NA NA NA NA
1566550800.0 250402.181 304 439 0 NA NA NA NA NA NA 614 884 0 NA NA NA NA NA NA 1598 2267 315 NA NA NA NA NA NA 2073 1908 489 NA NA NA NA NA NA
1566550800.0 250403.0 377 0 146 NA NA NA NA NA NA 802 0 231 NA NA NA NA NA NA 1633 250 627 NA NA NA NA NA NA 1460 323 698 NA NA NA NA NA NA
1566550800.0 250403.17 438 0 145 NA NA NA NA NA NA 846 0 224 NA NA NA NA NA NA 2288 293 699 NA NA NA NA NA NA 1969 399 741 NA NA NA NA NA NA
1566550800.0 250403.18 442 0 146 NA NA NA NA NA NA 889 0 241 NA NA NA NA NA NA 2198 296 768 NA NA NA NA NA NA 3158 382 929 NA NA NA NA NA NA
1566550800.0 250405.0 389 0 145 NA NA NA NA NA NA 797 0 231 NA NA NA NA NA NA 1663 238 634 NA NA NA NA NA NA 1509 307 725 NA NA NA NA NA NA
1566550800.0 250405.17 504 0 152 NA NA NA NA NA NA 1067 0 232 NA NA NA NA NA NA 2289 282 672 NA NA NA NA NA NA 1737 365 732 NA NA NA NA NA NA
1566550800.0 250405.18 440 0 142 NA NA NA NA NA NA 824 0 229 NA NA NA NA NA NA 2011 311 765 NA NA NA NA NA NA 2230 526 1341 NA NA NA NA NA NA
1566550800.0 250406.0 382 0 148 NA NA NA NA NA NA 846 0 222 NA NA NA NA NA NA 1435 246 599 NA NA NA NA NA NA 1393 319 683 NA NA NA NA NA NA
1566550800.0 250406.17 457 0 151 NA NA NA NA NA NA 845 0 228 NA NA NA NA NA NA 1729 303 634 NA NA NA NA NA NA 1516 375 719 NA NA NA NA NA NA
1566550800.0 250406.18 416 0 135 NA NA NA NA NA NA 843 0 232 NA NA NA NA NA NA 1767 314 740 NA NA NA NA NA NA 1703 489 1909 NA NA NA NA NA NA
1566550800.0 250407.0 321 0 147 NA NA NA NA NA NA 842 0 229 NA NA NA NA NA NA 1713 239 647 NA NA NA NA NA NA 1673 340 745 NA NA NA NA NA NA
1566550800.0 250407.17 397 0 152 NA NA NA NA NA NA 890 0 236 NA NA NA NA NA NA 1677 263 677 NA NA NA NA NA NA 1464 339 716 NA NA NA NA NA NA
1566550800.0 250407.18 386 0 139 NA NA NA NA NA NA 888 0 232 NA NA NA NA NA NA 1895 273 746 NA NA NA NA NA NA 1917 336 1163 NA NA NA NA NA NA
1566550800.0 250408.0 402 0 153 NA NA NA NA NA NA 843 0 230 NA NA NA NA NA NA 1782 274 670 NA NA NA NA NA NA 1501 367 694 NA NA NA NA NA NA
1566550800.0 250408.17 435 0 140 NA NA NA NA NA NA 889 0 235 NA NA NA NA NA NA 2179 323 811 NA NA NA NA NA NA 2249 604 945 NA NA NA NA NA NA
1566550800.0 250408.18 451 0 145 NA NA NA NA NA NA 888 0 236 NA NA NA NA NA NA 2138 303 804 NA NA NA NA NA NA 1650 390 1012 NA NA NA NA NA NA
1566550800.0 250409.0 397 0 153 NA NA NA NA NA NA 844 0 234 NA NA NA NA NA NA 2292 264 776 NA NA NA NA NA NA 2020 330 749 NA NA NA NA NA NA
1566550800.0 250409.17 440 0 148 NA NA NA NA NA NA 889 0 235 NA NA NA NA NA NA 2457 324 877 NA NA NA NA NA NA 2006 490 823 NA NA NA NA NA NA
1566550800.0 250409.18 466 0 141 NA NA NA NA NA NA 846 0 251 NA NA NA NA NA NA 2623 304 938 NA NA NA NA NA NA 2632 373 1123 NA NA NA NA NA NA
1566550800.0 25200.0 NA 345 610 0 NA NA NA NA NA NA 619 916 0 NA NA NA NA NA NA 2606 3832 651 NA NA NA NA NA NA 2571 2989 937 NA NA NA NA NA
1566550800.0 25202.0 NA 337 604 0 NA NA NA NA NA NA 621 931 0 NA NA NA NA NA NA 2662 4094 649 NA NA NA NA NA NA 2236 2625 711 NA NA NA NA NA
1566550800.0 25203.0 NA 337 597 0 NA NA NA NA NA NA 621 934 0 NA NA NA NA NA NA 2576 3696 647 NA NA NA NA NA NA 1208 2905 791 NA NA NA NA NA
1566550800.0 25204.0 NA 339 622 0 NA NA NA NA NA NA 619 931 0 NA NA NA NA NA NA 2757 3890 645 NA NA NA NA NA NA 1734 2759 971 NA NA NA NA NA
1566550800.0 25205.0 NA 352 615 0 NA NA NA NA NA NA 576 942 0 NA NA NA NA NA NA 2682 4012 640 NA NA NA NA NA NA 1621 3071 723 NA NA NA NA NA
1566550800.0 25206.0 NA 343 653 0 NA NA NA NA NA NA 619 966 0 NA NA NA NA NA NA 2685 3887 650 NA NA NA NA NA NA 1694 2629 1261 NA NA NA NA NA
1566550800.0 25207.0 NA 331 597 0 NA NA NA NA NA NA 619 956 0 NA NA NA NA NA NA 2574 3632 635 NA NA NA NA NA NA 2109 3086 904 NA NA NA NA NA
1566550800.0 25208.0 NA 341 665 0 NA NA NA NA NA NA 621 981 0 NA NA NA NA NA NA 2708 5141 659 NA NA NA NA NA NA 1975 2917 1065 NA NA NA NA NA
1566550800.0 25209.0 NA 330 610 0 NA NA NA NA NA NA 576 957 0 NA NA NA NA NA NA 2670 4182 647 NA NA NA NA NA NA 2000 2977 1095 NA NA NA NA NA
1566550800.0 25210.0 68 270 488 0 NA NA NA NA NA 142 529 767 0 NA NA NA NA NA 2150 803 2408 617 NA NA NA NA NA 998 721 2192 659 NA NA NA NA NA
1566550800.0 25211.0 85 344 621 0 NA NA NA NA NA 174 621 1000 0 NA NA NA NA NA 4812 2677 3987 629 NA NA NA NA NA 2124 1121 2719 686 NA NA NA NA NA
1566550800.0 25211.17 65 404 616 0 NA NA NA NA NA 144 623 982 0 NA NA NA NA NA 5232 4273 4121 1035 NA NA NA NA NA 3157 1622 2656 1084 NA NA NA NA NA
1566550800.0 25211.18 74 507 719 0 NA NA NA NA NA 145 816 1049 0 NA NA NA NA NA 5091 6730 7024 1847 NA NA NA NA NA 2365 3498 3918 1969 NA NA NA NA NA
1566550800.0 25212.0 77 339 611 0 NA NA NA NA NA 183 619 997 0 NA NA NA NA NA 8607 2871 4379 654 NA NA NA NA NA 3910 1361 3093 713 NA NA NA NA NA
1566550800.0 25212.17 67 386 621 0 NA NA NA NA NA 144 577 932 0 NA NA NA NA NA 9258 4616 4821 1082 NA NA NA NA NA 4511 1858 3139 1144 NA NA NA NA NA
1566550800.0 25212.18 76 521 785 0 NA NA NA NA NA 145 815 1196 0 NA NA NA NA NA 8175 6392 6805 1859 NA NA NA NA NA 3660 3028 3726 1963 NA NA NA NA NA
1566550800.0 25213.0 82 335 595 0 NA NA NA NA NA 179 576 953 0 NA NA NA NA NA 8329 3015 4232 654 NA NA NA NA NA 3905 1269 2848 722 NA NA NA NA NA
1566550800.0 25213.17 69 403 605 0 NA NA NA NA NA 145 628 997 0 NA NA NA NA NA 8638 4541 4548 1071 NA NA NA NA NA 4668 1870 3095 1136 NA NA NA NA NA
1566550800.0 25213.18 75 503 722 0 NA NA NA NA NA 146 869 1056 0 NA NA NA NA NA 10580 6693 7405 1898 NA NA NA NA NA 6192 3521 3964 1971 NA NA NA NA NA
1566550800.0 25214.0 NA 343 626 0 NA NA NA NA NA NA 621 955 0 NA NA NA NA NA NA 2885 4716 650 NA NA NA NA NA NA 1288 2903 710 NA NA NA NA NA
1566550800.0 25400.0 473 0 137 NA NA NA NA NA NA 892 0 227 NA NA NA NA NA NA 4316 292 702 NA NA NA NA NA NA 2671 400 985 NA NA NA NA NA NA
1566550800.0 25400.17 580 0 134 NA NA NA NA NA NA 995 0 228 NA NA NA NA NA NA 8180 312 847 NA NA NA NA NA NA 3326 365 1474 NA NA NA NA NA NA
1566550800.0 25400.18 585 0 144 NA NA NA NA NA NA 994 0 226 NA NA NA NA NA NA 8348 315 781 NA NA NA NA NA NA 3638 378 865 NA NA NA NA NA NA
1566550800.0 25402.0 480 0 135 NA NA NA NA NA NA 891 0 237 NA NA NA NA NA NA 4789 319 756 NA NA NA NA NA NA 2832 884 970 NA NA NA NA NA NA
1566550800.0 25402.17 577 0 141 NA NA NA NA NA NA 995 0 223 NA NA NA NA NA NA 8763 322 828 NA NA NA NA NA NA 3752 402 926 NA NA NA NA NA NA
1566550800.0 25402.18 600 0 140 NA NA NA NA NA NA 1045 0 234 NA NA NA NA NA NA 9189 317 800 NA NA NA NA NA NA 3704 395 808 NA NA NA NA NA NA
1566550800.0 25403.0 481 0 144 NA NA NA NA NA NA 826 0 237 NA NA NA NA NA NA 4215 276 681 NA NA NA NA NA NA 2076 371 724 NA NA NA NA NA NA
1566550800.0 25403.17 568 0 145 NA NA NA NA NA NA 996 0 235 NA NA NA NA NA NA 7595 315 720 NA NA NA NA NA NA 3439 395 730 NA NA NA NA NA NA
1566550800.0 25403.18 586 0 136 NA NA NA NA NA NA 993 0 233 NA NA NA NA NA NA 7333 317 764 NA NA NA NA NA NA 3229 380 860 NA NA NA NA NA NA
1566550800.0 25405.0 463 0 132 NA NA NA NA NA NA 890 0 232 NA NA NA NA NA NA 4136 296 691 NA NA NA NA NA NA 2912 619 905 NA NA NA NA NA NA
1566550800.0 25405.17 580 0 135 NA NA NA NA NA NA 971 0 232 NA NA NA NA NA NA 8323 319 779 NA NA NA NA NA NA 3521 381 905 NA NA NA NA NA NA
1566550800.0 25405.18 600 0 136 NA NA NA NA NA NA 995 0 229 NA NA NA NA NA NA 7733 335 735 NA NA NA NA NA NA 3473 449 783 NA NA NA NA NA NA
1566550800.0 25406.0 488 0 140 NA NA NA NA NA NA 890 0 237 NA NA NA NA NA NA 3191 293 681 NA NA NA NA NA NA 2267 639 971 NA NA NA NA NA NA
1566550800.0 25406.17 588 0 135 NA NA NA NA NA NA 991 0 233 NA NA NA NA NA NA 5817 323 713 NA NA NA NA NA NA 2964 402 982 NA NA NA NA NA NA
1566550800.0 25406.18 591 0 138 NA NA NA NA NA NA 891 0 232 NA NA NA NA NA NA 5130 311 679 NA NA NA NA NA NA 2595 376 712 NA NA NA NA NA NA
1566550800.0 25407.0 431 0 135 NA NA NA NA NA NA 825 0 231 NA NA NA NA NA NA 3525 257 653 NA NA NA NA NA NA 1935 317 720 NA NA NA NA NA NA
1566550800.0 25407.17 542 0 134 NA NA NA NA NA NA 943 0 230 NA NA NA NA NA NA 7111 300 718 NA NA NA NA NA NA 3164 381 964 NA NA NA NA NA NA
1566550800.0 25407.18 532 0 140 NA NA NA NA NA NA 945 0 227 NA NA NA NA NA NA 7080 302 715 NA NA NA NA NA NA 3152 390 728 NA NA NA NA NA NA
1566550800.0 25408.0 492 0 137 NA NA NA NA NA NA 890 0 232 NA NA NA NA NA NA 5622 289 863 NA NA NA NA NA NA 2924 428 999 NA NA NA NA NA NA
1566550800.0 25408.17 584 0 148 NA NA NA NA NA NA 1046 0 238 NA NA NA NA NA NA 9778 332 971 NA NA NA NA NA NA 3850 393 1417 NA NA NA NA NA NA
1566550800.0 25408.18 606 0 144 NA NA NA NA NA NA 995 0 251 NA NA NA NA NA NA 10111 320 917 NA NA NA NA NA NA 3906 374 853 NA NA NA NA NA NA
1566550800.0 25409.0 491 0 137 NA NA NA NA NA NA 889 0 231 NA NA NA NA NA NA 4569 286 749 NA NA NA NA NA NA 2470 425 1044 NA NA NA NA NA NA
1566550800.0 25409.17 585 0 145 NA NA NA NA NA NA 942 0 221 NA NA NA NA NA NA 8679 316 847 NA NA NA NA NA NA 3698 391 901 NA NA NA NA NA NA
1566550800.0 25409.18 590 0 141 NA NA NA NA NA NA 991 0 231 NA NA NA NA NA NA 8743 320 842 NA NA NA NA NA NA 3733 368 851 NA NA NA NA NA NA
1566550800.0 26.0 NA 158 300 0 NA NA NA NA NA NA 602 683 0 NA NA NA NA NA NA 2011 2985 570 NA NA NA NA NA NA 1278 2626 868 NA NA NA NA NA
1566550800.0 27.0 NA 143 293 0 NA NA NA NA NA NA 599 677 0 NA NA NA NA NA NA 2017 2845 575 NA NA NA NA NA NA 1317 2314 976 NA NA NA NA NA
1566550800.0 27434.0 NA 279 368 0 NA NA NA NA NA NA 439 692 0 NA NA NA NA NA NA 2476 2971 531 NA NA NA NA NA NA 2856 2876 600 NA NA NA NA NA
1566550800.0 27434.21 NA 282 229 158 NA NA NA NA NA NA 469 556 252 NA NA NA NA NA NA 2385 1585 931 NA NA NA NA NA NA 2059 1717 1156 NA NA NA NA NA
1566550800.0 27634.21 NA 856 898 224 NA NA NA NA NA NA 1244 1416 355 NA NA NA NA NA NA 16160 26550 2043 NA NA NA NA NA NA 5682 7712 1283 NA NA NA NA NA
1566550800.0 27834.0 90 281 366 0 NA NA NA NA NA 157 457 688 0 NA NA NA NA NA 6271 2824 3428 624 NA NA NA NA NA 3116 2078 3620 785 NA NA NA NA NA
1566550800.0 28.0 NA 133 304 0 NA NA NA NA NA NA 602 651 0 NA NA NA NA NA NA 2287 3666 587 NA NA NA NA NA NA 1927 2499 753 NA NA NA NA NA
1566550800.0 280.0 85 150 289 0 NA NA NA NA NA 282 585 646 0 NA NA NA NA NA 3025 532 1932 545 NA NA NA NA NA 1606 412 2069 622 NA NA NA NA NA
1566550800.0 281.0 94 180 316 0 NA NA NA NA NA 290 557 691 0 NA NA NA NA NA 1648 538 1479 608 NA NA NA NA NA 988 431 1532 659 NA NA NA NA NA
1566550800.0 28634.0 88 302 416 0 NA NA NA NA NA 156 431 717 0 NA NA NA NA NA 6254 2975 3104 809 NA NA NA NA NA 3061 2192 2635 946 NA NA NA NA NA
1566550800.0 29.0 NA 131 303 0 NA NA NA NA NA NA 601 660 0 NA NA NA NA NA NA 2055 3118 576 NA NA NA NA NA NA 2157 3747 664 NA NA NA NA NA
1566550800.0 29034.0 88 282 392 0 NA NA NA NA NA 161 433 688 0 NA NA NA NA NA 8061 2830 3236 645 NA NA NA NA NA 3908 3124 2688 765 NA NA NA NA NA
1566550800.0 29434.0 85 290 386 0 NA NA NA NA NA 156 436 692 0 NA NA NA NA NA 6234 2760 2876 715 NA NA NA NA NA 4222 2434 3333 887 NA NA NA NA NA
1566550800.0 3.0 71 178 213 NA NA NA NA NA NA 191 581 542 NA NA NA NA NA NA 5381 420 1583 NA NA NA NA NA NA 2229 358 1396 NA NA NA NA NA NA
1566550800.0 30.0 NA 139 289 0 NA NA NA NA NA NA 600 670 0 NA NA NA NA NA NA 2148 3225 612 NA NA NA NA NA NA 1944 2499 808 NA NA NA NA NA
1566550800.0 300.0 62 207 412 0 NA NA NA NA NA 147 619 746 0 NA NA NA NA NA 883 936 2314 1039 NA NA NA NA NA 916 616 2425 1082 NA NA NA NA NA
1566550800.0 301.0 62 214 411 0 NA NA NA NA NA 153 618 813 0 NA NA NA NA NA 1192 629 2318 1040 NA NA NA NA NA 1061 605 2490 1095 NA NA NA NA NA
1566550800.0 302.0 62 199 414 0 NA NA NA NA NA 144 571 791 0 NA NA NA NA NA 819 869 2302 1039 NA NA NA NA NA 944 579 2286 1086 NA NA NA NA NA
1566550800.0 31.0 NA 132 293 0 NA NA NA NA NA NA 557 665 0 NA NA NA NA NA NA 2049 2949 574 NA NA NA NA NA NA 1040 2387 654 NA NA NA NA NA
1566550800.0 32.0 NA 168 298 0 NA NA NA NA NA NA 602 664 0 NA NA NA NA NA NA 2076 3218 576 NA NA NA NA NA NA 846 2192 622 NA NA NA NA NA
1566550800.0 33.0 NA 158 291 0 NA NA NA NA NA NA 602 645 0 NA NA NA NA NA NA 1977 2768 578 NA NA NA NA NA NA 974 2535 1043 NA NA NA NA NA
1566550800.0 34.0 79 142 287 0 NA NA NA NA NA 215 585 659 0 NA NA NA NA NA 2586 538 1975 560 NA NA NA NA NA 1178 408 1975 627 NA NA NA NA NA
1566550800.0 35.0 NA 142 301 0 NA NA NA NA NA NA 602 670 0 NA NA NA NA NA NA 2119 3318 593 NA NA NA NA NA NA 956 2772 812 NA NA NA NA NA
1566550800.0 36.0 NA 127 310 0 NA NA NA NA NA NA 602 648 0 NA NA NA NA NA NA 2349 9077 604 NA NA NA NA NA NA 1973 4977 912 NA NA NA NA NA
1566550800.0 37.0 NA 131 310 0 NA NA NA NA NA NA 602 668 0 NA NA NA NA NA NA 2299 4437 596 NA NA NA NA NA NA 4130 3504 749 NA NA NA NA NA
1566550800.0 38.0 NA 131 307 0 NA NA NA NA NA NA 558 677 0 NA NA NA NA NA NA 2233 4073 592 NA NA NA NA NA NA 1740 2600 951 NA NA NA NA NA
1566550800.0 39.0 NA 134 314 0 NA NA NA NA NA NA 556 652 0 NA NA NA NA NA NA 2639 6460 595 NA NA NA NA NA NA 2624 4084 981 NA NA NA NA NA
1566550800.0 4.17 NA 26 311 0 156 NA NA NA NA NA 85 640 0 286 NA NA NA NA NA 272 3479 646 1291 NA NA NA NA NA 217 2354 712 1199 NA NA NA NA
1566550800.0 4.22 NA 171 77 82 0 NA NA NA NA NA 271 121 139 0 NA NA NA NA NA 1016 264 419 246 NA NA NA NA NA 992 401 390 322 NA NA NA NA
1566550800.0 4.23 NA 61 317 0 NA NA NA NA NA NA 120 619 0 NA NA NA NA NA NA 386 3434 941 NA NA NA NA NA NA 862 2888 1220 NA NA NA NA NA
1566550800.0 4.24 NA 52 307 0 NA NA NA NA NA NA 111 629 0 NA NA NA NA NA NA 378 3594 793 NA NA NA NA NA NA 883 3110 1399 NA NA NA NA NA
1566550800.0 4.25 NA 63 303 0 NA NA NA NA NA NA 114 636 0 NA NA NA NA NA NA 355 3458 753 NA NA NA NA NA NA 371 2409 808 NA NA NA NA NA
1566550800.0 4.26 NA 53 323 0 NA NA NA NA NA NA 121 609 0 NA NA NA NA NA NA 351 3988 792 NA NA NA NA NA NA 365 2667 857 NA NA NA NA NA
1566550800.0 4.27 NA 57 317 0 NA NA NA NA NA NA 120 622 0 NA NA NA NA NA NA 388 4367 907 NA NA NA NA NA NA 781 4494 1380 NA NA NA NA NA
1566550800.0 4.28 NA 69 310 0 NA NA NA NA NA NA 131 624 0 NA NA NA NA NA NA 279 3093 2427 NA NA NA NA NA NA 689 6139 3187 NA NA NA NA NA
1566550800.0 4.29 NA 29 324 0 162 NA NA NA NA NA 92 647 0 282 NA NA NA NA NA 329 3801 688 1381 NA NA NA NA NA 265 2417 751 1151 NA NA NA NA
1566550800.0 4.34 NA 60 321 0 NA NA NA NA NA NA 123 661 0 NA NA NA NA NA NA 380 3723 802 NA NA NA NA NA NA 871 3009 870 NA NA NA NA NA
1566550800.0 4.36 NA 57 315 0 NA NA NA NA NA NA 123 645 0 NA NA NA NA NA NA 364 4285 739 NA NA NA NA NA NA 753 3060 869 NA NA NA NA NA
1566550800.0 4.37 NA 54 319 0 NA NA NA NA NA NA 120 655 0 NA NA NA NA NA NA 370 4492 714 NA NA NA NA NA NA 843 3013 1019 NA NA NA NA NA
1566550800.0 4.4 NA 28 318 0 NA NA NA NA NA NA 97 635 0 NA NA NA NA NA NA 281 4378 688 NA NA NA NA NA NA 214 2632 748 NA NA NA NA NA
1566550800.0 4.41 NA 31 326 0 NA NA NA NA NA NA 96 638 0 NA NA NA NA NA NA 255 5636 666 NA NA NA NA NA NA 732 3203 868 NA NA NA NA NA
1566550800.0 4.42 NA 29 339 0 NA NA NA NA NA NA 94 654 0 NA NA NA NA NA NA 256 6478 664 NA NA NA NA NA NA 651 3901 747 NA NA NA NA NA
1566550800.0 4.43 NA 32 320 0 NA NA NA NA NA NA 95 634 0 NA NA NA NA NA NA 236 4000 668 NA NA NA NA NA NA 313 3054 914 NA NA NA NA NA
1566550800.0 4.44 NA 36 325 0 NA NA NA NA NA NA 91 619 0 NA NA NA NA NA NA 297 4988 660 NA NA NA NA NA NA 804 3589 971 NA NA NA NA NA
1566550800.0 4.45 NA 27 336 0 NA NA NA NA NA NA 89 671 0 NA NA NA NA NA NA 300 6911 686 NA NA NA NA NA NA 705 4124 2073 NA NA NA NA NA
1566550800.0 4.51 NA 36 329 0 NA NA NA NA NA NA 93 664 0 NA NA NA NA NA NA 292 6040 684 NA NA NA NA NA NA 273 3036 743 NA NA NA NA NA
1566550800.0 4.52 NA 39 333 0 NA NA NA NA NA NA 93 662 0 NA NA NA NA NA NA 301 7368 692 NA NA NA NA NA NA 278 3520 751 NA NA NA NA NA
1566550800.0 4.53 NA 28 341 0 NA NA NA NA NA NA 99 628 0 NA NA NA NA NA NA 291 6812 649 NA NA NA NA NA NA 494 3848 810 NA NA NA NA NA
1566550800.0 4.54 NA 28 334 0 NA NA NA NA NA NA 91 661 0 NA NA NA NA NA NA 247 6854 718 NA NA NA NA NA NA 523 3941 1151 NA NA NA NA NA
1566550800.0 4.55 NA 33 345 0 NA NA NA NA NA NA 94 673 0 NA NA NA NA NA NA 281 8149 659 NA NA NA NA NA NA 283 3720 702 NA NA NA NA NA
1566550800.0 4.57 NA 56 340 0 NA NA NA NA NA NA 119 660 0 NA NA NA NA NA NA 325 7938 666 NA NA NA NA NA NA 660 4429 737 NA NA NA NA NA
1566550800.0 4.58 NA 43 327 0 NA NA NA NA NA NA 112 651 0 NA NA NA NA NA NA 329 5034 660 NA NA NA NA NA NA 580 3044 1243 NA NA NA NA NA
1566550800.0 4.6 NA 307 0 NA NA NA NA NA NA NA 650 0 NA NA NA NA NA NA NA 3036 645 NA NA NA NA NA NA NA 2394 893 NA NA NA NA NA NA
1566550800.0 4.61 NA 27 333 0 NA NA NA NA NA NA 94 652 0 NA NA NA NA NA NA 291 6674 657 NA NA NA NA NA NA 715 3531 768 NA NA NA NA NA
1566550800.0 4.62 NA 27 335 0 NA NA NA NA NA NA 89 613 0 NA NA NA NA NA NA 276 6733 664 NA NA NA NA NA NA 586 3942 870 NA NA NA NA NA
1566550800.0 4.63 NA 31 336 0 NA NA NA NA NA NA 92 661 0 NA NA NA NA NA NA 287 7572 670 NA NA NA NA NA NA 805 3864 845 NA NA NA NA NA
1566550800.0 4.64 NA 29 337 0 NA NA NA NA NA NA 88 660 0 NA NA NA NA NA NA 282 7465 673 NA NA NA NA NA NA 261 3507 738 NA NA NA NA NA
1566550800.0 4.65 NA 37 347 0 NA NA NA NA NA NA 90 690 0 NA NA NA NA NA NA 274 9742 661 NA NA NA NA NA NA 277 3955 704 NA NA NA NA NA
1566550800.0 4.67 NA 55 345 0 NA NA NA NA NA NA 122 687 0 NA NA NA NA NA NA 359 7917 669 NA NA NA NA NA NA 296 3574 717 NA NA NA NA NA
1566550800.0 4.68 NA 41 344 0 NA NA NA NA NA NA 110 619 0 NA NA NA NA NA NA 328 6392 684 NA NA NA NA NA NA 758 3849 744 NA NA NA NA NA
1566550800.0 4.71 NA 36 328 0 NA NA NA NA NA NA 91 634 0 NA NA NA NA NA NA 375 5336 658 NA NA NA NA NA NA 312 3034 715 NA NA NA NA NA
1566550800.0 4.72 NA 28 323 0 NA NA NA NA NA NA 92 693 0 NA NA NA NA NA NA 312 6156 657 NA NA NA NA NA NA 957 3339 894 NA NA NA NA NA
1566550800.0 4.73 NA 37 339 0 NA NA NA NA NA NA 98 649 0 NA NA NA NA NA NA 278 7465 667 NA NA NA NA NA NA 329 3423 714 NA NA NA NA NA
1566550800.0 4.74 NA 37 330 0 NA NA NA NA NA NA 98 650 0 NA NA NA NA NA NA 327 6462 662 NA NA NA NA NA NA 349 3425 716 NA NA NA NA NA
1566550800.0 4.75 NA 35 337 0 NA NA NA NA NA NA 100 644 0 NA NA NA NA NA NA 320 7616 663 NA NA NA NA NA NA 275 3555 713 NA NA NA NA NA
1566550800.0 4.76 NA 58 342 0 NA NA NA NA NA NA 123 688 0 NA NA NA NA NA NA 340 7824 662 NA NA NA NA NA NA 279 3448 706 NA NA NA NA NA
1566550800.0 4.77 NA 64 342 0 NA NA NA NA NA NA 123 674 0 NA NA NA NA NA NA 342 8614 664 NA NA NA NA NA NA 346 3635 711 NA NA NA NA NA
1566550800.0 4.78 NA 44 335 0 NA NA NA NA NA NA 115 696 0 NA NA NA NA NA NA 311 7527 649 NA NA NA NA NA NA 851 3751 936 NA NA NA NA NA
1566550800.0 4000.0 NA 138 307 NA NA NA NA NA NA NA 602 652 NA NA NA NA NA NA NA 2627 5032 NA NA NA NA NA NA NA 1314 3096 NA NA NA NA NA NA
1566550800.0 4001.0 NA 186 373 NA NA NA NA NA NA NA 613 704 NA NA NA NA NA NA NA 1011 2957 NA NA NA NA NA NA NA 2437 3533 NA NA NA NA NA NA
1566550800.0 4002.0 NA 134 290 NA NA NA NA NA NA NA 602 668 NA NA NA NA NA NA NA 2139 3278 NA NA NA NA NA NA NA 1120 2857 NA NA NA NA NA NA
1566550800.0 4003.0 NA 136 294 NA NA NA NA NA NA NA 557 671 NA NA NA NA NA NA NA 2203 3509 NA NA NA NA NA NA NA 1644 2846 NA NA NA NA NA NA
1566550800.0 4006.0 58 175 352 NA NA NA NA NA NA 133 602 712 NA NA NA NA NA NA 897 799 2325 NA NA NA NA NA NA 686 611 2204 NA NA NA NA NA NA
1566550800.0 4007.0 41 0 0 NA NA NA NA NA NA 99 0 0 NA NA NA NA NA NA 441 221 1564 NA NA NA NA NA NA 515 283 1828 NA NA NA NA NA NA
1566550800.0 4008.0 57 205 293 NA NA NA NA NA NA 134 612 663 NA NA NA NA NA NA 1129 565 1815 NA NA NA NA NA NA 942 532 2045 NA NA NA NA NA NA
1566550800.0 43.0 NA 132 301 0 NA NA NA NA NA NA 600 678 0 NA NA NA NA NA NA 2048 3751 615 NA NA NA NA NA NA 1900 2577 963 NA NA NA NA NA
1566550800.0 44.0 NA 139 295 0 NA NA NA NA NA NA 555 648 0 NA NA NA NA NA NA 2085 3476 579 NA NA NA NA NA NA 1321 2624 698 NA NA NA NA NA
1566550800.0 45.0 NA 141 302 0 NA NA NA NA NA NA 602 677 0 NA NA NA NA NA NA 2084 3548 590 NA NA NA NA NA NA 1188 2956 880 NA NA NA NA NA
1566550800.0 5.1 305 0 NA NA NA NA NA NA NA 852 0 NA NA NA NA NA NA NA 1522 281 NA NA NA NA NA NA NA 3169 392 NA NA NA NA NA NA NA
1566550800.0 5.2 254 0 NA NA NA NA NA NA NA 851 0 NA NA NA NA NA NA NA 1535 249 NA NA NA NA NA NA NA 1837 347 NA NA NA NA NA NA NA
1566550800.0 5.3 247 0 NA NA NA NA NA NA NA 802 0 NA NA NA NA NA NA NA 1307 270 NA NA NA NA NA NA NA 1999 484 NA NA NA NA NA NA NA
1566550800.0 5.4 292 0 NA NA NA NA NA NA NA 851 0 NA NA NA NA NA NA NA 1753 257 NA NA NA NA NA NA NA 3720 354 NA NA NA NA NA NA NA
1566550800.0 5.5 300 0 NA NA NA NA NA NA NA 851 0 NA NA NA NA NA NA NA 1665 272 NA NA NA NA NA NA NA 1756 392 NA NA NA NA NA NA NA
1566550800.0 5.6 342 0 NA NA NA NA NA NA NA 807 0 NA NA NA NA NA NA NA 1610 276 NA NA NA NA NA NA NA 1783 363 NA NA NA NA NA NA NA
1566550800.0 5.7 349 0 NA NA NA NA NA NA NA 805 0 NA NA NA NA NA NA NA 1408 292 NA NA NA NA NA NA NA 1301 444 NA NA NA NA NA NA NA
1566550800.0 500199.0 233 NA NA NA NA NA NA NA NA 573 NA NA NA NA NA NA NA NA 2083 NA NA NA NA NA NA NA NA 1553 NA NA NA NA NA NA NA NA
1566550800.0 500200.0 NA 223 341 0 NA NA NA NA NA NA 614 681 0 NA NA NA NA NA NA 7387 3001 607 NA NA NA NA NA NA 4075 2349 1155 NA NA NA NA NA
1566550800.0 500200.1 89 219 248 NA NA NA NA NA NA 172 603 609 NA NA NA NA NA NA 2171 1059 2007 NA NA NA NA NA NA 1091 740 1694 NA NA NA NA NA NA
1566550800.0 500202.0 NA 227 349 0 NA NA NA NA NA NA 616 709 0 NA NA NA NA NA NA 7621 3133 611 NA NA NA NA NA NA 3725 2746 1042 NA NA NA NA NA
1566550800.0 500203.0 NA 228 350 0 NA NA NA NA NA NA 616 689 0 NA NA NA NA NA NA 6389 2940 581 NA NA NA NA NA NA 3891 2257 924 NA NA NA NA NA
1566550800.0 500204.0 NA 230 348 0 NA NA NA NA NA NA 616 681 0 NA NA NA NA NA NA 7397 3244 604 NA NA NA NA NA NA 4180 3448 1069 NA NA NA NA NA
1566550800.0 500205.0 NA 227 344 0 NA NA NA NA NA NA 614 712 0 NA NA NA NA NA NA 6686 2969 575 NA NA NA NA NA NA 3984 2675 707 NA NA NA NA NA
1566550800.0 500206.0 NA 230 338 0 NA NA NA NA NA NA 617 676 0 NA NA NA NA NA NA 7358 3010 604 NA NA NA NA NA NA 4193 3182 749 NA NA NA NA NA
1566550800.0 500207.0 NA 217 348 0 NA NA NA NA NA NA 570 687 0 NA NA NA NA NA NA 6277 2711 566 NA NA NA NA NA NA 3744 2665 801 NA NA NA NA NA
1566550800.0 50200.0 NA 237 442 0 NA NA NA NA NA NA 569 772 0 NA NA NA NA NA NA 1517 2935 587 NA NA NA NA NA NA 1483 2645 743 NA NA NA NA NA
1566550800.0 50202.0 NA 244 452 0 NA NA NA NA NA NA 571 836 0 NA NA NA NA NA NA 1655 3419 586 NA NA NA NA NA NA 1522 2930 824 NA NA NA NA NA
1566550800.0 50203.0 NA 261 449 0 NA NA NA NA NA NA 615 791 0 NA NA NA NA NA NA 1593 3113 574 NA NA NA NA NA NA 1274 2921 674 NA NA NA NA NA
1566550800.0 50204.0 NA 233 448 0 NA NA NA NA NA NA 568 795 0 NA NA NA NA NA NA 1619 3266 574 NA NA NA NA NA NA 2195 2852 716 NA NA NA NA NA
1566550800.0 50205.0 NA 244 465 0 NA NA NA NA NA NA 616 791 0 NA NA NA NA NA NA 1658 3186 567 NA NA NA NA NA NA 1704 2910 810 NA NA NA NA NA
1566550800.0 50206.0 NA 236 453 0 NA NA NA NA NA NA 614 841 0 NA NA NA NA NA NA 1662 3080 584 NA NA NA NA NA NA 1193 2890 1060 NA NA NA NA NA
1566550800.0 50207.0 NA 233 437 0 NA NA NA NA NA NA 616 776 0 NA NA NA NA NA NA 1700 3253 586 NA NA NA NA NA NA 1199 2708 753 NA NA NA NA NA
1566550800.0 50208.0 NA 249 488 0 NA NA NA NA NA NA 615 796 0 NA NA NA NA NA NA 1724 4182 586 NA NA NA NA NA NA 2076 3283 903 NA NA NA NA NA
1566550800.0 503.0 35 0 NA NA NA NA NA NA NA 83 0 NA NA NA NA NA NA NA 229 163 NA NA NA NA NA NA NA 1141 553 NA NA NA NA NA NA NA
1566550800.0 504.0 36 0 NA NA NA NA NA NA NA 85 0 NA NA NA NA NA NA NA 197 184 NA NA NA NA NA NA NA 420 867 NA NA NA NA NA NA NA
1566550800.0 505.0 37 0 NA NA NA NA NA NA NA 83 0 NA NA NA NA NA NA NA 181 159 NA NA NA NA NA NA NA 271 567 NA NA NA NA NA NA NA
1566550800.0 506.0 36 0 NA NA NA NA NA NA NA 84 0 NA NA NA NA NA NA NA 177 142 NA NA NA NA NA NA NA 293 357 NA NA NA NA NA NA NA
1566550800.0 507.0 36 0 NA NA NA NA NA NA NA 82 0 NA NA NA NA NA NA NA 221 162 NA NA NA NA NA NA NA 1084 568 NA NA NA NA NA NA NA
1566550800.0 508.0 36 0 NA NA NA NA NA NA NA 84 0 NA NA NA NA NA NA NA 236 146 NA NA NA NA NA NA NA 935 419 NA NA NA NA NA NA NA
1566550800.0 509.0 36 0 NA NA NA NA NA NA NA 82 0 NA NA NA NA NA NA NA 184 152 NA NA NA NA NA NA NA 1035 616 NA NA NA NA NA NA NA
1566550800.0 510.0 34 0 NA NA NA NA NA NA NA 85 0 NA NA NA NA NA NA NA 281 155 NA NA NA NA NA NA NA 387 719 NA NA NA NA NA NA NA
1566550800.0 511.0 39 0 NA NA NA NA NA NA NA 110 0 NA NA NA NA NA NA NA 11159 139 NA NA NA NA NA NA NA 12324 431 NA NA NA NA NA NA NA
1566550800.0 512.0 16 36 0 NA NA NA NA NA NA 58 89 0 NA NA NA NA NA NA 2280 222 148 NA NA NA NA NA NA 34957 497 363 NA NA NA NA NA NA
1566550800.0 513.0 14 33 0 NA NA NA NA NA NA 58 88 0 NA NA NA NA NA NA 687 215 148 NA NA NA NA NA NA 2286 785 351 NA NA NA NA NA NA
1566550800.0 514.0 21 43 0 NA NA NA NA NA NA 59 90 0 NA NA NA NA NA NA 355 197 119 NA NA NA NA NA NA 446 264 192 NA NA NA NA NA NA
1566550800.0 515.0 16 40 0 NA NA NA NA NA NA 59 88 0 NA NA NA NA NA NA 2255 211 142 NA NA NA NA NA NA 35206 313 356 NA NA NA NA NA NA
1566550800.0 516.0 14 33 0 NA NA NA NA NA NA 58 89 0 NA NA NA NA NA NA 688 211 160 NA NA NA NA NA NA 2762 714 442 NA NA NA NA NA NA
1566550800.0 517.0 21 42 0 NA NA NA NA NA NA 58 89 0 NA NA NA NA NA NA 835 204 128 NA NA NA NA NA NA 901 268 208 NA NA NA NA NA NA
1566550800.0 518.0 16 41 0 NA NA NA NA NA NA 59 88 0 NA NA NA NA NA NA 2228 190 156 NA NA NA NA NA NA 35526 303 525 NA NA NA NA NA NA
1566550800.0 519.0 14 37 0 NA NA NA NA NA NA 58 89 0 NA NA NA NA NA NA 694 206 156 NA NA NA NA NA NA 4194 534 623 NA NA NA NA NA NA
1566550800.0 520.0 21 43 0 NA NA NA NA NA NA 58 90 0 NA NA NA NA NA NA 844 200 126 NA NA NA NA NA NA 902 276 215 NA NA NA NA NA NA
1566550800.0 521.0 14 33 0 NA NA NA NA NA NA 58 90 0 NA NA NA NA NA NA 689 230 145 NA NA NA NA NA NA 4110 1025 308 NA NA NA NA NA NA
1566550800.0 522.0 16 41 0 NA NA NA NA NA NA 58 89 0 NA NA NA NA NA NA 2274 200 152 NA NA NA NA NA NA 35206 352 315 NA NA NA NA NA NA
1566550800.0 523.0 14 43 0 NA NA NA NA NA NA 59 99 0 NA NA NA NA NA NA 950 224 132 NA NA NA NA NA NA 5544 404 533 NA NA NA NA NA NA
1566550800.0 524.0 17 43 0 NA NA NA NA NA NA 62 89 0 NA NA NA NA NA NA 868 204 121 NA NA NA NA NA NA 938 263 190 NA NA NA NA NA NA
1566550800.0 525.0 14 35 0 NA NA NA NA NA NA 58 89 0 NA NA NA NA NA NA 707 223 155 NA NA NA NA NA NA 2938 850 760 NA NA NA NA NA NA
1566550800.0 526.0 16 42 0 NA NA NA NA NA NA 58 89 0 NA NA NA NA NA NA 2249 213 151 NA NA NA NA NA NA 35502 576 314 NA NA NA NA NA NA
1566550800.0 527.0 13 34 0 NA NA NA NA NA NA 58 91 0 NA NA NA NA NA NA 933 228 158 NA NA NA NA NA NA 1890 420 858 NA NA NA NA NA NA
1566550800.0 528.0 14 36 0 NA NA NA NA NA NA 58 90 0 NA NA NA NA NA NA 698 240 144 NA NA NA NA NA NA 2404 1072 299 NA NA NA NA NA NA
1566550800.0 529.0 16 39 0 NA NA NA NA NA NA 58 89 0 NA NA NA NA NA NA 2244 209 157 NA NA NA NA NA NA 34984 456 569 NA NA NA NA NA NA
1566550800.0 530.0 21 41 0 NA NA NA NA NA NA 58 89 0 NA NA NA NA NA NA 836 185 119 NA NA NA NA NA NA 887 271 180 NA NA NA NA NA NA
1566550800.0 531.0 63 0 NA NA NA NA NA NA NA 194 0 NA NA NA NA NA NA NA 195 151 NA NA NA NA NA NA NA 298 428 NA NA NA NA NA NA NA
1566550800.0 534.0 41 0 NA NA NA NA NA NA NA 99 0 NA NA NA NA NA NA NA 226 176 NA NA NA NA NA NA NA 713 1185 NA NA NA NA NA NA NA
1566550800.0 535.0 35 0 NA NA NA NA NA NA NA 90 0 NA NA NA NA NA NA NA 751 154 NA NA NA NA NA NA NA 3225 390 NA NA NA NA NA NA NA
1566550800.0 536.0 46 0 NA NA NA NA NA NA NA 103 0 NA NA NA NA NA NA NA 308 149 NA NA NA NA NA NA NA 1116 320 NA NA NA NA NA NA NA
1566550800.0 541.0 42 0 NA NA NA NA NA NA NA 94 0 NA NA NA NA NA NA NA 243 141 NA NA NA NA NA NA NA 462 518 NA NA NA NA NA NA NA
1566550800.0 545.0 44 0 NA NA NA NA NA NA NA 93 0 NA NA NA NA NA NA NA 280 157 NA NA NA NA NA NA NA 960 523 NA NA NA NA NA NA NA
1566550800.0 551.0 14 34 0 NA NA NA NA NA NA 59 91 0 NA NA NA NA NA NA 1137 223 152 NA NA NA NA NA NA 6857 803 694 NA NA NA NA NA NA
1566550800.0 552.0 16 42 0 NA NA NA NA NA NA 59 89 0 NA NA NA NA NA NA 877 203 125 NA NA NA NA NA NA 961 264 221 NA NA NA NA NA NA
1566550800.0 554.0 13 40 0 NA NA NA NA NA NA 58 90 0 NA NA NA NA NA NA 1589 212 150 NA NA NA NA NA NA 2550 382 719 NA NA NA NA NA NA
1566550800.0 555.0 14 32 0 NA NA NA NA NA NA 58 88 0 NA NA NA NA NA NA 1137 194 137 NA NA NA NA NA NA 5644 562 361 NA NA NA NA NA NA
1566550800.0 556.0 21 42 0 NA NA NA NA NA NA 58 89 0 NA NA NA NA NA NA 323 206 125 NA NA NA NA NA NA 384 250 195 NA NA NA NA NA NA
1566550800.0 560.0 36 0 NA NA NA NA NA NA NA 83 0 NA NA NA NA NA NA NA 183 147 NA NA NA NA NA NA NA 307 402 NA NA NA NA NA NA NA
1566550800.0 561.0 35 0 NA NA NA NA NA NA NA 84 0 NA NA NA NA NA NA NA 200 166 NA NA NA NA NA NA NA 1149 523 NA NA NA NA NA NA NA
1566550800.0 562.0 14 38 0 NA NA NA NA NA NA 59 89 0 NA NA NA NA NA NA 370 196 154 NA NA NA NA NA NA 2675 487 458 NA NA NA NA NA NA
1566550800.0 6.0 NA 119 275 0 NA NA NA NA NA NA 602 652 0 NA NA NA NA NA NA 1703 2280 587 NA NA NA NA NA NA 1850 2339 1160 NA NA NA NA NA
1566550800.0 7.0 66 118 168 63 0 NA NA NA NA 118 583 241 108 0 NA NA NA NA 619 393 674 315 241 NA NA NA NA 611 363 1090 361 304 NA NA NA NA
1566550800.0 7.1 61 118 173 63 0 NA NA NA NA 113 583 248 105 0 NA NA NA NA 925 562 466 201 239 NA NA NA NA 929 386 577 364 312 NA NA NA NA
1566550800.0 7.2 54 243 238 57 0 NA NA NA NA 113 628 389 114 0 NA NA NA NA 637 1707 797 376 678 NA NA NA NA 811 1581 897 404 751 NA NA NA NA
1566550800.0 7.21 59 185 218 65 0 NA NA NA NA 118 552 349 113 0 NA NA NA NA 612 629 621 255 404 NA NA NA NA 712 502 709 395 538 NA NA NA NA
1566550800.0 7.22 64 149 206 65 0 NA NA NA NA 117 548 291 110 0 NA NA NA NA 781 423 673 201 263 NA NA NA NA 1112 364 652 322 358 NA NA NA NA
1566550800.0 7.23 53 162 202 58 0 NA NA NA NA 106 598 341 111 0 NA NA NA NA 619 561 644 199 391 NA NA NA NA 805 440 714 295 456 NA NA NA NA
1566550800.0 7.3 51 221 240 64 0 NA NA NA NA 110 674 368 120 0 NA NA NA NA 1190 1511 763 272 687 NA NA NA NA 884 1435 816 447 773 NA NA NA NA
1566550800.0 7.4 53 229 251 64 0 NA NA NA NA 115 630 387 114 0 NA NA NA NA 641 1600 773 287 686 NA NA NA NA 673 1479 782 530 741 NA NA NA NA
1566550800.0 8.0 NA 125 177 51 0 NA NA NA NA NA 599 247 97 0 NA NA NA NA NA 1667 618 142 235 NA NA NA NA NA 728 619 249 304 NA NA NA NA
1566550800.0 8.1 54 238 236 51 0 NA NA NA NA 124 630 356 101 0 NA NA NA NA 591 1815 781 204 693 NA NA NA NA 694 1946 985 367 748 NA NA NA NA
1566550800.0 8.2 63 182 228 51 0 NA NA NA NA 109 553 361 97 0 NA NA NA NA 551 792 652 150 436 NA NA NA NA 542 495 755 276 661 NA NA NA NA
1566550800.0 9.0 NA 130 304 0 NA NA NA NA NA NA 601 562 0 NA NA NA NA NA NA 2343 4287 599 NA NA NA NA NA NA 1277 2987 1038 NA NA NA NA NA
