Timestamp WorkflowId PeakValueRss1 PeakValueRss2 PeakValueRss3 PeakValueRss4 PeakValueRss5 PeakValueRss6 PeakValueRss7 PeakValueRss8 PeakValueRss9 PeakValueVsize1 PeakValueVsize2 PeakValueVsize3 PeakValueVsize4 PeakValueVsize5 PeakValueVsize6 PeakValueVsize7 PeakValueVsize8 PeakValueVsize9 TotalJobCPU1 TotalJobCPU2 TotalJobCPU3 TotalJobCPU4 TotalJobCPU5 TotalJobCPU6 TotalJobCPU7 TotalJobCPU8 TotalJobCPU9 TotalJobTime1 TotalJobTime2 TotalJobTime3 TotalJobTime4 TotalJobTime5 TotalJobTime6 TotalJobTime7 TotalJobTime8 TotalJobTime9
1570222800.0 1.0 98 107 225 NA NA NA NA NA NA 197 583 566 NA NA NA NA NA NA 1087 642 1391 NA NA NA NA NA NA 1232 1013 1650 NA NA NA NA NA NA
1570222800.0 10.0 NA 143 303 0 NA NA NA NA NA NA 556 669 0 NA NA NA NA NA NA 2365 3863 590 NA NA NA NA NA NA 1305 2709 707 NA NA NA NA NA
1570222800.0 1000.0 NA 333 204 0 58 NA NA NA NA NA 629 289 0 102 NA NA NA NA NA 3250 1288 721 316 NA NA NA NA NA 2086 1135 803 371 NA NA NA NA
1570222800.0 10001.0 NA 227 388 0 82 NA NA NA NA NA 608 765 0 132 NA NA NA NA NA 2010 2048 983 402 NA NA NA NA NA 890 2041 1070 416 NA NA NA NA
1570222800.0 10002.0 NA 223 392 0 83 NA NA NA NA NA 605 735 0 128 NA NA NA NA NA 2129 2073 1056 402 NA NA NA NA NA 1116 2193 1224 431 NA NA NA NA
1570222800.0 10003.0 NA 232 398 0 81 NA NA NA NA NA 606 721 0 132 NA NA NA NA NA 2037 2294 1029 280 NA NA NA NA NA 920 2463 1128 409 NA NA NA NA
1570222800.0 10004.0 NA 231 389 0 81 NA NA NA NA NA 608 757 0 130 NA NA NA NA NA 2166 1997 997 404 NA NA NA NA NA 879 2091 1082 418 NA NA NA NA
1570222800.0 10005.0 NA 228 407 0 80 NA NA NA NA NA 605 714 0 125 NA NA NA NA NA 2003 1972 1009 295 NA NA NA NA NA 869 2067 1076 433 NA NA NA NA
1570222800.0 10006.0 NA 226 381 0 73 NA NA NA NA NA 606 763 0 125 NA NA NA NA NA 2042 1957 1007 420 NA NA NA NA NA 908 2044 1081 445 NA NA NA NA
1570222800.0 10007.0 NA 233 383 0 83 NA NA NA NA NA 606 744 0 127 NA NA NA NA NA 2019 2137 1013 289 NA NA NA NA NA 934 2382 1108 416 NA NA NA NA
1570222800.0 10008.0 NA 229 387 0 83 NA NA NA NA NA 608 737 0 131 NA NA NA NA NA 2049 2068 1009 559 NA NA NA NA NA 886 2105 1124 897 NA NA NA NA
1570222800.0 10009.0 NA 222 391 0 76 NA NA NA NA NA 609 693 0 130 NA NA NA NA NA 2046 2456 997 415 NA NA NA NA NA 901 2602 1093 447 NA NA NA NA
1570222800.0 1001.0 NA 267 115 0 0 0 0 0 0 NA 615 192 0 0 0 0 0 0 NA 2921 674 108 87 135 274 132 272 NA 3458 690 215 141 214 317 216 318
1570222800.0 1001.2 NA 394 131 0 NA NA NA NA NA NA 793 216 0 NA NA NA NA NA NA 15287 1706 128 NA NA NA NA NA NA 8246 1183 197 NA NA NA NA NA
1570222800.0 1002.0 NA 328 94 NA NA NA NA NA NA NA 644 142 NA NA NA NA NA NA NA 3652 464 NA NA NA NA NA NA NA 2904 429 NA NA NA NA NA NA
1570222800.0 10023.0 NA 226 388 0 82 NA NA NA NA NA 608 710 0 126 NA NA NA NA NA 2144 2046 981 288 NA NA NA NA NA 1225 2165 1062 432 NA NA NA NA
1570222800.0 10024.0 NA 237 401 0 85 NA NA NA NA NA 607 758 0 127 NA NA NA NA NA 2151 2407 1019 430 NA NA NA NA NA 892 2243 1094 428 NA NA NA NA
1570222800.0 10024.1 NA 236 197 0 NA NA NA NA NA NA 608 346 0 NA NA NA NA NA NA 2442 1047 353 NA NA NA NA NA NA 1212 1111 406 NA NA NA NA NA
1570222800.0 10024.2 NA 220 388 0 NA NA NA NA NA NA 604 748 0 NA NA NA NA NA NA 2070 2416 1079 NA NA NA NA NA NA 864 2215 1131 NA NA NA NA NA
1570222800.0 10024.3 NA 235 201 0 NA NA NA NA NA NA 608 356 0 NA NA NA NA NA NA 2083 811 322 NA NA NA NA NA NA 880 855 386 NA NA NA NA NA
1570222800.0 10024.4 NA 219 379 0 NA NA NA NA NA NA 561 771 0 NA NA NA NA NA NA 2086 2317 1038 NA NA NA NA NA NA 1201 2349 1196 NA NA NA NA NA
1570222800.0 10024.5 NA 234 155 0 NA NA NA NA NA NA 606 231 0 NA NA NA NA NA NA 2211 705 135 NA NA NA NA NA NA 917 1148 191 NA NA NA NA NA
1570222800.0 10025.0 NA 231 402 0 83 NA NA NA NA NA 606 687 0 130 NA NA NA NA NA 2202 2086 1092 455 NA NA NA NA NA 931 2085 1253 830 NA NA NA NA
1570222800.0 10026.0 NA 236 413 0 82 NA NA NA NA NA 607 786 0 127 NA NA NA NA NA 2115 2628 1019 427 NA NA NA NA NA 900 2370 1105 452 NA NA NA NA
1570222800.0 1003.0 NA 286 0 NA NA NA NA NA NA NA 595 0 NA NA NA NA NA NA NA 3478 597 NA NA NA NA NA NA NA 2562 792 NA NA NA NA NA NA
1570222800.0 1004.0 NA 239 97 0 0 0 0 NA NA NA 333 155 0 0 0 0 NA NA NA 889 339 78 114 260 248 NA NA NA 939 450 132 155 303 284 NA NA
1570222800.0 10042.0 NA 233 392 0 84 NA NA NA NA NA 607 745 0 131 NA NA NA NA NA 2057 2191 1003 292 NA NA NA NA NA 872 2286 1087 407 NA NA NA NA
1570222800.0 10059.0 NA 243 414 0 84 NA NA NA NA NA 608 772 0 128 NA NA NA NA NA 2257 3049 1033 303 NA NA NA NA NA 916 2256 1127 432 NA NA NA NA
1570222800.0 10071.0 NA 218 393 0 75 NA NA NA NA NA 606 669 0 132 NA NA NA NA NA 2046 2391 1073 285 NA NA NA NA NA 840 2231 1126 383 NA NA NA NA
1570222800.0 101.0 90 NA NA NA NA NA NA NA NA 163 NA NA NA NA NA NA NA NA 920 NA NA NA NA NA NA NA NA 1827 NA NA NA NA NA NA NA NA
1570222800.0 1010.0 NA 35 45 0 NA NA NA NA NA NA 87 98 0 NA NA NA NA NA NA 123 209 139 NA NA NA NA NA NA 234 274 188 NA NA NA NA NA
1570222800.0 102.0 97 NA NA NA NA NA NA NA NA 163 NA NA NA NA NA NA NA NA 824 NA NA NA NA NA NA NA NA 1926 NA NA NA NA NA NA NA NA
1570222800.0 1020.0 NA 80 29 0 82 NA NA NA NA NA 138 71 0 144 NA NA NA NA NA 231 108 67 236 NA NA NA NA NA 373 175 116 321 NA NA NA NA
1570222800.0 10224.0 NA 395 623 0 NA NA NA NA NA NA 674 975 0 NA NA NA NA NA NA 4550 4824 1063 NA NA NA NA NA NA 1792 3005 1114 NA NA NA NA NA
1570222800.0 10225.0 NA 377 628 0 NA NA NA NA NA NA 620 957 0 NA NA NA NA NA NA 4421 4318 992 NA NA NA NA NA NA 1798 2879 1047 NA NA NA NA NA
1570222800.0 103.0 40 0 0 NA NA NA NA NA NA 98 0 0 NA NA NA NA NA NA 534 253 1715 NA NA NA NA NA NA 2783 399 2662 NA NA NA NA NA NA
1570222800.0 1030.0 NA 196 51 0 0 NA NA NA NA NA 375 98 0 0 NA NA NA NA NA 7722 267 67 68 NA NA NA NA NA 2641 264 110 107 NA NA NA NA
1570222800.0 1040.0 NA 376 31 0 NA NA NA NA NA NA 763 74 0 NA NA NA NA NA NA 12618 165 127 NA NA NA NA NA NA 5214 337 177 NA NA NA NA NA
1570222800.0 1040.1 NA 69 32 0 NA NA NA NA NA NA 139 74 0 NA NA NA NA NA NA 563 133 124 NA NA NA NA NA NA 853 235 273 NA NA NA NA NA
1570222800.0 10424.0 NA 176 376 0 NA NA NA NA NA NA 606 685 0 NA NA NA NA NA NA 735 2303 1055 NA NA NA NA NA NA 1159 2820 1217 NA NA NA NA NA
1570222800.0 105.0 105 113 32 NA NA NA NA NA NA 201 494 75 NA NA NA NA NA NA 1006 479 117 NA NA NA NA NA NA 788 396 183 NA NA NA NA NA NA
1570222800.0 106.0 40 0 0 NA NA NA NA NA NA 98 0 0 NA NA NA NA NA NA 470 219 1604 NA NA NA NA NA NA 1882 318 2631 NA NA NA NA NA NA
1570222800.0 107.0 80 147 288 NA NA NA NA NA NA 200 584 639 NA NA NA NA NA NA 1947 510 1917 NA NA NA NA NA NA 1468 442 2089 NA NA NA NA NA NA
1570222800.0 108.0 76 147 298 NA NA NA NA NA NA 198 584 633 NA NA NA NA NA NA 3076 530 2055 NA NA NA NA NA NA 1401 405 1982 NA NA NA NA NA NA
1570222800.0 10801.0 NA 288 399 0 93 154 NA NA NA NA 638 775 0 140 258 NA NA NA NA 3147 2206 1960 538 737 NA NA NA NA 2296 2169 2037 544 788 NA NA NA
1570222800.0 10802.0 NA 295 403 0 84 159 NA NA NA NA 638 784 0 145 267 NA NA NA NA 3205 2285 1945 521 767 NA NA NA NA 2197 2209 2005 520 864 NA NA NA
1570222800.0 10803.0 NA 295 405 0 84 162 NA NA NA NA 637 747 0 141 263 NA NA NA NA 3201 2286 1968 445 753 NA NA NA NA 2173 2184 2036 534 799 NA NA NA
1570222800.0 10804.0 NA 291 398 0 93 158 NA NA NA NA 637 784 0 138 265 NA NA NA NA 3129 2224 1900 445 733 NA NA NA NA 2284 2212 1964 544 832 NA NA NA
1570222800.0 10805.0 NA 283 399 0 84 156 NA NA NA NA 637 736 0 142 268 NA NA NA NA 3102 2246 1911 433 756 NA NA NA NA 2180 2247 1987 513 823 NA NA NA
1570222800.0 10806.0 NA 293 394 0 86 126 NA NA NA NA 682 668 0 146 219 NA NA NA NA 3093 2178 1969 432 711 NA NA NA NA 2011 2198 2039 512 796 NA NA NA
1570222800.0 10807.0 NA 289 400 0 94 144 NA NA NA NA 637 736 0 151 266 NA NA NA NA 3172 2295 1932 454 753 NA NA NA NA 2053 2243 2036 557 800 NA NA NA
1570222800.0 10808.0 NA 292 400 0 101 155 NA NA NA NA 682 760 0 151 269 NA NA NA NA 3160 2315 1946 453 725 NA NA NA NA 2179 2282 2039 524 793 NA NA NA
1570222800.0 10809.0 NA 297 402 0 94 158 NA NA NA NA 639 726 0 153 282 NA NA NA NA 3189 2316 1967 462 758 NA NA NA NA 2312 2279 2041 565 854 NA NA NA
1570222800.0 10823.0 NA 288 401 0 84 132 NA NA NA NA 639 776 0 139 238 NA NA NA NA 3131 2201 1931 441 721 NA NA NA NA 2114 2158 1992 528 798 NA NA NA
1570222800.0 10824.0 NA 321 422 0 103 164 NA NA NA NA 682 760 0 157 273 NA NA NA NA 3334 2614 1950 465 798 NA NA NA NA 2104 2311 2032 538 863 NA NA NA
1570222800.0 10824.1 NA 317 224 0 NA NA NA NA NA NA 637 364 0 NA NA NA NA NA NA 3431 1030 371 NA NA NA NA NA NA 3203 1974 438 NA NA NA NA NA
1570222800.0 10824.5 NA 316 168 0 NA NA NA NA NA NA 638 252 0 NA NA NA NA NA NA 3390 689 173 NA NA NA NA NA NA 2388 1234 536 NA NA NA NA NA
1570222800.0 10824.6 NA 319 422 0 95 156 NA NA NA NA 682 789 0 152 273 NA NA NA NA 3343 2615 1997 481 794 NA NA NA NA 2279 2323 2061 551 845 NA NA NA
1570222800.0 10824.7 NA 295 428 0 104 169 NA NA NA NA 640 740 0 156 270 NA NA NA NA 2318 2736 1884 527 972 NA NA NA NA 2266 2618 2011 693 1659 NA NA NA
1570222800.0 10824.8 NA 319 414 0 96 165 NA NA NA NA 638 747 0 152 279 NA NA NA NA 3347 2657 2046 486 728 NA NA NA NA 2471 2349 2111 576 808 NA NA NA
1570222800.0 10825.0 NA 301 408 0 84 154 NA NA NA NA 637 747 0 147 266 NA NA NA NA 3301 2648 2025 467 798 NA NA NA NA 2063 2782 2129 554 891 NA NA NA
1570222800.0 10826.0 NA 319 421 0 101 169 NA NA NA NA 638 759 0 157 275 NA NA NA NA 3393 2877 2027 598 783 NA NA NA NA 2231 2421 2094 579 829 NA NA NA
1570222800.0 10842.0 NA 309 411 0 103 156 NA NA NA NA 638 726 0 164 272 NA NA NA NA 3255 2359 1960 457 759 NA NA NA NA 2289 2218 2036 536 814 NA NA NA
1570222800.0 10842.7 NA 311 405 0 102 176 NA NA NA NA 637 751 0 151 270 NA NA NA NA 1946 2624 1938 484 929 NA NA NA NA 1853 3308 2361 580 4155 NA NA NA
1570222800.0 10859.0 NA 317 419 0 93 164 NA NA NA NA 682 760 0 160 277 NA NA NA NA 3409 3242 1998 483 833 NA NA NA NA 2165 2461 2106 561 871 NA NA NA
1570222800.0 10871.0 NA 305 421 0 93 166 NA NA NA NA 638 760 0 146 273 NA NA NA NA 3369 2463 1978 447 775 NA NA NA NA 2204 2245 2070 526 829 NA NA NA
1570222800.0 109.0 74 165 292 NA NA NA NA NA NA 196 582 644 NA NA NA NA NA NA 3141 567 2256 NA NA NA NA NA NA 4442 453 3530 NA NA NA NA NA NA
1570222800.0 11.0 NA 135 302 0 68 NA NA NA NA NA 603 661 0 121 NA NA NA NA NA 1861 2069 661 392 NA NA NA NA NA 829 2128 763 398 NA NA NA NA
1570222800.0 110.0 57 158 283 NA NA NA NA NA NA 127 584 641 NA NA NA NA NA NA 605 474 1815 NA NA NA NA NA NA 1130 446 2078 NA NA NA NA NA NA
1570222800.0 1102.0 NA 151 314 168 88 NA NA NA NA NA 602 622 509 179 NA NA NA NA NA 2517 4754 2314 341 NA NA NA NA NA 1337 2748 1294 265 NA NA NA NA
1570222800.0 11024.0 NA 539 774 0 171 NA NA NA NA NA 815 1076 0 271 NA NA NA NA NA 7910 7087 1936 919 NA NA NA NA NA 3604 3948 2060 993 NA NA NA NA
1570222800.0 11024.2 NA 536 723 0 178 NA NA NA NA NA 879 1100 0 271 NA NA NA NA NA 7814 6669 1921 1068 NA NA NA NA NA 3471 3654 2000 1461 NA NA NA NA
1570222800.0 11024.3 NA 553 782 0 175 NA NA NA NA NA 867 1146 0 271 NA NA NA NA NA 7759 6883 1934 913 NA NA NA NA NA 3612 4034 2055 998 NA NA NA NA
1570222800.0 11024.6 NA 548 756 0 176 NA NA NA NA NA 867 1186 0 272 NA NA NA NA NA 7964 7569 1952 898 NA NA NA NA NA 3678 4240 2038 977 NA NA NA NA
1570222800.0 11025.0 NA 536 780 0 180 NA NA NA NA NA 816 1088 0 267 NA NA NA NA NA 7826 6842 1997 883 NA NA NA NA NA 3533 3654 2113 947 NA NA NA NA
1570222800.0 111.0 70 154 296 NA NA NA NA NA NA 196 584 645 NA NA NA NA NA NA 1323 430 1977 NA NA NA NA NA NA 3030 530 2765 NA NA NA NA NA NA
1570222800.0 112.0 95 115 272 NA NA NA NA NA NA 206 539 634 NA NA NA NA NA NA 1941 589 2170 NA NA NA NA NA NA 2477 820 2630 NA NA NA NA NA NA
1570222800.0 11224.0 NA 285 411 0 NA NA NA NA NA NA 682 757 0 NA NA NA NA NA NA 2081 2640 2022 NA NA NA NA NA NA 2896 2411 2108 NA NA NA NA NA
1570222800.0 11224.6 NA 288 420 0 NA NA NA NA NA NA 640 678 0 NA NA NA NA NA NA 2290 3050 2075 NA NA NA NA NA NA 4079 4665 2725 NA NA NA NA NA
1570222800.0 113.0 82 145 286 NA NA NA NA NA NA 211 585 573 NA NA NA NA NA NA 2022 523 1882 NA NA NA NA NA NA 1494 528 2247 NA NA NA NA NA NA
1570222800.0 114.0 81 138 291 NA NA NA NA NA NA 201 584 649 NA NA NA NA NA NA 1951 532 2068 NA NA NA NA NA NA 1757 764 3504 NA NA NA NA NA NA
1570222800.0 115.0 77 123 298 NA NA NA NA NA NA 222 584 632 NA NA NA NA NA NA 2339 555 1967 NA NA NA NA NA NA 1957 716 2191 NA NA NA NA NA NA
1570222800.0 116.0 90 142 292 NA NA NA NA NA NA 213 582 659 NA NA NA NA NA NA 3055 543 2140 NA NA NA NA NA NA 1836 535 2613 NA NA NA NA NA NA
1570222800.0 11623.0 NA 168 359 0 68 NA NA NA NA NA 606 729 0 132 NA NA NA NA NA 702 2010 1024 286 NA NA NA NA NA 1972 3169 1179 744 NA NA NA NA
1570222800.0 11624.0 NA 176 378 0 69 NA NA NA NA NA 560 729 0 127 NA NA NA NA NA 784 2329 1043 293 NA NA NA NA NA 2087 3505 1136 551 NA NA NA NA
1570222800.0 11625.0 NA 171 366 0 77 NA NA NA NA NA 606 749 0 124 NA NA NA NA NA 791 2246 1086 578 NA NA NA NA NA 984 4179 1226 879 NA NA NA NA
1570222800.0 11626.0 NA 178 386 0 71 NA NA NA NA NA 605 661 0 127 NA NA NA NA NA 813 2994 1059 304 NA NA NA NA NA 838 3729 1259 780 NA NA NA NA
1570222800.0 11642.0 NA 173 370 0 69 NA NA NA NA NA 605 752 0 135 NA NA NA NA NA 763 2174 1036 284 NA NA NA NA NA 1540 3200 1210 541 NA NA NA NA
1570222800.0 117.0 85 143 289 NA NA NA NA NA NA 222 582 611 NA NA NA NA NA NA 2907 567 2020 NA NA NA NA NA NA 1861 613 2119 NA NA NA NA NA NA
1570222800.0 118.0 81 112 296 NA NA NA NA NA NA 211 539 656 NA NA NA NA NA NA 3214 590 2250 NA NA NA NA NA NA 2243 1686 2408 NA NA NA NA NA NA
1570222800.0 11824.0 NA 410 728 0 157 NA NA NA NA NA 622 1156 0 270 NA NA NA NA NA 4727 6975 1116 1138 NA NA NA NA NA 3723 3701 1202 1624 NA NA NA NA
1570222800.0 11825.0 NA 413 711 0 153 NA NA NA NA NA 621 1093 0 263 NA NA NA NA NA 4676 5369 1196 1017 NA NA NA NA NA 3673 3319 1373 1498 NA NA NA NA
1570222800.0 119.0 80 114 285 NA NA NA NA NA NA 207 585 606 NA NA NA NA NA NA 1698 511 1873 NA NA NA NA NA NA 2563 554 2215 NA NA NA NA NA NA
1570222800.0 12.0 NA 131 297 0 NA NA NA NA NA NA 555 675 0 NA NA NA NA NA NA 2166 3795 612 NA NA NA NA NA NA 1613 2466 703 NA NA NA NA NA
1570222800.0 120.0 67 110 299 NA NA NA NA NA NA 135 582 602 NA NA NA NA NA NA 607 729 2014 NA NA NA NA NA NA 881 1375 2386 NA NA NA NA NA NA
1570222800.0 12024.0 NA 190 397 0 NA NA NA NA NA NA 607 747 0 NA NA NA NA NA NA 848 2537 1004 NA NA NA NA NA NA 602 2731 1090 NA NA NA NA NA
1570222800.0 121.0 77 127 297 NA NA NA NA NA NA 206 584 655 NA NA NA NA NA NA 2968 557 2203 NA NA NA NA NA NA 1768 453 2663 NA NA NA NA NA NA
1570222800.0 122.0 43 0 0 NA NA NA NA NA NA 98 0 0 NA NA NA NA NA NA 571 344 1825 NA NA NA NA NA NA 2077 522 3413 NA NA NA NA NA NA
1570222800.0 123.1 310 NA NA NA NA NA NA NA NA 851 NA NA NA NA NA NA NA NA 1649 NA NA NA NA NA NA NA NA 1600 NA NA NA NA NA NA NA NA
1570222800.0 123.2 293 NA NA NA NA NA NA NA NA 853 NA NA NA NA NA NA NA NA 1883 NA NA NA NA NA NA NA NA 2295 NA NA NA NA NA NA NA NA
1570222800.0 123.3 246 NA NA NA NA NA NA NA NA 851 NA NA NA NA NA NA NA NA 1451 NA NA NA NA NA NA NA NA 1580 NA NA NA NA NA NA NA NA
1570222800.0 124.1 298 NA NA NA NA NA NA NA NA 851 NA NA NA NA NA NA NA NA 1468 NA NA NA NA NA NA NA NA 1480 NA NA NA NA NA NA NA NA
1570222800.0 124.2 337 NA NA NA NA NA NA NA NA 853 NA NA NA NA NA NA NA NA 1421 NA NA NA NA NA NA NA NA 1484 NA NA NA NA NA NA NA NA
1570222800.0 124.4 324 NA NA NA NA NA NA NA NA 852 NA NA NA NA NA NA NA NA 1407 NA NA NA NA NA NA NA NA 1404 NA NA NA NA NA NA NA NA
1570222800.0 124.5 348 NA NA NA NA NA NA NA NA 886 NA NA NA NA NA NA NA NA 1612 NA NA NA NA NA NA NA NA 1611 NA NA NA NA NA NA NA NA
1570222800.0 124.6 252 NA NA NA NA NA NA NA NA 806 NA NA NA NA NA NA NA NA 1400 NA NA NA NA NA NA NA NA 1633 NA NA NA NA NA NA NA NA
1570222800.0 125.0 109 125 300 NA NA NA NA NA NA 201 583 668 NA NA NA NA NA NA 1783 517 1915 NA NA NA NA NA NA 941 417 1987 NA NA NA NA NA NA
1570222800.0 126.0 68 118 304 NA NA NA NA NA NA 161 584 595 NA NA NA NA NA NA 1320 579 2100 NA NA NA NA NA NA 2479 685 3169 NA NA NA NA NA NA
1570222800.0 127.0 57 136 287 NA NA NA NA NA NA 130 538 655 NA NA NA NA NA NA 1039 486 1973 NA NA NA NA NA NA 1867 668 2610 NA NA NA NA NA NA
1570222800.0 128.0 70 122 297 NA NA NA NA NA NA 128 585 591 NA NA NA NA NA NA 563 513 1769 NA NA NA NA NA NA 594 415 1908 NA NA NA NA NA NA
1570222800.0 129.0 68 124 291 NA NA NA NA NA NA 137 539 659 NA NA NA NA NA NA 573 495 1863 NA NA NA NA NA NA 601 408 2171 NA NA NA NA NA NA
1570222800.0 13.0 NA 134 319 0 NA NA NA NA NA NA 601 634 0 NA NA NA NA NA NA 509 2468 565 NA NA NA NA NA NA 453 2292 669 NA NA NA NA NA
1570222800.0 130.0 58 114 287 NA NA NA NA NA NA 127 539 666 NA NA NA NA NA NA 681 552 1989 NA NA NA NA NA NA 1308 2490 2964 NA NA NA NA NA NA
1570222800.0 1301.0 84 176 247 NA NA NA NA NA NA 151 600 580 NA NA NA NA NA NA 1116 666 1305 NA NA NA NA NA NA 791 468 1380 NA NA NA NA NA NA
1570222800.0 1301.17 70 213 225 NA NA NA NA NA NA 137 601 520 NA NA NA NA NA NA 1379 2081 1594 NA NA NA NA NA NA 2353 963 2377 NA NA NA NA NA NA
1570222800.0 1302.0 103 175 266 NA NA NA NA NA NA 173 598 609 NA NA NA NA NA NA 3000 722 1545 NA NA NA NA NA NA 1263 493 1421 NA NA NA NA NA NA
1570222800.0 1302.17 75 220 268 NA NA NA NA NA NA 142 555 627 NA NA NA NA NA NA 3264 2276 1723 NA NA NA NA NA NA 1875 1027 2109 NA NA NA NA NA NA
1570222800.0 1302.18 65 289 203 NA NA NA NA NA NA 142 633 608 NA NA NA NA NA NA 3184 3080 1173 NA NA NA NA NA NA 2104 2009 1164 NA NA NA NA NA NA
1570222800.0 1303.0 74 171 221 NA NA NA NA NA NA 158 599 590 NA NA NA NA NA NA 5664 647 1907 NA NA NA NA NA NA 3416 769 1643 NA NA NA NA NA NA
1570222800.0 1303.17 72 215 234 NA NA NA NA NA NA 146 600 617 NA NA NA NA NA NA 6061 1956 1989 NA NA NA NA NA NA 3114 810 1622 NA NA NA NA NA NA
1570222800.0 1304.18 78 287 234 159 NA NA NA NA NA 142 631 527 240 NA NA NA NA NA 2642 2973 1106 747 NA NA NA NA NA 1485 1779 1137 804 NA NA NA NA NA
1570222800.0 1304.181 79 288 235 166 NA NA NA NA NA 142 584 586 230 NA NA NA NA NA 2549 2898 1120 935 NA NA NA NA NA 1207 1707 1134 1240 NA NA NA NA NA
1570222800.0 1306.0 NA 168 335 0 NA NA NA NA NA NA 604 660 0 NA NA NA NA NA NA 776 2076 686 NA NA NA NA NA NA 943 4427 1025 NA NA NA NA NA
1570222800.0 1307.0 NA 179 208 50 0 NA NA NA NA NA 600 296 93 0 NA NA NA NA NA 682 683 143 271 NA NA NA NA NA 472 643 202 333 NA NA NA NA
1570222800.0 1308.0 NA 173 207 49 0 NA NA NA NA NA 600 289 91 0 NA NA NA NA NA 770 703 147 423 NA NA NA NA NA 721 693 215 761 NA NA NA NA
1570222800.0 1309.0 NA 168 355 0 NA NA NA NA NA NA 558 690 0 NA NA NA NA NA NA 747 2150 648 NA NA NA NA NA NA 1121 2481 725 NA NA NA NA NA
1570222800.0 131.0 72 122 297 NA NA NA NA NA NA 133 583 614 NA NA NA NA NA NA 1069 476 1862 NA NA NA NA NA NA 734 393 1976 NA NA NA NA NA NA
1570222800.0 1310.0 NA 169 350 0 NA NA NA NA NA NA 607 602 0 NA NA NA NA NA NA 923 2346 701 NA NA NA NA NA NA 1636 2686 1325 NA NA NA NA NA
1570222800.0 1311.0 NA 181 335 0 75 NA NA NA NA NA 606 634 0 126 NA NA NA NA NA 943 1429 668 343 NA NA NA NA NA 611 1510 739 357 NA NA NA NA
1570222800.0 1312.0 NA 168 351 0 NA NA NA NA NA NA 559 685 0 NA NA NA NA NA NA 733 2121 636 NA NA NA NA NA NA 1310 2628 733 NA NA NA NA NA
1570222800.0 1313.0 NA 169 364 0 NA NA NA NA NA NA 516 676 0 NA NA NA NA NA NA 671 2255 646 NA NA NA NA NA NA 1008 2318 1109 NA NA NA NA NA
1570222800.0 1314.0 NA 170 369 0 NA NA NA NA NA NA 560 676 0 NA NA NA NA NA NA 964 2249 695 NA NA NA NA NA NA 1909 3013 949 NA NA NA NA NA
1570222800.0 1315.0 NA 163 341 0 NA NA NA NA NA NA 603 651 0 NA NA NA NA NA NA 676 1951 629 NA NA NA NA NA NA 797 2596 772 NA NA NA NA NA
1570222800.0 1316.0 NA 166 339 0 NA NA NA NA NA NA 604 612 0 NA NA NA NA NA NA 818 2118 687 NA NA NA NA NA NA 1461 2748 1018 NA NA NA NA NA
1570222800.0 1317.0 NA 165 344 0 NA NA NA NA NA NA 606 667 0 NA NA NA NA NA NA 781 2076 703 NA NA NA NA NA NA 1178 2946 1175 NA NA NA NA NA
1570222800.0 1318.0 NA 166 330 0 NA NA NA NA NA NA 559 588 0 NA NA NA NA NA NA 862 2552 749 NA NA NA NA NA NA 1652 5147 1746 NA NA NA NA NA
1570222800.0 1319.0 NA 169 345 0 NA NA NA NA NA NA 560 700 0 NA NA NA NA NA NA 802 2032 687 NA NA NA NA NA NA 938 2524 973 NA NA NA NA NA
1570222800.0 132.0 78 111 286 NA NA NA NA NA NA 209 582 639 NA NA NA NA NA NA 2783 575 2145 NA NA NA NA NA NA 2026 991 2367 NA NA NA NA NA NA
1570222800.0 1320.0 NA 169 341 0 NA NA NA NA NA NA 560 680 0 NA NA NA NA NA NA 701 1961 619 NA NA NA NA NA NA 832 2349 679 NA NA NA NA NA
1570222800.0 1321.0 NA 164 344 0 NA NA NA NA NA NA 561 688 0 NA NA NA NA NA NA 845 2129 692 NA NA NA NA NA NA 853 2883 1285 NA NA NA NA NA
1570222800.0 1322.0 NA 164 337 0 NA NA NA NA NA NA 603 652 0 NA NA NA NA NA NA 692 1991 614 NA NA NA NA NA NA 845 2579 706 NA NA NA NA NA
1570222800.0 1323.0 NA 162 334 0 NA NA NA NA NA NA 604 676 0 NA NA NA NA NA NA 655 1852 615 NA NA NA NA NA NA 763 2258 828 NA NA NA NA NA
1570222800.0 1324.0 NA 172 351 0 NA NA NA NA NA NA 604 694 0 NA NA NA NA NA NA 902 2316 712 NA NA NA NA NA NA 1111 3111 1017 NA NA NA NA NA
1570222800.0 1325.0 NA 191 379 0 81 NA NA NA NA NA 559 692 0 128 NA NA NA NA NA 757 2365 673 379 NA NA NA NA NA 559 2543 792 386 NA NA NA NA
1570222800.0 1325.1 NA 192 167 0 NA NA NA NA NA NA 516 282 0 NA NA NA NA NA NA 830 711 308 NA NA NA NA NA NA 758 765 374 NA NA NA NA NA
1570222800.0 1325.2 NA 170 355 0 NA NA NA NA NA NA 604 708 0 NA NA NA NA NA NA 870 2354 720 NA NA NA NA NA NA 1223 3628 985 NA NA NA NA NA
1570222800.0 1325.3 NA 189 169 0 NA NA NA NA NA NA 564 258 0 NA NA NA NA NA NA 723 699 297 NA NA NA NA NA NA 512 734 368 NA NA NA NA NA
1570222800.0 1325.4 NA 192 369 0 NA NA NA NA NA NA 560 677 0 NA NA NA NA NA NA 824 2360 639 NA NA NA NA NA NA 562 2362 707 NA NA NA NA NA
1570222800.0 1325.5 NA 163 0 NA NA NA NA NA NA NA 280 0 NA NA NA NA NA NA NA 4633 155 NA NA NA NA NA NA NA 5760 321 NA NA NA NA NA NA
1570222800.0 1325.51 NA 165 0 NA NA NA NA NA NA NA 273 0 NA NA NA NA NA NA NA 1972 179 NA NA NA NA NA NA NA 3293 485 NA NA NA NA NA NA
1570222800.0 1325.6 NA 210 NA NA NA NA NA NA NA NA 327 NA NA NA NA NA NA NA NA 3502 NA NA NA NA NA NA NA NA 4851 NA NA NA NA NA NA NA
1570222800.0 1325.7 NA 200 0 NA NA NA NA NA NA NA 319 0 NA NA NA NA NA NA NA 3907 155 NA NA NA NA NA NA NA 4939 285 NA NA NA NA NA NA
1570222800.0 1325.8 NA 212 0 NA NA NA NA NA NA NA 329 0 NA NA NA NA NA NA NA 3968 155 NA NA NA NA NA NA NA 2320 270 NA NA NA NA NA NA
1570222800.0 1326.0 NA 168 358 0 NA NA NA NA NA NA 558 698 0 NA NA NA NA NA NA 931 2165 705 NA NA NA NA NA NA 1194 4688 1065 NA NA NA NA NA
1570222800.0 1327.0 NA 167 346 0 NA NA NA NA NA NA 515 634 0 NA NA NA NA NA NA 880 2124 702 NA NA NA NA NA NA 1456 4502 1053 NA NA NA NA NA
1570222800.0 1328.0 NA 169 342 0 NA NA NA NA NA NA 560 671 0 NA NA NA NA NA NA 874 2159 705 NA NA NA NA NA NA 1359 3454 982 NA NA NA NA NA
1570222800.0 1329.0 NA 187 354 0 NA NA NA NA NA NA 562 667 0 NA NA NA NA NA NA 721 2363 645 NA NA NA NA NA NA 525 2674 715 NA NA NA NA NA
1570222800.0 1329.1 NA 183 0 NA NA NA NA NA NA NA 299 0 NA NA NA NA NA NA NA 5415 147 NA NA NA NA NA NA NA 6816 646 NA NA NA NA NA NA
1570222800.0 133.0 82 140 292 NA NA NA NA NA NA 211 585 569 NA NA NA NA NA NA 3928 565 2137 NA NA NA NA NA NA 2158 483 2147 NA NA NA NA NA NA
1570222800.0 1330.0 NA 167 394 0 NA NA NA NA NA NA 604 715 0 NA NA NA NA NA NA 913 2270 730 NA NA NA NA NA NA 1316 3721 1207 NA NA NA NA NA
1570222800.0 1331.0 NA 187 369 0 NA NA NA NA NA NA 604 667 0 NA NA NA NA NA NA 866 2075 632 NA NA NA NA NA NA 874 2109 721 NA NA NA NA NA
1570222800.0 1332.0 NA 187 359 0 NA NA NA NA NA NA 607 686 0 NA NA NA NA NA NA 738 2138 633 NA NA NA NA NA NA 556 2085 709 NA NA NA NA NA
1570222800.0 1333.0 NA 170 347 0 NA NA NA NA NA NA 603 676 0 NA NA NA NA NA NA 847 2109 703 NA NA NA NA NA NA 930 2530 1015 NA NA NA NA NA
1570222800.0 1334.0 NA 168 352 0 NA NA NA NA NA NA 560 679 0 NA NA NA NA NA NA 860 2171 704 NA NA NA NA NA NA 1034 2602 982 NA NA NA NA NA
1570222800.0 1335.0 NA 182 365 0 NA NA NA NA NA NA 607 668 0 NA NA NA NA NA NA 710 2030 632 NA NA NA NA NA NA 488 2116 707 NA NA NA NA NA
1570222800.0 1336.0 NA 174 355 0 NA NA NA NA NA NA 560 660 0 NA NA NA NA NA NA 807 2780 655 NA NA NA NA NA NA 897 2795 1048 NA NA NA NA NA
1570222800.0 1337.0 NA 179 366 0 NA NA NA NA NA NA 603 712 0 NA NA NA NA NA NA 943 2694 723 NA NA NA NA NA NA 1031 2557 961 NA NA NA NA NA
1570222800.0 1338.0 NA 173 351 0 NA NA NA NA NA NA 607 688 0 NA NA NA NA NA NA 865 2349 729 NA NA NA NA NA NA 986 3210 1690 NA NA NA NA NA
1570222800.0 1339.0 NA 172 360 0 NA NA NA NA NA NA 606 688 0 NA NA NA NA NA NA 785 2391 642 NA NA NA NA NA NA 986 2490 807 NA NA NA NA NA
1570222800.0 134.0 NA 335 41 0 NA NA NA NA NA NA 663 85 0 NA NA NA NA NA NA 3711 135 153 NA NA NA NA NA NA 2661 196 317 NA NA NA NA NA
1570222800.0 134.701 NA 38 332 0 NA NA NA NA NA NA 101 669 0 NA NA NA NA NA NA 268 5433 793 NA NA NA NA NA NA 679 3549 1086 NA NA NA NA NA
1570222800.0 134.702 NA 34 335 0 NA NA NA NA NA NA 97 665 0 NA NA NA NA NA NA 253 6594 725 NA NA NA NA NA NA 342 3225 951 NA NA NA NA NA
1570222800.0 134.703 NA 39 351 0 NA NA NA NA NA NA 113 696 0 NA NA NA NA NA NA 289 6597 779 NA NA NA NA NA NA 501 3537 1117 NA NA NA NA NA
1570222800.0 134.704 NA 37 336 0 NA NA NA NA NA NA 103 663 0 NA NA NA NA NA NA 302 6490 767 NA NA NA NA NA NA 478 3459 1149 NA NA NA NA NA
1570222800.0 134.705 NA 37 353 0 NA NA NA NA NA NA 104 697 0 NA NA NA NA NA NA 314 6949 807 NA NA NA NA NA NA 724 3632 1100 NA NA NA NA NA
1570222800.0 134.706 NA 37 347 0 NA NA NA NA NA NA 111 679 0 NA NA NA NA NA NA 290 7032 782 NA NA NA NA NA NA 433 3426 1120 NA NA NA NA NA
1570222800.0 134.707 NA 38 342 0 NA NA NA NA NA NA 114 664 0 NA NA NA NA NA NA 286 6345 704 NA NA NA NA NA NA 350 3565 922 NA NA NA NA NA
1570222800.0 134.708 NA 38 336 0 NA NA NA NA NA NA 104 651 0 NA NA NA NA NA NA 297 6276 769 NA NA NA NA NA NA 612 3560 912 NA NA NA NA NA
1570222800.0 134.709 NA 34 512 0 NA NA NA NA NA NA 98 919 0 NA NA NA NA NA NA 261 6546 729 NA NA NA NA NA NA 441 3587 1062 NA NA NA NA NA
1570222800.0 134.71 NA 35 335 0 NA NA NA NA NA NA 98 633 0 NA NA NA NA NA NA 281 5089 748 NA NA NA NA NA NA 596 3739 1074 NA NA NA NA NA
1570222800.0 134.801 NA 40 332 0 NA NA NA NA NA NA 105 665 0 NA NA NA NA NA NA 275 5026 742 NA NA NA NA NA NA 910 3289 1041 NA NA NA NA NA
1570222800.0 134.802 NA 34 342 0 NA NA NA NA NA NA 106 697 0 NA NA NA NA NA NA 318 7727 706 NA NA NA NA NA NA 547 3528 777 NA NA NA NA NA
1570222800.0 134.803 NA 33 343 0 NA NA NA NA NA NA 101 684 0 NA NA NA NA NA NA 296 7279 736 NA NA NA NA NA NA 504 4749 854 NA NA NA NA NA
1570222800.0 134.804 NA 32 371 0 NA NA NA NA NA NA 103 694 0 NA NA NA NA NA NA 294 7861 703 NA NA NA NA NA NA 470 3759 816 NA NA NA NA NA
1570222800.0 134.805 NA 37 351 0 NA NA NA NA NA NA 113 668 0 NA NA NA NA NA NA 277 7738 720 NA NA NA NA NA NA 367 3778 778 NA NA NA NA NA
1570222800.0 134.806 NA 42 358 0 NA NA NA NA NA NA 111 658 0 NA NA NA NA NA NA 285 8426 730 NA NA NA NA NA NA 572 3942 815 NA NA NA NA NA
1570222800.0 134.807 NA 96 372 0 NA NA NA NA NA NA 226 722 0 NA NA NA NA NA NA 1393 8639 864 NA NA NA NA NA NA 1291 4118 948 NA NA NA NA NA
1570222800.0 134.808 NA 94 375 0 NA NA NA NA NA NA 222 739 0 NA NA NA NA NA NA 1284 8825 790 NA NA NA NA NA NA 1020 4055 912 NA NA NA NA NA
1570222800.0 134.809 NA 33 348 0 NA NA NA NA NA NA 105 667 0 NA NA NA NA NA NA 284 7382 714 NA NA NA NA NA NA 398 3544 817 NA NA NA NA NA
1570222800.0 134.81 NA 37 345 0 NA NA NA NA NA NA 99 676 0 NA NA NA NA NA NA 277 7438 715 NA NA NA NA NA NA 406 3571 881 NA NA NA NA NA
1570222800.0 134.811 NA 33 351 0 NA NA NA NA NA NA 102 664 0 NA NA NA NA NA NA 272 7781 708 NA NA NA NA NA NA 552 3561 868 NA NA NA NA NA
1570222800.0 134.812 NA 28 328 0 NA NA NA NA NA NA 99 662 0 NA NA NA NA NA NA 278 4938 735 NA NA NA NA NA NA 562 3191 934 NA NA NA NA NA
1570222800.0 134.813 NA 168 66 0 NA NA NA NA NA NA 273 116 0 NA NA NA NA NA NA 1032 234 277 NA NA NA NA NA NA 755 268 336 NA NA NA NA NA
1570222800.0 134.901 NA 31 332 0 NA NA NA NA NA NA 100 664 0 NA NA NA NA NA NA 279 5108 748 NA NA NA NA NA NA 767 3281 928 NA NA NA NA NA
1570222800.0 134.902 NA 33 339 0 NA NA NA NA NA NA 106 673 0 NA NA NA NA NA NA 261 6195 711 NA NA NA NA NA NA 414 3202 811 NA NA NA NA NA
1570222800.0 134.903 NA 37 329 0 NA NA NA NA NA NA 110 668 0 NA NA NA NA NA NA 275 5875 759 NA NA NA NA NA NA 520 3692 1120 NA NA NA NA NA
1570222800.0 134.904 NA 44 349 0 NA NA NA NA NA NA 114 682 0 NA NA NA NA NA NA 328 6770 759 NA NA NA NA NA NA 689 3601 922 NA NA NA NA NA
1570222800.0 134.905 NA 35 344 0 NA NA NA NA NA NA 102 663 0 NA NA NA NA NA NA 286 5837 755 NA NA NA NA NA NA 559 3834 934 NA NA NA NA NA
1570222800.0 134.906 NA 36 337 0 NA NA NA NA NA NA 105 664 0 NA NA NA NA NA NA 301 6565 705 NA NA NA NA NA NA 463 3567 936 NA NA NA NA NA
1570222800.0 134.907 NA 91 358 0 NA NA NA NA NA NA 220 665 0 NA NA NA NA NA NA 1022 6701 760 NA NA NA NA NA NA 921 3519 854 NA NA NA NA NA
1570222800.0 134.908 NA 97 370 0 NA NA NA NA NA NA 227 687 0 NA NA NA NA NA NA 988 6781 745 NA NA NA NA NA NA 883 3375 839 NA NA NA NA NA
1570222800.0 134.909 NA 40 337 0 NA NA NA NA NA NA 103 650 0 NA NA NA NA NA NA 295 6119 754 NA NA NA NA NA NA 671 4362 1036 NA NA NA NA NA
1570222800.0 134.91 NA 39 337 0 NA NA NA NA NA NA 107 596 0 NA NA NA NA NA NA 268 5581 748 NA NA NA NA NA NA 519 3667 1011 NA NA NA NA NA
1570222800.0 134.911 NA 34 336 0 NA NA NA NA NA NA 101 689 0 NA NA NA NA NA NA 270 5899 752 NA NA NA NA NA NA 369 3619 889 NA NA NA NA NA
1570222800.0 134.912 NA 36 329 0 NA NA NA NA NA NA 101 648 0 NA NA NA NA NA NA 267 4747 741 NA NA NA NA NA NA 454 3335 872 NA NA NA NA NA
1570222800.0 134.99601 NA 39 347 0 NA NA NA NA NA NA 106 702 0 NA NA NA NA NA NA 280 8564 721 NA NA NA NA NA NA 545 3819 926 NA NA NA NA NA
1570222800.0 134.99602 NA 41 331 0 NA NA NA NA NA NA 106 654 0 NA NA NA NA NA NA 305 5574 755 NA NA NA NA NA NA 762 3906 948 NA NA NA NA NA
1570222800.0 134.99603 NA 40 346 0 NA NA NA NA NA NA 105 671 0 NA NA NA NA NA NA 289 7122 703 NA NA NA NA NA NA 488 3481 756 NA NA NA NA NA
1570222800.0 134.99901 NA 38 330 0 NA NA NA NA NA NA 101 667 0 NA NA NA NA NA NA 262 5698 747 NA NA NA NA NA NA 599 3646 846 NA NA NA NA NA
1570222800.0 1340.0 NA 170 340 0 NA NA NA NA NA NA 604 652 0 NA NA NA NA NA NA 894 2064 709 NA NA NA NA NA NA 918 2538 1275 NA NA NA NA NA
1570222800.0 1341.0 NA 173 355 0 NA NA NA NA NA NA 604 694 0 NA NA NA NA NA NA 871 2333 737 NA NA NA NA NA NA 853 2251 1437 NA NA NA NA NA
1570222800.0 1343.0 NA 174 352 0 NA NA NA NA NA NA 607 688 0 NA NA NA NA NA NA 915 2450 692 NA NA NA NA NA NA 1385 2823 968 NA NA NA NA NA
1570222800.0 1344.0 NA 171 349 0 NA NA NA NA NA NA 560 685 0 NA NA NA NA NA NA 738 2122 629 NA NA NA NA NA NA 1165 2297 723 NA NA NA NA NA
1570222800.0 1345.0 NA 168 352 0 NA NA NA NA NA NA 560 688 0 NA NA NA NA NA NA 728 2073 634 NA NA NA NA NA NA 696 2390 707 NA NA NA NA NA
1570222800.0 1347.0 NA 171 347 0 NA NA NA NA NA NA 601 679 0 NA NA NA NA NA NA 718 2054 636 NA NA NA NA NA NA 917 2708 862 NA NA NA NA NA
1570222800.0 1348.0 NA 177 370 0 NA NA NA NA NA NA 561 689 0 NA NA NA NA NA NA 853 2055 642 NA NA NA NA NA NA 810 2269 742 NA NA NA NA NA
1570222800.0 1349.0 NA 170 339 0 NA NA NA NA NA NA 560 644 0 NA NA NA NA NA NA 874 2292 725 NA NA NA NA NA NA 1684 2667 988 NA NA NA NA NA
1570222800.0 135.1 362 0 145 NA NA NA NA NA NA 853 0 236 NA NA NA NA NA NA 1396 262 652 NA NA NA NA NA NA 1262 319 695 NA NA NA NA NA NA
1570222800.0 135.11 367 0 145 NA NA NA NA NA NA 849 0 230 NA NA NA NA NA NA 1901 274 942 NA NA NA NA NA NA 1437 341 1245 NA NA NA NA NA NA
1570222800.0 135.12 349 0 144 NA NA NA NA NA NA 853 0 230 NA NA NA NA NA NA 1531 259 645 NA NA NA NA NA NA 1258 318 726 NA NA NA NA NA NA
1570222800.0 135.13 331 0 NA NA NA NA NA NA NA 845 0 NA NA NA NA NA NA NA 1738 358 NA NA NA NA NA NA NA 2203 586 NA NA NA NA NA NA NA
1570222800.0 135.2 302 0 142 NA NA NA NA NA NA 851 0 225 NA NA NA NA NA NA 1222 247 603 NA NA NA NA NA NA 1166 314 689 NA NA NA NA NA NA
1570222800.0 135.3 288 0 131 NA NA NA NA NA NA 761 0 220 NA NA NA NA NA NA 1246 243 811 NA NA NA NA NA NA 1269 300 1258 NA NA NA NA NA NA
1570222800.0 135.4 351 0 135 NA NA NA NA NA NA 853 0 221 NA NA NA NA NA NA 1488 320 621 NA NA NA NA NA NA 1286 501 715 NA NA NA NA NA NA
1570222800.0 135.5 355 0 136 NA NA NA NA NA NA 848 0 229 NA NA NA NA NA NA 1317 258 671 NA NA NA NA NA NA 1218 322 841 NA NA NA NA NA NA
1570222800.0 135.6 365 0 146 NA NA NA NA NA NA 852 0 233 NA NA NA NA NA NA 1500 261 690 NA NA NA NA NA NA 1288 322 741 NA NA NA NA NA NA
1570222800.0 135.7 362 0 146 NA NA NA NA NA NA 805 0 226 NA NA NA NA NA NA 1416 259 628 NA NA NA NA NA NA 1290 315 699 NA NA NA NA NA NA
1570222800.0 135.8 147 NA NA NA NA NA NA NA NA 273 NA NA NA NA NA NA NA NA 525 NA NA NA NA NA NA NA NA 1291 NA NA NA NA NA NA NA NA
1570222800.0 135.9 366 0 139 NA NA NA NA NA NA 848 0 229 NA NA NA NA NA NA 1409 406 612 NA NA NA NA NA NA 1526 694 687 NA NA NA NA NA NA
1570222800.0 1350.0 NA 168 346 0 NA NA NA NA NA NA 555 678 0 NA NA NA NA NA NA 904 2105 706 NA NA NA NA NA NA 960 2289 888 NA NA NA NA NA
1570222800.0 1351.0 NA 167 345 0 NA NA NA NA NA NA 604 665 0 NA NA NA NA NA NA 856 2120 696 NA NA NA NA NA NA 1200 2590 958 NA NA NA NA NA
1570222800.0 1352.0 NA 168 348 0 NA NA NA NA NA NA 603 663 0 NA NA NA NA NA NA 871 2223 729 NA NA NA NA NA NA 933 2733 1082 NA NA NA NA NA
1570222800.0 1353.0 NA 165 352 0 NA NA NA NA NA NA 558 652 0 NA NA NA NA NA NA 925 2234 701 NA NA NA NA NA NA 1342 2455 890 NA NA NA NA NA
1570222800.0 1354.0 NA 175 347 0 NA NA NA NA NA NA 607 670 0 NA NA NA NA NA NA 801 2466 734 NA NA NA NA NA NA 976 3985 1155 NA NA NA NA NA
1570222800.0 1355.0 NA 170 354 0 NA NA NA NA NA NA 600 709 0 NA NA NA NA NA NA 899 2271 706 NA NA NA NA NA NA 1574 3046 1031 NA NA NA NA NA
1570222800.0 1356.0 87 175 351 0 138 NA NA NA NA 174 552 700 0 223 NA NA NA NA 2452 882 2232 688 652 NA NA NA NA 1166 509 2355 766 735 NA NA NA NA
1570222800.0 136.721 NA 89 342 0 NA NA NA NA NA NA 164 695 0 NA NA NA NA NA NA 542 7411 832 NA NA NA NA NA NA 1020 3572 894 NA NA NA NA NA
1570222800.0 136.722 NA 88 358 0 NA NA NA NA NA NA 167 744 0 NA NA NA NA NA NA 521 8524 832 NA NA NA NA NA NA 610 3903 937 NA NA NA NA NA
1570222800.0 136.723 NA 84 343 0 NA NA NA NA NA NA 160 688 0 NA NA NA NA NA NA 634 8122 856 NA NA NA NA NA NA 1743 3868 935 NA NA NA NA NA
1570222800.0 136.724 NA 87 366 0 NA NA NA NA NA NA 161 737 0 NA NA NA NA NA NA 605 9678 848 NA NA NA NA NA NA 949 4345 980 NA NA NA NA NA
1570222800.0 136.725 NA 87 379 0 NA NA NA NA NA NA 171 768 0 NA NA NA NA NA NA 563 8634 850 NA NA NA NA NA NA 1088 3929 990 NA NA NA NA NA
1570222800.0 136.726 NA 86 357 0 NA NA NA NA NA NA 169 690 0 NA NA NA NA NA NA 600 8968 843 NA NA NA NA NA NA 705 4351 1001 NA NA NA NA NA
1570222800.0 136.727 NA 141 363 0 NA NA NA NA NA NA 274 765 0 NA NA NA NA NA NA 1411 8927 854 NA NA NA NA NA NA 2450 4197 1019 NA NA NA NA NA
1570222800.0 136.728 NA 150 396 0 NA NA NA NA NA NA 299 771 0 NA NA NA NA NA NA 1850 10294 944 NA NA NA NA NA NA 2628 5454 1374 NA NA NA NA NA
1570222800.0 136.729 NA 86 352 0 NA NA NA NA NA NA 152 664 0 NA NA NA NA NA NA 539 8476 834 NA NA NA NA NA NA 1243 3888 1002 NA NA NA NA NA
1570222800.0 136.73 NA 85 392 0 NA NA NA NA NA NA 165 771 0 NA NA NA NA NA NA 646 8730 829 NA NA NA NA NA NA 1234 4558 988 NA NA NA NA NA
1570222800.0 136.731 NA 87 387 0 NA NA NA NA NA NA 162 776 0 NA NA NA NA NA NA 518 8795 837 NA NA NA NA NA NA 793 4107 1007 NA NA NA NA NA
1570222800.0 136.732 NA 89 339 0 NA NA NA NA NA NA 170 689 0 NA NA NA NA NA NA 540 6802 828 NA NA NA NA NA NA 1450 3519 882 NA NA NA NA NA
1570222800.0 136.733 NA 190 79 0 NA NA NA NA NA NA 297 133 0 NA NA NA NA NA NA 1078 387 281 NA NA NA NA NA NA 859 359 351 NA NA NA NA NA
1570222800.0 136.734 NA 84 349 0 NA NA NA NA NA NA 165 697 0 NA NA NA NA NA NA 735 8639 834 NA NA NA NA NA NA 671 4020 913 NA NA NA NA NA
1570222800.0 136.735 NA 88 294 0 NA NA NA NA NA NA 163 639 0 NA NA NA NA NA NA 707 2753 701 NA NA NA NA NA NA 880 2503 796 NA NA NA NA NA
1570222800.0 136.736 NA 88 359 0 NA NA NA NA NA NA 162 719 0 NA NA NA NA NA NA 641 12025 883 NA NA NA NA NA NA 1451 5089 1197 NA NA NA NA NA
1570222800.0 136.737 NA 97 373 0 NA NA NA NA NA NA 159 746 0 NA NA NA NA NA NA 563 13492 848 NA NA NA NA NA NA 453 5088 910 NA NA NA NA NA
1570222800.0 136.738 NA 84 355 0 NA NA NA NA NA NA 160 746 0 NA NA NA NA NA NA 772 13570 896 NA NA NA NA NA NA 1139 5713 1480 NA NA NA NA NA
1570222800.0 136.739 NA 84 378 0 NA NA NA NA NA NA 157 749 0 NA NA NA NA NA NA 658 15063 884 NA NA NA NA NA NA 1161 5729 1355 NA NA NA NA NA
1570222800.0 136.74 NA 86 401 0 NA NA NA NA NA NA 169 797 0 NA NA NA NA NA NA 681 13934 913 NA NA NA NA NA NA 1734 6117 1987 NA NA NA NA NA
1570222800.0 136.741 NA 85 368 0 NA NA NA NA NA NA 165 711 0 NA NA NA NA NA NA 727 13461 844 NA NA NA NA NA NA 880 5857 1115 NA NA NA NA NA
1570222800.0 136.742 NA 89 364 0 NA NA NA NA NA NA 160 709 0 NA NA NA NA NA NA 663 12816 858 NA NA NA NA NA NA 1159 5780 1079 NA NA NA NA NA
1570222800.0 136.743 NA 93 385 0 NA NA NA NA NA NA 163 739 0 NA NA NA NA NA NA 722 12034 832 NA NA NA NA NA NA 1411 4998 1002 NA NA NA NA NA
1570222800.0 136.744 NA 88 392 0 NA NA NA NA NA NA 168 831 0 NA NA NA NA NA NA 628 13732 839 NA NA NA NA NA NA 827 8131 1223 NA NA NA NA NA
1570222800.0 136.745 NA 86 351 0 NA NA NA NA NA NA 160 702 0 NA NA NA NA NA NA 581 9877 850 NA NA NA NA NA NA 907 4202 1166 NA NA NA NA NA
1570222800.0 136.746 NA 84 354 0 NA NA NA NA NA NA 169 714 0 NA NA NA NA NA NA 770 12844 855 NA NA NA NA NA NA 930 5957 1132 NA NA NA NA NA
1570222800.0 136.747 NA 89 369 0 NA NA NA NA NA NA 168 714 0 NA NA NA NA NA NA 631 12078 851 NA NA NA NA NA NA 1360 5122 1013 NA NA NA NA NA
1570222800.0 136.748 NA 88 369 0 NA NA NA NA NA NA 172 746 0 NA NA NA NA NA NA 581 12376 979 NA NA NA NA NA NA 909 5327 1319 NA NA NA NA NA
1570222800.0 136.749 NA 84 367 0 NA NA NA NA NA NA 170 740 0 NA NA NA NA NA NA 853 13787 905 NA NA NA NA NA NA 1238 6413 1640 NA NA NA NA NA
1570222800.0 136.75 NA 87 390 0 NA NA NA NA NA NA 160 734 0 NA NA NA NA NA NA 681 15450 896 NA NA NA NA NA NA 1027 6359 1343 NA NA NA NA NA
1570222800.0 136.751 NA 85 393 0 NA NA NA NA NA NA 165 813 0 NA NA NA NA NA NA 678 15741 875 NA NA NA NA NA NA 1000 6139 950 NA NA NA NA NA
1570222800.0 136.752 NA 85 371 0 NA NA NA NA NA NA 164 688 0 NA NA NA NA NA NA 741 13220 908 NA NA NA NA NA NA 987 5552 1655 NA NA NA NA NA
1570222800.0 136.753 NA 88 365 0 NA NA NA NA NA NA 156 706 0 NA NA NA NA NA NA 617 13006 882 NA NA NA NA NA NA 1343 6263 1124 NA NA NA NA NA
1570222800.0 136.754 NA 87 394 0 NA NA NA NA NA NA 176 739 0 NA NA NA NA NA NA 676 10952 838 NA NA NA NA NA NA 1930 4823 918 NA NA NA NA NA
1570222800.0 136.755 NA 85 388 0 NA NA NA NA NA NA 173 801 0 NA NA NA NA NA NA 674 14546 865 NA NA NA NA NA NA 932 5850 946 NA NA NA NA NA
1570222800.0 136.756 NA 86 351 0 NA NA NA NA NA NA 165 704 0 NA NA NA NA NA NA 549 9172 850 NA NA NA NA NA NA 1093 4011 916 NA NA NA NA NA
1570222800.0 136.757 NA 85 366 0 NA NA NA NA NA NA 164 740 0 NA NA NA NA NA NA 777 12464 866 NA NA NA NA NA NA 930 6949 1126 NA NA NA NA NA
1570222800.0 136.758 NA 87 372 0 NA NA NA NA NA NA 165 759 0 NA NA NA NA NA NA 683 14683 895 NA NA NA NA NA NA 1526 6828 1338 NA NA NA NA NA
1570222800.0 136.759 NA 90 391 0 NA NA NA NA NA NA 155 781 0 NA NA NA NA NA NA 695 16911 884 NA NA NA NA NA NA 1028 6986 998 NA NA NA NA NA
1570222800.0 136.76 NA 91 381 0 NA NA NA NA NA NA 167 750 0 NA NA NA NA NA NA 797 18599 879 NA NA NA NA NA NA 1131 8448 1225 NA NA NA NA NA
1570222800.0 136.761 NA 88 404 0 NA NA NA NA NA NA 160 757 0 NA NA NA NA NA NA 746 21698 919 NA NA NA NA NA NA 1643 8167 1451 NA NA NA NA NA
1570222800.0 136.7611 NA 179 0 NA NA NA NA NA NA NA 302 0 NA NA NA NA NA NA NA 5343 156 NA NA NA NA NA NA NA 6791 469 NA NA NA NA NA NA
1570222800.0 136.762 NA 89 424 0 NA NA NA NA NA NA 164 815 0 NA NA NA NA NA NA 705 23847 868 NA NA NA NA NA NA 1479 8892 1160 NA NA NA NA NA
1570222800.0 136.763 NA 89 380 0 NA NA NA NA NA NA 163 728 0 NA NA NA NA NA NA 789 19122 855 NA NA NA NA NA NA 1644 7495 1168 NA NA NA NA NA
1570222800.0 136.764 NA 88 383 0 NA NA NA NA NA NA 162 762 0 NA NA NA NA NA NA 707 18222 889 NA NA NA NA NA NA 1447 6673 1229 NA NA NA NA NA
1570222800.0 136.765 NA 90 389 0 NA NA NA NA NA NA 157 750 0 NA NA NA NA NA NA 739 15214 867 NA NA NA NA NA NA 1100 6555 976 NA NA NA NA NA
1570222800.0 136.766 NA 90 401 0 NA NA NA NA NA NA 158 855 0 NA NA NA NA NA NA 693 17832 896 NA NA NA NA NA NA 1049 7948 1311 NA NA NA NA NA
1570222800.0 136.767 NA 85 364 0 NA NA NA NA NA NA 156 724 0 NA NA NA NA NA NA 638 12808 848 NA NA NA NA NA NA 868 5423 1065 NA NA NA NA NA
1570222800.0 136.768 NA 86 377 0 NA NA NA NA NA NA 161 686 0 NA NA NA NA NA NA 802 16364 886 NA NA NA NA NA NA 1063 6339 944 NA NA NA NA NA
1570222800.0 136.769 NA 88 364 0 NA NA NA NA NA NA 164 718 0 NA NA NA NA NA NA 680 11419 829 NA NA NA NA NA NA 1376 4738 954 NA NA NA NA NA
1570222800.0 136.77 NA 86 382 0 NA NA NA NA NA NA 163 796 0 NA NA NA NA NA NA 620 12345 826 NA NA NA NA NA NA 810 6655 1211 NA NA NA NA NA
1570222800.0 136.771 NA 87 359 0 NA NA NA NA NA NA 163 726 0 NA NA NA NA NA NA 736 11759 845 NA NA NA NA NA NA 920 4931 958 NA NA NA NA NA
1570222800.0 136.772 NA 85 380 0 NA NA NA NA NA NA 157 800 0 NA NA NA NA NA NA 660 14043 887 NA NA NA NA NA NA 1173 5791 1872 NA NA NA NA NA
1570222800.0 136.7721 NA 171 0 NA NA NA NA NA NA NA 302 0 NA NA NA NA NA NA NA 5008 149 NA NA NA NA NA NA NA 6123 332 NA NA NA NA NA NA
1570222800.0 136.7722 NA 172 0 NA NA NA NA NA NA NA 284 0 NA NA NA NA NA NA NA 5113 141 NA NA NA NA NA NA NA 5232 336 NA NA NA NA NA NA
1570222800.0 136.773 NA 86 387 0 NA NA NA NA NA NA 170 834 0 NA NA NA NA NA NA 641 12735 843 NA NA NA NA NA NA 894 6156 1145 NA NA NA NA NA
1570222800.0 136.774 NA 87 373 0 NA NA NA NA NA NA 173 741 0 NA NA NA NA NA NA 718 12659 887 NA NA NA NA NA NA 1188 6304 1173 NA NA NA NA NA
1570222800.0 136.775 NA 93 365 0 NA NA NA NA NA NA 157 714 0 NA NA NA NA NA NA 644 11558 819 NA NA NA NA NA NA 1436 5006 926 NA NA NA NA NA
1570222800.0 136.776 NA 85 374 0 NA NA NA NA NA NA 159 697 0 NA NA NA NA NA NA 631 11139 838 NA NA NA NA NA NA 1825 4935 1023 NA NA NA NA NA
1570222800.0 136.777 NA 85 387 0 NA NA NA NA NA NA 163 830 0 NA NA NA NA NA NA 640 12927 915 NA NA NA NA NA NA 1058 5210 1283 NA NA NA NA NA
1570222800.0 136.778 NA 88 345 0 NA NA NA NA NA NA 163 696 0 NA NA NA NA NA NA 574 8299 847 NA NA NA NA NA NA 1644 3966 1046 NA NA NA NA NA
1570222800.0 136.779 NA 90 363 0 NA NA NA NA NA NA 163 725 0 NA NA NA NA NA NA 759 11828 841 NA NA NA NA NA NA 1497 5012 928 NA NA NA NA NA
1570222800.0 136.78 NA 107 428 0 NA NA NA NA NA NA 191 850 0 NA NA NA NA NA NA 704 16048 1027 NA NA NA NA NA NA 1758 6472 1367 NA NA NA NA NA
1570222800.0 136.7801 NA 106 0 NA NA NA NA NA NA NA 176 0 NA NA NA NA NA NA NA 480 251 NA NA NA NA NA NA NA 893 360 NA NA NA NA NA NA
1570222800.0 136.7802 NA 80 0 NA NA NA NA NA NA NA 137 0 NA NA NA NA NA NA NA 361 161 NA NA NA NA NA NA NA 1419 276 NA NA NA NA NA NA
1570222800.0 136.7803 NA 110 0 NA NA NA NA NA NA NA 186 0 NA NA NA NA NA NA NA 681 237 NA NA NA NA NA NA NA 1475 1133 NA NA NA NA NA NA
1570222800.0 136.781 NA 112 437 0 NA NA NA NA NA NA 179 892 0 NA NA NA NA NA NA 625 17651 1017 NA NA NA NA NA NA 1029 6780 1425 NA NA NA NA NA
1570222800.0 136.782 NA 113 429 0 NA NA NA NA NA NA 189 842 0 NA NA NA NA NA NA 904 18244 1029 NA NA NA NA NA NA 1151 6586 1404 NA NA NA NA NA
1570222800.0 136.783 NA 107 476 0 NA NA NA NA NA NA 189 862 0 NA NA NA NA NA NA 695 21958 967 NA NA NA NA NA NA 1819 7644 1147 NA NA NA NA NA
1570222800.0 136.784 NA 111 442 0 NA NA NA NA NA NA 185 879 0 NA NA NA NA NA NA 658 17513 996 NA NA NA NA NA NA 1018 6553 1132 NA NA NA NA NA
1570222800.0 136.785 NA 105 439 0 NA NA NA NA NA NA 189 843 0 NA NA NA NA NA NA 791 19662 978 NA NA NA NA NA NA 1600 7492 1209 NA NA NA NA NA
1570222800.0 136.786 NA 111 428 0 NA NA NA NA NA NA 177 856 0 NA NA NA NA NA NA 598 17934 1009 NA NA NA NA NA NA 1049 6768 1125 NA NA NA NA NA
1570222800.0 136.787 NA 107 484 0 NA NA NA NA NA NA 178 901 0 NA NA NA NA NA NA 687 16696 1023 NA NA NA NA NA NA 1142 7019 1231 NA NA NA NA NA
1570222800.0 136.788 NA 122 488 0 NA NA NA NA NA NA 188 914 0 NA NA NA NA NA NA 566 20066 919 NA NA NA NA NA NA 446 6636 1001 NA NA NA NA NA
1570222800.0 136.789 NA 104 418 0 NA NA NA NA NA NA 180 823 0 NA NA NA NA NA NA 610 15809 1003 NA NA NA NA NA NA 1138 6897 1506 NA NA NA NA NA
1570222800.0 136.79 NA 112 418 0 NA NA NA NA NA NA 200 787 0 NA NA NA NA NA NA 727 10689 986 NA NA NA NA NA NA 1543 4588 1223 NA NA NA NA NA
1570222800.0 136.791 NA 105 343 0 NA NA NA NA NA NA 187 743 0 NA NA NA NA NA NA 731 3044 840 NA NA NA NA NA NA 1408 2495 926 NA NA NA NA NA
1570222800.0 136.792 NA 107 422 0 NA NA NA NA NA NA 192 857 0 NA NA NA NA NA NA 686 13796 1060 NA NA NA NA NA NA 1245 6089 1155 NA NA NA NA NA
1570222800.0 136.793 NA 105 433 0 NA NA NA NA NA NA 189 811 0 NA NA NA NA NA NA 592 13938 1095 NA NA NA NA NA NA 985 5667 1231 NA NA NA NA NA
1570222800.0 136.794 NA 110 427 0 NA NA NA NA NA NA 191 856 0 NA NA NA NA NA NA 727 14626 1103 NA NA NA NA NA NA 1253 5752 1264 NA NA NA NA NA
1570222800.0 136.795 NA 112 449 0 NA NA NA NA NA NA 189 899 0 NA NA NA NA NA NA 661 15528 1089 NA NA NA NA NA NA 1029 6240 1526 NA NA NA NA NA
1570222800.0 136.7952 NA 195 0 NA NA NA NA NA NA NA 305 0 NA NA NA NA NA NA NA 3207 142 NA NA NA NA NA NA NA 2190 230 NA NA NA NA NA NA
1570222800.0 136.796 NA 107 437 0 NA NA NA NA NA NA 190 870 0 NA NA NA NA NA NA 638 14536 1074 NA NA NA NA NA NA 1149 6024 1235 NA NA NA NA NA
1570222800.0 136.797 NA 108 430 0 NA NA NA NA NA NA 189 815 0 NA NA NA NA NA NA 703 15788 1077 NA NA NA NA NA NA 975 6284 1317 NA NA NA NA NA
1570222800.0 136.798 NA 107 425 0 NA NA NA NA NA NA 187 781 0 NA NA NA NA NA NA 621 14470 1058 NA NA NA NA NA NA 1410 5824 1195 NA NA NA NA NA
1570222800.0 136.799 NA 108 474 0 NA NA NA NA NA NA 181 923 0 NA NA NA NA NA NA 689 14003 1097 NA NA NA NA NA NA 1180 5905 1356 NA NA NA NA NA
1570222800.0 136.8 NA 108 446 0 NA NA NA NA NA NA 195 892 0 NA NA NA NA NA NA 634 15449 1071 NA NA NA NA NA NA 1080 7188 1192 NA NA NA NA NA
1570222800.0 136.801 NA 104 406 0 NA NA NA NA NA NA 182 817 0 NA NA NA NA NA NA 578 10064 1039 NA NA NA NA NA NA 1827 4500 1261 NA NA NA NA NA
1570222800.0 136.802 NA 104 413 0 NA NA NA NA NA NA 187 825 0 NA NA NA NA NA NA 755 13553 1084 NA NA NA NA NA NA 1002 5894 1329 NA NA NA NA NA
1570222800.0 136.803 NA 109 345 0 NA NA NA NA NA NA 195 676 0 NA NA NA NA NA NA 699 3145 946 NA NA NA NA NA NA 1272 3022 1621 NA NA NA NA NA
1570222800.0 136.804 NA 109 427 0 NA NA NA NA NA NA 187 738 0 NA NA NA NA NA NA 682 13359 1113 NA NA NA NA NA NA 1637 5814 1258 NA NA NA NA NA
1570222800.0 136.805 NA 109 442 0 NA NA NA NA NA NA 197 891 0 NA NA NA NA NA NA 604 15095 1097 NA NA NA NA NA NA 1006 6096 1236 NA NA NA NA NA
1570222800.0 136.806 NA 110 420 0 NA NA NA NA NA NA 191 861 0 NA NA NA NA NA NA 726 13874 1099 NA NA NA NA NA NA 1272 6004 1191 NA NA NA NA NA
1570222800.0 136.807 NA 107 441 0 NA NA NA NA NA NA 182 868 0 NA NA NA NA NA NA 645 15619 1084 NA NA NA NA NA NA 1035 6449 1183 NA NA NA NA NA
1570222800.0 136.808 NA 109 457 0 NA NA NA NA NA NA 190 871 0 NA NA NA NA NA NA 636 14990 1104 NA NA NA NA NA NA 1060 6001 1227 NA NA NA NA NA
1570222800.0 136.809 NA 107 422 0 NA NA NA NA NA NA 190 819 0 NA NA NA NA NA NA 778 14654 1098 NA NA NA NA NA NA 1100 6176 1373 NA NA NA NA NA
1570222800.0 136.81 NA 110 423 0 NA NA NA NA NA NA 182 801 0 NA NA NA NA NA NA 585 13671 1084 NA NA NA NA NA NA 1305 6469 1162 NA NA NA NA NA
1570222800.0 136.811 NA 108 473 0 NA NA NA NA NA NA 185 877 0 NA NA NA NA NA NA 660 13885 1112 NA NA NA NA NA NA 905 7353 1774 NA NA NA NA NA
1570222800.0 136.812 NA 106 453 0 NA NA NA NA NA NA 187 912 0 NA NA NA NA NA NA 658 16225 1099 NA NA NA NA NA NA 1002 7643 1505 NA NA NA NA NA
1570222800.0 136.813 NA 112 405 0 NA NA NA NA NA NA 190 807 0 NA NA NA NA NA NA 557 10066 1071 NA NA NA NA NA NA 1429 4576 1214 NA NA NA NA NA
1570222800.0 136.814 NA 106 427 0 NA NA NA NA NA NA 184 842 0 NA NA NA NA NA NA 809 14105 1113 NA NA NA NA NA NA 1165 5535 2309 NA NA NA NA NA
1570222800.0 136.815 NA 109 351 0 NA NA NA NA NA NA 187 712 0 NA NA NA NA NA NA 641 3208 931 NA NA NA NA NA NA 1278 2491 1023 NA NA NA NA NA
1570222800.0 136.816 NA 109 441 0 NA NA NA NA NA NA 183 752 0 NA NA NA NA NA NA 708 20568 1020 NA NA NA NA NA NA 1572 7214 1120 NA NA NA NA NA
1570222800.0 136.817 NA 108 476 0 NA NA NA NA NA NA 187 865 0 NA NA NA NA NA NA 662 19464 1041 NA NA NA NA NA NA 1438 6911 1191 NA NA NA NA NA
1570222800.0 136.818 NA 109 450 0 NA NA NA NA NA NA 189 801 0 NA NA NA NA NA NA 808 19647 1030 NA NA NA NA NA NA 1549 6833 1178 NA NA NA NA NA
1570222800.0 136.819 NA 114 473 0 NA NA NA NA NA NA 177 846 0 NA NA NA NA NA NA 666 23026 1102 NA NA NA NA NA NA 1148 8190 1397 NA NA NA NA NA
1570222800.0 136.82 NA 112 481 0 NA NA NA NA NA NA 183 928 0 NA NA NA NA NA NA 694 22485 1035 NA NA NA NA NA NA 1576 8194 1159 NA NA NA NA NA
1570222800.0 136.821 NA 112 437 0 NA NA NA NA NA NA 188 835 0 NA NA NA NA NA NA 765 18988 1114 NA NA NA NA NA NA 1116 7582 1383 NA NA NA NA NA
1570222800.0 136.822 NA 113 435 0 NA NA NA NA NA NA 187 811 0 NA NA NA NA NA NA 664 18515 1114 NA NA NA NA NA NA 1080 7622 1529 NA NA NA NA NA
1570222800.0 136.823 NA 113 494 0 NA NA NA NA NA NA 186 913 0 NA NA NA NA NA NA 708 17612 1116 NA NA NA NA NA NA 1149 6646 1207 NA NA NA NA NA
1570222800.0 136.824 NA 110 488 0 NA NA NA NA NA NA 189 914 0 NA NA NA NA NA NA 649 24649 1068 NA NA NA NA NA NA 885 9100 1330 NA NA NA NA NA
1570222800.0 136.825 NA 107 432 0 NA NA NA NA NA NA 180 836 0 NA NA NA NA NA NA 568 12650 1099 NA NA NA NA NA NA 1195 6344 1206 NA NA NA NA NA
1570222800.0 136.826 NA 111 448 0 NA NA NA NA NA NA 179 844 0 NA NA NA NA NA NA 830 19977 1034 NA NA NA NA NA NA 1690 7158 1162 NA NA NA NA NA
1570222800.0 136.827 NA 108 350 0 NA NA NA NA NA NA 185 676 0 NA NA NA NA NA NA 564 3310 922 NA NA NA NA NA NA 1046 2498 982 NA NA NA NA NA
1570222800.0 136.828 NA 108 458 0 NA NA NA NA NA NA 181 844 0 NA NA NA NA NA NA 728 21983 1045 NA NA NA NA NA NA 806 7375 1209 NA NA NA NA NA
1570222800.0 136.829 NA 111 470 0 NA NA NA NA NA NA 185 861 0 NA NA NA NA NA NA 727 22788 1044 NA NA NA NA NA NA 1408 7545 1203 NA NA NA NA NA
1570222800.0 136.83 NA 111 463 0 NA NA NA NA NA NA 192 812 0 NA NA NA NA NA NA 782 22618 1032 NA NA NA NA NA NA 1198 7670 1117 NA NA NA NA NA
1570222800.0 136.831 NA 110 448 0 NA NA NA NA NA NA 184 850 0 NA NA NA NA NA NA 696 24860 1146 NA NA NA NA NA NA 749 8491 1654 NA NA NA NA NA
1570222800.0 136.8311 NA 187 0 NA NA NA NA NA NA NA 292 0 NA NA NA NA NA NA NA 2339 152 NA NA NA NA NA NA NA 2610 322 NA NA NA NA NA NA
1570222800.0 136.832 NA 110 492 0 NA NA NA NA NA NA 197 935 0 NA NA NA NA NA NA 687 26884 1064 NA NA NA NA NA NA 1325 9014 1193 NA NA NA NA NA
1570222800.0 136.833 NA 115 459 0 NA NA NA NA NA NA 196 874 0 NA NA NA NA NA NA 707 24562 1028 NA NA NA NA NA NA 829 9110 1135 NA NA NA NA NA
1570222800.0 136.834 NA 110 462 0 NA NA NA NA NA NA 185 858 0 NA NA NA NA NA NA 638 21851 1022 NA NA NA NA NA NA 1163 7387 1102 NA NA NA NA NA
1570222800.0 136.835 NA 108 513 0 NA NA NA NA NA NA 192 902 0 NA NA NA NA NA NA 790 20673 1064 NA NA NA NA NA NA 1658 7336 1224 NA NA NA NA NA
1570222800.0 136.836 NA 113 519 0 NA NA NA NA NA NA 188 802 0 NA NA NA NA NA NA 675 24448 1100 NA NA NA NA NA NA 824 8599 1335 NA NA NA NA NA
1570222800.0 136.837 NA 108 451 0 NA NA NA NA NA NA 185 889 0 NA NA NA NA NA NA 667 16469 1094 NA NA NA NA NA NA 1135 6585 1310 NA NA NA NA NA
1570222800.0 136.838 NA 111 455 0 NA NA NA NA NA NA 187 832 0 NA NA NA NA NA NA 864 21977 1022 NA NA NA NA NA NA 1435 7703 1150 NA NA NA NA NA
1570222800.0 136.839 NA 113 351 0 NA NA NA NA NA NA 196 706 0 NA NA NA NA NA NA 633 3362 930 NA NA NA NA NA NA 1186 2636 1031 NA NA NA NA NA
1570222800.0 136.8391 NA 154 464 0 NA NA NA NA NA NA 246 824 0 NA NA NA NA NA NA 10556 19530 897 NA NA NA NA NA NA 9969 6969 1048 NA NA NA NA NA
1570222800.0 136.84 NA 113 451 0 NA NA NA NA NA NA 191 830 0 NA NA NA NA NA NA 733 16594 1094 NA NA NA NA NA NA 1094 6971 1883 NA NA NA NA NA
1570222800.0 136.841 NA 112 457 0 NA NA NA NA NA NA 198 848 0 NA NA NA NA NA NA 723 17904 1037 NA NA NA NA NA NA 1477 6798 1125 NA NA NA NA NA
1570222800.0 136.842 NA 112 479 0 NA NA NA NA NA NA 191 850 0 NA NA NA NA NA NA 694 23818 1122 NA NA NA NA NA NA 735 8247 1254 NA NA NA NA NA
1570222800.0 136.843 NA 110 492 0 NA NA NA NA NA NA 189 891 0 NA NA NA NA NA NA 678 28456 1020 NA NA NA NA NA NA 1325 9828 1093 NA NA NA NA NA
1570222800.0 136.844 NA 106 428 0 NA NA NA NA NA NA 191 843 0 NA NA NA NA NA NA 814 16118 1030 NA NA NA NA NA NA 1248 6744 1484 NA NA NA NA NA
1570222800.0 136.845 NA 107 424 0 NA NA NA NA NA NA 189 868 0 NA NA NA NA NA NA 715 13866 1091 NA NA NA NA NA NA 1258 5633 1171 NA NA NA NA NA
1570222800.0 136.846 NA 109 416 0 NA NA NA NA NA NA 193 876 0 NA NA NA NA NA NA 754 13162 1114 NA NA NA NA NA NA 1068 5376 1267 NA NA NA NA NA
1570222800.0 136.847 NA 109 441 0 NA NA NA NA NA NA 194 831 0 NA NA NA NA NA NA 892 20709 1063 NA NA NA NA NA NA 1316 7276 1266 NA NA NA NA NA
1570222800.0 136.848 NA 111 445 0 NA NA NA NA NA NA 185 792 0 NA NA NA NA NA NA 794 24966 1147 NA NA NA NA NA NA 892 9266 1528 NA NA NA NA NA
1570222800.0 136.849 NA 247 465 0 NA NA NA NA NA NA 412 784 0 NA NA NA NA NA NA 3632 14586 1349 NA NA NA NA NA NA 3790 5728 1461 NA NA NA NA NA
1570222800.0 136.85 NA 250 520 0 NA NA NA NA NA NA 405 913 0 NA NA NA NA NA NA 3677 16340 1303 NA NA NA NA NA NA 3420 6297 1432 NA NA NA NA NA
1570222800.0 136.8501 NA 271 469 0 NA NA NA NA NA NA 402 784 0 NA NA NA NA NA NA 3605 18019 1330 NA NA NA NA NA NA 3442 6770 1512 NA NA NA NA NA
1570222800.0 136.851 NA 245 461 0 NA NA NA NA NA NA 407 746 0 NA NA NA NA NA NA 3978 16038 1359 NA NA NA NA NA NA 3934 6062 1569 NA NA NA NA NA
1570222800.0 136.852 NA 253 521 0 NA NA NA NA NA NA 413 823 0 NA NA NA NA NA NA 4017 18206 1381 NA NA NA NA NA NA 3493 6734 1547 NA NA NA NA NA
1570222800.0 136.8521 NA 185 0 NA NA NA NA NA NA NA 298 0 NA NA NA NA NA NA NA 2733 154 NA NA NA NA NA NA NA 2768 265 NA NA NA NA NA NA
1570222800.0 136.853 NA 254 505 0 NA NA NA NA NA NA 393 847 0 NA NA NA NA NA NA 3777 16362 1296 NA NA NA NA NA NA 2851 6397 1373 NA NA NA NA NA
1570222800.0 136.854 NA 255 478 0 NA NA NA NA NA NA 428 793 0 NA NA NA NA NA NA 4227 17572 1345 NA NA NA NA NA NA 4001 6460 1517 NA NA NA NA NA
1570222800.0 136.855 NA 273 557 0 NA NA NA NA NA NA 410 878 0 NA NA NA NA NA NA 3785 14912 1298 NA NA NA NA NA NA 2634 5909 1380 NA NA NA NA NA
1570222800.0 136.856 NA 259 450 0 NA NA NA NA NA NA 389 760 0 NA NA NA NA NA NA 2887 11131 1314 NA NA NA NA NA NA 2664 5365 1415 NA NA NA NA NA
1570222800.0 136.8561 NA 238 369 0 NA NA NA NA NA NA 403 724 0 NA NA NA NA NA NA 1905 3201 932 NA NA NA NA NA NA 3288 2617 1018 NA NA NA NA NA
1570222800.0 136.8562 NA 212 363 0 NA NA NA NA NA NA 360 598 0 NA NA NA NA NA NA 1749 2938 918 NA NA NA NA NA NA 2354 2546 1004 NA NA NA NA NA
1570222800.0 136.857 NA 256 469 0 NA NA NA NA NA NA 405 747 0 NA NA NA NA NA NA 3988 16086 1382 NA NA NA NA NA NA 2848 6274 1652 NA NA NA NA NA
1570222800.0 136.858 NA 238 380 0 NA NA NA NA NA NA 395 792 0 NA NA NA NA NA NA 2273 3780 1258 NA NA NA NA NA NA 3104 3264 1338 NA NA NA NA NA
1570222800.0 136.859 NA 258 518 0 NA NA NA NA NA NA 436 824 0 NA NA NA NA NA NA 4512 20384 1359 NA NA NA NA NA NA 3596 7259 1542 NA NA NA NA NA
1570222800.0 136.86 NA 243 464 0 NA NA NA NA NA NA 416 803 0 NA NA NA NA NA NA 4059 18168 1353 NA NA NA NA NA NA 3912 6693 1517 NA NA NA NA NA
1570222800.0 136.861 NA 249 490 0 NA NA NA NA NA NA 426 832 0 NA NA NA NA NA NA 4016 20177 1418 NA NA NA NA NA NA 3880 7196 1551 NA NA NA NA NA
1570222800.0 136.862 NA 261 517 0 NA NA NA NA NA NA 423 848 0 NA NA NA NA NA NA 4160 21509 1336 NA NA NA NA NA NA 3102 7874 1473 NA NA NA NA NA
1570222800.0 136.863 NA 273 466 0 NA NA NA NA NA NA 429 795 0 NA NA NA NA NA NA 4285 21599 1392 NA NA NA NA NA NA 2597 8078 1799 NA NA NA NA NA
1570222800.0 136.864 NA 277 532 0 NA NA NA NA NA NA 431 824 0 NA NA NA NA NA NA 4414 24825 1368 NA NA NA NA NA NA 2740 8456 1497 NA NA NA NA NA
1570222800.0 136.8642 NA 271 513 0 NA NA NA NA NA NA 433 889 0 NA NA NA NA NA NA 4467 24559 1431 NA NA NA NA NA NA 4080 8989 1592 NA NA NA NA NA
1570222800.0 136.8643 NA 283 511 0 NA NA NA NA NA NA 422 824 0 NA NA NA NA NA NA 4265 24087 1421 NA NA NA NA NA NA 2705 8705 1805 NA NA NA NA NA
1570222800.0 136.865 NA 257 543 0 NA NA NA NA NA NA 408 870 0 NA NA NA NA NA NA 4112 24093 1399 NA NA NA NA NA NA 3085 8530 1536 NA NA NA NA NA
1570222800.0 136.866 NA 275 495 0 NA NA NA NA NA NA 428 823 0 NA NA NA NA NA NA 4453 21934 1416 NA NA NA NA NA NA 2674 7889 1708 NA NA NA NA NA
1570222800.0 136.867 NA 252 571 0 NA NA NA NA NA NA 414 914 0 NA NA NA NA NA NA 4359 21038 1355 NA NA NA NA NA NA 3561 7562 1465 NA NA NA NA NA
1570222800.0 136.868 NA 242 464 0 NA NA NA NA NA NA 388 796 0 NA NA NA NA NA NA 3412 16130 1424 NA NA NA NA NA NA 3159 6554 1692 NA NA NA NA NA
1570222800.0 136.869 NA 273 488 0 NA NA NA NA NA NA 396 804 0 NA NA NA NA NA NA 4479 23019 1440 NA NA NA NA NA NA 2750 8452 1722 NA NA NA NA NA
1570222800.0 136.87 NA 231 376 0 NA NA NA NA NA NA 371 696 0 NA NA NA NA NA NA 2540 4005 1288 NA NA NA NA NA NA 4121 3946 1516 NA NA NA NA NA
1570222800.0 136.871 NA 259 499 0 NA NA NA NA NA NA 473 878 0 NA NA NA NA NA NA 5016 26725 1445 NA NA NA NA NA NA 4714 9282 1805 NA NA NA NA NA
1570222800.0 136.872 NA 249 509 0 NA NA NA NA NA NA 422 824 0 NA NA NA NA NA NA 4442 24148 1376 NA NA NA NA NA NA 3602 8526 1509 NA NA NA NA NA
1570222800.0 136.873 NA 252 471 0 NA NA NA NA NA NA 397 837 0 NA NA NA NA NA NA 3916 19000 1456 NA NA NA NA NA NA 3509 6995 1604 NA NA NA NA NA
1570222800.0 136.874 NA 260 523 0 NA NA NA NA NA NA 428 867 0 NA NA NA NA NA NA 4003 19936 1486 NA NA NA NA NA NA 3555 7500 1694 NA NA NA NA NA
1570222800.0 136.875 NA 262 467 0 NA NA NA NA NA NA 422 803 0 NA NA NA NA NA NA 4173 18898 1435 NA NA NA NA NA NA 2596 7180 1714 NA NA NA NA NA
1570222800.0 136.876 NA 278 517 0 NA NA NA NA NA NA 424 900 0 NA NA NA NA NA NA 4229 21999 1366 NA NA NA NA NA NA 2869 8031 1514 NA NA NA NA NA
1570222800.0 136.877 NA 255 531 0 NA NA NA NA NA NA 433 906 0 NA NA NA NA NA NA 3969 20253 1400 NA NA NA NA NA NA 3480 7368 1581 NA NA NA NA NA
1570222800.0 136.878 NA 258 503 0 NA NA NA NA NA NA 423 803 0 NA NA NA NA NA NA 4446 20966 1463 NA NA NA NA NA NA 3589 7651 1703 NA NA NA NA NA
1570222800.0 136.879 NA 261 530 0 NA NA NA NA NA NA 392 867 0 NA NA NA NA NA NA 3945 18154 1370 NA NA NA NA NA NA 2243 7172 1446 NA NA NA NA NA
1570222800.0 136.88 NA 249 455 0 NA NA NA NA NA NA 380 792 0 NA NA NA NA NA NA 3177 14696 1352 NA NA NA NA NA NA 2305 6261 1454 NA NA NA NA NA
1570222800.0 136.881 NA 251 480 0 NA NA NA NA NA NA 405 768 0 NA NA NA NA NA NA 4170 18262 1375 NA NA NA NA NA NA 3579 6974 1466 NA NA NA NA NA
1570222800.0 136.882 NA 235 413 0 NA NA NA NA NA NA 388 703 0 NA NA NA NA NA NA 2596 4993 1296 NA NA NA NA NA NA 4139 4151 1691 NA NA NA NA NA
1570222800.0 136.883 NA 270 513 0 NA NA NA NA NA NA 428 848 0 NA NA NA NA NA NA 4671 23828 1408 NA NA NA NA NA NA 2871 8725 1613 NA NA NA NA NA
1570222800.0 136.884 NA 252 478 0 NA NA NA NA NA NA 414 807 0 NA NA NA NA NA NA 4094 20318 1409 NA NA NA NA NA NA 4281 8057 1581 NA NA NA NA NA
1570222800.0 136.885 NA 252 480 0 NA NA NA NA NA NA 428 787 0 NA NA NA NA NA NA 4011 19143 1403 NA NA NA NA NA NA 3590 7114 1501 NA NA NA NA NA
1570222800.0 136.886 NA 270 514 0 NA NA NA NA NA NA 427 871 0 NA NA NA NA NA NA 4112 20251 1394 NA NA NA NA NA NA 3993 7605 1475 NA NA NA NA NA
1570222800.0 136.887 NA 270 474 0 NA NA NA NA NA NA 430 784 0 NA NA NA NA NA NA 4059 17684 1380 NA NA NA NA NA NA 2498 6652 1547 NA NA NA NA NA
1570222800.0 136.888 NA 265 509 0 NA NA NA NA NA NA 420 881 0 NA NA NA NA NA NA 4198 21906 1503 NA NA NA NA NA NA 2692 7852 1799 NA NA NA NA NA
1570222800.0 136.889 NA 260 503 0 NA NA NA NA NA NA 412 783 0 NA NA NA NA NA NA 4012 21591 1495 NA NA NA NA NA NA 2784 8055 2018 NA NA NA NA NA
1570222800.0 136.89 NA 261 494 0 NA NA NA NA NA NA 427 801 0 NA NA NA NA NA NA 4221 19481 1413 NA NA NA NA NA NA 2773 7391 1552 NA NA NA NA NA
1570222800.0 136.891 NA 256 542 0 NA NA NA NA NA NA 421 854 0 NA NA NA NA NA NA 3858 17874 1420 NA NA NA NA NA NA 2523 7016 1516 NA NA NA NA NA
1570222800.0 136.892 NA 246 476 0 NA NA NA NA NA NA 379 847 0 NA NA NA NA NA NA 3526 16698 1424 NA NA NA NA NA NA 3699 6532 1536 NA NA NA NA NA
1570222800.0 136.893 NA 255 474 0 NA NA NA NA NA NA 404 813 0 NA NA NA NA NA NA 4251 19733 1413 NA NA NA NA NA NA 2831 7475 1754 NA NA NA NA NA
1570222800.0 136.894 NA 242 445 0 NA NA NA NA NA NA 411 784 0 NA NA NA NA NA NA 3019 8689 1347 NA NA NA NA NA NA 3329 4453 1483 NA NA NA NA NA
1570222800.0 136.895 NA 273 500 0 NA NA NA NA NA NA 453 824 0 NA NA NA NA NA NA 4882 22418 1528 NA NA NA NA NA NA 3018 8901 2003 NA NA NA NA NA
1570222800.0 136.896 NA 250 487 0 NA NA NA NA NA NA 411 813 0 NA NA NA NA NA NA 4162 21079 1433 NA NA NA NA NA NA 2908 7940 1614 NA NA NA NA NA
1570222800.0 136.898 NA 245 522 0 NA NA NA NA NA NA 416 851 0 NA NA NA NA NA NA 3761 21091 1450 NA NA NA NA NA NA 5308 7863 1937 NA NA NA NA NA
1570222800.0 1360.0 83 183 351 0 NA NA NA NA NA 171 599 652 0 NA NA NA NA NA 2654 613 2021 677 NA NA NA NA NA 1153 442 2006 735 NA NA NA NA NA
1570222800.0 1361.0 78 168 345 0 NA NA NA NA NA 168 599 700 0 NA NA NA NA NA 4583 889 2140 676 NA NA NA NA NA 2069 532 2103 736 NA NA NA NA NA
1570222800.0 1361.17 67 220 375 0 NA NA NA NA NA 140 601 745 0 NA NA NA NA NA 4683 2042 2171 1035 NA NA NA NA NA 2011 817 2145 1099 NA NA NA NA NA
1570222800.0 1361.18 75 306 414 0 NA NA NA NA NA 139 632 727 0 NA NA NA NA NA 4672 3355 2644 1945 NA NA NA NA NA 3716 2509 2578 2332 NA NA NA NA NA
1570222800.0 1362.0 86 170 362 0 NA NA NA NA NA 173 600 702 0 NA NA NA NA NA 8275 721 2035 628 NA NA NA NA NA 3732 442 1923 680 NA NA NA NA NA
1570222800.0 1362.17 66 216 383 0 NA NA NA NA NA 144 599 775 0 NA NA NA NA NA 8597 2035 2242 1065 NA NA NA NA NA 4322 794 2120 1135 NA NA NA NA NA
1570222800.0 1362.18 69 337 406 0 NA NA NA NA NA 146 728 689 0 NA NA NA NA NA 8311 3578 2738 1865 NA NA NA NA NA 7019 2748 3037 2037 NA NA NA NA NA
1570222800.0 1363.0 83 172 356 0 NA NA NA NA NA 174 554 667 0 NA NA NA NA NA 8606 721 2028 627 NA NA NA NA NA 3896 488 1923 673 NA NA NA NA NA
1570222800.0 1363.17 67 215 384 0 NA NA NA NA NA 144 600 759 0 NA NA NA NA NA 8812 2039 2197 1049 NA NA NA NA NA 4084 808 2039 1109 NA NA NA NA NA
1570222800.0 1363.18 69 308 427 0 NA NA NA NA NA 145 630 761 0 NA NA NA NA NA 8309 3442 2742 1893 NA NA NA NA NA 7038 2799 2815 2106 NA NA NA NA NA
1570222800.0 1364.0 NA 168 343 0 NA NA NA NA NA NA 606 675 0 NA NA NA NA NA NA 852 2150 692 NA NA NA NA NA NA 967 3026 923 NA NA NA NA NA
1570222800.0 1365.0 NA 171 343 0 NA NA NA NA NA NA 606 687 0 NA NA NA NA NA NA 730 2066 631 NA NA NA NA NA NA 844 2771 706 NA NA NA NA NA
1570222800.0 1366.0 NA 173 355 0 NA NA NA NA NA NA 516 668 0 NA NA NA NA NA NA 974 2315 730 NA NA NA NA NA NA 1061 2765 1143 NA NA NA NA NA
1570222800.0 137.8 NA 286 561 NA 299 508 0 NA NA NA 414 845 NA 416 924 0 NA NA NA 3706 19767 NA 3845 19312 2156 NA NA NA 2111 7200 NA 2118 6980 2288 NA NA
1570222800.0 139901.0 NA 170 348 0 NA NA NA NA NA NA 603 657 0 NA NA NA NA NA NA 778 2048 644 NA NA NA NA NA NA 1278 2754 823 NA NA NA NA NA
1570222800.0 139902.0 NA 171 352 0 NA NA NA NA NA NA 606 691 0 NA NA NA NA NA NA 908 2329 742 NA NA NA NA NA NA 1183 2286 1548 NA NA NA NA NA
1570222800.0 13992501.0 NA 343 587 0 NA NA NA NA NA NA 621 906 0 NA NA NA NA NA NA 2969 4089 660 NA NA NA NA NA NA 1911 2798 726 NA NA NA NA NA
1570222800.0 13992502.0 NA 343 603 0 NA NA NA NA NA NA 619 989 0 NA NA NA NA NA NA 3205 4623 698 NA NA NA NA NA NA 2102 3550 747 NA NA NA NA NA
1570222800.0 14.0 NA 133 308 0 NA NA NA NA NA NA 602 679 0 NA NA NA NA NA NA 2458 5138 595 NA NA NA NA NA NA 1222 2761 664 NA NA NA NA NA
1570222800.0 140.0 80 133 228 0 NA NA NA NA NA 150 539 337 0 NA NA NA NA NA 4764 617 880 291 NA NA NA NA NA 2750 473 865 371 NA NA NA NA NA
1570222800.0 140.51 NA 72 230 0 NA NA NA NA NA NA 135 356 0 NA NA NA NA NA NA 510 1732 322 NA NA NA NA NA NA 372 1062 387 NA NA NA NA NA
1570222800.0 140.52 NA 266 228 0 NA NA NA NA NA NA 394 344 0 NA NA NA NA NA NA 2283 2036 389 NA NA NA NA NA NA 1470 2439 620 NA NA NA NA NA
1570222800.0 140.53 NA 315 0 NA NA NA NA NA NA NA 469 0 NA NA NA NA NA NA NA 3632 359 NA NA NA NA NA NA NA 2215 494 NA NA NA NA NA NA
1570222800.0 140.54 NA 314 0 NA NA NA NA NA NA NA 619 0 NA NA NA NA NA NA NA 1712 457 NA NA NA NA NA NA NA 1797 625 NA NA NA NA NA NA
1570222800.0 140.55 NA 88 82 391 0 NA NA NA NA NA 168 168 732 0 NA NA NA NA NA 1529 2023 14183 394 NA NA NA NA NA 743 756 4237 451 NA NA NA NA
1570222800.0 140.56 NA 718 0 NA NA NA NA NA NA NA 1315 0 NA NA NA NA NA NA NA 22572 891 NA NA NA NA NA NA NA 10655 1608 NA NA NA NA NA NA
1570222800.0 140.57 NA 448 0 NA NA NA NA NA NA NA 774 0 NA NA NA NA NA NA NA 3827 842 NA NA NA NA NA NA NA 2792 1148 NA NA NA NA NA NA
1570222800.0 144.6 NA 312 NA NA NA NA NA NA NA NA 593 NA NA NA NA NA NA NA NA 3106 NA NA NA NA NA NA NA NA 2740 NA NA NA NA NA NA NA
1570222800.0 145.0 75 129 223 0 NA NA NA NA NA 135 585 311 0 NA NA NA NA NA 3567 394 777 283 NA NA NA NA NA 2265 436 879 342 NA NA NA NA NA
1570222800.0 148.0 88 220 391 0 NA NA NA NA NA 150 555 790 0 NA NA NA NA NA 8800 1603 2924 1011 NA NA NA NA NA 4767 925 2428 1092 NA NA NA NA NA
1570222800.0 149.0 64 200 376 0 NA NA NA NA NA 125 597 729 0 NA NA NA NA NA 1102 1768 1968 1003 NA NA NA NA NA 867 851 2108 1085 NA NA NA NA NA
1570222800.0 15.0 NA 161 284 0 NA NA NA NA NA NA 557 636 0 NA NA NA NA NA NA 1601 2406 597 NA NA NA NA NA NA 704 2135 647 NA NA NA NA NA
1570222800.0 150.0 68 180 256 0 NA NA NA NA NA 124 510 459 0 NA NA NA NA NA 3680 1344 866 451 NA NA NA NA NA 2275 818 936 523 NA NA NA NA NA
1570222800.0 158.0 64 261 377 72 0 NA NA NA NA 126 639 761 122 0 NA NA NA NA 3870 1018 2397 231 1228 NA NA NA NA 2386 812 2374 325 1290 NA NA NA NA
1570222800.0 158.1 NA 246 387 0 NA NA NA NA NA NA 696 777 0 NA NA NA NA NA NA 897 2329 1232 NA NA NA NA NA NA 1693 2548 1368 NA NA NA NA NA
1570222800.0 158.2 NA 258 373 0 NA NA NA NA NA NA 600 725 0 NA NA NA NA NA NA 1031 2458 1261 NA NA NA NA NA NA 1867 3981 1367 NA NA NA NA NA
1570222800.0 158.3 NA 253 382 0 NA NA NA NA NA NA 696 750 0 NA NA NA NA NA NA 894 2312 1219 NA NA NA NA NA NA 1608 2743 1374 NA NA NA NA NA
1570222800.0 16.0 NA 144 303 0 NA NA NA NA NA NA 601 651 0 NA NA NA NA NA NA 1781 2796 611 NA NA NA NA NA NA 970 2599 665 NA NA NA NA NA
1570222800.0 17.0 NA 157 291 0 NA NA NA NA NA NA 600 698 0 NA NA NA NA NA NA 1649 2509 592 NA NA NA NA NA NA 823 2154 643 NA NA NA NA NA
1570222800.0 18.0 NA 107 280 0 NA NA NA NA NA NA 556 643 0 NA NA NA NA NA NA 1659 2252 534 NA NA NA NA NA NA 871 2228 656 NA NA NA NA NA
1570222800.0 19.0 NA 133 291 0 NA NA NA NA NA NA 554 668 0 NA NA NA NA NA NA 1636 2514 610 NA NA NA NA NA NA 1122 4800 862 NA NA NA NA NA
1570222800.0 2.0 85 109 244 NA NA NA NA NA NA 206 585 591 NA NA NA NA NA NA 2998 755 1563 NA NA NA NA NA NA 2771 944 1955 NA NA NA NA NA NA
1570222800.0 20.0 NA 112 281 0 NA NA NA NA NA NA 602 612 0 NA NA NA NA NA NA 1698 2739 632 NA NA NA NA NA NA 1599 5045 780 NA NA NA NA NA
1570222800.0 200.0 NA 190 364 0 NA NA NA NA NA NA 614 688 0 NA NA NA NA NA NA 1088 2818 637 NA NA NA NA NA NA 1302 2853 855 NA NA NA NA NA
1570222800.0 20034.0 NA 295 381 0 NA NA NA NA NA NA 434 695 0 NA NA NA NA NA NA 2650 2809 693 NA NA NA NA NA NA 2504 2479 784 NA NA NA NA NA
1570222800.0 20034.1 NA 297 201 0 NA NA NA NA NA NA 493 303 0 NA NA NA NA NA NA 2691 1207 307 NA NA NA NA NA NA 3314 1203 368 NA NA NA NA NA
1570222800.0 20034.11 NA 294 376 0 NA NA NA NA NA NA 459 673 0 NA NA NA NA NA NA 2582 2674 692 NA NA NA NA NA NA 2404 2434 759 NA NA NA NA NA
1570222800.0 2017.1 412 0 142 NA NA NA NA NA NA 879 0 231 NA NA NA NA NA NA 1545 293 675 NA NA NA NA NA NA 1344 345 740 NA NA NA NA NA NA
1570222800.0 2017.11 403 0 139 NA NA NA NA NA NA 884 0 226 NA NA NA NA NA NA 2097 375 875 NA NA NA NA NA NA 2240 953 1084 NA NA NA NA NA NA
1570222800.0 2017.12 391 0 146 NA NA NA NA NA NA 883 0 226 NA NA NA NA NA NA 1785 292 632 NA NA NA NA NA NA 1390 372 708 NA NA NA NA NA NA
1570222800.0 2017.13 395 0 NA NA NA NA NA NA NA 899 0 NA NA NA NA NA NA NA 1768 404 NA NA NA NA NA NA NA 1588 842 NA NA NA NA NA NA NA
1570222800.0 2017.2 332 0 127 NA NA NA NA NA NA 818 0 212 NA NA NA NA NA NA 1887 331 797 NA NA NA NA NA NA 2365 692 2160 NA NA NA NA NA NA
1570222800.0 2017.3 343 0 146 NA NA NA NA NA NA 840 0 229 NA NA NA NA NA NA 1475 275 754 NA NA NA NA NA NA 1591 336 1063 NA NA NA NA NA NA
1570222800.0 2017.4 407 0 142 NA NA NA NA NA NA 885 0 220 NA NA NA NA NA NA 1529 295 621 NA NA NA NA NA NA 1378 366 691 NA NA NA NA NA NA
1570222800.0 2017.5 406 0 126 NA NA NA NA NA NA 887 0 218 NA NA NA NA NA NA 1650 384 791 NA NA NA NA NA NA 1733 779 1898 NA NA NA NA NA NA
1570222800.0 2017.6 382 0 129 NA NA NA NA NA NA 885 0 229 NA NA NA NA NA NA 2058 354 795 NA NA NA NA NA NA 2496 718 1125 NA NA NA NA NA NA
1570222800.0 2017.7 398 0 139 NA NA NA NA NA NA 844 0 234 NA NA NA NA NA NA 1732 300 643 NA NA NA NA NA NA 1370 371 728 NA NA NA NA NA NA
1570222800.0 2017.8 192 NA NA NA NA NA NA NA NA 323 NA NA NA NA NA NA NA NA 618 NA NA NA NA NA NA NA NA 1506 NA NA NA NA NA NA NA NA
1570222800.0 2017.9 405 0 137 NA NA NA NA NA NA 884 0 225 NA NA NA NA NA NA 1631 318 705 NA NA NA NA NA NA 2150 509 995 NA NA NA NA NA NA
1570222800.0 2018.1 409 0 127 NA NA NA NA NA NA 884 0 226 NA NA NA NA NA NA 2008 349 877 NA NA NA NA NA NA 1882 922 2946 NA NA NA NA NA NA
1570222800.0 2018.11 395 0 138 NA NA NA NA NA NA 838 0 234 NA NA NA NA NA NA 2352 369 842 NA NA NA NA NA NA 2530 651 1166 NA NA NA NA NA NA
1570222800.0 2018.12 382 0 126 NA NA NA NA NA NA 884 0 223 NA NA NA NA NA NA 2001 313 761 NA NA NA NA NA NA 2283 706 1619 NA NA NA NA NA NA
1570222800.0 2018.13 406 0 NA NA NA NA NA NA NA 850 0 NA NA NA NA NA NA NA 1894 349 NA NA NA NA NA NA NA 1612 461 NA NA NA NA NA NA NA
1570222800.0 2018.2 329 0 142 NA NA NA NA NA NA 883 0 225 NA NA NA NA NA NA 1770 301 657 NA NA NA NA NA NA 2283 453 960 NA NA NA NA NA NA
1570222800.0 2018.3 335 0 124 NA NA NA NA NA NA 886 0 220 NA NA NA NA NA NA 1712 345 765 NA NA NA NA NA NA 1939 632 1969 NA NA NA NA NA NA
1570222800.0 2018.4 407 0 130 NA NA NA NA NA NA 848 0 222 NA NA NA NA NA NA 1845 315 700 NA NA NA NA NA NA 2159 465 999 NA NA NA NA NA NA
1570222800.0 2018.5 395 0 129 NA NA NA NA NA NA 886 0 213 NA NA NA NA NA NA 1936 344 690 NA NA NA NA NA NA 2442 686 1114 NA NA NA NA NA NA
1570222800.0 2018.6 410 0 145 NA NA NA NA NA NA 883 0 228 NA NA NA NA NA NA 1841 317 695 NA NA NA NA NA NA 1767 492 857 NA NA NA NA NA NA
1570222800.0 2018.7 396 0 136 NA NA NA NA NA NA 884 0 228 NA NA NA NA NA NA 1947 348 685 NA NA NA NA NA NA 2470 596 1201 NA NA NA NA NA NA
1570222800.0 2018.8 192 NA NA NA NA NA NA NA NA 308 NA NA NA NA NA NA NA NA 624 NA NA NA NA NA NA NA NA 872 NA NA NA NA NA NA NA NA
1570222800.0 2018.9 398 0 128 NA NA NA NA NA NA 887 0 229 NA NA NA NA NA NA 1722 307 738 NA NA NA NA NA NA 1554 508 3421 NA NA NA NA NA NA
1570222800.0 202.0 NA 192 378 0 NA NA NA NA NA NA 616 715 0 NA NA NA NA NA NA 1016 2857 583 NA NA NA NA NA NA 1631 2835 740 NA NA NA NA NA
1570222800.0 20234.99 NA 639 796 1027 0 NA NA NA NA NA 1015 1172 1782 0 NA NA NA NA NA 10113 9105 24002 727 NA NA NA NA NA 4882 3366 7719 798 NA NA NA NA
1570222800.0 20261.97 648 NA NA NA NA NA NA NA NA 1017 NA NA NA NA NA NA NA NA 10433 NA NA NA NA NA NA NA NA 4247 NA NA NA NA NA NA NA NA
1570222800.0 203.0 NA 190 359 0 NA NA NA NA NA NA 614 702 0 NA NA NA NA NA NA 932 2739 641 NA NA NA NA NA NA 1715 3229 863 NA NA NA NA NA
1570222800.0 204.0 103 196 367 0 NA NA NA NA NA 212 614 703 0 NA NA NA NA NA 2602 1026 2919 639 NA NA NA NA NA 1256 734 2491 836 NA NA NA NA NA
1570222800.0 20434.0 97 316 386 0 NA NA NA NA NA 166 460 715 0 NA NA NA NA NA 6460 2647 2868 695 NA NA NA NA NA 2450 1521 2301 749 NA NA NA NA NA
1570222800.0 205.0 NA 183 365 0 NA NA NA NA NA NA 568 692 0 NA NA NA NA NA NA 1040 2717 573 NA NA NA NA NA NA 1246 2479 656 NA NA NA NA NA
1570222800.0 21.0 NA 119 296 0 NA NA NA NA NA NA 601 636 0 NA NA NA NA NA NA 1871 2768 644 NA NA NA NA NA NA 1228 2508 1185 NA NA NA NA NA
1570222800.0 21234.0 85 291 396 0 NA NA NA NA NA 157 429 696 0 NA NA NA NA NA 6130 2623 2815 691 NA NA NA NA NA 2341 1601 2237 767 NA NA NA NA NA
1570222800.0 21234.11 96 305 390 0 NA NA NA NA NA 166 431 682 0 NA NA NA NA NA 6274 2936 3743 809 NA NA NA NA NA 4554 2965 5321 1172 NA NA NA NA NA
1570222800.0 22.0 NA 124 281 0 NA NA NA NA NA NA 602 646 0 NA NA NA NA NA NA 1776 3042 633 NA NA NA NA NA NA 1229 3297 818 NA NA NA NA NA
1570222800.0 22434.0 95 302 393 0 NA NA NA NA NA 169 442 700 0 NA NA NA NA NA 6468 2903 3385 703 NA NA NA NA NA 2483 1775 2566 765 NA NA NA NA NA
1570222800.0 23.0 NA 132 299 0 NA NA NA NA NA NA 600 616 0 NA NA NA NA NA NA 2139 3448 697 NA NA NA NA NA NA 1464 2857 913 NA NA NA NA NA
1570222800.0 24.0 NA 139 315 0 NA NA NA NA NA NA 603 671 0 NA NA NA NA NA NA 2375 4313 668 NA NA NA NA NA NA 1083 2774 720 NA NA NA NA NA
1570222800.0 24034.0 75 270 360 0 NA NA NA NA NA 140 452 683 0 NA NA NA NA NA 6344 2423 2883 591 NA NA NA NA NA 3580 2372 3160 704 NA NA NA NA NA
1570222800.0 25.0 NA 144 323 0 84 NA NA NA NA NA 602 663 0 131 NA NA NA NA NA 2514 4890 645 385 NA NA NA NA NA 994 2861 698 389 NA NA NA NA
1570222800.0 250199.0 351 NA NA NA NA NA NA NA NA 577 NA NA NA NA NA NA NA NA 3036 NA NA NA NA NA NA NA NA 1997 NA NA NA NA NA NA NA NA
1570222800.0 250199.17 349 NA NA NA NA NA NA NA NA 577 NA NA NA NA NA NA NA NA 3312 NA NA NA NA NA NA NA NA 1888 NA NA NA NA NA NA NA NA
1570222800.0 250199.18 409 NA NA NA NA NA NA NA NA 671 NA NA NA NA NA NA NA NA 5156 NA NA NA NA NA NA NA NA 2673 NA NA NA NA NA NA NA NA
1570222800.0 250200.0 NA 371 454 0 NA NA NA NA NA NA 723 728 0 NA NA NA NA NA NA 14369 4047 734 NA NA NA NA NA NA 5484 4665 1143 NA NA NA NA NA
1570222800.0 250200.1 86 361 249 NA NA NA NA NA NA 177 619 612 NA NA NA NA NA NA 2205 2032 2373 NA NA NA NA NA NA 1459 991 1968 NA NA NA NA NA NA
1570222800.0 250200.117 67 407 258 NA NA NA NA NA NA 143 620 544 NA NA NA NA NA NA 2491 4577 2131 NA NA NA NA NA NA 1936 1739 1909 NA NA NA NA NA NA
1570222800.0 250200.118 64 570 313 159 NA NA NA NA NA 138 863 695 272 NA NA NA NA NA 2321 6308 3155 748 NA NA NA NA NA 1156 3057 1961 798 NA NA NA NA NA
1570222800.0 250200.17 NA 431 475 0 NA NA NA NA NA NA 723 837 0 NA NA NA NA NA NA 17201 5028 1043 NA NA NA NA NA NA 6079 3519 1192 NA NA NA NA NA
1570222800.0 250200.18 NA 601 559 0 NA NA NA NA NA NA 1109 981 0 NA NA NA NA NA NA 25814 5582 1944 NA NA NA NA NA NA 10235 3786 2098 NA NA NA NA NA
1570222800.0 250202.0 NA 381 429 0 NA NA NA NA NA NA 775 675 0 NA NA NA NA NA NA 13594 4204 731 NA NA NA NA NA NA 6061 3456 1128 NA NA NA NA NA
1570222800.0 250202.1 NA 351 378 445 0 NA NA NA NA NA 619 659 765 0 NA NA NA NA NA 3620 13300 3764 699 NA NA NA NA NA 2015 4190 2476 746 NA NA NA NA
1570222800.0 250202.118 72 563 297 161 NA NA NA NA NA 142 873 712 270 NA NA NA NA NA 3121 6285 3248 760 NA NA NA NA NA 1286 3021 2065 803 NA NA NA NA NA
1570222800.0 250202.17 NA 441 485 0 NA NA NA NA NA NA 789 798 0 NA NA NA NA NA NA 17139 4561 1142 NA NA NA NA NA NA 5861 4529 1369 NA NA NA NA NA
1570222800.0 250202.171 NA 358 435 490 0 NA NA NA NA NA 577 763 777 0 NA NA NA NA NA 3246 17634 4305 1049 NA NA NA NA NA 1634 5635 2767 1145 NA NA NA NA
1570222800.0 250202.18 NA 597 558 0 NA NA NA NA NA NA 1175 894 0 NA NA NA NA NA NA 28314 5838 1876 NA NA NA NA NA NA 12614 3353 1964 NA NA NA NA NA
1570222800.0 250202.181 NA 409 597 578 0 NA NA NA NA NA 671 1148 847 0 NA NA NA NA NA 4738 27531 5630 1892 NA NA NA NA NA 2104 9260 3211 2003 NA NA NA NA
1570222800.0 250203.0 NA 375 431 0 NA NA NA NA NA NA 722 754 0 NA NA NA NA NA NA 14434 3892 686 NA NA NA NA NA NA 5515 3305 1346 NA NA NA NA NA
1570222800.0 250203.17 NA 423 460 0 NA NA NA NA NA NA 838 759 0 NA NA NA NA NA NA 15971 3988 1121 NA NA NA NA NA NA 8831 3045 1459 NA NA NA NA NA
1570222800.0 250203.18 NA 587 564 0 NA NA NA NA NA NA 1188 893 0 NA NA NA NA NA NA 28592 5580 1922 NA NA NA NA NA NA 11447 3341 2031 NA NA NA NA NA
1570222800.0 250204.0 NA 372 430 0 NA NA NA NA NA NA 773 734 0 NA NA NA NA NA NA 14079 3877 753 NA NA NA NA NA NA 5980 3183 1467 NA NA NA NA NA
1570222800.0 250204.17 NA 432 494 0 NA NA NA NA NA NA 839 798 0 NA NA NA NA NA NA 16655 4272 1083 NA NA NA NA NA NA 6405 3126 1194 NA NA NA NA NA
1570222800.0 250204.18 NA 592 547 0 NA NA NA NA NA NA 1110 857 0 NA NA NA NA NA NA 27878 5181 1861 NA NA NA NA NA NA 9992 3298 1931 NA NA NA NA NA
1570222800.0 250205.0 NA 376 442 0 NA NA NA NA NA NA 784 753 0 NA NA NA NA NA NA 12592 3375 728 NA NA NA NA NA NA 6155 2594 883 NA NA NA NA NA
1570222800.0 250205.17 NA 431 463 0 NA NA NA NA NA NA 841 825 0 NA NA NA NA NA NA 16664 3894 1044 NA NA NA NA NA NA 5734 2906 1194 NA NA NA NA NA
1570222800.0 250205.18 NA 574 550 0 NA NA NA NA NA NA 1111 857 0 NA NA NA NA NA NA 25388 5073 1882 NA NA NA NA NA NA 11898 3154 2025 NA NA NA NA NA
1570222800.0 250206.0 NA 381 448 0 NA NA NA NA NA NA 723 812 0 NA NA NA NA NA NA 13348 3605 799 NA NA NA NA NA NA 5067 2815 1554 NA NA NA NA NA
1570222800.0 250206.118 66 533 308 160 NA NA NA NA NA 140 760 687 277 NA NA NA NA NA 1393 5343 2274 715 NA NA NA NA NA 867 2814 1690 806 NA NA NA NA NA
1570222800.0 250206.17 NA 427 459 0 NA NA NA NA NA NA 827 793 0 NA NA NA NA NA NA 16934 4144 1040 NA NA NA NA NA NA 5919 4018 1195 NA NA NA NA NA
1570222800.0 250206.18 NA 583 596 0 NA NA NA NA NA NA 1110 847 0 NA NA NA NA NA NA 26755 5488 1906 NA NA NA NA NA NA 10673 3641 2013 NA NA NA NA NA
1570222800.0 250206.181 NA 425 586 597 0 NA NA NA NA NA 677 1162 873 0 NA NA NA NA NA 4666 26556 5474 1895 NA NA NA NA NA 2034 8690 3077 1985 NA NA NA NA
1570222800.0 250207.0 NA 362 452 0 NA NA NA NA NA NA 723 771 0 NA NA NA NA NA NA 12726 3437 700 NA NA NA NA NA NA 6759 4768 1171 NA NA NA NA NA
1570222800.0 250207.17 NA 415 469 0 NA NA NA NA NA NA 724 859 0 NA NA NA NA NA NA 16739 3700 1009 NA NA NA NA NA NA 5743 3996 1136 NA NA NA NA NA
1570222800.0 250207.18 NA 572 549 0 NA NA NA NA NA NA 1046 830 0 NA NA NA NA NA NA 25875 4819 1840 NA NA NA NA NA NA 10225 3365 1978 NA NA NA NA NA
1570222800.0 250208.17 NA 437 481 0 NA NA NA NA NA NA 840 825 0 NA NA NA NA NA NA 18015 5235 1127 NA NA NA NA NA NA 6325 3808 1294 NA NA NA NA NA
1570222800.0 250208.18 NA 606 567 0 NA NA NA NA NA NA 1176 869 0 NA NA NA NA NA NA 30314 7327 1902 NA NA NA NA NA NA 11012 4210 1983 NA NA NA NA NA
1570222800.0 250399.0 226 NA NA NA NA NA NA NA NA 579 NA NA NA NA NA NA NA NA 1263 NA NA NA NA NA NA NA NA 2639 NA NA NA NA NA NA NA NA
1570222800.0 250399.17 301 NA NA NA NA NA NA NA NA 615 NA NA NA NA NA NA NA NA 1347 NA NA NA NA NA NA NA NA 1110 NA NA NA NA NA NA NA NA
1570222800.0 250399.18 308 NA NA NA NA NA NA NA NA 617 NA NA NA NA NA NA NA NA 1399 NA NA NA NA NA NA NA NA 1026 NA NA NA NA NA NA NA NA
1570222800.0 250400.0 385 0 149 NA NA NA NA NA NA 844 0 232 NA NA NA NA NA NA 1933 279 694 NA NA NA NA NA NA 2251 382 823 NA NA NA NA NA NA
1570222800.0 250400.17 426 0 135 NA NA NA NA NA NA 845 0 236 NA NA NA NA NA NA 2367 337 920 NA NA NA NA NA NA 2687 988 1327 NA NA NA NA NA NA
1570222800.0 250400.18 451 0 138 NA NA NA NA NA NA 889 0 226 NA NA NA NA NA NA 2263 385 772 NA NA NA NA NA NA 2344 581 1054 NA NA NA NA NA NA
1570222800.0 250402.0 390 0 138 NA NA NA NA NA NA 804 0 232 NA NA NA NA NA NA 1911 337 835 NA NA NA NA NA NA 1735 922 1141 NA NA NA NA NA NA
1570222800.0 250402.1 240 355 0 NA NA NA NA NA NA 578 836 0 NA NA NA NA NA NA 1145 2196 291 NA NA NA NA NA NA 1325 2272 491 NA NA NA NA NA NA
1570222800.0 250402.17 460 0 142 NA NA NA NA NA NA 825 0 234 NA NA NA NA NA NA 2307 338 819 NA NA NA NA NA NA 1832 912 1338 NA NA NA NA NA NA
1570222800.0 250402.171 290 454 0 NA NA NA NA NA NA 617 885 0 NA NA NA NA NA NA 1603 2170 309 NA NA NA NA NA NA 1243 1606 391 NA NA NA NA NA NA
1570222800.0 250402.18 471 0 147 NA NA NA NA NA NA 889 0 231 NA NA NA NA NA NA 2545 365 861 NA NA NA NA NA NA 2252 934 1021 NA NA NA NA NA NA
1570222800.0 250402.181 302 459 0 NA NA NA NA NA NA 573 819 0 NA NA NA NA NA NA 1638 2448 301 NA NA NA NA NA NA 1540 1772 402 NA NA NA NA NA NA
1570222800.0 250403.0 375 0 140 NA NA NA NA NA NA 799 0 225 NA NA NA NA NA NA 2108 341 806 NA NA NA NA NA NA 2560 551 1135 NA NA NA NA NA NA
1570222800.0 250403.17 423 0 136 NA NA NA NA NA NA 890 0 237 NA NA NA NA NA NA 2334 344 874 NA NA NA NA NA NA 2110 595 1276 NA NA NA NA NA NA
1570222800.0 250403.18 454 0 141 NA NA NA NA NA NA 889 0 236 NA NA NA NA NA NA 2470 317 829 NA NA NA NA NA NA 3017 471 1104 NA NA NA NA NA NA
1570222800.0 250405.0 391 0 136 NA NA NA NA NA NA 845 0 234 NA NA NA NA NA NA 1991 296 712 NA NA NA NA NA NA 2118 417 1093 NA NA NA NA NA NA
1570222800.0 250405.17 439 0 141 NA NA NA NA NA NA 886 0 232 NA NA NA NA NA NA 2344 343 771 NA NA NA NA NA NA 2387 589 996 NA NA NA NA NA NA
1570222800.0 250405.18 446 0 150 NA NA NA NA NA NA 826 0 243 NA NA NA NA NA NA 2611 362 769 NA NA NA NA NA NA 3322 966 864 NA NA NA NA NA NA
1570222800.0 250406.0 401 0 149 NA NA NA NA NA NA 844 0 233 NA NA NA NA NA NA 1399 259 634 NA NA NA NA NA NA 1409 328 713 NA NA NA NA NA NA
1570222800.0 250406.17 439 0 143 NA NA NA NA NA NA 826 0 233 NA NA NA NA NA NA 2111 312 869 NA NA NA NA NA NA 2219 426 1624 NA NA NA NA NA NA
1570222800.0 250406.18 452 0 145 NA NA NA NA NA NA 890 0 238 NA NA NA NA NA NA 1936 394 750 NA NA NA NA NA NA 1780 1052 1147 NA NA NA NA NA NA
1570222800.0 250407.0 329 0 134 NA NA NA NA NA NA 843 0 230 NA NA NA NA NA NA 2025 256 717 NA NA NA NA NA NA 2434 371 1112 NA NA NA NA NA NA
1570222800.0 250407.17 368 0 142 NA NA NA NA NA NA 845 0 238 NA NA NA NA NA NA 2141 287 836 NA NA NA NA NA NA 2571 457 1200 NA NA NA NA NA NA
1570222800.0 250407.18 384 0 144 NA NA NA NA NA NA 843 0 237 NA NA NA NA NA NA 2214 346 736 NA NA NA NA NA NA 2495 601 833 NA NA NA NA NA NA
1570222800.0 250408.0 391 0 144 NA NA NA NA NA NA 844 0 228 NA NA NA NA NA NA 1784 257 708 NA NA NA NA NA NA 1509 318 737 NA NA NA NA NA NA
1570222800.0 250408.17 426 0 140 NA NA NA NA NA NA 891 0 236 NA NA NA NA NA NA 2637 370 916 NA NA NA NA NA NA 2465 1019 1449 NA NA NA NA NA NA
1570222800.0 250408.18 431 0 143 NA NA NA NA NA NA 889 0 238 NA NA NA NA NA NA 2715 386 976 NA NA NA NA NA NA 2417 833 1910 NA NA NA NA NA NA
1570222800.0 250409.0 372 0 143 NA NA NA NA NA NA 858 0 236 NA NA NA NA NA NA 2416 306 973 NA NA NA NA NA NA 1999 878 1154 NA NA NA NA NA NA
1570222800.0 250409.17 461 0 142 NA NA NA NA NA NA 892 0 236 NA NA NA NA NA NA 2716 319 983 NA NA NA NA NA NA 2004 494 1161 NA NA NA NA NA NA
1570222800.0 250409.18 471 0 155 NA NA NA NA NA NA 890 0 233 NA NA NA NA NA NA 2729 386 966 NA NA NA NA NA NA 2067 652 1052 NA NA NA NA NA NA
1570222800.0 25200.0 NA 376 604 0 NA NA NA NA NA NA 620 981 0 NA NA NA NA NA NA 2945 3948 648 NA NA NA NA NA NA 1422 2616 701 NA NA NA NA NA
1570222800.0 25202.0 NA 355 581 0 NA NA NA NA NA NA 619 930 0 NA NA NA NA NA NA 3068 4388 684 NA NA NA NA NA NA 1781 3136 731 NA NA NA NA NA
1570222800.0 25203.0 NA 353 598 0 NA NA NA NA NA NA 574 964 0 NA NA NA NA NA NA 2976 3820 634 NA NA NA NA NA NA 1596 2589 702 NA NA NA NA NA
1570222800.0 25204.0 NA 368 608 0 NA NA NA NA NA NA 621 906 0 NA NA NA NA NA NA 3028 4141 650 NA NA NA NA NA NA 1341 2708 703 NA NA NA NA NA
1570222800.0 25205.0 NA 366 606 0 NA NA NA NA NA NA 619 901 0 NA NA NA NA NA NA 3056 3970 638 NA NA NA NA NA NA 1634 2600 705 NA NA NA NA NA
1570222800.0 25206.0 NA 364 654 0 NA NA NA NA NA NA 576 978 0 NA NA NA NA NA NA 3060 4238 654 NA NA NA NA NA NA 1337 3050 714 NA NA NA NA NA
1570222800.0 25207.0 NA 367 621 0 NA NA NA NA NA NA 621 987 0 NA NA NA NA NA NA 3033 3668 632 NA NA NA NA NA NA 1505 2525 693 NA NA NA NA NA
1570222800.0 25208.0 NA 373 640 0 NA NA NA NA NA NA 621 981 0 NA NA NA NA NA NA 3070 5338 657 NA NA NA NA NA NA 1459 3045 713 NA NA NA NA NA
1570222800.0 25209.0 NA 396 640 0 NA NA NA NA NA NA 621 1005 0 NA NA NA NA NA NA 3098 4652 659 NA NA NA NA NA NA 1423 2854 723 NA NA NA NA NA
1570222800.0 25210.0 83 323 551 0 NA NA NA NA NA 170 575 907 0 NA NA NA NA NA 2495 1398 2824 686 NA NA NA NA NA 1248 859 2402 742 NA NA NA NA NA
1570222800.0 25211.0 85 368 625 0 NA NA NA NA NA 173 622 989 0 NA NA NA NA NA 4628 2990 4119 651 NA NA NA NA NA 2013 1275 2731 704 NA NA NA NA NA
1570222800.0 25211.17 64 382 649 0 NA NA NA NA NA 146 620 977 0 NA NA NA NA NA 5177 4463 4660 1112 NA NA NA NA NA 2367 1915 3055 1167 NA NA NA NA NA
1570222800.0 25211.18 72 514 757 0 NA NA NA NA NA 147 880 1119 0 NA NA NA NA NA 4574 7871 6457 1950 NA NA NA NA NA 4105 4220 4008 2206 NA NA NA NA NA
1570222800.0 25212.0 98 374 615 0 NA NA NA NA NA 173 622 970 0 NA NA NA NA NA 9128 3049 4619 662 NA NA NA NA NA 4158 1371 3116 748 NA NA NA NA NA
1570222800.0 25212.17 80 391 640 0 NA NA NA NA NA 143 624 979 0 NA NA NA NA NA 9321 4671 5152 1077 NA NA NA NA NA 4212 2056 3697 1198 NA NA NA NA NA
1570222800.0 25212.18 76 532 743 0 NA NA NA NA NA 141 878 1119 0 NA NA NA NA NA 10204 7830 7376 2007 NA NA NA NA NA 5691 3860 4358 2250 NA NA NA NA NA
1570222800.0 25213.0 84 369 613 0 NA NA NA NA NA 178 619 990 0 NA NA NA NA NA 9255 3207 4379 697 NA NA NA NA NA 4366 1384 2964 758 NA NA NA NA NA
1570222800.0 25213.17 77 395 633 0 NA NA NA NA NA 150 622 934 0 NA NA NA NA NA 9016 4602 4681 1056 NA NA NA NA NA 4203 1804 3218 1174 NA NA NA NA NA
1570222800.0 25213.18 76 528 688 0 NA NA NA NA NA 148 828 1074 0 NA NA NA NA NA 9133 7358 6692 1902 NA NA NA NA NA 4782 3487 4080 2091 NA NA NA NA NA
1570222800.0 25214.0 NA 361 624 0 NA NA NA NA NA NA 621 963 0 NA NA NA NA NA NA 2969 4330 649 NA NA NA NA NA NA 1625 2760 696 NA NA NA NA NA
1570222800.0 25400.0 503 0 134 NA NA NA NA NA NA 892 0 222 NA NA NA NA NA NA 4335 423 686 NA NA NA NA NA NA 2762 834 810 NA NA NA NA NA NA
1570222800.0 25400.17 561 0 151 NA NA NA NA NA NA 996 0 227 NA NA NA NA NA NA 8142 395 742 NA NA NA NA NA NA 3464 824 808 NA NA NA NA NA NA
1570222800.0 25400.18 591 0 130 NA NA NA NA NA NA 945 0 222 NA NA NA NA NA NA 7773 324 962 NA NA NA NA NA NA 3509 403 1742 NA NA NA NA NA NA
1570222800.0 25402.0 498 0 143 NA NA NA NA NA NA 887 0 229 NA NA NA NA NA NA 4570 313 735 NA NA NA NA NA NA 2335 451 777 NA NA NA NA NA NA
1570222800.0 25402.17 612 0 139 NA NA NA NA NA NA 1047 0 235 NA NA NA NA NA NA 9158 383 857 NA NA NA NA NA NA 4270 544 861 NA NA NA NA NA NA
1570222800.0 25402.18 591 0 148 NA NA NA NA NA NA 942 0 225 NA NA NA NA NA NA 7759 406 925 NA NA NA NA NA NA 3361 824 1284 NA NA NA NA NA NA
1570222800.0 25403.0 502 0 154 NA NA NA NA NA NA 845 0 227 NA NA NA NA NA NA 3612 275 681 NA NA NA NA NA NA 2015 338 732 NA NA NA NA NA NA
1570222800.0 25403.17 580 0 144 NA NA NA NA NA NA 944 0 236 NA NA NA NA NA NA 8303 312 767 NA NA NA NA NA NA 4056 382 889 NA NA NA NA NA NA
1570222800.0 25403.18 595 0 148 NA NA NA NA NA NA 946 0 233 NA NA NA NA NA NA 7671 321 742 NA NA NA NA NA NA 3788 399 898 NA NA NA NA NA NA
1570222800.0 25405.0 513 0 140 NA NA NA NA NA NA 891 0 228 NA NA NA NA NA NA 4024 300 667 NA NA NA NA NA NA 2108 425 729 NA NA NA NA NA NA
1570222800.0 25405.17 589 0 142 NA NA NA NA NA NA 893 0 238 NA NA NA NA NA NA 7906 317 723 NA NA NA NA NA NA 3498 381 797 NA NA NA NA NA NA
1570222800.0 25405.18 610 0 144 NA NA NA NA NA NA 995 0 236 NA NA NA NA NA NA 9305 356 763 NA NA NA NA NA NA 3911 429 778 NA NA NA NA NA NA
1570222800.0 25406.0 490 0 141 NA NA NA NA NA NA 890 0 230 NA NA NA NA NA NA 3618 350 778 NA NA NA NA NA NA 3059 631 1083 NA NA NA NA NA NA
1570222800.0 25406.17 580 0 149 NA NA NA NA NA NA 945 0 229 NA NA NA NA NA NA 5509 327 697 NA NA NA NA NA NA 2858 426 769 NA NA NA NA NA NA
1570222800.0 25406.18 592 0 144 NA NA NA NA NA NA 944 0 229 NA NA NA NA NA NA 5166 310 705 NA NA NA NA NA NA 2549 385 877 NA NA NA NA NA NA
1570222800.0 25407.0 430 0 134 NA NA NA NA NA NA 891 0 232 NA NA NA NA NA NA 3928 311 719 NA NA NA NA NA NA 2502 581 808 NA NA NA NA NA NA
1570222800.0 25407.17 528 0 142 NA NA NA NA NA NA 893 0 229 NA NA NA NA NA NA 7630 312 908 NA NA NA NA NA NA 3320 405 1234 NA NA NA NA NA NA
1570222800.0 25407.18 539 0 136 NA NA NA NA NA NA 892 0 235 NA NA NA NA NA NA 7182 319 956 NA NA NA NA NA NA 3225 431 1710 NA NA NA NA NA NA
1570222800.0 25408.0 506 0 148 NA NA NA NA NA NA 889 0 242 NA NA NA NA NA NA 5911 295 1004 NA NA NA NA NA NA 3019 383 1085 NA NA NA NA NA NA
1570222800.0 25408.17 580 0 140 NA NA NA NA NA NA 995 0 232 NA NA NA NA NA NA 9770 410 933 NA NA NA NA NA NA 4091 760 932 NA NA NA NA NA NA
1570222800.0 25408.18 591 0 139 NA NA NA NA NA NA 993 0 239 NA NA NA NA NA NA 10355 358 1009 NA NA NA NA NA NA 4388 437 1160 NA NA NA NA NA NA
1570222800.0 25409.0 489 0 148 NA NA NA NA NA NA 888 0 239 NA NA NA NA NA NA 4414 278 856 NA NA NA NA NA NA 2352 339 1078 NA NA NA NA NA NA
1570222800.0 25409.17 618 0 144 NA NA NA NA NA NA 993 0 235 NA NA NA NA NA NA 9203 342 846 NA NA NA NA NA NA 4175 410 949 NA NA NA NA NA NA
1570222800.0 25409.18 581 0 141 NA NA NA NA NA NA 992 0 240 NA NA NA NA NA NA 9682 350 916 NA NA NA NA NA NA 4079 433 1057 NA NA NA NA NA NA
1570222800.0 26.0 NA 135 298 0 NA NA NA NA NA NA 599 689 0 NA NA NA NA NA NA 2052 3339 646 NA NA NA NA NA NA 1344 3997 728 NA NA NA NA NA
1570222800.0 27.0 NA 154 315 0 NA NA NA NA NA NA 600 623 0 NA NA NA NA NA NA 2168 3036 586 NA NA NA NA NA NA 914 2302 647 NA NA NA NA NA
1570222800.0 27434.0 NA 276 365 0 NA NA NA NA NA NA 463 665 0 NA NA NA NA NA NA 2504 2780 527 NA NA NA NA NA NA 2838 2611 601 NA NA NA NA NA
1570222800.0 27434.21 NA 280 230 162 NA NA NA NA NA NA 411 612 260 NA NA NA NA NA NA 2540 1681 977 NA NA NA NA NA NA 2352 1482 1238 NA NA NA NA NA
1570222800.0 27634.21 NA 814 890 223 NA NA NA NA NA NA 1373 1486 340 NA NA NA NA NA NA 16285 28089 2117 NA NA NA NA NA NA 5848 8307 1354 NA NA NA NA NA
1570222800.0 27834.0 89 283 386 0 NA NA NA NA NA 158 406 670 0 NA NA NA NA NA 6665 2830 3363 552 NA NA NA NA NA 3681 2374 4305 700 NA NA NA NA NA
1570222800.0 28.0 NA 135 295 0 NA NA NA NA NA NA 602 683 0 NA NA NA NA NA NA 2404 3871 584 NA NA NA NA NA NA 1650 2520 667 NA NA NA NA NA
1570222800.0 280.0 142 130 310 0 NA NA NA NA NA 276 583 621 0 NA NA NA NA NA 3082 581 2148 564 NA NA NA NA NA 1755 417 2508 648 NA NA NA NA NA
1570222800.0 281.0 135 175 362 0 NA NA NA NA NA 283 600 698 0 NA NA NA NA NA 1722 1005 1858 633 NA NA NA NA NA 949 569 2192 740 NA NA NA NA NA
1570222800.0 28634.0 88 299 391 0 NA NA NA NA NA 156 456 676 0 NA NA NA NA NA 6228 2945 3522 823 NA NA NA NA NA 4294 2297 3277 1097 NA NA NA NA NA
1570222800.0 29.0 NA 144 306 0 NA NA NA NA NA NA 602 623 0 NA NA NA NA NA NA 2043 3292 636 NA NA NA NA NA NA 910 2412 688 NA NA NA NA NA
1570222800.0 29034.0 89 285 376 0 NA NA NA NA NA 161 458 668 0 NA NA NA NA NA 7585 2846 3484 551 NA NA NA NA NA 4022 2201 3029 628 NA NA NA NA NA
1570222800.0 29434.0 86 297 390 0 NA NA NA NA NA 158 457 685 0 NA NA NA NA NA 6627 2981 3452 809 NA NA NA NA NA 4443 2448 3237 1175 NA NA NA NA NA
1570222800.0 3.0 70 157 216 NA NA NA NA NA NA 193 582 601 NA NA NA NA NA NA 5439 441 1611 NA NA NA NA NA NA 2654 510 1612 NA NA NA NA NA NA
1570222800.0 30.0 NA 132 295 0 NA NA NA NA NA NA 600 657 0 NA NA NA NA NA NA 2096 3515 701 NA NA NA NA NA NA 1719 4104 1074 NA NA NA NA NA
1570222800.0 300.0 60 207 406 0 NA NA NA NA NA 142 618 807 0 NA NA NA NA NA 716 892 2469 1122 NA NA NA NA NA 883 618 2390 1177 NA NA NA NA NA
1570222800.0 301.0 63 210 404 0 NA NA NA NA NA 144 618 807 0 NA NA NA NA NA 1083 909 2479 1121 NA NA NA NA NA 1135 649 2424 1169 NA NA NA NA NA
1570222800.0 302.0 62 196 401 0 NA NA NA NA NA 146 619 767 0 NA NA NA NA NA 846 1021 2509 1123 NA NA NA NA NA 927 756 2537 1175 NA NA NA NA NA
1570222800.0 31.0 NA 131 294 0 NA NA NA NA NA NA 601 689 0 NA NA NA NA NA NA 2153 3176 637 NA NA NA NA NA NA 1799 2531 737 NA NA NA NA NA
1570222800.0 32.0 NA 132 299 0 NA NA NA NA NA NA 602 661 0 NA NA NA NA NA NA 2180 3564 652 NA NA NA NA NA NA 1509 3867 992 NA NA NA NA NA
1570222800.0 33.0 NA 132 292 0 NA NA NA NA NA NA 556 662 0 NA NA NA NA NA NA 2082 2897 582 NA NA NA NA NA NA 1290 2627 769 NA NA NA NA NA
1570222800.0 34.0 101 126 303 0 NA NA NA NA NA 213 539 614 0 NA NA NA NA NA 2636 550 2101 560 NA NA NA NA NA 1163 441 2303 663 NA NA NA NA NA
1570222800.0 35.0 NA 134 295 0 NA NA NA NA NA NA 555 675 0 NA NA NA NA NA NA 2284 3509 599 NA NA NA NA NA NA 1342 2476 710 NA NA NA NA NA
1570222800.0 36.0 NA 128 307 0 NA NA NA NA NA NA 600 668 0 NA NA NA NA NA NA 2352 9217 621 NA NA NA NA NA NA 1657 4262 805 NA NA NA NA NA
1570222800.0 37.0 NA 130 303 0 NA NA NA NA NA NA 602 646 0 NA NA NA NA NA NA 2406 4679 604 NA NA NA NA NA NA 1366 2775 721 NA NA NA NA NA
1570222800.0 38.0 NA 133 306 0 NA NA NA NA NA NA 600 610 0 NA NA NA NA NA NA 2414 4268 597 NA NA NA NA NA NA 1375 2709 687 NA NA NA NA NA
1570222800.0 39.0 NA 133 318 0 NA NA NA NA NA NA 556 672 0 NA NA NA NA NA NA 2825 6657 611 NA NA NA NA NA NA 1928 3370 674 NA NA NA NA NA
1570222800.0 4.17 NA 36 319 0 208 NA NA NA NA NA 91 618 0 299 NA NA NA NA NA 260 3482 622 1305 NA NA NA NA NA 270 2412 711 1147 NA NA NA NA
1570222800.0 4.22 NA 171 71 81 0 NA NA NA NA NA 265 120 141 0 NA NA NA NA NA 903 255 276 265 NA NA NA NA NA 772 377 351 354 NA NA NA NA
1570222800.0 4.23 NA 62 326 0 NA NA NA NA NA NA 127 650 0 NA NA NA NA NA NA 395 3434 930 NA NA NA NA NA NA 684 2842 1317 NA NA NA NA NA
1570222800.0 4.24 NA 67 327 0 NA NA NA NA NA NA 116 630 0 NA NA NA NA NA NA 368 3618 735 NA NA NA NA NA NA 349 2472 815 NA NA NA NA NA
1570222800.0 4.25 NA 67 321 0 NA NA NA NA NA NA 122 599 0 NA NA NA NA NA NA 353 3508 763 NA NA NA NA NA NA 377 2576 855 NA NA NA NA NA
1570222800.0 4.26 NA 65 328 0 NA NA NA NA NA NA 119 606 0 NA NA NA NA NA NA 358 4334 829 NA NA NA NA NA NA 687 4036 1214 NA NA NA NA NA
1570222800.0 4.27 NA 54 314 0 NA NA NA NA NA NA 120 664 0 NA NA NA NA NA NA 407 4260 858 NA NA NA NA NA NA 493 3015 915 NA NA NA NA NA
1570222800.0 4.28 NA 61 319 0 NA NA NA NA NA NA 130 610 0 NA NA NA NA NA NA 341 3327 2606 NA NA NA NA NA NA 842 4079 2825 NA NA NA NA NA
1570222800.0 4.29 NA 41 339 0 208 NA NA NA NA NA 93 654 0 301 NA NA NA NA NA 350 3994 667 1400 NA NA NA NA NA 305 2912 750 1207 NA NA NA NA
1570222800.0 4.34 NA 61 325 0 NA NA NA NA NA NA 125 638 0 NA NA NA NA NA NA 413 3964 895 NA NA NA NA NA NA 858 2881 1137 NA NA NA NA NA
1570222800.0 4.36 NA 55 314 0 NA NA NA NA NA NA 116 658 0 NA NA NA NA NA NA 376 4202 748 NA NA NA NA NA NA 550 4169 842 NA NA NA NA NA
1570222800.0 4.37 NA 53 322 0 NA NA NA NA NA NA 112 639 0 NA NA NA NA NA NA 379 4762 785 NA NA NA NA NA NA 731 3394 893 NA NA NA NA NA
1570222800.0 4.4 NA 36 331 0 NA NA NA NA NA NA 95 642 0 NA NA NA NA NA NA 305 4677 729 NA NA NA NA NA NA 630 3078 1199 NA NA NA NA NA
1570222800.0 4.41 NA 35 323 0 NA NA NA NA NA NA 88 645 0 NA NA NA NA NA NA 275 5866 730 NA NA NA NA NA NA 565 3381 872 NA NA NA NA NA
1570222800.0 4.42 NA 29 346 0 NA NA NA NA NA NA 92 684 0 NA NA NA NA NA NA 292 6673 688 NA NA NA NA NA NA 543 3463 779 NA NA NA NA NA
1570222800.0 4.43 NA 32 320 0 NA NA NA NA NA NA 95 609 0 NA NA NA NA NA NA 278 4259 732 NA NA NA NA NA NA 640 2762 1004 NA NA NA NA NA
1570222800.0 4.44 NA 35 323 0 NA NA NA NA NA NA 89 717 0 NA NA NA NA NA NA 276 5237 754 NA NA NA NA NA NA 583 3001 1270 NA NA NA NA NA
1570222800.0 4.45 NA 30 340 0 NA NA NA NA NA NA 93 651 0 NA NA NA NA NA NA 288 7257 736 NA NA NA NA NA NA 898 4072 1081 NA NA NA NA NA
1570222800.0 4.51 NA 38 334 0 NA NA NA NA NA NA 95 652 0 NA NA NA NA NA NA 314 6088 725 NA NA NA NA NA NA 979 4048 843 NA NA NA NA NA
1570222800.0 4.52 NA 28 341 0 NA NA NA NA NA NA 91 628 0 NA NA NA NA NA NA 256 7454 702 NA NA NA NA NA NA 472 3584 793 NA NA NA NA NA
1570222800.0 4.53 NA 37 336 0 NA NA NA NA NA NA 95 670 0 NA NA NA NA NA NA 304 7195 726 NA NA NA NA NA NA 971 3803 882 NA NA NA NA NA
1570222800.0 4.54 NA 28 335 0 NA NA NA NA NA NA 90 648 0 NA NA NA NA NA NA 260 7119 687 NA NA NA NA NA NA 484 3512 755 NA NA NA NA NA
1570222800.0 4.55 NA 28 337 0 NA NA NA NA NA NA 90 656 0 NA NA NA NA NA NA 276 8513 695 NA NA NA NA NA NA 555 3940 777 NA NA NA NA NA
1570222800.0 4.57 NA 54 347 0 NA NA NA NA NA NA 109 692 0 NA NA NA NA NA NA 332 8281 716 NA NA NA NA NA NA 710 3850 1041 NA NA NA NA NA
1570222800.0 4.58 NA 45 323 0 NA NA NA NA NA NA 114 641 0 NA NA NA NA NA NA 355 5357 696 NA NA NA NA NA NA 677 3057 881 NA NA NA NA NA
1570222800.0 4.6 NA 322 0 NA NA NA NA NA NA NA 681 0 NA NA NA NA NA NA NA 3302 686 NA NA NA NA NA NA NA 2753 1175 NA NA NA NA NA NA
1570222800.0 4.61 NA 28 333 0 NA NA NA NA NA NA 91 653 0 NA NA NA NA NA NA 263 6932 686 NA NA NA NA NA NA 600 3453 761 NA NA NA NA NA
1570222800.0 4.62 NA 31 325 0 NA NA NA NA NA NA 92 644 0 NA NA NA NA NA NA 280 7024 742 NA NA NA NA NA NA 660 3626 866 NA NA NA NA NA
1570222800.0 4.63 NA 30 341 0 NA NA NA NA NA NA 91 651 0 NA NA NA NA NA NA 281 7767 699 NA NA NA NA NA NA 497 3503 804 NA NA NA NA NA
1570222800.0 4.64 NA 31 337 0 NA NA NA NA NA NA 93 650 0 NA NA NA NA NA NA 289 7417 699 NA NA NA NA NA NA 548 3644 774 NA NA NA NA NA
1570222800.0 4.65 NA 28 348 0 NA NA NA NA NA NA 93 661 0 NA NA NA NA NA NA 285 10316 688 NA NA NA NA NA NA 513 4542 818 NA NA NA NA NA
1570222800.0 4.67 NA 51 340 0 NA NA NA NA NA NA 119 634 0 NA NA NA NA NA NA 347 8270 716 NA NA NA NA NA NA 598 4004 937 NA NA NA NA NA
1570222800.0 4.68 NA 41 335 0 NA NA NA NA NA NA 108 647 0 NA NA NA NA NA NA 290 6723 686 NA NA NA NA NA NA 544 3350 754 NA NA NA NA NA
1570222800.0 4.71 NA 42 349 0 NA NA NA NA NA NA 95 623 0 NA NA NA NA NA NA 328 5635 663 NA NA NA NA NA NA 353 3474 751 NA NA NA NA NA
1570222800.0 4.72 NA 30 328 0 NA NA NA NA NA NA 95 643 0 NA NA NA NA NA NA 284 6479 736 NA NA NA NA NA NA 632 3963 939 NA NA NA NA NA
1570222800.0 4.73 NA 32 338 0 NA NA NA NA NA NA 98 661 0 NA NA NA NA NA NA 290 7515 706 NA NA NA NA NA NA 605 3542 998 NA NA NA NA NA
1570222800.0 4.74 NA 28 334 0 NA NA NA NA NA NA 93 637 0 NA NA NA NA NA NA 290 6424 677 NA NA NA NA NA NA 644 3835 754 NA NA NA NA NA
1570222800.0 4.75 NA 32 340 0 NA NA NA NA NA NA 98 657 0 NA NA NA NA NA NA 273 7550 690 NA NA NA NA NA NA 725 3615 743 NA NA NA NA NA
1570222800.0 4.76 NA 57 345 0 NA NA NA NA NA NA 123 686 0 NA NA NA NA NA NA 358 8105 705 NA NA NA NA NA NA 519 3730 788 NA NA NA NA NA
1570222800.0 4.77 NA 58 348 0 NA NA NA NA NA NA 122 648 0 NA NA NA NA NA NA 350 9106 720 NA NA NA NA NA NA 635 4061 810 NA NA NA NA NA
1570222800.0 4.78 NA 45 337 0 NA NA NA NA NA NA 113 687 0 NA NA NA NA NA NA 304 7746 691 NA NA NA NA NA NA 646 3703 1020 NA NA NA NA NA
1570222800.0 4000.0 NA 133 310 NA NA NA NA NA NA NA 557 672 NA NA NA NA NA NA NA 2510 4826 NA NA NA NA NA NA NA 1444 3048 NA NA NA NA NA NA
1570222800.0 4001.0 NA 184 373 NA NA NA NA NA NA NA 571 710 NA NA NA NA NA NA NA 1183 3386 NA NA NA NA NA NA NA 1695 3900 NA NA NA NA NA NA
1570222800.0 4002.0 NA 135 290 NA NA NA NA NA NA NA 600 604 NA NA NA NA NA NA NA 2117 3296 NA NA NA NA NA NA NA 1446 2689 NA NA NA NA NA NA
1570222800.0 4003.0 NA 143 314 NA NA NA NA NA NA NA 555 601 NA NA NA NA NA NA NA 2377 3690 NA NA NA NA NA NA NA 2224 3799 NA NA NA NA NA NA
1570222800.0 4006.0 57 172 358 NA NA NA NA NA NA 129 601 693 NA NA NA NA NA NA 852 833 2450 NA NA NA NA NA NA 1452 691 2398 NA NA NA NA NA NA
1570222800.0 4007.0 41 0 0 NA NA NA NA NA NA 99 0 0 NA NA NA NA NA NA 520 238 1713 NA NA NA NA NA NA 1528 439 2426 NA NA NA NA NA NA
1570222800.0 4008.0 57 159 310 NA NA NA NA NA NA 131 601 637 NA NA NA NA NA NA 1084 661 1826 NA NA NA NA NA NA 1419 638 2144 NA NA NA NA NA NA
1570222800.0 43.0 NA 132 303 0 NA NA NA NA NA NA 556 673 0 NA NA NA NA NA NA 2120 4018 673 NA NA NA NA NA NA 1396 3500 868 NA NA NA NA NA
1570222800.0 44.0 NA 130 301 0 NA NA NA NA NA NA 602 658 0 NA NA NA NA NA NA 2156 3685 635 NA NA NA NA NA NA 1027 2488 699 NA NA NA NA NA
1570222800.0 45.0 NA 132 302 0 NA NA NA NA NA NA 600 657 0 NA NA NA NA NA NA 2256 3715 587 NA NA NA NA NA NA 1454 2530 646 NA NA NA NA NA
1570222800.0 5.1 334 0 NA NA NA NA NA NA NA 806 0 NA NA NA NA NA NA NA 1612 291 NA NA NA NA NA NA NA 1632 458 NA NA NA NA NA NA NA
1570222800.0 5.2 247 0 NA NA NA NA NA NA NA 851 0 NA NA NA NA NA NA NA 1486 267 NA NA NA NA NA NA NA 1724 468 NA NA NA NA NA NA NA
1570222800.0 5.3 259 0 NA NA NA NA NA NA NA 849 0 NA NA NA NA NA NA NA 1449 256 NA NA NA NA NA NA NA 1411 411 NA NA NA NA NA NA NA
1570222800.0 5.4 301 0 NA NA NA NA NA NA NA 850 0 NA NA NA NA NA NA NA 1770 272 NA NA NA NA NA NA NA 2385 583 NA NA NA NA NA NA NA
1570222800.0 5.5 324 0 NA NA NA NA NA NA NA 853 0 NA NA NA NA NA NA NA 1566 283 NA NA NA NA NA NA NA 1630 480 NA NA NA NA NA NA NA
1570222800.0 5.6 334 0 NA NA NA NA NA NA NA 810 0 NA NA NA NA NA NA NA 1584 274 NA NA NA NA NA NA NA 1658 439 NA NA NA NA NA NA NA
1570222800.0 5.7 321 0 NA NA NA NA NA NA NA 807 0 NA NA NA NA NA NA NA 1581 276 NA NA NA NA NA NA NA 2581 425 NA NA NA NA NA NA NA
1570222800.0 500199.0 237 NA NA NA NA NA NA NA NA 572 NA NA NA NA NA NA NA NA 2007 NA NA NA NA NA NA NA NA 1545 NA NA NA NA NA NA NA NA
1570222800.0 500200.0 NA 227 344 0 NA NA NA NA NA NA 617 674 0 NA NA NA NA NA NA 6564 3245 651 NA NA NA NA NA NA 3756 4539 907 NA NA NA NA NA
1570222800.0 500200.1 87 210 236 NA NA NA NA NA NA 172 602 577 NA NA NA NA NA NA 2414 1048 2212 NA NA NA NA NA NA 1816 1267 2453 NA NA NA NA NA NA
1570222800.0 500202.0 NA 228 360 0 NA NA NA NA NA NA 614 705 0 NA NA NA NA NA NA 7209 3387 580 NA NA NA NA NA NA 4529 2507 670 NA NA NA NA NA
1570222800.0 500203.0 NA 222 347 0 NA NA NA NA NA NA 615 685 0 NA NA NA NA NA NA 7113 3098 581 NA NA NA NA NA NA 4523 2210 696 NA NA NA NA NA
1570222800.0 500204.0 NA 217 350 0 NA NA NA NA NA NA 569 672 0 NA NA NA NA NA NA 6992 3064 585 NA NA NA NA NA NA 4602 2326 906 NA NA NA NA NA
1570222800.0 500205.0 NA 217 353 0 NA NA NA NA NA NA 616 705 0 NA NA NA NA NA NA 7184 3074 587 NA NA NA NA NA NA 4654 2258 720 NA NA NA NA NA
1570222800.0 500206.0 NA 219 357 0 NA NA NA NA NA NA 614 661 0 NA NA NA NA NA NA 7050 2972 589 NA NA NA NA NA NA 4577 2370 694 NA NA NA NA NA
1570222800.0 500207.0 NA 217 346 0 NA NA NA NA NA NA 616 669 0 NA NA NA NA NA NA 6434 2744 578 NA NA NA NA NA NA 4658 2262 897 NA NA NA NA NA
1570222800.0 50200.0 NA 241 453 0 NA NA NA NA NA NA 570 781 0 NA NA NA NA NA NA 1731 3280 642 NA NA NA NA NA NA 1846 2890 725 NA NA NA NA NA
1570222800.0 50202.0 NA 241 448 0 NA NA NA NA NA NA 615 805 0 NA NA NA NA NA NA 1675 3443 581 NA NA NA NA NA NA 1404 2522 683 NA NA NA NA NA
1570222800.0 50203.0 NA 246 464 0 NA NA NA NA NA NA 616 836 0 NA NA NA NA NA NA 1722 3480 633 NA NA NA NA NA NA 2135 2967 706 NA NA NA NA NA
1570222800.0 50204.0 NA 241 473 0 NA NA NA NA NA NA 616 807 0 NA NA NA NA NA NA 1863 3666 640 NA NA NA NA NA NA 1722 3312 702 NA NA NA NA NA
1570222800.0 50205.0 NA 248 456 0 NA NA NA NA NA NA 616 804 0 NA NA NA NA NA NA 1725 3321 583 NA NA NA NA NA NA 1629 2785 685 NA NA NA NA NA
1570222800.0 50206.0 NA 231 450 0 NA NA NA NA NA NA 616 787 0 NA NA NA NA NA NA 1661 3153 579 NA NA NA NA NA NA 1302 2389 630 NA NA NA NA NA
1570222800.0 50207.0 NA 233 450 0 NA NA NA NA NA NA 614 797 0 NA NA NA NA NA NA 1655 3114 570 NA NA NA NA NA NA 1820 2460 677 NA NA NA NA NA
1570222800.0 50208.0 NA 246 477 0 NA NA NA NA NA NA 569 804 0 NA NA NA NA NA NA 1819 4272 604 NA NA NA NA NA NA 1677 2959 678 NA NA NA NA NA
1570222800.0 503.0 35 0 NA NA NA NA NA NA NA 83 0 NA NA NA NA NA NA NA 235 133 NA NA NA NA NA NA NA 649 274 NA NA NA NA NA NA NA
1570222800.0 504.0 33 0 NA NA NA NA NA NA NA 84 0 NA NA NA NA NA NA NA 218 137 NA NA NA NA NA NA NA 527 365 NA NA NA NA NA NA NA
1570222800.0 505.0 36 0 NA NA NA NA NA NA NA 84 0 NA NA NA NA NA NA NA 243 130 NA NA NA NA NA NA NA 1025 225 NA NA NA NA NA NA NA
1570222800.0 506.0 38 0 NA NA NA NA NA NA NA 85 0 NA NA NA NA NA NA NA 177 134 NA NA NA NA NA NA NA 343 323 NA NA NA NA NA NA NA
1570222800.0 507.0 33 0 NA NA NA NA NA NA NA 83 0 NA NA NA NA NA NA NA 229 151 NA NA NA NA NA NA NA 773 599 NA NA NA NA NA NA NA
1570222800.0 508.0 37 0 NA NA NA NA NA NA NA 83 0 NA NA NA NA NA NA NA 244 151 NA NA NA NA NA NA NA 1202 630 NA NA NA NA NA NA NA
1570222800.0 509.0 34 0 NA NA NA NA NA NA NA 79 0 NA NA NA NA NA NA NA 163 132 NA NA NA NA NA NA NA 389 273 NA NA NA NA NA NA NA
1570222800.0 510.0 35 0 NA NA NA NA NA NA NA 84 0 NA NA NA NA NA NA NA 295 139 NA NA NA NA NA NA NA 811 306 NA NA NA NA NA NA NA
1570222800.0 511.0 37 0 NA NA NA NA NA NA NA 110 0 NA NA NA NA NA NA NA 10054 149 NA NA NA NA NA NA NA 13359 422 NA NA NA NA NA NA NA
1570222800.0 512.0 16 33 0 NA NA NA NA NA NA 58 88 0 NA NA NA NA NA NA 2438 236 142 NA NA NA NA NA NA 29722 539 509 NA NA NA NA NA NA
1570222800.0 513.0 14 40 0 NA NA NA NA NA NA 58 89 0 NA NA NA NA NA NA 690 262 170 NA NA NA NA NA NA 2656 975 921 NA NA NA NA NA NA
1570222800.0 514.0 16 35 0 NA NA NA NA NA NA 59 90 0 NA NA NA NA NA NA 416 207 150 NA NA NA NA NA NA 1141 312 438 NA NA NA NA NA NA
1570222800.0 515.0 17 39 0 NA NA NA NA NA NA 59 87 0 NA NA NA NA NA NA 2462 203 145 NA NA NA NA NA NA 29722 752 799 NA NA NA NA NA NA
1570222800.0 516.0 16 37 0 NA NA NA NA NA NA 58 90 0 NA NA NA NA NA NA 728 224 156 NA NA NA NA NA NA 2401 553 530 NA NA NA NA NA NA
1570222800.0 517.0 16 36 0 NA NA NA NA NA NA 59 90 0 NA NA NA NA NA NA 933 209 134 NA NA NA NA NA NA 1251 424 347 NA NA NA NA NA NA
1570222800.0 518.0 16 37 0 NA NA NA NA NA NA 59 89 0 NA NA NA NA NA NA 2425 224 164 NA NA NA NA NA NA 29722 775 344 NA NA NA NA NA NA
1570222800.0 519.0 16 38 0 NA NA NA NA NA NA 59 90 0 NA NA NA NA NA NA 663 220 194 NA NA NA NA NA NA 960 520 528 NA NA NA NA NA NA
1570222800.0 520.0 14 39 0 NA NA NA NA NA NA 58 90 0 NA NA NA NA NA NA 940 202 135 NA NA NA NA NA NA 1312 329 230 NA NA NA NA NA NA
1570222800.0 521.0 14 33 0 NA NA NA NA NA NA 58 89 0 NA NA NA NA NA NA 653 230 150 NA NA NA NA NA NA 4274 1002 358 NA NA NA NA NA NA
1570222800.0 522.0 16 39 0 NA NA NA NA NA NA 59 88 0 NA NA NA NA NA NA 2419 233 150 NA NA NA NA NA NA 29771 1072 482 NA NA NA NA NA NA
1570222800.0 523.0 14 44 0 NA NA NA NA NA NA 58 103 0 NA NA NA NA NA NA 1102 224 145 NA NA NA NA NA NA 5499 426 949 NA NA NA NA NA NA
1570222800.0 524.0 16 35 0 NA NA NA NA NA NA 58 90 0 NA NA NA NA NA NA 971 201 127 NA NA NA NA NA NA 1267 316 188 NA NA NA NA NA NA
1570222800.0 525.0 16 36 0 NA NA NA NA NA NA 58 89 0 NA NA NA NA NA NA 684 231 193 NA NA NA NA NA NA 2098 556 534 NA NA NA NA NA NA
1570222800.0 526.0 16 38 0 NA NA NA NA NA NA 59 89 0 NA NA NA NA NA NA 2418 235 152 NA NA NA NA NA NA 29722 581 362 NA NA NA NA NA NA
1570222800.0 527.0 15 36 0 NA NA NA NA NA NA 59 89 0 NA NA NA NA NA NA 966 201 140 NA NA NA NA NA NA 2207 330 264 NA NA NA NA NA NA
1570222800.0 528.0 16 40 0 NA NA NA NA NA NA 59 89 0 NA NA NA NA NA NA 698 271 156 NA NA NA NA NA NA 1161 1019 455 NA NA NA NA NA NA
1570222800.0 529.0 16 37 0 NA NA NA NA NA NA 59 88 0 NA NA NA NA NA NA 2475 217 144 NA NA NA NA NA NA 29722 564 357 NA NA NA NA NA NA
1570222800.0 530.0 16 40 0 NA NA NA NA NA NA 58 90 0 NA NA NA NA NA NA 934 271 145 NA NA NA NA NA NA 1257 1231 427 NA NA NA NA NA NA
1570222800.0 531.0 60 0 NA NA NA NA NA NA NA 194 0 NA NA NA NA NA NA NA 184 146 NA NA NA NA NA NA NA 387 598 NA NA NA NA NA NA NA
1570222800.0 534.0 40 0 NA NA NA NA NA NA NA 103 0 NA NA NA NA NA NA NA 235 149 NA NA NA NA NA NA NA 1333 328 NA NA NA NA NA NA NA
1570222800.0 535.0 40 0 NA NA NA NA NA NA NA 90 0 NA NA NA NA NA NA NA 753 132 NA NA NA NA NA NA NA 2194 390 NA NA NA NA NA NA NA
1570222800.0 536.0 42 0 NA NA NA NA NA NA NA 103 0 NA NA NA NA NA NA NA 298 147 NA NA NA NA NA NA NA 813 536 NA NA NA NA NA NA NA
1570222800.0 541.0 44 0 NA NA NA NA NA NA NA 94 0 NA NA NA NA NA NA NA 212 152 NA NA NA NA NA NA NA 631 437 NA NA NA NA NA NA NA
1570222800.0 545.0 44 0 NA NA NA NA NA NA NA 95 0 NA NA NA NA NA NA NA 274 144 NA NA NA NA NA NA NA 1237 385 NA NA NA NA NA NA NA
1570222800.0 551.0 14 37 0 NA NA NA NA NA NA 59 90 0 NA NA NA NA NA NA 1040 242 151 NA NA NA NA NA NA 6231 583 419 NA NA NA NA NA NA
1570222800.0 552.0 15 36 0 NA NA NA NA NA NA 59 90 0 NA NA NA NA NA NA 941 197 132 NA NA NA NA NA NA 1312 296 348 NA NA NA NA NA NA
1570222800.0 554.0 14 38 0 NA NA NA NA NA NA 58 90 0 NA NA NA NA NA NA 1707 232 168 NA NA NA NA NA NA 3316 521 921 NA NA NA NA NA NA
1570222800.0 555.0 14 33 0 NA NA NA NA NA NA 58 88 0 NA NA NA NA NA NA 1260 205 142 NA NA NA NA NA NA 6028 822 833 NA NA NA NA NA NA
1570222800.0 556.0 15 35 0 NA NA NA NA NA NA 58 90 0 NA NA NA NA NA NA 380 202 148 NA NA NA NA NA NA 1158 378 493 NA NA NA NA NA NA
1570222800.0 560.0 36 0 NA NA NA NA NA NA NA 83 0 NA NA NA NA NA NA NA 247 137 NA NA NA NA NA NA NA 1024 251 NA NA NA NA NA NA NA
1570222800.0 561.0 35 0 NA NA NA NA NA NA NA 83 0 NA NA NA NA NA NA NA 188 145 NA NA NA NA NA NA NA 605 502 NA NA NA NA NA NA NA
1570222800.0 562.0 16 43 0 NA NA NA NA NA NA 59 91 0 NA NA NA NA NA NA 408 246 155 NA NA NA NA NA NA 2051 999 450 NA NA NA NA NA NA
1570222800.0 6.0 NA 147 271 0 NA NA NA NA NA NA 557 664 0 NA NA NA NA NA NA 1600 2352 606 NA NA NA NA NA NA 1172 2965 844 NA NA NA NA NA
1570222800.0 7.0 65 116 170 63 0 NA NA NA NA 118 582 240 111 0 NA NA NA NA 621 535 480 213 261 NA NA NA NA 658 454 571 355 352 NA NA NA NA
1570222800.0 7.1 54 115 173 64 0 NA NA NA NA 105 583 247 109 0 NA NA NA NA 1230 550 488 343 333 NA NA NA NA 977 474 580 340 556 NA NA NA NA
1570222800.0 7.2 64 248 239 70 0 NA NA NA NA 122 675 387 119 0 NA NA NA NA 742 1657 820 410 676 NA NA NA NA 843 1497 847 450 767 NA NA NA NA
1570222800.0 7.21 60 184 216 67 0 NA NA NA NA 114 598 371 112 0 NA NA NA NA 634 641 846 209 376 NA NA NA NA 678 516 1176 308 454 NA NA NA NA
1570222800.0 7.22 56 170 200 65 0 NA NA NA NA 111 505 292 115 0 NA NA NA NA 606 545 648 211 275 NA NA NA NA 642 460 656 328 334 NA NA NA NA
1570222800.0 7.23 55 178 215 62 0 NA NA NA NA 108 597 361 114 0 NA NA NA NA 612 669 668 222 440 NA NA NA NA 645 809 779 383 591 NA NA NA NA
1570222800.0 7.3 59 227 222 67 0 NA NA NA NA 107 674 380 119 0 NA NA NA NA 1264 1523 946 516 679 NA NA NA NA 960 1456 1295 526 758 NA NA NA NA
1570222800.0 7.4 64 242 226 69 0 NA NA NA NA 118 675 391 116 0 NA NA NA NA 667 1739 809 345 675 NA NA NA NA 708 1585 853 503 741 NA NA NA NA
1570222800.0 8.0 NA 125 176 50 0 NA NA NA NA NA 554 252 92 0 NA NA NA NA NA 1645 774 142 254 NA NA NA NA NA 781 1049 197 365 NA NA NA NA
1570222800.0 8.1 69 253 242 55 0 NA NA NA NA 123 675 389 97 0 NA NA NA NA 640 1948 788 355 677 NA NA NA NA 714 1529 830 737 786 NA NA NA NA
1570222800.0 8.2 57 174 219 50 0 NA NA NA NA 106 598 356 97 0 NA NA NA NA 592 659 633 140 379 NA NA NA NA 594 569 721 199 439 NA NA NA NA
1570222800.0 9.0 NA 131 303 0 NA NA NA NA NA NA 602 626 0 NA NA NA NA NA NA 2454 4531 600 NA NA NA NA NA NA 1762 2731 737 NA NA NA NA NA
