Timestamp WorkflowId PeakValueRss1 PeakValueRss2 PeakValueRss3 PeakValueRss4 PeakValueRss5 PeakValueRss6 PeakValueRss7 PeakValueRss8 PeakValueRss9 PeakValueVsize1 PeakValueVsize2 PeakValueVsize3 PeakValueVsize4 PeakValueVsize5 PeakValueVsize6 PeakValueVsize7 PeakValueVsize8 PeakValueVsize9 TotalJobCPU1 TotalJobCPU2 TotalJobCPU3 TotalJobCPU4 TotalJobCPU5 TotalJobCPU6 TotalJobCPU7 TotalJobCPU8 TotalJobCPU9 TotalJobTime1 TotalJobTime2 TotalJobTime3 TotalJobTime4 TotalJobTime5 TotalJobTime6 TotalJobTime7 TotalJobTime8 TotalJobTime9 
1741989600.0 1.0 146 190 260 NA NA NA NA NA NA 239 261 478 NA NA NA NA NA NA 894 452 757 NA NA NA NA NA NA 558 490 854 NA NA NA NA NA NA 
1741989600.0 10.0 NA 225 470 0 NA NA NA NA NA NA 335 651 0 NA NA NA NA NA NA 1169 2503 333 NA NA NA NA NA NA 558 1501 378 NA NA NA NA NA 
1741989600.0 1000.0 NA 418 262 0 104 NA NA NA NA NA 562 382 0 170 NA NA NA NA NA 1895 737 235 204 NA NA NA NA NA 1337 823 275 203 NA NA NA NA 
1741989600.0 10001.0 NA 327 532 0 147 178 NA NA NA NA 463 769 0 215 271 NA NA NA NA 1310 1399 323 252 381 NA NA NA NA 616 1333 347 276 412 NA NA NA 
1741989600.0 10002.0 NA 313 537 0 147 178 NA NA NA NA 462 771 0 216 271 NA NA NA NA 1321 1436 319 246 366 NA NA NA NA 627 1360 338 268 384 NA NA NA 
1741989600.0 10003.0 NA 315 545 0 148 179 NA NA NA NA 451 754 0 220 281 NA NA NA NA 1320 1441 328 245 363 NA NA NA NA 651 1295 352 265 382 NA NA NA 
1741989600.0 10004.0 NA 327 533 0 148 178 NA NA NA NA 449 739 0 219 267 NA NA NA NA 1304 1400 316 243 373 NA NA NA NA 609 1365 336 266 388 NA NA NA 
1741989600.0 10005.0 NA 320 535 0 148 177 NA NA NA NA 443 739 0 219 268 NA NA NA NA 1313 1372 324 242 370 NA NA NA NA 621 1341 350 265 386 NA NA NA 
1741989600.0 10006.0 NA 313 529 0 147 176 NA NA NA NA 443 777 0 222 273 NA NA NA NA 1312 1366 319 246 383 NA NA NA NA 605 1333 335 266 477 NA NA NA 
1741989600.0 10007.0 NA 316 536 0 176 179 NA NA NA NA 452 739 0 295 271 NA NA NA NA 1314 1402 328 252 388 NA NA NA NA 614 1348 344 271 413 NA NA NA 
1741989600.0 10008.0 NA 315 538 0 176 180 NA NA NA NA 465 776 0 302 266 NA NA NA NA 1328 1390 325 256 381 NA NA NA NA 725 1279 365 276 390 NA NA NA 
1741989600.0 10009.0 NA 333 539 0 176 181 NA NA NA NA 446 777 0 300 268 NA NA NA NA 1315 1427 324 252 376 NA NA NA NA 611 1300 343 271 390 NA NA NA 
1741989600.0 1001.0 NA 347 185 0 0 0 0 0 0 NA 530 273 0 0 0 0 0 0 NA 1691 311 57 42 59 163 77 162 NA 1120 452 80 68 80 177 87 172 
1741989600.0 1001.2 NA 599 230 0 0 0 0 NA NA NA 815 363 0 0 0 0 NA NA NA 7528 620 71 69 79 94 NA NA NA 2773 379 81 95 91 107 NA NA 
1741989600.0 1001.3 NA 565 206 0 NA NA NA NA NA NA 799 327 0 NA NA NA NA NA NA 6551 327 163 NA NA NA NA NA NA 2736 325 196 NA NA NA NA NA 
1741989600.0 1001.4 NA 562 176 0 0 0 NA NA NA NA 780 292 0 0 0 NA NA NA NA 6526 277 79 79 78 NA NA NA NA 2675 335 90 91 91 NA NA NA 
1741989600.0 1002.0 NA 382 108 NA NA NA NA NA NA NA 575 181 NA NA NA NA NA NA NA 2191 194 NA NA NA NA NA NA NA 1599 170 NA NA NA NA NA NA 
1741989600.0 1002.3 NA 562 228 0 NA NA NA NA NA NA 797 359 0 NA NA NA NA NA NA 5057 501 175 NA NA NA NA NA NA 2332 393 241 NA NA NA NA NA 
1741989600.0 1002.4 NA 559 0 NA NA NA NA NA NA NA 787 0 NA NA NA NA NA NA NA 7740 301 NA NA NA NA NA NA NA 3047 313 NA NA NA NA NA NA 
1741989600.0 1002.5 NA 119 117 0 0 NA NA NA NA NA 207 195 0 0 NA NA NA NA NA 241 240 209 121 NA NA NA NA NA 335 313 260 189 NA NA NA NA 
1741989600.0 10023.0 NA 315 532 0 146 178 NA NA NA NA 470 771 0 218 268 NA NA NA NA 1312 1410 333 249 371 NA NA NA NA 633 1334 355 269 390 NA NA NA 
1741989600.0 10024.0 NA 334 571 0 178 180 NA NA NA NA 458 809 0 300 271 NA NA NA NA 1330 1561 352 243 378 NA NA NA NA 619 1327 368 261 438 NA NA NA 
1741989600.0 10024.1 NA 334 315 0 NA NA NA NA NA NA 459 512 0 NA NA NA NA NA NA 1381 840 404 NA NA NA NA NA NA 738 851 461 NA NA NA NA NA 
1741989600.0 10024.2 NA 337 575 0 NA NA NA NA NA NA 468 781 0 NA NA NA NA NA NA 1322 1556 348 NA NA NA NA NA NA 598 1350 365 NA NA NA NA NA 
1741989600.0 10024.3 NA 334 290 0 NA NA NA NA NA NA 463 438 0 NA NA NA NA NA NA 1374 781 321 NA NA NA NA NA NA 720 822 365 NA NA NA NA NA 
1741989600.0 10024.4 NA 333 559 0 NA NA NA NA NA NA 470 791 0 NA NA NA NA NA NA 1342 1539 336 NA NA NA NA NA NA 628 1354 356 NA NA NA NA NA 
1741989600.0 10025.0 NA 317 546 0 148 179 NA NA NA NA 463 763 0 221 269 NA NA NA NA 1324 1438 345 244 381 NA NA NA NA 638 1359 363 265 392 NA NA NA 
1741989600.0 10026.0 NA 340 558 0 151 180 NA NA NA NA 463 816 0 218 273 NA NA NA NA 1337 1793 352 251 371 NA NA NA NA 620 1422 372 315 386 NA NA NA 
1741989600.0 1003.0 NA 382 0 NA NA NA NA NA NA NA 679 0 NA NA NA NA NA NA NA 2296 233 NA NA NA NA NA NA NA 1492 271 NA NA NA NA NA NA 
1741989600.0 10042.0 NA 331 542 0 180 180 NA NA NA NA 468 774 0 294 267 NA NA NA NA 1318 1473 355 259 373 NA NA NA NA 619 1389 372 282 387 NA NA NA 
1741989600.0 1005.0 NA 203 146 0 0 NA NA NA NA NA 389 247 0 0 NA NA NA NA NA 411 221 60 84 NA NA NA NA NA 473 270 77 144 NA NA NA NA 
1741989600.0 10059.0 NA 329 620 0 152 181 NA NA NA NA 473 776 0 227 274 NA NA NA NA 1343 2113 362 241 377 NA NA NA NA 653 1823 398 264 394 NA NA NA 
1741989600.0 10071.0 NA 323 549 0 150 180 NA NA NA NA 456 792 0 229 275 NA NA NA NA 1329 1608 366 243 374 NA NA NA NA 618 1439 384 261 377 NA NA NA 
1741989600.0 101.0 166 NA NA NA NA NA NA NA NA 312 NA NA NA NA NA NA NA NA 529 NA NA NA NA NA NA NA NA 457 NA NA NA NA NA NA NA NA 
1741989600.0 1010.0 NA 72 89 0 NA NA NA NA NA NA 162 163 0 NA NA NA NA NA NA 172 177 121 NA NA NA NA NA NA 281 226 150 NA NA NA NA NA 
1741989600.0 102.0 140 NA NA NA NA NA NA NA NA 294 NA NA NA NA NA NA NA NA 488 NA NA NA NA NA NA NA NA 428 NA NA NA NA NA NA NA NA 
1741989600.0 1020.0 NA 81 68 0 80 NA NA NA NA NA 173 142 0 176 NA NA NA NA NA 153 149 45 145 NA NA NA NA NA 218 197 66 200 NA NA NA NA 
1741989600.0 10224.0 NA 511 780 0 181 NA NA NA NA NA 726 1077 0 274 NA NA NA NA NA 2476 2689 399 420 NA NA NA NA NA 1142 1880 417 465 NA NA NA NA 
1741989600.0 10224.15 NA 514 765 0 206 NA NA NA NA NA 742 1077 0 313 NA NA NA NA NA 2411 2720 386 567 NA NA NA NA NA 1047 1898 416 469 NA NA NA NA 
1741989600.0 10225.0 NA 499 763 0 180 NA NA NA NA NA 720 1096 0 276 NA NA NA NA NA 2454 2436 378 417 NA NA NA NA NA 1146 2106 402 499 NA NA NA NA 
1741989600.0 103.0 104 182 399 NA NA NA NA NA NA 188 271 606 NA NA NA NA NA NA 391 360 1275 NA NA NA NA NA NA 419 397 1361 NA NA NA NA NA NA 
1741989600.0 1030.0 NA 272 83 0 0 NA NA NA NA NA 471 152 0 0 NA NA NA NA NA 3713 174 43 43 NA NA NA NA NA 1377 208 63 62 NA NA NA NA 
1741989600.0 1040.0 NA 547 74 0 NA NA NA NA NA NA 763 135 0 NA NA NA NA NA NA 6502 110 68 NA NA NA NA NA NA 2269 120 79 NA NA NA NA NA 
1741989600.0 1040.1 NA 119 70 0 NA NA NA NA NA NA 213 132 0 NA NA NA NA NA NA 298 129 97 NA NA NA NA NA NA 418 156 136 NA NA NA NA NA 
1741989600.0 1041.0 NA 118 76 0 NA NA NA NA NA NA 211 144 0 NA NA NA NA NA NA 222 144 67 NA NA NA NA NA NA 283 177 99 NA NA NA NA NA 
1741989600.0 1042.0 NA 113 72 0 NA NA NA NA NA NA 214 138 0 NA NA NA NA NA NA 399 145 46 NA NA NA NA NA NA 556 178 62 NA NA NA NA NA 
1741989600.0 10424.0 NA 278 540 0 NA NA NA NA NA NA 425 745 0 NA NA NA NA NA NA 472 1560 371 NA NA NA NA NA NA 442 1496 454 NA NA NA NA NA 
1741989600.0 1046.0 NA 88 72 0 NA NA NA NA NA NA 177 144 0 NA NA NA NA NA NA 226 168 62 NA NA NA NA NA NA 263 219 94 NA NA NA NA NA 
1741989600.0 1047.0 NA 88 93 0 NA NA NA NA NA NA 181 165 0 NA NA NA NA NA NA 201 187 67 NA NA NA NA NA NA 238 203 99 NA NA NA NA NA 
1741989600.0 1048.0 NA 87 81 0 NA NA NA NA NA NA 180 150 0 NA NA NA NA NA NA 233 162 42 NA NA NA NA NA NA 268 174 58 NA NA NA NA NA 
1741989600.0 1049.0 NA 93 0 NA NA NA NA NA NA NA 190 0 NA NA NA NA NA NA NA 890 138 NA NA NA NA NA NA NA 933 181 NA NA NA NA NA NA 
1741989600.0 105.0 147 192 106 NA NA NA NA NA NA 234 275 169 NA NA NA NA NA NA 831 435 329 NA NA NA NA NA NA 499 456 353 NA NA NA NA NA NA 
1741989600.0 1052.0 NA 207 145 0 NA NA NA NA NA NA 385 246 0 NA NA NA NA NA NA 397 213 43 NA NA NA NA NA NA 421 256 59 NA NA NA NA NA 
1741989600.0 1052.1 NA 134 0 NA NA NA NA NA NA NA 253 0 NA NA NA NA NA NA NA 187 46 NA NA NA NA NA NA NA 214 61 NA NA NA NA NA NA 
1741989600.0 106.0 105 0 0 NA NA NA NA NA NA 173 0 0 NA NA NA NA NA NA 342 309 1278 NA NA NA NA NA NA 366 366 1383 NA NA NA NA NA NA 
1741989600.0 107.0 154 198 417 NA NA NA NA NA NA 251 287 608 NA NA NA NA NA NA 1301 422 1375 NA NA NA NA NA NA 595 361 1299 NA NA NA NA NA NA 
1741989600.0 108.0 156 199 449 NA NA NA NA NA NA 247 275 600 NA NA NA NA NA NA 1297 422 1417 NA NA NA NA NA NA 600 370 1231 NA NA NA NA NA NA 
1741989600.0 10801.0 NA 305 532 0 148 181 NA NA NA NA 462 741 0 230 279 NA NA NA NA 1276 1398 321 244 405 NA NA NA NA 612 1324 336 261 511 NA NA NA 
1741989600.0 10802.0 NA 305 534 0 147 182 NA NA NA NA 438 765 0 215 278 NA NA NA NA 1269 1442 321 244 402 NA NA NA NA 591 1426 336 275 496 NA NA NA 
1741989600.0 10803.0 NA 309 539 0 147 183 NA NA NA NA 444 806 0 218 278 NA NA NA NA 1281 1451 324 251 378 NA NA NA NA 609 1421 342 274 402 NA NA NA 
1741989600.0 10804.0 NA 312 531 0 148 181 NA NA NA NA 441 741 0 221 268 NA NA NA NA 1289 1382 317 245 391 NA NA NA NA 653 1283 334 266 413 NA NA NA 
1741989600.0 10804.31 NA 305 0 NA NA NA NA NA NA NA 451 0 NA NA NA NA NA NA NA 1300 1097 NA NA NA NA NA NA NA 655 1312 NA NA NA NA NA NA 
1741989600.0 10805.0 NA 326 530 0 147 180 NA NA NA NA 449 757 0 223 276 NA NA NA NA 1274 1383 333 250 400 NA NA NA NA 613 1291 348 288 487 NA NA NA 
1741989600.0 10805.31 NA 311 0 NA NA NA NA NA NA NA 430 0 NA NA NA NA NA NA NA 1307 1106 NA NA NA NA NA NA NA 690 1172 NA NA NA NA NA NA 
1741989600.0 10806.0 NA 305 529 0 146 180 NA NA NA NA 436 733 0 222 273 NA NA NA NA 1277 1370 320 244 374 NA NA NA NA 605 1422 340 268 398 NA NA NA 
1741989600.0 10807.0 NA 320 538 0 176 181 NA NA NA NA 452 750 0 299 281 NA NA NA NA 1283 1433 323 254 401 NA NA NA NA 648 1400 337 295 479 NA NA NA 
1741989600.0 10808.0 NA 308 537 0 174 183 NA NA NA NA 454 780 0 295 276 NA NA NA NA 1279 1430 325 250 371 NA NA NA NA 610 1318 347 274 386 NA NA NA 
1741989600.0 10809.0 NA 307 537 0 176 182 NA NA NA NA 444 744 0 310 274 NA NA NA NA 1308 1433 320 257 406 NA NA NA NA 659 1286 335 290 519 NA NA NA 
1741989600.0 10823.0 NA 306 547 0 147 179 NA NA NA NA 451 745 0 218 278 NA NA NA NA 1285 1387 330 244 375 NA NA NA NA 640 1308 348 275 396 NA NA NA 
1741989600.0 10824.0 NA 322 552 0 177 183 NA NA NA NA 447 752 0 296 281 NA NA NA NA 1305 1526 352 263 374 NA NA NA NA 606 1323 374 801 427 NA NA NA 
1741989600.0 10824.1 NA 324 313 0 NA NA NA NA NA NA 467 490 0 NA NA NA NA NA NA 1340 826 397 NA NA NA NA NA NA 702 846 449 NA NA NA NA NA 
1741989600.0 10824.6 NA 331 548 0 176 183 NA NA NA NA 455 806 0 299 286 NA NA NA NA 1316 1552 358 253 387 NA NA NA NA 622 1388 384 269 406 NA NA NA 
1741989600.0 10824.8 NA 316 552 0 178 184 NA NA NA NA 451 792 0 300 269 NA NA NA NA 1296 1555 345 245 374 NA NA NA NA 602 1363 364 266 402 NA NA NA 
1741989600.0 10825.0 NA 311 539 0 148 183 NA NA NA NA 451 741 0 220 277 NA NA NA NA 1291 1431 354 248 380 NA NA NA NA 630 1325 379 269 393 NA NA NA 
1741989600.0 10826.0 NA 330 615 0 150 185 NA NA NA NA 463 800 0 225 268 NA NA NA NA 1300 1674 354 237 385 NA NA NA NA 607 1349 374 259 445 NA NA NA 
1741989600.0 10842.0 NA 312 541 0 179 183 NA NA NA NA 443 778 0 302 274 NA NA NA NA 1303 1481 355 257 386 NA NA NA NA 620 1350 372 287 402 NA NA NA 
1741989600.0 10859.0 NA 324 565 0 151 185 NA NA NA NA 475 779 0 223 271 NA NA NA NA 1349 2554 387 259 415 NA NA NA NA 667 1823 431 329 468 NA NA NA 
1741989600.0 10871.0 NA 317 552 0 150 184 NA NA NA NA 457 792 0 215 281 NA NA NA NA 1312 1595 365 244 396 NA NA NA NA 616 1318 381 262 408 NA NA NA 
1741989600.0 109.0 128 197 414 NA NA NA NA NA NA 243 275 611 NA NA NA NA NA NA 1384 412 1412 NA NA NA NA NA NA 671 350 1291 NA NA NA NA NA NA 
1741989600.0 11.0 NA 209 395 0 122 NA NA NA NA NA 331 543 0 189 NA NA NA NA NA 1022 1462 334 210 NA NA NA NA NA 520 1139 344 245 NA NA NA NA 
1741989600.0 110.0 103 192 399 NA NA NA NA NA NA 190 264 586 NA NA NA NA NA NA 349 401 1329 NA NA NA NA NA NA 374 360 1387 NA NA NA NA NA NA 
1741989600.0 1102.0 NA 227 445 256 197 NA NA NA NA NA 348 623 371 247 NA NA NA NA NA 1253 3198 1141 326 NA NA NA NA NA 591 1699 564 347 NA NA NA NA 
1741989600.0 11024.0 NA 600 867 0 185 NA NA NA NA NA 844 1199 0 281 NA NA NA NA NA 3108 3222 392 398 NA NA NA NA NA 1351 1982 463 531 NA NA NA NA 
1741989600.0 11024.15 NA 552 941 0 209 NA NA NA NA NA 809 1293 0 314 NA NA NA NA NA 3022 3234 388 618 NA NA NA NA NA 1304 1973 415 556 NA NA NA NA 
1741989600.0 11024.2 NA 601 887 0 178 NA NA NA NA NA 864 1282 0 272 NA NA NA NA NA 3059 3514 388 314 NA NA NA NA NA 1521 2091 458 382 NA NA NA NA 
1741989600.0 11024.6 NA 574 841 0 184 NA NA NA NA NA 825 1324 0 279 NA NA NA NA NA 3109 3314 395 430 NA NA NA NA NA 1354 2148 433 515 NA NA NA NA 
1741989600.0 11025.0 NA 546 864 0 183 NA NA NA NA NA 854 1209 0 284 NA NA NA NA NA 3166 3224 384 425 NA NA NA NA NA 1339 2144 408 462 NA NA NA NA 
1741989600.0 111.0 108 186 395 NA NA NA NA NA NA 204 262 570 NA NA NA NA NA NA 429 339 1273 NA NA NA NA NA NA 418 340 1399 NA NA NA NA NA NA 
1741989600.0 112.0 128 194 402 NA NA NA NA NA NA 247 274 596 NA NA NA NA NA NA 911 415 1294 NA NA NA NA NA NA 475 366 1244 NA NA NA NA NA NA 
1741989600.0 11224.0 NA 275 544 0 NA NA NA NA NA NA 401 793 0 NA NA NA NA NA NA 474 1632 387 NA NA NA NA NA NA 521 1513 423 NA NA NA NA NA 
1741989600.0 11224.6 NA 279 544 0 NA NA NA NA NA NA 417 759 0 NA NA NA NA NA NA 463 1616 391 NA NA NA NA NA NA 398 1494 431 NA NA NA NA NA 
1741989600.0 113.0 184 196 405 NA NA NA NA NA NA 248 289 582 NA NA NA NA NA NA 1027 415 1346 NA NA NA NA NA NA 482 361 1263 NA NA NA NA NA NA 
1741989600.0 114.0 159 197 407 NA NA NA NA NA NA 249 289 599 NA NA NA NA NA NA 1008 415 1363 NA NA NA NA NA NA 459 356 1257 NA NA NA NA NA NA 
1741989600.0 115.0 131 196 409 NA NA NA NA NA NA 248 283 574 NA NA NA NA NA NA 1137 421 1378 NA NA NA NA NA NA 533 369 1258 NA NA NA NA NA NA 
1741989600.0 116.0 158 197 412 NA NA NA NA NA NA 244 275 578 NA NA NA NA NA NA 1153 423 1370 NA NA NA NA NA NA 524 430 1237 NA NA NA NA NA NA 
1741989600.0 11601.0 NA 315 572 0 150 NA NA NA NA NA 451 818 0 229 NA NA NA NA NA 1222 1533 340 246 NA NA NA NA NA 551 1404 579 306 NA NA NA NA 
1741989600.0 11602.0 NA 314 576 0 149 NA NA NA NA NA 452 867 0 222 NA NA NA NA NA 1213 1533 338 252 NA NA NA NA NA 545 1494 543 336 NA NA NA NA 
1741989600.0 11603.0 NA 320 575 0 149 NA NA NA NA NA 451 824 0 217 NA NA NA NA NA 1233 1565 343 252 NA NA NA NA NA 559 1552 397 329 NA NA NA NA 
1741989600.0 11604.0 NA 315 573 0 149 NA NA NA NA NA 478 819 0 218 NA NA NA NA NA 1221 1487 336 248 NA NA NA NA NA 568 1372 346 311 NA NA NA NA 
1741989600.0 11605.0 NA 315 573 0 149 NA NA NA NA NA 467 819 0 227 NA NA NA NA NA 1216 1518 334 257 NA NA NA NA NA 555 1543 349 273 NA NA NA NA 
1741989600.0 11606.0 NA 318 574 0 148 NA NA NA NA NA 456 806 0 231 NA NA NA NA NA 1236 1504 339 253 NA NA NA NA NA 570 1522 377 323 NA NA NA NA 
1741989600.0 11607.0 NA 317 576 0 179 NA NA NA NA NA 459 807 0 292 NA NA NA NA NA 1224 1532 338 254 NA NA NA NA NA 554 1598 429 335 NA NA NA NA 
1741989600.0 11608.0 NA 317 632 0 179 NA NA NA NA NA 477 823 0 301 NA NA NA NA NA 1232 1526 345 258 NA NA NA NA NA 570 1395 524 330 NA NA NA NA 
1741989600.0 11609.0 NA 316 581 0 179 NA NA NA NA NA 456 842 0 296 NA NA NA NA NA 1244 1587 346 254 NA NA NA NA NA 621 1535 552 334 NA NA NA NA 
1741989600.0 11630.0 NA 344 604 0 154 NA NA NA NA NA 475 854 0 229 NA NA NA NA NA 1308 2107 374 252 NA NA NA NA NA 574 1544 406 343 NA NA NA NA 
1741989600.0 11634.0 NA 327 608 0 182 NA NA NA NA NA 477 871 0 304 NA NA NA NA NA 1255 1713 371 259 NA NA NA NA NA 564 1500 403 304 NA NA NA NA 
1741989600.0 11634.1 NA 332 318 0 NA NA NA NA NA NA 474 469 0 NA NA NA NA NA NA 1263 808 391 NA NA NA NA NA NA 592 805 479 NA NA NA NA NA 
1741989600.0 11634.15 NA 328 615 0 182 NA NA NA NA NA 467 858 0 302 NA NA NA NA NA 1263 1989 368 256 NA NA NA NA NA 595 2014 411 310 NA NA NA NA 
1741989600.0 11634.24 NA 273 530 0 138 NA NA NA NA NA 400 785 0 216 NA NA NA NA NA 546 1470 323 225 NA NA NA NA NA 531 1487 347 238 NA NA NA NA 
1741989600.0 11634.5 NA 333 173 0 NA NA NA NA NA NA 477 331 0 NA NA NA NA NA NA 1258 577 157 NA NA NA NA NA NA 582 629 183 NA NA NA NA NA 
1741989600.0 11634.601 NA 302 118 603 0 NA NA NA NA NA 441 183 853 0 NA NA NA NA NA 1078 265 1696 379 NA NA NA NA NA 410 269 1448 446 NA NA NA NA 
1741989600.0 11634.7 NA 332 621 0 NA NA NA NA NA NA 477 830 0 NA NA NA NA NA NA 1246 1685 372 NA NA NA NA NA NA 559 1412 383 NA NA NA NA NA 
1741989600.0 11634.91 NA 329 619 0 183 NA NA NA NA NA 489 860 0 305 NA NA NA NA NA 1265 1726 369 260 NA NA NA NA NA 754 1448 406 344 NA NA NA NA 
1741989600.0 11634.914 125 345 593 0 181 NA NA NA NA 200 440 841 0 302 NA NA NA NA 1484 1247 1704 384 274 NA NA NA NA 685 574 1566 403 394 NA NA NA NA 
1741989600.0 11640.0 NA 316 603 0 150 NA NA NA NA NA 462 805 0 228 NA NA NA NA NA 1237 1534 358 249 NA NA NA NA NA 580 1421 477 326 NA NA NA NA 
1741989600.0 11643.0 NA 329 604 0 153 NA NA NA NA NA 481 856 0 226 NA NA NA NA NA 1254 1900 388 254 NA NA NA NA NA 556 1564 450 298 NA NA NA NA 
1741989600.0 11646.0 NA 322 619 0 151 NA NA NA NA NA 461 831 0 220 NA NA NA NA NA 1238 1570 364 255 NA NA NA NA NA 550 1360 413 334 NA NA NA NA 
1741989600.0 11650.0 NA 325 587 0 183 NA NA NA NA NA 478 862 0 306 NA NA NA NA NA 1251 1609 381 266 NA NA NA NA NA 575 1540 423 338 NA NA NA NA 
1741989600.0 117.0 132 199 413 NA NA NA NA NA NA 249 279 602 NA NA NA NA NA NA 1220 419 1428 NA NA NA NA NA NA 554 360 1280 NA NA NA NA NA NA 
1741989600.0 11723.17 NA 330 602 0 NA NA NA NA NA NA 462 872 0 NA NA NA NA NA NA 1266 1994 379 NA NA NA NA NA NA 569 1634 403 NA NA NA NA NA 
1741989600.0 118.0 184 199 418 NA NA NA NA NA NA 253 279 598 NA NA NA NA NA NA 1372 413 1469 NA NA NA NA NA NA 584 352 1297 NA NA NA NA NA NA 
1741989600.0 11834.0 NA 652 1033 0 NA NA NA NA NA NA 969 1493 0 NA NA NA NA NA NA 3562 4198 387 NA NA NA NA NA NA 1494 2209 403 NA NA NA NA NA 
1741989600.0 11834.13 NA 784 1128 0 NA NA NA NA NA NA 969 1623 0 NA NA NA NA NA NA 3448 4868 399 NA NA NA NA NA NA 1481 2428 438 NA NA NA NA NA 
1741989600.0 11834.19 NA 673 1232 0 NA NA NA NA NA NA 982 1503 0 NA NA NA NA NA NA 3516 4552 406 NA NA NA NA NA NA 1467 2406 423 NA NA NA NA NA 
1741989600.0 11834.21 NA 523 401 238 175 NA NA NA NA NA 784 550 342 272 NA NA NA NA NA 3148 1642 493 266 NA NA NA NA NA 1305 682 389 262 NA NA NA NA 
1741989600.0 11834.24 NA 259 553 0 NA NA NA NA NA NA 408 778 0 NA NA NA NA NA NA 571 1530 343 NA NA NA NA NA NA 627 1659 363 NA NA NA NA NA 
1741989600.0 11834.99 NA 513 783 824 0 NA NA NA NA NA 807 1040 1175 0 NA NA NA NA NA 3050 1748 4281 403 NA NA NA NA NA 1489 757 2134 425 NA NA NA NA 
1741989600.0 11846.0 NA 702 1039 0 NA NA NA NA NA NA 1001 1406 0 NA NA NA NA NA NA 3569 4355 387 NA NA NA NA NA NA 1534 2456 416 NA NA NA NA NA 
1741989600.0 11846.19 NA 723 1036 0 NA NA NA NA NA NA 969 1488 0 NA NA NA NA NA NA 3434 4396 381 NA NA NA NA NA NA 1346 2403 393 NA NA NA NA NA 
1741989600.0 119.0 122 193 405 NA NA NA NA NA NA 240 283 601 NA NA NA NA NA NA 783 413 1382 NA NA NA NA NA NA 491 396 1361 NA NA NA NA NA NA 
1741989600.0 12.0 NA 224 435 0 NA NA NA NA NA NA 347 654 0 NA NA NA NA NA NA 1135 2611 387 NA NA NA NA NA NA 761 1533 504 NA NA NA NA NA 
1741989600.0 120.0 101 192 395 NA NA NA NA NA NA 201 277 578 NA NA NA NA NA NA 311 417 1300 NA NA NA NA NA NA 347 608 1397 NA NA NA NA NA NA 
1741989600.0 12034.0 NA 293 585 0 NA NA NA NA NA NA 429 848 0 NA NA NA NA NA NA 489 1706 390 NA NA NA NA NA NA 400 1609 533 NA NA NA NA NA 
1741989600.0 121.0 132 201 420 NA NA NA NA NA NA 244 279 602 NA NA NA NA NA NA 1587 441 1463 NA NA NA NA NA NA 676 385 1266 NA NA NA NA NA NA 
1741989600.0 122.0 106 185 393 NA NA NA NA NA NA 204 259 599 NA NA NA NA NA NA 375 336 1282 NA NA NA NA NA NA 357 331 1325 NA NA NA NA NA NA 
1741989600.0 123.1 357 NA NA NA NA NA NA NA NA 518 NA NA NA NA NA NA NA NA 725 NA NA NA NA NA NA NA NA 733 NA NA NA NA NA NA NA NA 
1741989600.0 123.2 384 NA NA NA NA NA NA NA NA 523 NA NA NA NA NA NA NA NA 793 NA NA NA NA NA NA NA NA 763 NA NA NA NA NA NA NA NA 
1741989600.0 123.3 281 NA NA NA NA NA NA NA NA 434 NA NA NA NA NA NA NA NA 625 NA NA NA NA NA NA NA NA 626 NA NA NA NA NA NA NA NA 
1741989600.0 124.1 335 NA NA NA NA NA NA NA NA 506 NA NA NA NA NA NA NA NA 619 NA NA NA NA NA NA NA NA 617 NA NA NA NA NA NA NA NA 
1741989600.0 124.2 350 NA NA NA NA NA NA NA NA 528 NA NA NA NA NA NA NA NA 681 NA NA NA NA NA NA NA NA 638 NA NA NA NA NA NA NA NA 
1741989600.0 124.4 379 NA NA NA NA NA NA NA NA 477 NA NA NA NA NA NA NA NA 610 NA NA NA NA NA NA NA NA 605 NA NA NA NA NA NA NA NA 
1741989600.0 124.5 380 NA NA NA NA NA NA NA NA 503 NA NA NA NA NA NA NA NA 614 NA NA NA NA NA NA NA NA 595 NA NA NA NA NA NA NA NA 
1741989600.0 124.6 314 NA NA NA NA NA NA NA NA 426 NA NA NA NA NA NA NA NA 611 NA NA NA NA NA NA NA NA 629 NA NA NA NA NA NA NA NA 
1741989600.0 12434.0 NA 328 650 0 183 NA NA NA NA NA 461 860 0 314 NA NA NA NA NA 1620 1712 375 261 NA NA NA NA NA 652 1460 423 352 NA NA NA NA 
1741989600.0 12434.511 NA 333 152 0 NA NA NA NA NA NA 466 240 0 NA NA NA NA NA NA 1629 520 130 NA NA NA NA NA NA 668 617 158 NA NA NA NA NA 
1741989600.0 12434.521 NA 331 147 0 NA NA NA NA NA NA 468 221 0 NA NA NA NA NA NA 1632 513 134 NA NA NA NA NA NA 667 569 158 NA NA NA NA NA 
1741989600.0 12434.7 NA 346 642 0 NA NA NA NA NA NA 473 841 0 NA NA NA NA NA NA 1619 1678 386 NA NA NA NA NA NA 655 1407 451 NA NA NA NA NA 
1741989600.0 12446.0 NA 319 586 0 151 NA NA NA NA NA 480 867 0 225 NA NA NA NA NA 1622 1578 396 255 NA NA NA NA NA 673 1460 554 289 NA NA NA NA 
1741989600.0 12461.0 NA 325 569 0 146 NA NA NA NA NA 465 827 0 216 NA NA NA NA NA 1598 1512 338 246 NA NA NA NA NA 667 1551 373 291 NA NA NA NA 
1741989600.0 125.0 132 198 407 NA NA NA NA NA NA 249 277 594 NA NA NA NA NA NA 1214 413 1362 NA NA NA NA NA NA 558 355 1240 NA NA NA NA NA NA 
1741989600.0 126.0 105 193 400 NA NA NA NA NA NA 182 279 589 NA NA NA NA NA NA 608 403 1352 NA NA NA NA NA NA 505 363 1354 NA NA NA NA NA NA 
1741989600.0 12634.0 NA 735 1082 0 NA NA NA NA NA NA 957 1509 0 NA NA NA NA NA NA 3982 4538 402 NA NA NA NA NA NA 1599 2328 435 NA NA NA NA NA 
1741989600.0 12634.21 NA 535 378 235 175 NA NA NA NA NA 784 553 339 267 NA NA NA NA NA 3417 1461 487 259 NA NA NA NA NA 1400 631 386 262 NA NA NA NA 
1741989600.0 12634.99 NA 535 692 802 0 NA NA NA NA NA 830 992 1188 0 NA NA NA NA NA 3081 2117 4162 403 NA NA NA NA NA 1507 832 2060 443 NA NA NA NA 
1741989600.0 127.0 104 191 400 NA NA NA NA NA NA 183 267 610 NA NA NA NA NA NA 448 409 1336 NA NA NA NA NA NA 414 553 1376 NA NA NA NA NA NA 
1741989600.0 128.0 101 191 395 NA NA NA NA NA NA 173 267 590 NA NA NA NA NA NA 300 416 1334 NA NA NA NA NA NA 320 448 1379 NA NA NA NA NA NA 
1741989600.0 12834.0 NA 320 597 0 182 NA NA NA NA NA 478 856 0 306 NA NA NA NA NA 649 1752 367 238 NA NA NA NA NA 503 1509 378 240 NA NA NA NA 
1741989600.0 12834.402 NA 320 165 0 NA NA NA NA NA NA 476 257 0 NA NA NA NA NA NA 685 547 194 NA NA NA NA NA NA 489 594 227 NA NA NA NA NA 
1741989600.0 12834.412 NA 328 154 0 NA NA NA NA NA NA 482 243 0 NA NA NA NA NA NA 654 499 122 NA NA NA NA NA NA 443 543 150 NA NA NA NA NA 
1741989600.0 12834.7 NA 319 595 0 NA NA NA NA NA NA 448 846 0 NA NA NA NA NA NA 660 1746 390 NA NA NA NA NA NA 449 1531 432 NA NA NA NA NA 
1741989600.0 12846.0 NA 314 588 0 151 NA NA NA NA NA 452 831 0 222 NA NA NA NA NA 632 1608 349 242 NA NA NA NA NA 432 1439 371 250 NA NA NA NA 
1741989600.0 12861.0 NA 310 570 0 147 NA NA NA NA NA 475 788 0 230 NA NA NA NA NA 618 1547 328 235 NA NA NA NA NA 425 1508 353 243 NA NA NA NA 
1741989600.0 129.0 102 192 395 NA NA NA NA NA NA 176 276 590 NA NA NA NA NA NA 301 409 1282 NA NA NA NA NA NA 333 388 1352 NA NA NA NA NA NA 
1741989600.0 13.0 NA 200 417 0 NA NA NA NA NA NA 318 577 0 NA NA NA NA NA NA 402 1694 302 NA NA NA NA NA NA 428 1558 398 NA NA NA NA NA 
1741989600.0 130.0 102 192 397 NA NA NA NA NA NA 194 280 562 NA NA NA NA NA NA 327 415 1320 NA NA NA NA NA NA 377 498 1422 NA NA NA NA NA NA 
1741989600.0 1301.0 138 243 283 NA NA NA NA NA NA 224 344 514 NA NA NA NA NA NA 883 437 741 NA NA NA NA NA NA 587 449 783 NA NA NA NA NA NA 
1741989600.0 1301.17 120 311 353 NA NA NA NA NA NA 193 406 559 NA NA NA NA NA NA 916 1340 808 NA NA NA NA NA NA 560 658 879 NA NA NA NA NA NA 
1741989600.0 1302.0 150 250 344 NA NA NA NA NA NA 231 340 526 NA NA NA NA NA NA 1417 468 866 NA NA NA NA NA NA 639 483 817 NA NA NA NA NA NA 
1741989600.0 1302.17 126 320 362 NA NA NA NA NA NA 198 444 559 NA NA NA NA NA NA 1578 1372 932 NA NA NA NA NA NA 703 674 912 NA NA NA NA NA NA 
1741989600.0 1302.18 133 326 293 230 176 NA NA NA NA 198 419 485 354 267 NA NA NA NA 1437 1310 479 500 298 NA NA NA NA 566 602 392 522 339 NA NA NA NA 
1741989600.0 1302.181 136 325 306 231 177 NA NA NA NA 200 421 489 343 268 NA NA NA NA 1574 1317 457 476 304 NA NA NA NA 709 619 385 424 350 NA NA NA NA 
1741989600.0 1303.0 174 249 348 NA NA NA NA NA NA 224 346 503 NA NA NA NA NA NA 2336 396 935 NA NA NA NA NA NA 1040 388 712 NA NA NA NA NA NA 
1741989600.0 1303.17 124 320 374 NA NA NA NA NA NA 210 428 565 NA NA NA NA NA NA 2445 1315 1011 NA NA NA NA NA NA 1069 612 823 NA NA NA NA NA NA 
1741989600.0 13034.0 NA 630 1087 0 NA NA NA NA NA NA 982 1483 0 NA NA NA NA NA NA 3004 4966 389 NA NA NA NA NA NA 1317 2454 413 NA NA NA NA NA 
1741989600.0 13034.21 NA 560 379 237 175 NA NA NA NA NA 784 574 343 263 NA NA NA NA NA 2607 1745 498 274 NA NA NA NA NA 1100 721 409 275 NA NA NA NA 
1741989600.0 13034.99 NA 533 686 784 0 NA NA NA NA NA 865 1001 1085 0 NA NA NA NA NA 3078 1165 3621 403 NA NA NA NA NA 1476 661 2071 435 NA NA NA NA 
1741989600.0 1304.18 115 320 286 227 175 NA NA NA NA 198 417 477 352 264 NA NA NA NA 1114 1285 428 453 293 NA NA NA NA 503 588 392 482 310 NA NA NA NA 
1741989600.0 1304.181 116 318 288 228 175 NA NA NA NA 203 417 471 353 273 NA NA NA NA 1164 1281 423 457 305 NA NA NA NA 534 585 382 471 356 NA NA NA NA 
1741989600.0 1304.182 114 316 287 226 NA NA NA NA NA 191 406 480 355 NA NA NA NA NA 1117 1291 434 459 NA NA NA NA NA 515 588 424 454 NA NA NA NA NA 
1741989600.0 1306.0 NA 244 422 0 NA NA NA NA NA NA 372 661 0 NA NA NA NA NA NA 428 1351 255 NA NA NA NA NA NA 453 1387 273 NA NA NA NA NA 
1741989600.0 1307.0 NA 248 272 90 0 NA NA NA NA NA 377 405 154 0 NA NA NA NA NA 447 662 155 169 NA NA NA NA NA 486 647 181 197 NA NA NA NA 
1741989600.0 1308.0 NA 241 277 82 0 NA NA NA NA NA 368 427 154 0 NA NA NA NA NA 431 533 176 168 NA NA NA NA NA 454 553 228 200 NA NA NA NA 
1741989600.0 1309.0 NA 255 480 0 NA NA NA NA NA NA 409 652 0 NA NA NA NA NA NA 448 1415 292 NA NA NA NA NA NA 483 1480 365 NA NA NA NA NA 
1741989600.0 131.0 105 191 400 NA NA NA NA NA NA 193 275 587 NA NA NA NA NA NA 501 400 1312 NA NA NA NA NA NA 402 356 1445 NA NA NA NA NA NA 
1741989600.0 1310.0 NA 252 449 0 NA NA NA NA NA NA 396 662 0 NA NA NA NA NA NA 445 1396 290 NA NA NA NA NA NA 441 1240 346 NA NA NA NA NA 
1741989600.0 1311.0 NA 247 448 0 122 NA NA NA NA NA 386 630 0 190 NA NA NA NA NA 430 1117 303 220 NA NA NA NA NA 484 1126 334 332 NA NA NA NA 
1741989600.0 1312.0 NA 250 470 0 NA NA NA NA NA NA 391 660 0 NA NA NA NA NA NA 451 1445 291 NA NA NA NA NA NA 532 1229 367 NA NA NA NA NA 
1741989600.0 1313.0 NA 258 484 0 NA NA NA NA NA NA 409 643 0 NA NA NA NA NA NA 409 1605 304 NA NA NA NA NA NA 445 1280 344 NA NA NA NA NA 
1741989600.0 1314.0 NA 253 472 0 NA NA NA NA NA NA 391 673 0 NA NA NA NA NA NA 441 1459 293 NA NA NA NA NA NA 502 1684 341 NA NA NA NA NA 
1741989600.0 1315.0 NA 245 460 0 NA NA NA NA NA NA 387 662 0 NA NA NA NA NA NA 427 1371 260 NA NA NA NA NA NA 479 1788 316 NA NA NA NA NA 
1741989600.0 1316.0 NA 244 463 0 NA NA NA NA NA NA 381 653 0 NA NA NA NA NA NA 429 1296 256 NA NA NA NA NA NA 469 1431 281 NA NA NA NA NA 
1741989600.0 1317.0 NA 244 459 0 171 NA NA NA NA NA 389 659 0 261 NA NA NA NA NA 421 1324 275 291 NA NA NA NA NA 456 1560 323 320 NA NA NA NA 
1741989600.0 1318.0 NA 244 459 0 169 NA NA NA NA NA 374 656 0 255 NA NA NA NA NA 418 1321 262 282 NA NA NA NA NA 381 1310 291 302 NA NA NA NA 
1741989600.0 1319.0 NA 246 459 0 NA NA NA NA NA NA 380 636 0 NA NA NA NA NA NA 423 1366 265 NA NA NA NA NA NA 464 1316 372 NA NA NA NA NA 
1741989600.0 132.0 129 198 414 NA NA NA NA NA NA 238 275 609 NA NA NA NA NA NA 1228 413 1388 NA NA NA NA NA NA 573 352 1240 NA NA NA NA NA NA 
1741989600.0 1320.0 NA 247 460 0 172 NA NA NA NA NA 384 637 0 268 NA NA NA NA NA 430 1366 278 286 NA NA NA NA NA 545 1390 306 303 NA NA NA NA 
1741989600.0 1321.0 NA 246 461 0 172 NA NA NA NA NA 390 675 0 260 NA NA NA NA NA 424 1390 273 288 NA NA NA NA NA 387 1308 299 301 NA NA NA NA 
1741989600.0 1322.0 NA 249 465 0 171 NA NA NA NA NA 385 655 0 266 NA NA NA NA NA 422 1409 258 295 NA NA NA NA NA 392 1277 285 353 NA NA NA NA 
1741989600.0 1323.0 NA 244 418 0 NA NA NA NA NA NA 385 660 0 NA NA NA NA NA NA 423 1335 254 NA NA NA NA NA NA 443 1365 280 NA NA NA NA NA 
1741989600.0 13234.0 NA 653 0 NA NA NA NA NA NA NA 888 0 NA NA NA NA NA NA NA 3485 269 NA NA NA NA NA NA NA 1708 323 NA NA NA NA NA NA 
1741989600.0 1324.0 NA 253 477 0 NA NA NA NA NA NA 400 670 0 NA NA NA NA NA NA 452 1446 298 NA NA NA NA NA NA 441 1238 393 NA NA NA NA NA 
1741989600.0 1325.0 NA 255 477 0 127 173 NA NA NA NA 403 681 0 198 263 NA NA NA NA 433 1457 286 221 303 NA NA NA NA 381 1349 303 249 324 NA NA NA 
1741989600.0 1325.1 NA 255 260 0 NA NA NA NA NA NA 396 401 0 NA NA NA NA NA NA 470 717 318 NA NA NA NA NA NA 468 746 367 NA NA NA NA NA 
1741989600.0 1325.2 NA 255 453 0 NA NA NA NA NA NA 385 683 0 NA NA NA NA NA NA 449 1451 287 NA NA NA NA NA NA 425 1348 337 NA NA NA NA NA 
1741989600.0 1325.3 NA 265 248 0 NA NA NA NA NA NA 402 405 0 NA NA NA NA NA NA 462 710 305 NA NA NA NA NA NA 458 765 358 NA NA NA NA NA 
1741989600.0 1325.4 NA 273 478 0 NA NA NA NA NA NA 397 685 0 NA NA NA NA NA NA 449 1444 295 NA NA NA NA NA NA 436 1234 383 NA NA NA NA NA 
1741989600.0 1325.9 NA 277 475 0 127 NA NA NA NA NA 414 641 0 191 NA NA NA NA NA 485 1500 313 230 NA NA NA NA NA 413 1545 328 264 NA NA NA NA 
1741989600.0 1325.91 NA 278 477 0 127 NA NA NA NA NA 423 654 0 194 NA NA NA NA NA 478 1481 288 215 NA NA NA NA NA 414 1521 314 239 NA NA NA NA 
1741989600.0 1326.0 NA 250 452 0 NA NA NA NA NA NA 397 651 0 NA NA NA NA NA NA 435 1356 277 NA NA NA NA NA NA 441 1221 304 NA NA NA NA NA 
1741989600.0 1327.0 NA 251 467 0 NA NA NA NA NA NA 391 658 0 NA NA NA NA NA NA 439 1400 286 NA NA NA NA NA NA 496 1406 372 NA NA NA NA NA 
1741989600.0 1328.0 NA 255 478 0 NA NA NA NA NA NA 400 652 0 NA NA NA NA NA NA 451 1472 286 NA NA NA NA NA NA 484 1330 328 NA NA NA NA NA 
1741989600.0 1329.0 NA 249 470 0 172 NA NA NA NA NA 377 687 0 256 NA NA NA NA NA 432 1410 303 305 NA NA NA NA NA 395 1299 319 322 NA NA NA NA 
1741989600.0 133.0 165 198 417 NA NA NA NA NA NA 249 277 607 NA NA NA NA NA NA 1589 411 1535 NA NA NA NA NA NA 677 349 1303 NA NA NA NA NA NA 
1741989600.0 1330.0 NA 252 519 0 172 NA NA NA NA NA 383 719 0 264 NA NA NA NA NA 440 1402 301 324 NA NA NA NA NA 636 1303 336 512 NA NA NA NA 
1741989600.0 1331.0 NA 250 468 0 170 NA NA NA NA NA 387 661 0 264 NA NA NA NA NA 449 1359 283 289 NA NA NA NA NA 761 1746 306 311 NA NA NA NA 
1741989600.0 1332.0 NA 250 472 0 NA NA NA NA NA NA 393 652 0 NA NA NA NA NA NA 452 1409 287 NA NA NA NA NA NA 462 1242 375 NA NA NA NA NA 
1741989600.0 1333.0 NA 248 466 0 NA NA NA NA NA NA 391 638 0 NA NA NA NA NA NA 440 1400 284 NA NA NA NA NA NA 503 1668 378 NA NA NA NA NA 
1741989600.0 1334.0 NA 253 475 0 NA NA NA NA NA NA 385 688 0 NA NA NA NA NA NA 435 1399 292 NA NA NA NA NA NA 509 1549 326 NA NA NA NA NA 
1741989600.0 1335.0 NA 249 465 0 NA NA NA NA NA NA 385 653 0 NA NA NA NA NA NA 443 1396 283 NA NA NA NA NA NA 505 1366 328 NA NA NA NA NA 
1741989600.0 1336.0 NA 233 485 0 NA NA NA NA NA NA 387 641 0 NA NA NA NA NA NA 461 2168 297 NA NA NA NA NA NA 535 1792 308 NA NA NA NA NA 
1741989600.0 1337.0 NA 267 492 0 NA NA NA NA NA NA 403 686 0 NA NA NA NA NA NA 474 1825 305 NA NA NA NA NA NA 421 1501 395 NA NA NA NA NA 
1741989600.0 1338.0 NA 254 476 0 172 NA NA NA NA NA 391 689 0 256 NA NA NA NA NA 424 1424 280 294 NA NA NA NA NA 372 1311 294 313 NA NA NA NA 
1741989600.0 1339.0 NA 259 483 0 NA NA NA NA NA NA 403 695 0 NA NA NA NA NA NA 479 1672 295 NA NA NA NA NA NA 450 1535 321 NA NA NA NA NA 
1741989600.0 134.0 NA 405 74 0 NA NA NA NA NA NA 591 139 0 NA NA NA NA NA NA 2116 117 43 NA NA NA NA NA NA 1317 145 69 NA NA NA NA NA 
1741989600.0 134.701 NA 119 456 0 NA NA NA NA NA NA 219 640 0 NA NA NA NA NA NA 312 3207 253 NA NA NA NA NA NA 337 1858 273 NA NA NA NA NA 
1741989600.0 134.702 NA 118 517 0 NA NA NA NA NA NA 216 641 0 NA NA NA NA NA NA 312 3925 253 NA NA NA NA NA NA 452 1968 313 NA NA NA NA NA 
1741989600.0 134.703 NA 122 467 0 NA NA NA NA NA NA 217 658 0 NA NA NA NA NA NA 317 3951 254 NA NA NA NA NA NA 410 2031 296 NA NA NA NA NA 
1741989600.0 134.704 NA 121 493 0 NA NA NA NA NA NA 217 666 0 NA NA NA NA NA NA 310 3734 246 NA NA NA NA NA NA 307 1899 271 NA NA NA NA NA 
1741989600.0 134.705 NA 123 468 0 NA NA NA NA NA NA 213 668 0 NA NA NA NA NA NA 319 4215 260 NA NA NA NA NA NA 508 2100 291 NA NA NA NA NA 
1741989600.0 134.706 NA 122 495 0 NA NA NA NA NA NA 221 653 0 NA NA NA NA NA NA 327 4354 277 NA NA NA NA NA NA 319 2096 327 NA NA NA NA NA 
1741989600.0 134.707 NA 121 488 0 NA NA NA NA NA NA 217 646 0 NA NA NA NA NA NA 321 3673 242 NA NA NA NA NA NA 311 1875 261 NA NA NA NA NA 
1741989600.0 134.708 NA 120 521 0 NA NA NA NA NA NA 216 657 0 NA NA NA NA NA NA 313 3758 261 NA NA NA NA NA NA 312 1963 332 NA NA NA NA NA 
1741989600.0 134.709 NA 121 727 0 NA NA NA NA NA NA 217 893 0 NA NA NA NA NA NA 322 3977 260 NA NA NA NA NA NA 383 2035 306 NA NA NA NA NA 
1741989600.0 134.71 NA 114 449 0 NA NA NA NA NA NA 211 660 0 NA NA NA NA NA NA 317 2894 258 NA NA NA NA NA NA 326 2158 300 NA NA NA NA NA 
1741989600.0 134.801 NA 120 457 0 NA NA NA NA NA NA 220 650 0 NA NA NA NA NA NA 314 3031 243 NA NA NA NA NA NA 350 1845 296 NA NA NA NA NA 
1741989600.0 134.802 NA 120 506 0 NA NA NA NA NA NA 218 685 0 NA NA NA NA NA NA 311 4568 241 NA NA NA NA NA NA 289 2163 321 NA NA NA NA NA 
1741989600.0 134.803 NA 120 474 0 NA NA NA NA NA NA 218 658 0 NA NA NA NA NA NA 321 4220 247 NA NA NA NA NA NA 521 2052 260 NA NA NA NA NA 
1741989600.0 134.804 NA 119 469 0 NA NA NA NA NA NA 213 715 0 NA NA NA NA NA NA 320 4695 240 NA NA NA NA NA NA 354 2220 319 NA NA NA NA NA 
1741989600.0 134.805 NA 121 513 0 NA NA NA NA NA NA 216 668 0 NA NA NA NA NA NA 326 4473 252 NA NA NA NA NA NA 512 2104 266 NA NA NA NA NA 
1741989600.0 134.806 NA 120 506 0 NA NA NA NA NA NA 216 671 0 NA NA NA NA NA NA 319 4869 250 NA NA NA NA NA NA 324 2215 290 NA NA NA NA NA 
1741989600.0 134.807 NA 214 541 0 NA NA NA NA NA NA 316 700 0 NA NA NA NA NA NA 573 4607 327 NA NA NA NA NA NA 512 2160 436 NA NA NA NA NA 
1741989600.0 134.808 NA 213 554 0 NA NA NA NA NA NA 332 740 0 NA NA NA NA NA NA 554 4817 288 NA NA NA NA NA NA 489 2204 407 NA NA NA NA NA 
1741989600.0 134.809 NA 120 462 0 NA NA NA NA NA NA 218 647 0 NA NA NA NA NA NA 323 4341 240 NA NA NA NA NA NA 326 2076 289 NA NA NA NA NA 
1741989600.0 134.81 NA 121 460 0 NA NA NA NA NA NA 218 696 0 NA NA NA NA NA NA 331 4288 244 NA NA NA NA NA NA 513 2128 263 NA NA NA NA NA 
1741989600.0 134.811 NA 121 517 0 NA NA NA NA NA NA 216 666 0 NA NA NA NA NA NA 312 4584 245 NA NA NA NA NA NA 287 2152 308 NA NA NA NA NA 
1741989600.0 134.812 NA 117 457 0 NA NA NA NA NA NA 210 636 0 NA NA NA NA NA NA 320 2953 250 NA NA NA NA NA NA 355 2195 292 NA NA NA NA NA 
1741989600.0 134.813 NA 264 97 0 NA NA NA NA NA NA 460 197 0 NA NA NA NA NA NA 1032 206 173 NA NA NA NA NA NA 647 263 230 NA NA NA NA NA 
1741989600.0 134.901 NA 119 448 0 NA NA NA NA NA NA 213 654 0 NA NA NA NA NA NA 317 3171 239 NA NA NA NA NA NA 353 1877 289 NA NA NA NA NA 
1741989600.0 134.902 NA 121 493 0 NA NA NA NA NA NA 223 642 0 NA NA NA NA NA NA 322 3720 237 NA NA NA NA NA NA 306 2033 257 NA NA NA NA NA 
1741989600.0 134.903 NA 121 486 0 NA NA NA NA NA NA 213 662 0 NA NA NA NA NA NA 321 3571 242 NA NA NA NA NA NA 304 2004 303 NA NA NA NA NA 
1741989600.0 134.904 NA 122 461 0 NA NA NA NA NA NA 225 669 0 NA NA NA NA NA NA 308 4303 238 NA NA NA NA NA NA 289 2065 328 NA NA NA NA NA 
1741989600.0 134.905 NA 122 492 0 NA NA NA NA NA NA 213 654 0 NA NA NA NA NA NA 314 3498 244 NA NA NA NA NA NA 300 1921 260 NA NA NA NA NA 
1741989600.0 134.906 NA 120 488 0 NA NA NA NA NA NA 218 658 0 NA NA NA NA NA NA 323 3891 256 NA NA NA NA NA NA 319 1944 272 NA NA NA NA NA 
1741989600.0 134.907 NA 212 527 0 NA NA NA NA NA NA 317 693 0 NA NA NA NA NA NA 534 3680 268 NA NA NA NA NA NA 557 2006 306 NA NA NA NA NA 
1741989600.0 134.908 NA 218 493 0 NA NA NA NA NA NA 328 734 0 NA NA NA NA NA NA 501 3839 254 NA NA NA NA NA NA 417 2024 316 NA NA NA NA NA 
1741989600.0 134.909 NA 121 492 0 NA NA NA NA NA NA 223 672 0 NA NA NA NA NA NA 323 3491 247 NA NA NA NA NA NA 309 1834 269 NA NA NA NA NA 
1741989600.0 134.91 NA 120 506 0 NA NA NA NA NA NA 220 642 0 NA NA NA NA NA NA 323 3512 246 NA NA NA NA NA NA 309 1975 263 NA NA NA NA NA 
1741989600.0 134.911 NA 121 510 0 NA NA NA NA NA NA 213 658 0 NA NA NA NA NA NA 317 3772 257 NA NA NA NA NA NA 305 2042 278 NA NA NA NA NA 
1741989600.0 134.912 NA 97 448 0 NA NA NA NA NA NA 213 645 0 NA NA NA NA NA NA 327 2865 245 NA NA NA NA NA NA 338 1903 280 NA NA NA NA NA 
1741989600.0 134.99601 NA 120 466 0 NA NA NA NA NA NA 216 665 0 NA NA NA NA NA NA 320 5345 246 NA NA NA NA NA NA 300 2336 337 NA NA NA NA NA 
1741989600.0 134.99602 NA 120 448 0 NA NA NA NA NA NA 216 660 0 NA NA NA NA NA NA 323 3122 242 NA NA NA NA NA NA 310 2179 294 NA NA NA NA NA 
1741989600.0 134.99603 NA 121 508 0 NA NA NA NA NA NA 223 668 0 NA NA NA NA NA NA 329 4171 252 NA NA NA NA NA NA 490 2119 275 NA NA NA NA NA 
1741989600.0 134.99901 NA 121 502 0 NA NA NA NA NA NA 222 658 0 NA NA NA NA NA NA 319 3506 250 NA NA NA NA NA NA 300 1932 267 NA NA NA NA NA 
1741989600.0 1340.0 NA 246 464 0 NA NA NA NA NA NA 391 661 0 NA NA NA NA NA NA 434 1368 278 NA NA NA NA NA NA 458 1283 339 NA NA NA NA NA 
1741989600.0 1341.0 NA 260 489 0 NA NA NA NA NA NA 406 696 0 NA NA NA NA NA NA 475 1796 300 NA NA NA NA NA NA 475 1450 332 NA NA NA NA NA 
1741989600.0 1343.0 NA 253 460 0 NA NA NA NA NA NA 391 668 0 NA NA NA NA NA NA 449 1452 298 NA NA NA NA NA NA 535 1248 357 NA NA NA NA NA 
1741989600.0 13434.0 NA 837 0 NA NA NA NA NA NA NA 1161 0 NA NA NA NA NA NA NA 8307 234 NA NA NA NA NA NA NA 2997 248 NA NA NA NA NA NA 
1741989600.0 1344.0 NA 253 469 0 NA NA NA NA NA NA 385 662 0 NA NA NA NA NA NA 448 1423 292 NA NA NA NA NA NA 470 1234 391 NA NA NA NA NA 
1741989600.0 1345.0 NA 254 439 0 NA NA NA NA NA NA 393 685 0 NA NA NA NA NA NA 441 1430 289 NA NA NA NA NA NA 482 1234 321 NA NA NA NA NA 
1741989600.0 1347.0 NA 252 462 0 NA NA NA NA NA NA 397 677 0 NA NA NA NA NA NA 439 1367 288 NA NA NA NA NA NA 493 1214 322 NA NA NA NA NA 
1741989600.0 1348.0 NA 249 463 0 NA NA NA NA NA NA 394 655 0 NA NA NA NA NA NA 437 1367 279 NA NA NA NA NA NA 473 1553 316 NA NA NA NA NA 
1741989600.0 1349.0 NA 252 469 0 NA NA NA NA NA NA 385 675 0 NA NA NA NA NA NA 449 1438 283 NA NA NA NA NA NA 498 1710 354 NA NA NA NA NA 
1741989600.0 135.1 393 0 216 162 NA NA NA NA NA 585 0 336 251 NA NA NA NA NA 740 203 499 310 NA NA NA NA NA 730 248 529 366 NA NA NA NA NA 
1741989600.0 135.11 364 0 225 163 NA NA NA NA NA 601 0 353 245 NA NA NA NA NA 839 198 614 323 NA NA NA NA NA 744 233 516 393 NA NA NA NA NA 
1741989600.0 135.12 403 0 216 160 NA NA NA NA NA 586 0 333 244 NA NA NA NA NA 692 200 460 317 NA NA NA NA NA 679 245 488 386 NA NA NA NA NA 
1741989600.0 135.13 397 0 NA NA NA NA NA NA NA 570 0 NA NA NA NA NA NA NA 720 274 NA NA NA NA NA NA NA 662 311 NA NA NA NA NA NA NA 
1741989600.0 135.14 391 0 218 162 NA NA NA NA NA 574 0 324 251 NA NA NA NA NA 726 200 486 298 NA NA NA NA NA 710 249 501 345 NA NA NA NA NA 
1741989600.0 135.2 339 0 214 158 NA NA NA NA NA 512 0 326 253 NA NA NA NA NA 609 168 451 307 NA NA NA NA NA 578 202 498 362 NA NA NA NA NA 
1741989600.0 135.3 339 0 190 159 NA NA NA NA NA 507 0 320 258 NA NA NA NA NA 613 167 473 305 NA NA NA NA NA 636 202 538 348 NA NA NA NA NA 
1741989600.0 135.4 385 0 215 156 NA NA NA NA NA 593 0 337 255 NA NA NA NA NA 686 180 464 318 NA NA NA NA NA 692 213 525 374 NA NA NA NA NA 
1741989600.0 135.5 415 0 200 157 NA NA NA NA NA 570 0 336 249 NA NA NA NA NA 694 192 479 309 NA NA NA NA NA 734 237 572 355 NA NA NA NA NA 
1741989600.0 135.6 383 0 202 153 NA NA NA NA NA 594 0 337 244 NA NA NA NA NA 709 206 518 317 NA NA NA NA NA 620 249 547 395 NA NA NA NA NA 
1741989600.0 135.7 379 0 219 159 NA NA NA NA NA 581 0 336 258 NA NA NA NA NA 674 186 447 310 NA NA NA NA NA 650 224 476 370 NA NA NA NA NA 
1741989600.0 135.8 174 NA NA NA NA NA NA NA NA 279 NA NA NA NA NA NA NA NA 458 NA NA NA NA NA NA NA NA 296 NA NA NA NA NA NA NA NA 
1741989600.0 135.9 415 0 214 161 NA NA NA NA NA 601 0 336 261 NA NA NA NA NA 653 194 439 303 NA NA NA NA NA 696 238 483 344 NA NA NA NA NA 
1741989600.0 1350.0 NA 252 467 0 NA NA NA NA NA NA 380 651 0 NA NA NA NA NA NA 447 1403 284 NA NA NA NA NA NA 488 1342 314 NA NA NA NA NA 
1741989600.0 1351.0 NA 252 449 0 NA NA NA NA NA NA 392 630 0 NA NA NA NA NA NA 445 1346 276 NA NA NA NA NA NA 485 1228 302 NA NA NA NA NA 
1741989600.0 1352.0 NA 248 469 0 NA NA NA NA NA NA 373 673 0 NA NA NA NA NA NA 434 1368 279 NA NA NA NA NA NA 506 1330 312 NA NA NA NA NA 
1741989600.0 1353.0 NA 251 473 0 NA NA NA NA NA NA 391 685 0 NA NA NA NA NA NA 440 1407 288 NA NA NA NA NA NA 479 1226 325 NA NA NA NA NA 
1741989600.0 1354.0 NA 253 475 0 NA NA NA NA NA NA 393 652 0 NA NA NA NA NA NA 447 1398 288 NA NA NA NA NA NA 488 1527 316 NA NA NA NA NA 
1741989600.0 1355.0 NA 255 476 0 NA NA NA NA NA NA 396 673 0 NA NA NA NA NA NA 462 1442 290 NA NA NA NA NA NA 494 1238 389 NA NA NA NA NA 
1741989600.0 1356.0 129 248 500 0 232 NA NA NA NA 234 354 714 0 364 NA NA NA NA 1057 417 1368 270 439 NA NA NA NA 502 379 1334 283 389 NA NA NA NA 
1741989600.0 136.721 NA 194 498 0 NA NA NA NA NA NA 321 733 0 NA NA NA NA NA NA 403 4272 241 NA NA NA NA NA NA 365 2037 305 NA NA NA NA NA 
1741989600.0 136.722 NA 192 490 0 NA NA NA NA NA NA 297 695 0 NA NA NA NA NA NA 416 4828 173 NA NA NA NA NA NA 374 2286 217 NA NA NA NA NA 
1741989600.0 136.723 NA 194 540 0 NA NA NA NA NA NA 312 721 0 NA NA NA NA NA NA 435 4694 243 NA NA NA NA NA NA 409 2148 320 NA NA NA NA NA 
1741989600.0 136.724 NA 194 480 0 NA NA NA NA NA NA 315 669 0 NA NA NA NA NA NA 427 5668 162 NA NA NA NA NA NA 392 2466 203 NA NA NA NA NA 
1741989600.0 136.725 NA 193 509 0 NA NA NA NA NA NA 312 685 0 NA NA NA NA NA NA 425 4753 161 NA NA NA NA NA NA 410 2207 196 NA NA NA NA NA 
1741989600.0 136.726 NA 193 443 0 NA NA NA NA NA NA 319 621 0 NA NA NA NA NA NA 429 4943 152 NA NA NA NA NA NA 369 2294 190 NA NA NA NA NA 
1741989600.0 136.727 NA 288 547 0 NA NA NA NA NA NA 418 777 0 NA NA NA NA NA NA 621 4631 247 NA NA NA NA NA NA 501 2097 295 NA NA NA NA NA 
1741989600.0 136.728 NA 290 615 0 NA NA NA NA NA NA 419 782 0 NA NA NA NA NA NA 714 5091 244 NA NA NA NA NA NA 761 2199 314 NA NA NA NA NA 
1741989600.0 136.729 NA 193 536 0 NA NA NA NA NA NA 316 712 0 NA NA NA NA NA NA 415 4802 200 NA NA NA NA NA NA 442 2123 256 NA NA NA NA NA 
1741989600.0 136.73 NA 192 525 0 NA NA NA NA NA NA 310 744 0 NA NA NA NA NA NA 414 4863 183 NA NA NA NA NA NA 371 2337 227 NA NA NA NA NA 
1741989600.0 136.731 NA 194 512 0 NA NA NA NA NA NA 322 702 0 NA NA NA NA NA NA 416 4904 178 NA NA NA NA NA NA 363 2279 230 NA NA NA NA NA 
1741989600.0 136.732 NA 192 545 0 NA NA NA NA NA NA 315 750 0 NA NA NA NA NA NA 410 3908 243 NA NA NA NA NA NA 377 2054 305 NA NA NA NA NA 
1741989600.0 136.733 NA 285 116 0 NA NA NA NA NA NA 488 196 0 NA NA NA NA NA NA 878 241 164 NA NA NA NA NA NA 702 354 193 NA NA NA NA NA 
1741989600.0 136.734 NA 193 459 0 NA NA NA NA NA NA 312 631 0 NA NA NA NA NA NA 439 4799 180 NA NA NA NA NA NA 376 2356 254 NA NA NA NA NA 
1741989600.0 136.735 NA 179 435 0 NA NA NA NA NA NA 318 630 0 NA NA NA NA NA NA 412 1975 205 NA NA NA NA NA NA 477 1711 238 NA NA NA NA NA 
1741989600.0 136.736 NA 195 514 0 NA NA NA NA NA NA 322 717 0 NA NA NA NA NA NA 466 6733 240 NA NA NA NA NA NA 487 2629 531 NA NA NA NA NA 
1741989600.0 136.737 NA 192 506 0 NA NA NA NA NA NA 315 696 0 NA NA NA NA NA NA 469 7692 178 NA NA NA NA NA NA 441 2984 205 NA NA NA NA NA 
1741989600.0 136.738 NA 192 543 0 NA NA NA NA NA NA 310 732 0 NA NA NA NA NA NA 485 7377 224 NA NA NA NA NA NA 374 2802 238 NA NA NA NA NA 
1741989600.0 136.739 NA 193 535 0 NA NA NA NA NA NA 305 745 0 NA NA NA NA NA NA 494 8828 166 NA NA NA NA NA NA 476 3255 180 NA NA NA NA NA 
1741989600.0 136.74 NA 193 561 0 NA NA NA NA NA NA 313 725 0 NA NA NA NA NA NA 476 7481 167 NA NA NA NA NA NA 411 3380 183 NA NA NA NA NA 
1741989600.0 136.741 NA 192 463 0 NA NA NA NA NA NA 310 665 0 NA NA NA NA NA NA 474 7259 146 NA NA NA NA NA NA 398 2862 160 NA NA NA NA NA 
1741989600.0 136.742 NA 192 516 0 NA NA NA NA NA NA 315 739 0 NA NA NA NA NA NA 470 7028 201 NA NA NA NA NA NA 461 2696 253 NA NA NA NA NA 
1741989600.0 136.743 NA 194 609 0 NA NA NA NA NA NA 315 786 0 NA NA NA NA NA NA 470 6798 202 NA NA NA NA NA NA 517 2936 255 NA NA NA NA NA 
1741989600.0 136.744 NA 193 521 0 NA NA NA NA NA NA 315 713 0 NA NA NA NA NA NA 465 7445 172 NA NA NA NA NA NA 502 2954 184 NA NA NA NA NA 
1741989600.0 136.745 NA 193 553 0 NA NA NA NA NA NA 326 783 0 NA NA NA NA NA NA 455 5575 250 NA NA NA NA NA NA 517 2373 314 NA NA NA NA NA 
1741989600.0 136.746 NA 194 480 0 NA NA NA NA NA NA 313 666 0 NA NA NA NA NA NA 496 6948 186 NA NA NA NA NA NA 403 2768 213 NA NA NA NA NA 
1741989600.0 136.747 NA 193 550 0 NA NA NA NA NA NA 312 718 0 NA NA NA NA NA NA 468 6851 234 NA NA NA NA NA NA 437 2638 250 NA NA NA NA NA 
1741989600.0 136.748 NA 193 458 0 NA NA NA NA NA NA 301 649 0 NA NA NA NA NA NA 461 6970 167 NA NA NA NA NA NA 438 2821 181 NA NA NA NA NA 
1741989600.0 136.749 NA 193 523 0 NA NA NA NA NA NA 315 736 0 NA NA NA NA NA NA 495 7563 228 NA NA NA NA NA NA 429 2841 246 NA NA NA NA NA 
1741989600.0 136.75 NA 193 537 0 NA NA NA NA NA NA 301 720 0 NA NA NA NA NA NA 487 8927 167 NA NA NA NA NA NA 387 3329 182 NA NA NA NA NA 
1741989600.0 136.751 NA 192 514 0 NA NA NA NA NA NA 312 712 0 NA NA NA NA NA NA 478 8605 170 NA NA NA NA NA NA 400 3209 189 NA NA NA NA NA 
1741989600.0 136.752 NA 193 485 0 NA NA NA NA NA NA 315 656 0 NA NA NA NA NA NA 472 7556 153 NA NA NA NA NA NA 390 2983 169 NA NA NA NA NA 
1741989600.0 136.753 NA 193 523 0 NA NA NA NA NA NA 309 730 0 NA NA NA NA NA NA 462 7418 196 NA NA NA NA NA NA 411 2783 215 NA NA NA NA NA 
1741989600.0 136.754 NA 197 575 0 NA NA NA NA NA NA 318 790 0 NA NA NA NA NA NA 461 6382 201 NA NA NA NA NA NA 483 2547 253 NA NA NA NA NA 
1741989600.0 136.755 NA 186 511 0 NA NA NA NA NA NA 304 700 0 NA NA NA NA NA NA 476 7905 181 NA NA NA NA NA NA 628 3070 211 NA NA NA NA NA 
1741989600.0 136.756 NA 193 556 0 NA NA NA NA NA NA 321 748 0 NA NA NA NA NA NA 449 5296 242 NA NA NA NA NA NA 483 2290 297 NA NA NA NA NA 
1741989600.0 136.757 NA 195 454 0 NA NA NA NA NA NA 325 670 0 NA NA NA NA NA NA 491 6838 175 NA NA NA NA NA NA 493 2759 189 NA NA NA NA NA 
1741989600.0 136.758 NA 169 544 0 NA NA NA NA NA NA 315 768 0 NA NA NA NA NA NA 478 8203 242 NA NA NA NA NA NA 529 2995 261 NA NA NA NA NA 
1741989600.0 136.759 NA 192 501 0 NA NA NA NA NA NA 315 721 0 NA NA NA NA NA NA 488 9565 185 NA NA NA NA NA NA 456 3533 198 NA NA NA NA NA 
1741989600.0 136.76 NA 195 564 0 NA NA NA NA NA NA 317 778 0 NA NA NA NA NA NA 508 10324 237 NA NA NA NA NA NA 500 3507 250 NA NA NA NA NA 
1741989600.0 136.761 NA 193 539 0 NA NA NA NA NA NA 310 762 0 NA NA NA NA NA NA 522 11729 163 NA NA NA NA NA NA 690 3954 177 NA NA NA NA NA 
1741989600.0 136.762 NA 196 450 0 NA NA NA NA NA NA 312 712 0 NA NA NA NA NA NA 532 13440 183 NA NA NA NA NA NA 505 4672 219 NA NA NA NA NA 
1741989600.0 136.763 NA 192 530 0 NA NA NA NA NA NA 315 690 0 NA NA NA NA NA NA 505 10063 149 NA NA NA NA NA NA 497 3646 166 NA NA NA NA NA 
1741989600.0 136.764 NA 192 530 0 NA NA NA NA NA NA 315 746 0 NA NA NA NA NA NA 487 9906 190 NA NA NA NA NA NA 494 3487 205 NA NA NA NA NA 
1741989600.0 136.765 NA 193 610 0 NA NA NA NA NA NA 316 797 0 NA NA NA NA NA NA 489 8359 209 NA NA NA NA NA NA 402 3081 228 NA NA NA NA NA 
1741989600.0 136.766 NA 193 498 0 NA NA NA NA NA NA 312 764 0 NA NA NA NA NA NA 496 9904 170 NA NA NA NA NA NA 467 3512 184 NA NA NA NA NA 
1741989600.0 136.767 NA 192 584 0 NA NA NA NA NA NA 317 781 0 NA NA NA NA NA NA 464 7241 237 NA NA NA NA NA NA 459 3071 252 NA NA NA NA NA 
1741989600.0 136.768 NA 192 458 0 NA NA NA NA NA NA 297 688 0 NA NA NA NA NA NA 495 9452 190 NA NA NA NA NA NA 409 3565 227 NA NA NA NA NA 
1741989600.0 136.769 NA 193 541 0 NA NA NA NA NA NA 315 756 0 NA NA NA NA NA NA 453 6660 242 NA NA NA NA NA NA 493 2612 304 NA NA NA NA NA 
1741989600.0 136.77 NA 193 492 0 NA NA NA NA NA NA 315 693 0 NA NA NA NA NA NA 446 7029 183 NA NA NA NA NA NA 374 2783 197 NA NA NA NA NA 
1741989600.0 136.771 NA 194 523 0 NA NA NA NA NA NA 325 719 0 NA NA NA NA NA NA 467 6903 232 NA NA NA NA NA NA 466 2655 248 NA NA NA NA NA 
1741989600.0 136.772 NA 194 540 0 NA NA NA NA NA NA 319 722 0 NA NA NA NA NA NA 461 8259 171 NA NA NA NA NA NA 424 3086 217 NA NA NA NA NA 
1741989600.0 136.773 NA 194 525 0 NA NA NA NA NA NA 312 724 0 NA NA NA NA NA NA 447 6789 157 NA NA NA NA NA NA 410 2758 174 NA NA NA NA NA 
1741989600.0 136.774 NA 194 450 0 NA NA NA NA NA NA 319 662 0 NA NA NA NA NA NA 467 7196 153 NA NA NA NA NA NA 456 2843 166 NA NA NA NA NA 
1741989600.0 136.775 NA 192 529 0 NA NA NA NA NA NA 322 718 0 NA NA NA NA NA NA 445 6634 200 NA NA NA NA NA NA 472 2583 253 NA NA NA NA NA 
1741989600.0 136.776 NA 194 593 0 NA NA NA NA NA NA 306 769 0 NA NA NA NA NA NA 467 6237 197 NA NA NA NA NA NA 412 2498 243 NA NA NA NA NA 
1741989600.0 136.777 NA 193 535 0 NA NA NA NA NA NA 318 721 0 NA NA NA NA NA NA 451 7384 185 NA NA NA NA NA NA 404 3107 206 NA NA NA NA NA 
1741989600.0 136.778 NA 197 593 0 NA NA NA NA NA NA 306 778 0 NA NA NA NA NA NA 425 4773 244 NA NA NA NA NA NA 395 2369 301 NA NA NA NA NA 
1741989600.0 136.779 NA 194 451 0 NA NA NA NA NA NA 308 679 0 NA NA NA NA NA NA 473 6779 167 NA NA NA NA NA NA 457 2744 183 NA NA NA NA NA 
1741989600.0 136.78 NA 217 639 0 NA NA NA NA NA NA 336 854 0 NA NA NA NA NA NA 444 8247 257 NA NA NA NA NA NA 395 3055 274 NA NA NA NA NA 
1741989600.0 136.7801 NA 188 0 NA NA NA NA NA NA NA 293 0 NA NA NA NA NA NA NA 592 145 NA NA NA NA NA NA NA 641 182 NA NA NA NA NA NA 
1741989600.0 136.7802 NA 114 0 NA NA NA NA NA NA NA 205 0 NA NA NA NA NA NA NA 273 148 NA NA NA NA NA NA NA 323 198 NA NA NA NA NA NA 
1741989600.0 136.7803 NA 184 0 NA NA NA NA NA NA NA 311 0 NA NA NA NA NA NA NA 727 128 NA NA NA NA NA NA NA 886 160 NA NA NA NA NA NA 
1741989600.0 136.781 NA 216 584 0 NA NA NA NA NA NA 330 810 0 NA NA NA NA NA NA 448 8375 236 NA NA NA NA NA NA 381 3183 263 NA NA NA NA NA 
1741989600.0 136.782 NA 196 611 0 NA NA NA NA NA NA 338 876 0 NA NA NA NA NA NA 494 9504 278 NA NA NA NA NA NA 418 3788 293 NA NA NA NA NA 
1741989600.0 136.783 NA 217 563 0 NA NA NA NA NA NA 334 810 0 NA NA NA NA NA NA 450 11274 204 NA NA NA NA NA NA 425 4114 224 NA NA NA NA NA 
1741989600.0 136.784 NA 215 511 0 NA NA NA NA NA NA 338 725 0 NA NA NA NA NA NA 436 8136 222 NA NA NA NA NA NA 397 3177 247 NA NA NA NA NA 
1741989600.0 136.785 NA 216 532 0 NA NA NA NA NA NA 342 752 0 NA NA NA NA NA NA 479 9215 187 NA NA NA NA NA NA 406 3376 201 NA NA NA NA NA 
1741989600.0 136.786 NA 215 606 0 NA NA NA NA NA NA 334 883 0 NA NA NA NA NA NA 443 9312 244 NA NA NA NA NA NA 445 3674 281 NA NA NA NA NA 
1741989600.0 136.787 NA 216 703 0 NA NA NA NA NA NA 328 990 0 NA NA NA NA NA NA 454 8593 221 NA NA NA NA NA NA 423 3270 232 NA NA NA NA NA 
1741989600.0 136.788 NA 216 556 0 NA NA NA NA NA NA 342 804 0 NA NA NA NA NA NA 457 10382 209 NA NA NA NA NA NA 496 3735 223 NA NA NA NA NA 
1741989600.0 136.789 NA 215 665 0 NA NA NA NA NA NA 338 944 0 NA NA NA NA NA NA 431 7641 264 NA NA NA NA NA NA 405 2998 287 NA NA NA NA NA 
1741989600.0 136.79 NA 220 494 0 NA NA NA NA NA NA 338 738 0 NA NA NA NA NA NA 446 5378 217 NA NA NA NA NA NA 493 2459 290 NA NA NA NA NA 
1741989600.0 136.791 NA 218 514 0 NA NA NA NA NA NA 338 750 0 NA NA NA NA NA NA 379 2137 221 NA NA NA NA NA NA 334 1868 236 NA NA NA NA NA 
1741989600.0 136.792 NA 219 696 0 NA NA NA NA NA NA 338 890 0 NA NA NA NA NA NA 434 6956 253 NA NA NA NA NA NA 378 2726 268 NA NA NA NA NA 
1741989600.0 136.793 NA 217 544 0 NA NA NA NA NA NA 331 759 0 NA NA NA NA NA NA 430 6815 200 NA NA NA NA NA NA 407 2820 213 NA NA NA NA NA 
1741989600.0 136.794 NA 216 646 0 NA NA NA NA NA NA 333 826 0 NA NA NA NA NA NA 444 7422 258 NA NA NA NA NA NA 424 2982 271 NA NA NA NA NA 
1741989600.0 136.795 NA 216 584 0 NA NA NA NA NA NA 338 784 0 NA NA NA NA NA NA 443 7787 200 NA NA NA NA NA NA 412 3096 235 NA NA NA NA NA 
1741989600.0 136.796 NA 216 509 0 NA NA NA NA NA NA 334 736 0 NA NA NA NA NA NA 431 6781 228 NA NA NA NA NA NA 447 2766 256 NA NA NA NA NA 
1741989600.0 136.797 NA 218 513 0 NA NA NA NA NA NA 348 736 0 NA NA NA NA NA NA 445 7336 207 NA NA NA NA NA NA 379 3460 229 NA NA NA NA NA 
1741989600.0 136.798 NA 217 609 0 NA NA NA NA NA NA 329 855 0 NA NA NA NA NA NA 432 7290 255 NA NA NA NA NA NA 440 2836 270 NA NA NA NA NA 
1741989600.0 136.799 NA 217 763 0 NA NA NA NA NA NA 333 987 0 NA NA NA NA NA NA 454 7194 248 NA NA NA NA NA NA 448 2940 262 NA NA NA NA NA 
1741989600.0 136.8 NA 218 593 0 NA NA NA NA NA NA 336 772 0 NA NA NA NA NA NA 436 7631 201 NA NA NA NA NA NA 426 2992 223 NA NA NA NA NA 
1741989600.0 136.801 NA 215 692 0 NA NA NA NA NA NA 338 893 0 NA NA NA NA NA NA 399 5180 278 NA NA NA NA NA NA 358 2409 358 NA NA NA NA NA 
1741989600.0 136.802 NA 217 528 0 NA NA NA NA NA NA 333 705 0 NA NA NA NA NA NA 459 6430 206 NA NA NA NA NA NA 459 2743 227 NA NA NA NA NA 
1741989600.0 136.803 NA 218 520 0 NA NA NA NA NA NA 346 712 0 NA NA NA NA NA NA 379 2076 219 NA NA NA NA NA NA 340 1657 232 NA NA NA NA NA 
1741989600.0 136.804 NA 217 651 0 NA NA NA NA NA NA 343 893 0 NA NA NA NA NA NA 430 6946 258 NA NA NA NA NA NA 388 2727 275 NA NA NA NA NA 
1741989600.0 136.805 NA 218 539 0 NA NA NA NA NA NA 338 833 0 NA NA NA NA NA NA 426 7294 204 NA NA NA NA NA NA 375 2933 226 NA NA NA NA NA 
1741989600.0 136.806 NA 218 626 0 NA NA NA NA NA NA 334 831 0 NA NA NA NA NA NA 456 7038 251 NA NA NA NA NA NA 454 2840 263 NA NA NA NA NA 
1741989600.0 136.807 NA 217 538 0 NA NA NA NA NA NA 338 794 0 NA NA NA NA NA NA 441 8308 217 NA NA NA NA NA NA 419 3192 236 NA NA NA NA NA 
1741989600.0 136.808 NA 217 604 0 NA NA NA NA NA NA 330 809 0 NA NA NA NA NA NA 429 7322 196 NA NA NA NA NA NA 392 3003 210 NA NA NA NA NA 
1741989600.0 136.809 NA 219 534 0 NA NA NA NA NA NA 333 733 0 NA NA NA NA NA NA 449 7160 186 NA NA NA NA NA NA 395 3050 201 NA NA NA NA NA 
1741989600.0 136.81 NA 217 668 0 NA NA NA NA NA NA 345 864 0 NA NA NA NA NA NA 424 6949 228 NA NA NA NA NA NA 406 2733 241 NA NA NA NA NA 
1741989600.0 136.811 NA 216 750 0 NA NA NA NA NA NA 328 956 0 NA NA NA NA NA NA 439 7063 243 NA NA NA NA NA NA 430 2893 264 NA NA NA NA NA 
1741989600.0 136.812 NA 217 562 0 NA NA NA NA NA NA 334 820 0 NA NA NA NA NA NA 454 8136 227 NA NA NA NA NA NA 418 3132 245 NA NA NA NA NA 
1741989600.0 136.813 NA 217 653 0 NA NA NA NA NA NA 336 896 0 NA NA NA NA NA NA 416 5164 284 NA NA NA NA NA NA 426 2321 390 NA NA NA NA NA 
1741989600.0 136.814 NA 218 515 0 NA NA NA NA NA NA 343 726 0 NA NA NA NA NA NA 446 6765 211 NA NA NA NA NA NA 383 2788 230 NA NA NA NA NA 
1741989600.0 136.815 NA 221 517 0 NA NA NA NA NA NA 340 763 0 NA NA NA NA NA NA 398 2162 223 NA NA NA NA NA NA 349 1665 239 NA NA NA NA NA 
1741989600.0 136.816 NA 196 627 0 NA NA NA NA NA NA 345 909 0 NA NA NA NA NA NA 474 10349 287 NA NA NA NA NA NA 425 3839 300 NA NA NA NA NA 
1741989600.0 136.817 NA 216 581 0 NA NA NA NA NA NA 338 803 0 NA NA NA NA NA NA 458 9071 208 NA NA NA NA NA NA 424 3351 221 NA NA NA NA NA 
1741989600.0 136.818 NA 217 698 0 NA NA NA NA NA NA 333 926 0 NA NA NA NA NA NA 481 9477 261 NA NA NA NA NA NA 416 3395 277 NA NA NA NA NA 
1741989600.0 136.819 NA 217 502 0 NA NA NA NA NA NA 324 839 0 NA NA NA NA NA NA 477 12396 221 NA NA NA NA NA NA 474 4470 260 NA NA NA NA NA 
1741989600.0 136.82 NA 217 572 0 NA NA NA NA NA NA 328 784 0 NA NA NA NA NA NA 467 10434 197 NA NA NA NA NA NA 471 3727 213 NA NA NA NA NA 
1741989600.0 136.821 NA 217 551 0 NA NA NA NA NA NA 330 766 0 NA NA NA NA NA NA 474 9267 185 NA NA NA NA NA NA 507 3404 202 NA NA NA NA NA 
1741989600.0 136.822 NA 216 607 0 NA NA NA NA NA NA 333 929 0 NA NA NA NA NA NA 450 9425 239 NA NA NA NA NA NA 457 3405 257 NA NA NA NA NA 
1741989600.0 136.823 NA 216 697 0 NA NA NA NA NA NA 328 987 0 NA NA NA NA NA NA 468 8896 240 NA NA NA NA NA NA 458 3378 536 NA NA NA NA NA 
1741989600.0 136.824 NA 217 501 0 NA NA NA NA NA NA 324 819 0 NA NA NA NA NA NA 495 12579 225 NA NA NA NA NA NA 494 4455 263 NA NA NA NA NA 
1741989600.0 136.825 NA 216 686 0 NA NA NA NA NA NA 334 925 0 NA NA NA NA NA NA 423 6390 265 NA NA NA NA NA NA 433 2633 278 NA NA NA NA NA 
1741989600.0 136.826 NA 217 553 0 NA NA NA NA NA NA 328 776 0 NA NA NA NA NA NA 483 9120 213 NA NA NA NA NA NA 404 3372 224 NA NA NA NA NA 
1741989600.0 136.827 NA 220 521 0 NA NA NA NA NA NA 338 766 0 NA NA NA NA NA NA 393 2217 224 NA NA NA NA NA NA 353 1675 238 NA NA NA NA NA 
1741989600.0 136.828 NA 181 677 0 NA NA NA NA NA NA 339 951 0 NA NA NA NA NA NA 474 11057 259 NA NA NA NA NA NA 529 3789 299 NA NA NA NA NA 
1741989600.0 136.829 NA 215 579 0 NA NA NA NA NA NA 334 810 0 NA NA NA NA NA NA 463 10720 205 NA NA NA NA NA NA 451 3788 227 NA NA NA NA NA 
1741989600.0 136.83 NA 193 659 0 NA NA NA NA NA NA 328 925 0 NA NA NA NA NA NA 481 10837 264 NA NA NA NA NA NA 466 3731 284 NA NA NA NA NA 
1741989600.0 136.831 NA 218 510 0 NA NA NA NA NA NA 324 825 0 NA NA NA NA NA NA 505 13249 229 NA NA NA NA NA NA 514 4632 276 NA NA NA NA NA 
1741989600.0 136.832 NA 219 531 0 NA NA NA NA NA NA 329 857 0 NA NA NA NA NA NA 497 13786 223 NA NA NA NA NA NA 489 4761 260 NA NA NA NA NA 
1741989600.0 136.833 NA 218 522 0 NA NA NA NA NA NA 347 788 0 NA NA NA NA NA NA 477 11161 186 NA NA NA NA NA NA 475 3983 203 NA NA NA NA NA 
1741989600.0 136.834 NA 192 667 0 NA NA NA NA NA NA 338 910 0 NA NA NA NA NA NA 461 10580 236 NA NA NA NA NA NA 476 3728 360 NA NA NA NA NA 
1741989600.0 136.835 NA 216 727 0 NA NA NA NA NA NA 339 968 0 NA NA NA NA NA NA 486 9927 229 NA NA NA NA NA NA 428 3645 244 NA NA NA NA NA 
1741989600.0 136.836 NA 220 509 0 NA NA NA NA NA NA 334 816 0 NA NA NA NA NA NA 507 12708 231 NA NA NA NA NA NA 509 4508 274 NA NA NA NA NA 
1741989600.0 136.837 NA 217 717 0 NA NA NA NA NA NA 342 957 0 NA NA NA NA NA NA 436 8043 264 NA NA NA NA NA NA 385 3060 279 NA NA NA NA NA 
1741989600.0 136.838 NA 216 543 0 NA NA NA NA NA NA 326 766 0 NA NA NA NA NA NA 490 9798 208 NA NA NA NA NA NA 462 3554 221 NA NA NA NA NA 
1741989600.0 136.839 NA 223 520 0 NA NA NA NA NA NA 350 751 0 NA NA NA NA NA NA 382 2288 226 NA NA NA NA NA NA 345 1780 239 NA NA NA NA NA 
1741989600.0 136.8391 NA 258 655 0 NA NA NA NA NA NA 391 883 0 NA NA NA NA NA NA 898 9363 230 NA NA NA NA NA NA 1078 3292 244 NA NA NA NA NA 
1741989600.0 136.84 NA 219 529 0 NA NA NA NA NA NA 329 761 0 NA NA NA NA NA NA 459 9019 186 NA NA NA NA NA NA 433 3353 199 NA NA NA NA NA 
1741989600.0 136.841 NA 219 520 0 NA NA NA NA NA NA 344 756 0 NA NA NA NA NA NA 465 9205 177 NA NA NA NA NA NA 438 3395 190 NA NA NA NA NA 
1741989600.0 136.842 NA 222 480 0 NA NA NA NA NA NA 333 748 0 NA NA NA NA NA NA 499 13306 210 NA NA NA NA NA NA 497 4643 248 NA NA NA NA NA 
1741989600.0 136.843 NA 216 499 0 NA NA NA NA NA NA 339 783 0 NA NA NA NA NA NA 528 15013 212 NA NA NA NA NA NA 567 5069 260 NA NA NA NA NA 
1741989600.0 136.844 NA 215 504 0 NA NA NA NA NA NA 333 744 0 NA NA NA NA NA NA 466 7530 205 NA NA NA NA NA NA 451 2924 228 NA NA NA NA NA 
1741989600.0 136.845 NA 217 595 0 NA NA NA NA NA NA 343 734 0 NA NA NA NA NA NA 456 6570 185 NA NA NA NA NA NA 470 2704 199 NA NA NA NA NA 
1741989600.0 136.846 NA 217 485 0 NA NA NA NA NA NA 338 714 0 NA NA NA NA NA NA 459 6268 195 NA NA NA NA NA NA 543 2652 242 NA NA NA NA NA 
1741989600.0 136.847 NA 216 526 0 NA NA NA NA NA NA 338 736 0 NA NA NA NA NA NA 496 9126 187 NA NA NA NA NA NA 508 3371 196 NA NA NA NA NA 
1741989600.0 136.848 NA 216 563 0 NA NA NA NA NA NA 328 778 0 NA NA NA NA NA NA 484 11089 187 NA NA NA NA NA NA 481 3932 203 NA NA NA NA NA 
1741989600.0 136.849 NA 217 672 0 NA NA NA NA NA NA 338 884 0 NA NA NA NA NA NA 440 6991 264 NA NA NA NA NA NA 431 2741 292 NA NA NA NA NA 
1741989600.0 136.85 NA 216 623 0 NA NA NA NA NA NA 338 839 0 NA NA NA NA NA NA 435 7329 227 NA NA NA NA NA NA 410 2971 252 NA NA NA NA NA 
1741989600.0 136.8501 NA 216 592 0 NA NA NA NA NA NA 339 736 0 NA NA NA NA NA NA 433 7686 196 NA NA NA NA NA NA 436 3018 219 NA NA NA NA NA 
1741989600.0 136.851 NA 216 651 0 NA NA NA NA NA NA 338 881 0 NA NA NA NA NA NA 469 7402 263 NA NA NA NA NA NA 460 3228 347 NA NA NA NA NA 
1741989600.0 136.852 NA 217 587 0 NA NA NA NA NA NA 347 832 0 NA NA NA NA NA NA 462 8903 192 NA NA NA NA NA NA 489 3354 205 NA NA NA NA NA 
1741989600.0 136.853 NA 216 543 0 NA NA NA NA NA NA 338 795 0 NA NA NA NA NA NA 436 7152 220 NA NA NA NA NA NA 423 2968 240 NA NA NA NA NA 
1741989600.0 136.854 NA 217 546 0 NA NA NA NA NA NA 326 752 0 NA NA NA NA NA NA 463 7741 197 NA NA NA NA NA NA 390 2995 225 NA NA NA NA NA 
1741989600.0 136.855 NA 215 681 0 NA NA NA NA NA NA 340 904 0 NA NA NA NA NA NA 446 7118 243 NA NA NA NA NA NA 410 3454 264 NA NA NA NA NA 
1741989600.0 136.856 NA 216 747 0 NA NA NA NA NA NA 338 901 0 NA NA NA NA NA NA 410 5470 267 NA NA NA NA NA NA 391 2670 286 NA NA NA NA NA 
1741989600.0 136.8561 NA 204 508 0 NA NA NA NA NA NA 344 745 0 NA NA NA NA NA NA 389 1867 265 NA NA NA NA NA NA 626 1537 313 NA NA NA NA NA 
1741989600.0 136.8562 NA 202 491 0 NA NA NA NA NA NA 324 723 0 NA NA NA NA NA NA 372 1753 253 NA NA NA NA NA NA 538 1731 290 NA NA NA NA NA 
1741989600.0 136.857 NA 216 540 0 NA NA NA NA NA NA 342 713 0 NA NA NA NA NA NA 464 7030 206 NA NA NA NA NA NA 466 2902 221 NA NA NA NA NA 
1741989600.0 136.858 NA 218 514 0 NA NA NA NA NA NA 338 759 0 NA NA NA NA NA NA 387 2173 226 NA NA NA NA NA NA 340 1709 241 NA NA NA NA NA 
1741989600.0 136.859 NA 220 526 0 NA NA NA NA NA NA 334 751 0 NA NA NA NA NA NA 456 9978 184 NA NA NA NA NA NA 445 3591 196 NA NA NA NA NA 
1741989600.0 136.86 NA 216 551 0 NA NA NA NA NA NA 330 751 0 NA NA NA NA NA NA 460 6911 199 NA NA NA NA NA NA 386 2796 218 NA NA NA NA NA 
1741989600.0 136.861 NA 216 642 0 NA NA NA NA NA NA 338 878 0 NA NA NA NA NA NA 466 9495 261 NA NA NA NA NA NA 423 3454 275 NA NA NA NA NA 
1741989600.0 136.862 NA 216 577 0 NA NA NA NA NA NA 329 833 0 NA NA NA NA NA NA 464 9829 203 NA NA NA NA NA NA 523 3572 216 NA NA NA NA NA 
1741989600.0 136.863 NA 197 610 0 NA NA NA NA NA NA 332 884 0 NA NA NA NA NA NA 489 9935 275 NA NA NA NA NA NA 424 3711 288 NA NA NA NA NA 
1741989600.0 136.864 NA 217 513 0 NA NA NA NA NA NA 320 848 0 NA NA NA NA NA NA 504 13439 223 NA NA NA NA NA NA 517 4677 269 NA NA NA NA NA 
1741989600.0 136.8642 NA 218 508 0 NA NA NA NA NA NA 331 819 0 NA NA NA NA NA NA 507 13237 220 NA NA NA NA NA NA 533 4673 273 NA NA NA NA NA 
1741989600.0 136.865 NA 216 546 0 NA NA NA NA NA NA 327 838 0 NA NA NA NA NA NA 503 11509 219 NA NA NA NA NA NA 480 4181 258 NA NA NA NA NA 
1741989600.0 136.866 NA 214 551 0 NA NA NA NA NA NA 334 769 0 NA NA NA NA NA NA 474 10084 184 NA NA NA NA NA NA 515 3613 196 NA NA NA NA NA 
1741989600.0 136.867 NA 215 747 0 NA NA NA NA NA NA 325 981 0 NA NA NA NA NA NA 465 9674 239 NA NA NA NA NA NA 474 3613 324 NA NA NA NA NA 
1741989600.0 136.868 NA 216 690 0 NA NA NA NA NA NA 339 953 0 NA NA NA NA NA NA 439 8109 275 NA NA NA NA NA NA 484 3355 302 NA NA NA NA NA 
1741989600.0 136.869 NA 216 561 0 NA NA NA NA NA NA 338 805 0 NA NA NA NA NA NA 501 10149 209 NA NA NA NA NA NA 457 3649 228 NA NA NA NA NA 
1741989600.0 136.87 NA 226 527 0 NA NA NA NA NA NA 346 726 0 NA NA NA NA NA NA 400 2281 225 NA NA NA NA NA NA 356 1905 237 NA NA NA NA NA 
1741989600.0 136.871 NA 219 496 0 NA NA NA NA NA NA 334 765 0 NA NA NA NA NA NA 498 14857 212 NA NA NA NA NA NA 479 5011 252 NA NA NA NA NA 
1741989600.0 136.872 NA 217 537 0 NA NA NA NA NA NA 338 776 0 NA NA NA NA NA NA 489 9827 187 NA NA NA NA NA NA 466 3582 200 NA NA NA NA NA 
1741989600.0 136.873 NA 215 606 0 NA NA NA NA NA NA 338 861 0 NA NA NA NA NA NA 460 9103 282 NA NA NA NA NA NA 501 3767 297 NA NA NA NA NA 
1741989600.0 136.874 NA 215 618 0 NA NA NA NA NA NA 339 864 0 NA NA NA NA NA NA 455 8703 191 NA NA NA NA NA NA 420 3293 208 NA NA NA NA NA 
1741989600.0 136.875 NA 217 620 0 NA NA NA NA NA NA 340 907 0 NA NA NA NA NA NA 464 8763 263 NA NA NA NA NA NA 394 3212 276 NA NA NA NA NA 
1741989600.0 136.876 NA 222 594 0 NA NA NA NA NA NA 333 823 0 NA NA NA NA NA NA 471 11118 209 NA NA NA NA NA NA 446 3898 351 NA NA NA NA NA 
1741989600.0 136.877 NA 216 596 0 NA NA NA NA NA NA 330 805 0 NA NA NA NA NA NA 457 8817 198 NA NA NA NA NA NA 395 3322 210 NA NA NA NA NA 
1741989600.0 136.878 NA 217 551 0 NA NA NA NA NA NA 333 756 0 NA NA NA NA NA NA 481 9378 185 NA NA NA NA NA NA 463 3444 197 NA NA NA NA NA 
1741989600.0 136.879 NA 216 719 0 NA NA NA NA NA NA 326 965 0 NA NA NA NA NA NA 475 8731 237 NA NA NA NA NA NA 417 3344 253 NA NA NA NA NA 
1741989600.0 136.88 NA 216 678 0 NA NA NA NA NA NA 332 995 0 NA NA NA NA NA NA 430 6954 264 NA NA NA NA NA NA 432 3070 284 NA NA NA NA NA 
1741989600.0 136.881 NA 216 528 0 NA NA NA NA NA NA 328 766 0 NA NA NA NA NA NA 471 7888 235 NA NA NA NA NA NA 394 3100 251 NA NA NA NA NA 
1741989600.0 136.882 NA 221 563 0 NA NA NA NA NA NA 350 836 0 NA NA NA NA NA NA 413 2693 237 NA NA NA NA NA NA 553 1840 251 NA NA NA NA NA 
1741989600.0 136.883 NA 218 507 0 NA NA NA NA NA NA 324 754 0 NA NA NA NA NA NA 487 12599 204 NA NA NA NA NA NA 472 4410 233 NA NA NA NA NA 
1741989600.0 136.884 NA 215 552 0 NA NA NA NA NA NA 338 757 0 NA NA NA NA NA NA 469 8103 206 NA NA NA NA NA NA 376 3144 230 NA NA NA NA NA 
1741989600.0 136.885 NA 220 627 0 NA NA NA NA NA NA 338 875 0 NA NA NA NA NA NA 457 8929 258 NA NA NA NA NA NA 404 3249 274 NA NA NA NA NA 
1741989600.0 136.8855 NA 217 152 0 NA NA NA NA NA NA 322 312 0 NA NA NA NA NA NA 480 651 126 NA NA NA NA NA NA 485 705 162 NA NA NA NA NA 
1741989600.0 136.886 NA 216 644 0 NA NA NA NA NA NA 338 829 0 NA NA NA NA NA NA 461 8673 209 NA NA NA NA NA NA 452 3308 281 NA NA NA NA NA 
1741989600.0 136.8861 NA 223 572 0 NA NA NA NA NA NA 353 804 0 NA NA NA NA NA NA 489 7686 234 NA NA NA NA NA NA 541 3198 249 NA NA NA NA NA 
1741989600.0 136.8862 NA 217 587 0 NA NA NA NA NA NA 336 804 0 NA NA NA NA NA NA 460 9134 204 NA NA NA NA NA NA 526 3392 214 NA NA NA NA NA 
1741989600.0 136.887 NA 215 620 0 NA NA NA NA NA NA 338 894 0 NA NA NA NA NA NA 480 8565 274 NA NA NA NA NA NA 510 3148 286 NA NA NA NA NA 
1741989600.0 136.888 NA 217 637 0 NA NA NA NA NA NA 323 839 0 NA NA NA NA NA NA 458 10800 200 NA NA NA NA NA NA 447 3862 214 NA NA NA NA NA 
1741989600.0 136.8885 NA 217 166 0 NA NA NA NA NA NA 328 309 0 NA NA NA NA NA NA 485 588 127 NA NA NA NA NA NA 486 590 166 NA NA NA NA NA 
1741989600.0 136.889 NA 216 590 0 NA NA NA NA NA NA 326 822 0 NA NA NA NA NA NA 459 9695 203 NA NA NA NA NA NA 475 3541 214 NA NA NA NA NA 
1741989600.0 136.89 NA 216 510 0 NA NA NA NA NA NA 338 757 0 NA NA NA NA NA NA 481 8904 185 NA NA NA NA NA NA 440 3307 199 NA NA NA NA NA 
1741989600.0 136.891 NA 216 760 0 NA NA NA NA NA NA 329 1014 0 NA NA NA NA NA NA 470 8598 232 NA NA NA NA NA NA 435 3328 248 NA NA NA NA NA 
1741989600.0 136.892 NA 215 689 0 NA NA NA NA NA NA 334 986 0 NA NA NA NA NA NA 434 8069 283 NA NA NA NA NA NA 446 3395 297 NA NA NA NA NA 
1741989600.0 136.893 NA 217 533 0 NA NA NA NA NA NA 342 745 0 NA NA NA NA NA NA 474 8631 220 NA NA NA NA NA NA 404 3269 235 NA NA NA NA NA 
1741989600.0 136.894 NA 220 612 0 NA NA NA NA NA NA 343 875 0 NA NA NA NA NA NA 436 4374 245 NA NA NA NA NA NA 415 2271 313 NA NA NA NA NA 
1741989600.0 136.895 NA 219 590 0 NA NA NA NA NA NA 350 770 0 NA NA NA NA NA NA 471 10947 186 NA NA NA NA NA NA 495 3827 203 NA NA NA NA NA 
1741989600.0 136.896 NA 192 554 0 NA NA NA NA NA NA 333 785 0 NA NA NA NA NA NA 466 8247 199 NA NA NA NA NA NA 600 3143 218 NA NA NA NA NA 
1741989600.0 136.897 NA 315 116 0 NA NA NA NA NA NA 531 195 0 NA NA NA NA NA NA 901 198 212 NA NA NA NA NA NA 673 231 247 NA NA NA NA NA 
1741989600.0 136.898 NA 215 544 0 NA NA NA NA NA NA 328 797 0 NA NA NA NA NA NA 456 8853 183 NA NA NA NA NA NA 401 3388 212 NA NA NA NA NA 
1741989600.0 136.899 NA 338 142 0 NA NA NA NA NA NA 573 279 0 NA NA NA NA NA NA 1042 229 217 NA NA NA NA NA NA 657 253 253 NA NA NA NA NA 
1741989600.0 136.901 NA 242 229 0 NA NA NA NA NA NA 400 379 0 NA NA NA NA NA NA 5726 1259 0 NA NA NA NA NA NA 5935 1418 0 NA NA NA NA NA 
1741989600.0 136.902 NA 241 225 0 NA NA NA NA NA NA 400 379 0 NA NA NA NA NA NA 5212 1209 0 NA NA NA NA NA NA 5418 1410 0 NA NA NA NA NA 
1741989600.0 136.903 NA 268 279 0 NA NA NA NA NA NA 450 430 0 NA NA NA NA NA NA 7197 3557 0 NA NA NA NA NA NA 7392 3671 0 NA NA NA NA NA 
1741989600.0 136.904 NA 272 269 0 NA NA NA NA NA NA 487 421 0 NA NA NA NA NA NA 6825 2243 0 NA NA NA NA NA NA 7013 2377 0 NA NA NA NA NA 
1741989600.0 1360.0 0 NA NA NA NA NA NA NA NA 0 NA NA NA NA NA NA NA NA 775 NA NA NA NA NA NA NA NA 420 NA NA NA NA NA NA NA NA 
1741989600.0 1361.0 0 NA NA NA NA NA NA NA NA 0 NA NA NA NA NA NA NA NA 319 NA NA NA NA NA NA NA NA 383 NA NA NA NA NA NA NA NA 
1741989600.0 1361.17 0 NA NA NA NA NA NA NA NA 0 NA NA NA NA NA NA NA NA 342 NA NA NA NA NA NA NA NA 433 NA NA NA NA NA NA NA NA 
1741989600.0 1361.18 0 NA NA NA NA NA NA NA NA 0 NA NA NA NA NA NA NA NA 332 NA NA NA NA NA NA NA NA 410 NA NA NA NA NA NA NA NA 
1741989600.0 1361.181 0 NA NA NA NA NA NA NA NA 0 NA NA NA NA NA NA NA NA 325 NA NA NA NA NA NA NA NA 381 NA NA NA NA NA NA NA NA 
1741989600.0 1362.0 0 NA NA NA NA NA NA NA NA 0 NA NA NA NA NA NA NA NA 327 NA NA NA NA NA NA NA NA 412 NA NA NA NA NA NA NA NA 
1741989600.0 1362.17 0 NA NA NA NA NA NA NA NA 0 NA NA NA NA NA NA NA NA 326 NA NA NA NA NA NA NA NA 373 NA NA NA NA NA NA NA NA 
1741989600.0 1362.18 0 NA NA NA NA NA NA NA NA 0 NA NA NA NA NA NA NA NA 335 NA NA NA NA NA NA NA NA 411 NA NA NA NA NA NA NA NA 
1741989600.0 1363.0 0 NA NA NA NA NA NA NA NA 0 NA NA NA NA NA NA NA NA 330 NA NA NA NA NA NA NA NA 399 NA NA NA NA NA NA NA NA 
1741989600.0 1363.17 0 NA NA NA NA NA NA NA NA 0 NA NA NA NA NA NA NA NA 330 NA NA NA NA NA NA NA NA 386 NA NA NA NA NA NA NA NA 
1741989600.0 1363.18 0 NA NA NA NA NA NA NA NA 0 NA NA NA NA NA NA NA NA 331 NA NA NA NA NA NA NA NA 395 NA NA NA NA NA NA NA NA 
1741989600.0 1364.0 NA 251 466 0 NA NA NA NA NA NA 390 654 0 NA NA NA NA NA NA 453 1348 297 NA NA NA NA NA NA 510 1570 402 NA NA NA NA NA 
1741989600.0 1365.0 NA 253 471 0 NA NA NA NA NA NA 402 666 0 NA NA NA NA NA NA 450 1362 298 NA NA NA NA NA NA 489 1210 361 NA NA NA NA NA 
1741989600.0 1366.0 NA 251 467 0 NA NA NA NA NA NA 391 638 0 NA NA NA NA NA NA 446 1360 289 NA NA NA NA NA NA 473 1215 373 NA NA NA NA NA 
1741989600.0 137.8 NA 202 546 NA 210 546 0 NA NA NA 324 874 NA 331 830 0 NA NA NA 517 9140 NA 507 9023 265 NA NA NA 531 3647 NA 522 3589 298 NA NA 
1741989600.0 1370.0 48 132 248 473 0 171 NA NA NA 107 241 346 678 0 272 NA NA NA 29 1214 424 1399 276 289 NA NA NA 65 628 397 1226 293 301 NA NA NA 
1741989600.0 1370.17 48 118 320 563 0 172 NA NA NA 107 201 426 770 0 261 NA NA NA 30 1227 1321 1472 360 313 NA NA NA 74 549 602 1312 414 625 NA NA NA 
1741989600.0 1370.18 48 118 311 546 0 176 NA NA NA 107 205 416 789 0 277 NA NA NA 28 1582 1286 1537 362 316 NA NA NA 57 731 605 1436 380 393 NA NA NA 
1741989600.0 138.1 NA 335 128 0 NA NA NA NA NA NA 556 239 0 NA NA NA NA NA NA 917 235 217 NA NA NA NA NA NA 651 278 256 NA NA NA NA NA 
1741989600.0 138.2 NA 325 141 0 NA NA NA NA NA NA 561 240 0 NA NA NA NA NA NA 964 224 212 NA NA NA NA NA NA 887 252 243 NA NA NA NA NA 
1741989600.0 138.3 NA 57 450 0 NA NA NA NA NA NA 141 747 0 NA NA NA NA NA NA 50 28556 276 NA NA NA NA NA NA 229 11893 326 NA NA NA NA NA 
1741989600.0 138.4 NA 402 0 NA NA NA NA NA NA NA 653 0 NA NA NA NA NA NA NA 1170 302 NA NA NA NA NA NA NA 817 357 NA NA NA NA NA NA 
1741989600.0 138.5 NA 458 207 0 NA NA NA NA NA NA 695 324 0 NA NA NA NA NA NA 1842 316 285 NA NA NA NA NA NA 1440 320 298 NA NA NA NA NA 
1741989600.0 139.001 NA 222 493 0 NA NA NA NA NA NA 347 715 0 NA NA NA NA NA NA 414 2320 202 NA NA NA NA NA NA 341 2051 214 NA NA NA NA NA 
1741989600.0 139.002 NA 216 581 0 NA NA NA NA NA NA 337 787 0 NA NA NA NA NA NA 413 2508 278 NA NA NA NA NA NA 358 2170 292 NA NA NA NA NA 
1741989600.0 139.003 NA 219 396 0 NA NA NA NA NA NA 337 588 0 NA NA NA NA NA NA 414 2085 138 NA NA NA NA NA NA 359 2114 298 NA NA NA NA NA 
1741989600.0 139.004 NA 221 534 0 NA NA NA NA NA NA 338 724 0 NA NA NA NA NA NA 444 2201 245 NA NA NA NA NA NA 366 1946 258 NA NA NA NA NA 
1741989600.0 139.005 NA 149 119 NA NA NA NA NA NA NA 281 253 NA NA NA NA NA NA NA 11846 8808 NA NA NA NA NA NA NA 3311 2513 NA NA NA NA NA NA 
1741989600.0 139901.0 NA 252 471 0 NA NA NA NA NA NA 383 667 0 NA NA NA NA NA NA 448 1388 293 NA NA NA NA NA NA 472 1548 337 NA NA NA NA NA 
1741989600.0 139902.0 NA 259 480 0 NA NA NA NA NA NA 395 651 0 NA NA NA NA NA NA 455 1454 298 NA NA NA NA NA NA 466 1236 390 NA NA NA NA NA 
1741989600.0 13992501.0 NA 430 648 0 NA NA NA NA NA NA 652 961 0 NA NA NA NA NA NA 1434 2364 302 NA NA NA NA NA NA 802 1735 319 NA NA NA NA NA 
1741989600.0 13992502.0 NA 446 727 0 NA NA NA NA NA NA 658 1037 0 NA NA NA NA NA NA 1413 2507 297 NA NA NA NA NA NA 837 1616 321 NA NA NA NA NA 
1741989600.0 14.0 NA 224 455 0 NA NA NA NA NA NA 350 636 0 NA NA NA NA NA NA 1233 3666 343 NA NA NA NA NA NA 606 2060 429 NA NA NA NA NA 
1741989600.0 140.001 NA 217 551 0 NA NA NA NA NA NA 342 768 0 NA NA NA NA NA NA 433 1907 251 NA NA NA NA NA NA 446 1657 290 NA NA NA NA NA 
1741989600.0 140.002 NA 224 558 0 NA NA NA NA NA NA 332 806 0 NA NA NA NA NA NA 487 2349 258 NA NA NA NA NA NA 454 1751 272 NA NA NA NA NA 
1741989600.0 140.003 NA 218 566 0 NA NA NA NA NA NA 331 772 0 NA NA NA NA NA NA 419 1841 240 NA NA NA NA NA NA 386 1555 287 NA NA NA NA NA 
1741989600.0 140.004 NA 0 0 0 NA NA NA NA NA NA 0 0 0 NA NA NA NA NA NA 284 1780 429 NA NA NA NA NA NA 294 1704 469 NA NA NA NA NA 
1741989600.0 140.005 NA 220 554 0 NA NA NA NA NA NA 346 773 0 NA NA NA NA NA NA 430 1977 238 NA NA NA NA NA NA 387 1616 253 NA NA NA NA NA 
1741989600.0 140.006 NA 0 0 0 NA NA NA NA NA NA 0 0 0 NA NA NA NA NA NA 300 1756 429 NA NA NA NA NA NA 306 1735 514 NA NA NA NA NA 
1741989600.0 140.007 NA 208 590 0 NA NA NA NA NA NA 325 779 0 NA NA NA NA NA NA 332 2110 406 NA NA NA NA NA NA 304 1819 421 NA NA NA NA NA 
1741989600.0 140.008 NA 191 551 0 NA NA NA NA NA NA 301 764 0 NA NA NA NA NA NA 307 1918 406 NA NA NA NA NA NA 310 1757 425 NA NA NA NA NA 
1741989600.0 140.009 NA 0 0 0 NA NA NA NA NA NA 0 0 0 NA NA NA NA NA NA 295 1720 426 NA NA NA NA NA NA 303 1887 464 NA NA NA NA NA 
1741989600.0 140.01 NA 225 561 0 NA NA NA NA NA NA 349 791 0 NA NA NA NA NA NA 502 2697 287 NA NA NA NA NA NA 358 1889 300 NA NA NA NA NA 
1741989600.0 140.011 NA 0 0 0 NA NA NA NA NA NA 0 0 0 NA NA NA NA NA NA 295 1773 425 NA NA NA NA NA NA 307 1684 493 NA NA NA NA NA 
1741989600.0 140.021 NA 0 0 0 NA NA NA NA NA NA 0 0 0 NA NA NA NA NA NA 292 1815 441 NA NA NA NA NA NA 303 1709 509 NA NA NA NA NA 
1741989600.0 140.022 NA 217 620 0 NA NA NA NA NA NA 338 840 0 NA NA NA NA NA NA 522 6894 246 NA NA NA NA NA NA 425 2727 262 NA NA NA NA NA 
1741989600.0 140.023 NA 218 687 0 NA NA NA NA NA NA 348 915 0 NA NA NA NA NA NA 464 4856 255 NA NA NA NA NA NA 397 2378 322 NA NA NA NA NA 
1741989600.0 140.024 NA 217 630 0 NA NA NA NA NA NA 338 885 0 NA NA NA NA NA NA 542 9248 256 NA NA NA NA NA NA 428 3422 302 NA NA NA NA NA 
1741989600.0 140.025 NA 219 629 0 NA NA NA NA NA NA 344 911 0 NA NA NA NA NA NA 530 8968 247 NA NA NA NA NA NA 395 3391 276 NA NA NA NA NA 
1741989600.0 140.026 NA 218 648 0 NA NA NA NA NA NA 348 914 0 NA NA NA NA NA NA 536 9558 260 NA NA NA NA NA NA 433 3482 275 NA NA NA NA NA 
1741989600.0 140.027 NA 217 638 0 NA NA NA NA NA NA 347 912 0 NA NA NA NA NA NA 527 7762 241 NA NA NA NA NA NA 401 3008 256 NA NA NA NA NA 
1741989600.0 140.028 NA 216 647 0 NA NA NA NA NA NA 338 899 0 NA NA NA NA NA NA 501 7227 236 NA NA NA NA NA NA 370 3011 251 NA NA NA NA NA 
1741989600.0 140.029 NA 218 676 0 NA NA NA NA NA NA 337 876 0 NA NA NA NA NA NA 504 7549 246 NA NA NA NA NA NA 402 3041 259 NA NA NA NA NA 
1741989600.0 140.03 NA 218 632 0 NA NA NA NA NA NA 331 864 0 NA NA NA NA NA NA 525 6955 235 NA NA NA NA NA NA 459 2742 248 NA NA NA NA NA 
1741989600.0 140.031 NA 218 673 0 NA NA NA NA NA NA 345 854 0 NA NA NA NA NA NA 524 7813 240 NA NA NA NA NA NA 392 2950 254 NA NA NA NA NA 
1741989600.0 140.042 NA 217 643 0 NA NA NA NA NA NA 335 939 0 NA NA NA NA NA NA 550 9058 260 NA NA NA NA NA NA 400 3392 301 NA NA NA NA NA 
1741989600.0 140.043 NA 218 680 0 NA NA NA NA NA NA 336 869 0 NA NA NA NA NA NA 490 5548 255 NA NA NA NA NA NA 418 2399 302 NA NA NA NA NA 
1741989600.0 140.044 NA 217 675 0 NA NA NA NA NA NA 331 902 0 NA NA NA NA NA NA 551 9978 243 NA NA NA NA NA NA 421 3574 264 NA NA NA NA NA 
1741989600.0 140.045 NA 217 652 0 NA NA NA NA NA NA 329 950 0 NA NA NA NA NA NA 563 11051 244 NA NA NA NA NA NA 432 3785 261 NA NA NA NA NA 
1741989600.0 140.046 NA 216 689 0 NA NA NA NA NA NA 333 921 0 NA NA NA NA NA NA 607 11603 252 NA NA NA NA NA NA 578 4067 346 NA NA NA NA NA 
1741989600.0 140.047 NA 198 622 0 NA NA NA NA NA NA 333 911 0 NA NA NA NA NA NA 566 10298 258 NA NA NA NA NA NA 422 3758 275 NA NA NA NA NA 
1741989600.0 140.048 NA 217 641 0 NA NA NA NA NA NA 340 915 0 NA NA NA NA NA NA 535 9132 251 NA NA NA NA NA NA 467 3351 287 NA NA NA NA NA 
1741989600.0 140.049 NA 217 642 0 NA NA NA NA NA NA 343 914 0 NA NA NA NA NA NA 547 9782 256 NA NA NA NA NA NA 451 3664 270 NA NA NA NA NA 
1741989600.0 140.05 NA 218 644 0 NA NA NA NA NA NA 347 879 0 NA NA NA NA NA NA 564 9204 256 NA NA NA NA NA NA 389 3461 301 NA NA NA NA NA 
1741989600.0 140.051 NA 218 663 0 NA NA NA NA NA NA 345 902 0 NA NA NA NA NA NA 578 8874 240 NA NA NA NA NA NA 424 3266 262 NA NA NA NA NA 
1741989600.0 140.062 NA 198 707 0 NA NA NA NA NA NA 343 892 0 NA NA NA NA NA NA 603 10444 262 NA NA NA NA NA NA 445 3858 300 NA NA NA NA NA 
1741989600.0 140.063 NA 216 680 0 NA NA NA NA NA NA 332 869 0 NA NA NA NA NA NA 498 7102 244 NA NA NA NA NA NA 377 2779 258 NA NA NA NA NA 
1741989600.0 140.064 NA 216 657 0 NA NA NA NA NA NA 343 938 0 NA NA NA NA NA NA 586 11233 240 NA NA NA NA NA NA 438 3847 255 NA NA NA NA NA 
1741989600.0 140.065 NA 223 680 0 NA NA NA NA NA NA 338 932 0 NA NA NA NA NA NA 608 11839 250 NA NA NA NA NA NA 545 4043 327 NA NA NA NA NA 
1741989600.0 140.066 NA 218 626 0 NA NA NA NA NA NA 337 953 0 NA NA NA NA NA NA 615 14975 281 NA NA NA NA NA NA 428 4947 339 NA NA NA NA NA 
1741989600.0 140.067 NA 215 658 0 NA NA NA NA NA NA 333 905 0 NA NA NA NA NA NA 589 10956 241 NA NA NA NA NA NA 504 3817 254 NA NA NA NA NA 
1741989600.0 140.068 NA 216 682 0 NA NA NA NA NA NA 339 936 0 NA NA NA NA NA NA 583 10702 242 NA NA NA NA NA NA 456 3716 253 NA NA NA NA NA 
1741989600.0 140.069 NA 197 631 0 NA NA NA NA NA NA 339 924 0 NA NA NA NA NA NA 595 10631 263 NA NA NA NA NA NA 425 3733 301 NA NA NA NA NA 
1741989600.0 140.071 NA 217 612 0 NA NA NA NA NA NA 337 843 0 NA NA NA NA NA NA 530 6402 255 NA NA NA NA NA NA 466 2610 332 NA NA NA NA NA 
1741989600.0 140.072 NA 218 644 0 NA NA NA NA NA NA 338 927 0 NA NA NA NA NA NA 480 4816 254 NA NA NA NA NA NA 423 2424 290 NA NA NA NA NA 
1741989600.0 140.073 NA 218 647 0 NA NA NA NA NA NA 350 876 0 NA NA NA NA NA NA 518 7638 240 NA NA NA NA NA NA 433 2941 252 NA NA NA NA NA 
1741989600.0 140.074 NA 217 620 0 NA NA NA NA NA NA 337 850 0 NA NA NA NA NA NA 523 7939 263 NA NA NA NA NA NA 397 3031 293 NA NA NA NA NA 
1741989600.0 140.075 NA 219 620 0 NA NA NA NA NA NA 339 889 0 NA NA NA NA NA NA 533 7948 256 NA NA NA NA NA NA 392 3149 279 NA NA NA NA NA 
1741989600.0 140.076 NA 219 629 0 NA NA NA NA NA NA 337 909 0 NA NA NA NA NA NA 506 6697 247 NA NA NA NA NA NA 462 2705 309 NA NA NA NA NA 
1741989600.0 140.077 NA 216 611 0 NA NA NA NA NA NA 333 880 0 NA NA NA NA NA NA 506 6399 250 NA NA NA NA NA NA 441 2632 302 NA NA NA NA NA 
1741989600.0 140.078 NA 218 661 0 NA NA NA NA NA NA 345 850 0 NA NA NA NA NA NA 526 6711 240 NA NA NA NA NA NA 443 2702 253 NA NA NA NA NA 
1741989600.0 140.101 NA 217 807 0 NA NA NA NA NA NA 337 972 0 NA NA NA NA NA NA 516 7080 239 NA NA NA NA NA NA 393 2933 253 NA NA NA NA NA 
1741989600.0 140.102 NA 217 677 0 NA NA NA NA NA NA 340 950 0 NA NA NA NA NA NA 608 11384 252 NA NA NA NA NA NA 460 4019 293 NA NA NA NA NA 
1741989600.0 140.103 NA 218 627 0 NA NA NA NA NA NA 337 973 0 NA NA NA NA NA NA 599 13108 280 NA NA NA NA NA NA 436 4691 345 NA NA NA NA NA 
1741989600.0 140.104 NA 218 644 0 NA NA NA NA NA NA 341 968 0 NA NA NA NA NA NA 633 15323 273 NA NA NA NA NA NA 478 5186 317 NA NA NA NA NA 
1741989600.0 140.105 NA 215 724 0 NA NA NA NA NA NA 329 1023 0 NA NA NA NA NA NA 582 11332 251 NA NA NA NA NA NA 443 4154 279 NA NA NA NA NA 
1741989600.0 140.106 NA 216 681 0 NA NA NA NA NA NA 330 971 0 NA NA NA NA NA NA 588 10923 240 NA NA NA NA NA NA 459 3931 256 NA NA NA NA NA 
1741989600.0 140.107 NA 216 708 0 NA NA NA NA NA NA 326 962 0 NA NA NA NA NA NA 583 10750 238 NA NA NA NA NA NA 435 3893 257 NA NA NA NA NA 
1741989600.0 140.108 NA 216 678 0 NA NA NA NA NA NA 340 953 0 NA NA NA NA NA NA 596 10364 238 NA NA NA NA NA NA 455 3790 255 NA NA NA NA NA 
1741989600.0 140.109 NA 218 656 0 NA NA NA NA NA NA 334 916 0 NA NA NA NA NA NA 487 4878 249 NA NA NA NA NA NA 348 2351 300 NA NA NA NA NA 
1741989600.0 140.11 NA 216 696 0 NA NA NA NA NA NA 339 939 0 NA NA NA NA NA NA 602 9710 240 NA NA NA NA NA NA 439 3586 252 NA NA NA NA NA 
1741989600.0 140.111 NA 216 728 0 NA NA NA NA NA NA 339 950 0 NA NA NA NA NA NA 587 10546 244 NA NA NA NA NA NA 439 3835 272 NA NA NA NA NA 
1741989600.0 140.112 NA 217 643 0 NA NA NA NA NA NA 345 959 0 NA NA NA NA NA NA 600 11229 251 NA NA NA NA NA NA 598 4141 313 NA NA NA NA NA 
1741989600.0 140.113 NA 0 0 0 NA NA NA NA NA NA 0 0 0 NA NA NA NA NA NA 314 1404 741 NA NA NA NA NA NA 317 1398 756 NA NA NA NA NA 
1741989600.0 140.56 NA 913 0 NA NA NA NA NA NA NA 1337 0 NA NA NA NA NA NA NA 9185 239 NA NA NA NA NA NA NA 3454 254 NA NA NA NA NA NA 
1741989600.0 140.5611 NA 241 0 NA NA NA NA NA NA NA 371 0 NA NA NA NA NA NA NA 1644 117 NA NA NA NA NA NA NA 955 152 NA NA NA NA NA NA 
1741989600.0 140.57 NA 549 0 NA NA NA NA NA NA NA 873 0 NA NA NA NA NA NA NA 1918 273 NA NA NA NA NA NA NA 1398 318 NA NA NA NA NA NA 
1741989600.0 140.58 NA 98 886 0 NA NA NA NA NA NA 190 1291 0 NA NA NA NA NA NA 101 8544 238 NA NA NA NA NA NA 140 3336 251 NA NA NA NA NA 
1741989600.0 140.6 NA 77 371 0 NA NA NA NA NA NA 158 617 0 NA NA NA NA NA NA 74 726 252 NA NA NA NA NA NA 120 649 299 NA NA NA NA NA 
1741989600.0 140.61 NA 428 0 NA NA NA NA NA NA NA 641 0 NA NA NA NA NA NA NA 1239 255 NA NA NA NA NA NA NA 746 302 NA NA NA NA NA NA 
1741989600.0 14034.0 NA 649 0 NA NA NA NA NA NA NA 882 0 NA NA NA NA NA NA NA 3600 258 NA NA NA NA NA NA NA 1707 292 NA NA NA NA NA NA 
1741989600.0 141.001 NA 216 670 0 NA NA NA NA NA NA 330 889 0 NA NA NA NA NA NA 580 10131 244 NA NA NA NA NA NA 458 3662 260 NA NA NA NA NA 
1741989600.0 141.002 NA 194 652 0 NA NA NA NA NA NA 338 914 0 NA NA NA NA NA NA 479 5863 256 NA NA NA NA NA NA 415 2541 310 NA NA NA NA NA 
1741989600.0 141.003 NA 216 650 0 NA NA NA NA NA NA 338 924 0 NA NA NA NA NA NA 555 10286 239 NA NA NA NA NA NA 405 3630 256 NA NA NA NA NA 
1741989600.0 141.004 NA 222 604 0 NA NA NA NA NA NA 358 859 0 NA NA NA NA NA NA 451 2823 251 NA NA NA NA NA NA 346 1797 292 NA NA NA NA NA 
1741989600.0 141.005 NA 219 620 0 NA NA NA NA NA NA 343 875 0 NA NA NA NA NA NA 515 5697 262 NA NA NA NA NA NA 372 2425 331 NA NA NA NA NA 
1741989600.0 141.006 NA 191 607 0 NA NA NA NA NA NA 338 850 0 NA NA NA NA NA NA 491 6072 248 NA NA NA NA NA NA 390 2534 301 NA NA NA NA NA 
1741989600.0 141.007 NA 218 672 0 NA NA NA NA NA NA 347 894 0 NA NA NA NA NA NA 500 7539 264 NA NA NA NA NA NA 374 2989 280 NA NA NA NA NA 
1741989600.0 141.008 NA 217 649 0 NA NA NA NA NA NA 341 947 0 NA NA NA NA NA NA 576 12145 254 NA NA NA NA NA NA 414 4121 306 NA NA NA NA NA 
1741989600.0 141.008405 NA 213 155 0 NA NA NA NA NA NA 333 269 0 NA NA NA NA NA NA 584 960 133 NA NA NA NA NA NA 416 666 174 NA NA NA NA NA 
1741989600.0 141.008411 NA 218 147 0 NA NA NA NA NA NA 334 237 0 NA NA NA NA NA NA 581 547 137 NA NA NA NA NA NA 411 536 172 NA NA NA NA NA 
1741989600.0 141.008421 NA 217 151 0 NA NA NA NA NA NA 334 232 0 NA NA NA NA NA NA 605 608 135 NA NA NA NA NA NA 438 579 173 NA NA NA NA NA 
1741989600.0 141.009 NA 0 0 0 NA NA NA NA NA NA 0 0 0 NA NA NA NA NA NA 289 2454 670 NA NA NA NA NA NA 325 2161 684 NA NA NA NA NA 
1741989600.0 141.01 NA 224 659 0 NA NA NA NA NA NA 340 911 0 NA NA NA NA NA NA 585 11330 238 NA NA NA NA NA NA 502 3901 254 NA NA NA NA NA 
1741989600.0 141.011 NA 216 669 0 NA NA NA NA NA NA 332 889 0 NA NA NA NA NA NA 530 10346 259 NA NA NA NA NA NA 406 3689 281 NA NA NA NA NA 
1741989600.0 141.012 NA 217 684 0 NA NA NA NA NA NA 331 890 0 NA NA NA NA NA NA 508 7127 232 NA NA NA NA NA NA 434 2786 246 NA NA NA NA NA 
1741989600.0 141.013 NA 199 624 0 NA NA NA NA NA NA 337 902 0 NA NA NA NA NA NA 564 10512 264 NA NA NA NA NA NA 425 3697 309 NA NA NA NA NA 
1741989600.0 141.031 NA 216 660 0 NA NA NA NA NA NA 333 954 0 NA NA NA NA NA NA 592 11141 238 NA NA NA NA NA NA 454 3807 253 NA NA NA NA NA 
1741989600.0 141.032 NA 217 675 0 NA NA NA NA NA NA 333 937 0 NA NA NA NA NA NA 515 7522 241 NA NA NA NA NA NA 469 2979 254 NA NA NA NA NA 
1741989600.0 141.033 NA 216 738 0 NA NA NA NA NA NA 338 954 0 NA NA NA NA NA NA 598 12449 248 NA NA NA NA NA NA 414 4196 265 NA NA NA NA NA 
1741989600.0 141.034 NA 216 720 0 NA NA NA NA NA NA 338 905 0 NA NA NA NA NA NA 589 13146 256 NA NA NA NA NA NA 417 4375 299 NA NA NA NA NA 
1741989600.0 141.035 NA 217 609 0 NA NA NA NA NA NA 322 923 0 NA NA NA NA NA NA 595 13764 268 NA NA NA NA NA NA 427 4659 312 NA NA NA NA NA 
1741989600.0 141.036 NA 219 634 0 NA NA NA NA NA NA 339 794 0 NA NA NA NA NA NA 462 4034 265 NA NA NA NA NA NA 574 2092 292 NA NA NA NA NA 
1741989600.0 141.037 NA 199 664 0 NA NA NA NA NA NA 334 950 0 NA NA NA NA NA NA 549 10463 255 NA NA NA NA NA NA 413 3762 271 NA NA NA NA NA 
1741989600.0 141.038 NA 216 714 0 NA NA NA NA NA NA 345 942 0 NA NA NA NA NA NA 614 11302 244 NA NA NA NA NA NA 515 3968 270 NA NA NA NA NA 
1741989600.0 141.039 NA 216 709 0 NA NA NA NA NA NA 340 898 0 NA NA NA NA NA NA 587 10993 248 NA NA NA NA NA NA 464 3799 276 NA NA NA NA NA 
1741989600.0 141.041 NA 218 682 0 NA NA NA NA NA NA 337 946 0 NA NA NA NA NA NA 635 14925 284 NA NA NA NA NA NA 447 4776 330 NA NA NA NA NA 
1741989600.0 141.042 NA 217 676 0 NA NA NA NA NA NA 340 940 0 NA NA NA NA NA NA 505 9509 263 NA NA NA NA NA NA 378 3491 282 NA NA NA NA NA 
1741989600.0 141.043 NA 210 643 0 NA NA NA NA NA NA 337 962 0 NA NA NA NA NA NA 667 18989 291 NA NA NA NA NA NA 458 5948 342 NA NA NA NA NA 
1741989600.0 141.044 NA 217 652 0 NA NA NA NA NA NA 333 962 0 NA NA NA NA NA NA 618 16490 283 NA NA NA NA NA NA 437 5250 329 NA NA NA NA NA 
1741989600.0 141.045 NA 210 717 0 NA NA NA NA NA NA 341 1006 0 NA NA NA NA NA NA 670 22044 266 NA NA NA NA NA NA 469 6804 306 NA NA NA NA NA 
1741989600.0 141.046 NA 217 637 0 NA NA NA NA NA NA 327 940 0 NA NA NA NA NA NA 630 15599 271 NA NA NA NA NA NA 500 5017 307 NA NA NA NA NA 
1741989600.0 141.047 NA 217 666 0 NA NA NA NA NA NA 330 955 0 NA NA NA NA NA NA 620 17571 279 NA NA NA NA NA NA 439 5609 324 NA NA NA NA NA 
1741989600.0 141.048 NA 217 617 0 NA NA NA NA NA NA 330 992 0 NA NA NA NA NA NA 642 17514 287 NA NA NA NA NA NA 434 5658 336 NA NA NA NA NA 
1741989600.0 141.049 NA 216 692 0 NA NA NA NA NA NA 339 914 0 NA NA NA NA NA NA 589 11360 250 NA NA NA NA NA NA 433 3961 286 NA NA NA NA NA 
1741989600.0 141.101 NA 217 765 0 NA NA NA NA NA NA 333 999 0 NA NA NA NA NA NA 513 8440 247 NA NA NA NA NA NA 411 3795 295 NA NA NA NA NA 
1741989600.0 141.102 NA 219 709 0 NA NA NA NA NA NA 334 963 0 NA NA NA NA NA NA 612 13570 261 NA NA NA NA NA NA 426 5264 288 NA NA NA NA NA 
1741989600.0 141.103 NA 209 688 0 NA NA NA NA NA NA 341 1037 0 NA NA NA NA NA NA 600 14847 297 NA NA NA NA NA NA 426 5675 361 NA NA NA NA NA 
1741989600.0 141.104 NA 219 675 0 NA NA NA NA NA NA 339 976 0 NA NA NA NA NA NA 618 14643 293 NA NA NA NA NA NA 466 5596 340 NA NA NA NA NA 
1741989600.0 141.105 NA 220 704 0 NA NA NA NA NA NA 338 897 0 NA NA NA NA NA NA 466 5002 258 NA NA NA NA NA NA 388 3016 269 NA NA NA NA NA 
1741989600.0 141.106 NA 219 645 0 NA NA NA NA NA NA 329 1007 0 NA NA NA NA NA NA 561 12255 291 NA NA NA NA NA NA 407 4985 349 NA NA NA NA NA 
1741989600.0 141.107 NA 219 685 0 NA NA NA NA NA NA 339 1030 0 NA NA NA NA NA NA 592 12660 262 NA NA NA NA NA NA 412 4995 287 NA NA NA NA NA 
1741989600.0 141.108 NA 218 651 0 NA NA NA NA NA NA 330 997 0 NA NA NA NA NA NA 607 13044 296 NA NA NA NA NA NA 512 5070 347 NA NA NA NA NA 
1741989600.0 141.109 NA 219 754 0 NA NA NA NA NA NA 343 1018 0 NA NA NA NA NA NA 520 7467 247 NA NA NA NA NA NA 446 3534 259 NA NA NA NA NA 
1741989600.0 141.11 NA 217 670 0 NA NA NA NA NA NA 329 1002 0 NA NA NA NA NA NA 657 14711 294 NA NA NA NA NA NA 454 5559 343 NA NA NA NA NA 
1741989600.0 141.111 NA 218 689 0 NA NA NA NA NA NA 336 985 0 NA NA NA NA NA NA 593 13024 267 NA NA NA NA NA NA 428 5125 305 NA NA NA NA NA 
1741989600.0 141.112 NA 217 724 0 NA NA NA NA NA NA 325 1041 0 NA NA NA NA NA NA 606 14259 292 NA NA NA NA NA NA 427 5363 346 NA NA NA NA NA 
1741989600.0 141.113 NA 0 0 0 NA NA NA NA NA NA 0 0 0 NA NA NA NA NA NA 294 947 429 NA NA NA NA NA NA 316 913 468 NA NA NA NA NA 
1741989600.0 141.114 NA 218 658 0 NA NA NA NA NA NA 332 1018 0 NA NA NA NA NA NA 612 12736 298 NA NA NA NA NA NA 439 5060 354 NA NA NA NA NA 
1741989600.0 141.901 NA 486 0 NA NA NA NA NA NA NA 797 0 NA NA NA NA NA NA NA 5101 252 NA NA NA NA NA NA NA 1753 300 NA NA NA NA NA NA 
1741989600.0 141.902 NA 424 0 NA NA NA NA NA NA NA 662 0 NA NA NA NA NA NA NA 4214 251 NA NA NA NA NA NA NA 1493 300 NA NA NA NA NA NA 
1741989600.0 142.0 NA 482 867 0 NA NA NA NA NA NA 794 1426 0 NA NA NA NA NA NA 2705 19461 288 NA NA NA NA NA NA 999 6542 337 NA NA NA NA NA 
1741989600.0 142.901 NA 433 0 NA NA NA NA NA NA NA 666 0 NA NA NA NA NA NA NA 5055 245 NA NA NA NA NA NA NA 1720 294 NA NA NA NA NA NA 
1741989600.0 142.902 NA 426 0 NA NA NA NA NA NA NA 640 0 NA NA NA NA NA NA NA 4730 239 NA NA NA NA NA NA NA 1686 271 NA NA NA NA NA NA 
1741989600.0 142.903 NA 347 0 NA NA NA NA NA NA NA 552 0 NA NA NA NA NA NA NA 1523 197 NA NA NA NA NA NA NA 879 226 NA NA NA NA NA NA 
1741989600.0 14234.0 NA 806 0 NA NA NA NA NA NA NA 1109 0 NA NA NA NA NA NA NA 7692 231 NA NA NA NA NA NA NA 2942 246 NA NA NA NA NA NA 
1741989600.0 143.201 120 336 593 0 NA NA NA NA NA 192 572 869 0 NA NA NA NA NA 1161 521 1857 421 NA NA NA NA NA 1103 559 1747 525 NA NA NA NA NA 
1741989600.0 143.202 111 305 140 551 0 NA NA NA NA 182 468 197 760 0 NA NA NA NA 716 484 302 1457 374 NA NA NA NA 669 470 431 1375 389 NA NA NA NA 
1741989600.0 143.901 NA 429 0 NA NA NA NA NA NA NA 665 0 NA NA NA NA NA NA NA 5160 253 NA NA NA NA NA NA NA 1800 300 NA NA NA NA NA NA 
1741989600.0 143.902 NA 427 0 NA NA NA NA NA NA NA 650 0 NA NA NA NA NA NA NA 4791 248 NA NA NA NA NA NA NA 1660 301 NA NA NA NA NA NA 
1741989600.0 143.911 NA 416 0 NA NA NA NA NA NA NA 650 0 NA NA NA NA NA NA NA 5225 242 NA NA NA NA NA NA NA 1833 276 NA NA NA NA NA NA 
1741989600.0 144.6 NA 362 NA NA NA NA NA NA NA NA 609 NA NA NA NA NA NA NA NA 2336 NA NA NA NA NA NA NA NA 2056 NA NA NA NA NA NA NA 
1741989600.0 145.0 NA 453 691 0 NA NA NA NA NA NA 663 987 0 NA NA NA NA NA NA 2582 13959 334 NA NA NA NA NA NA 1203 5250 383 NA NA NA NA NA 
1741989600.0 145.001 NA 422 674 0 NA NA NA NA NA NA 659 968 0 NA NA NA NA NA NA 2752 14516 338 NA NA NA NA NA NA 1253 5453 370 NA NA NA NA NA 
1741989600.0 145.002 NA 421 691 0 NA NA NA NA NA NA 647 1019 0 NA NA NA NA NA NA 2377 12275 351 NA NA NA NA NA NA 1132 4931 424 NA NA NA NA NA 
1741989600.0 145.003 NA 430 668 0 NA NA NA NA NA NA 655 990 0 NA NA NA NA NA NA 2307 12595 332 NA NA NA NA NA NA 1098 4967 366 NA NA NA NA NA 
1741989600.0 145.004 NA 446 662 0 NA NA NA NA NA NA 613 975 0 NA NA NA NA NA NA 2306 12747 322 NA NA NA NA NA NA 1106 4919 350 NA NA NA NA NA 
1741989600.0 145.005 NA 448 677 0 NA NA NA NA NA NA 631 960 0 NA NA NA NA NA NA 2338 11865 333 NA NA NA NA NA NA 1132 4695 382 NA NA NA NA NA 
1741989600.0 145.006 NA 467 678 0 NA NA NA NA NA NA 645 986 0 NA NA NA NA NA NA 2497 12972 331 NA NA NA NA NA NA 1104 4987 362 NA NA NA NA NA 
1741989600.0 145.007 NA 406 656 0 NA NA NA NA NA NA 630 901 0 NA NA NA NA NA NA 1072 3888 307 NA NA NA NA NA NA 857 2710 319 NA NA NA NA NA 
1741989600.0 145.008 NA 409 660 0 NA NA NA NA NA NA 638 991 0 NA NA NA NA NA NA 2479 12275 359 NA NA NA NA NA NA 1182 4957 429 NA NA NA NA NA 
1741989600.0 145.009 NA 456 708 0 NA NA NA NA NA NA 634 1000 0 NA NA NA NA NA NA 2695 14281 321 NA NA NA NA NA NA 1207 5284 356 NA NA NA NA NA 
1741989600.0 145.01 NA 428 702 0 NA NA NA NA NA NA 666 985 0 NA NA NA NA NA NA 2851 15067 317 NA NA NA NA NA NA 1273 5557 354 NA NA NA NA NA 
1741989600.0 145.011 NA 411 657 0 NA NA NA NA NA NA 624 977 0 NA NA NA NA NA NA 2177 11892 333 NA NA NA NA NA NA 1137 4797 379 NA NA NA NA NA 
1741989600.0 145.012 NA 449 662 0 NA NA NA NA NA NA 639 937 0 NA NA NA NA NA NA 2328 12930 346 NA NA NA NA NA NA 1121 5011 389 NA NA NA NA NA 
1741989600.0 145.013 NA 446 663 0 NA NA NA NA NA NA 651 984 0 NA NA NA NA NA NA 2385 13005 343 NA NA NA NA NA NA 1157 5165 394 NA NA NA NA NA 
1741989600.0 145.014 NA 413 701 0 NA NA NA NA NA NA 601 980 0 NA NA NA NA NA NA 1776 8568 338 NA NA NA NA NA NA 942 3927 379 NA NA NA NA NA 
1741989600.0 145.1 NA 445 714 0 NA NA NA NA NA NA 627 1023 0 NA NA NA NA NA NA 2574 13887 317 NA NA NA NA NA NA 1192 5214 346 NA NA NA NA NA 
1741989600.0 145.101 NA 452 672 0 NA NA NA NA NA NA 647 1007 0 NA NA NA NA NA NA 2797 14203 324 NA NA NA NA NA NA 1215 5432 383 NA NA NA NA NA 
1741989600.0 145.102 NA 460 663 0 NA NA NA NA NA NA 647 966 0 NA NA NA NA NA NA 2468 12960 319 NA NA NA NA NA NA 1115 5008 346 NA NA NA NA NA 
1741989600.0 145.103 NA 449 674 0 NA NA NA NA NA NA 626 953 0 NA NA NA NA NA NA 2349 12202 321 NA NA NA NA NA NA 1110 4778 365 NA NA NA NA NA 
1741989600.0 145.104 NA 404 665 0 NA NA NA NA NA NA 627 972 0 NA NA NA NA NA NA 2329 13059 332 NA NA NA NA NA NA 1135 5081 372 NA NA NA NA NA 
1741989600.0 145.105 NA 457 678 0 NA NA NA NA NA NA 643 978 0 NA NA NA NA NA NA 2436 12840 319 NA NA NA NA NA NA 1123 4972 346 NA NA NA NA NA 
1741989600.0 145.106 NA 457 700 0 NA NA NA NA NA NA 647 963 0 NA NA NA NA NA NA 2526 12611 340 NA NA NA NA NA NA 1139 4871 381 NA NA NA NA NA 
1741989600.0 145.107 NA 432 707 0 NA NA NA NA NA NA 622 981 0 NA NA NA NA NA NA 1458 6758 295 NA NA NA NA NA NA 875 3399 317 NA NA NA NA NA 
1741989600.0 145.108 NA 402 669 0 NA NA NA NA NA NA 622 965 0 NA NA NA NA NA NA 2553 12808 343 NA NA NA NA NA NA 1229 5074 395 NA NA NA NA NA 
1741989600.0 145.109 NA 431 713 0 NA NA NA NA NA NA 643 1023 0 NA NA NA NA NA NA 2660 15021 326 NA NA NA NA NA NA 1170 5573 367 NA NA NA NA NA 
1741989600.0 145.11 NA 432 679 0 NA NA NA NA NA NA 656 985 0 NA NA NA NA NA NA 2901 15045 337 NA NA NA NA NA NA 1240 5573 380 NA NA NA NA NA 
1741989600.0 145.111 NA 420 660 0 NA NA NA NA NA NA 635 974 0 NA NA NA NA NA NA 2139 12280 332 NA NA NA NA NA NA 1072 4995 370 NA NA NA NA NA 
1741989600.0 145.112 NA 450 666 0 NA NA NA NA NA NA 674 1007 0 NA NA NA NA NA NA 2265 13355 330 NA NA NA NA NA NA 1046 5107 362 NA NA NA NA NA 
1741989600.0 145.113 NA 448 675 0 NA NA NA NA NA NA 664 985 0 NA NA NA NA NA NA 2370 13193 334 NA NA NA NA NA NA 1108 5117 375 NA NA NA NA NA 
1741989600.0 145.114 NA 386 693 0 NA NA NA NA NA NA 622 971 0 NA NA NA NA NA NA 1811 8178 336 NA NA NA NA NA NA 1001 3872 382 NA NA NA NA NA 
1741989600.0 145.2 NA 424 710 0 NA NA NA NA NA NA 647 1027 0 NA NA NA NA NA NA 2616 15474 340 NA NA NA NA NA NA 1163 5622 389 NA NA NA NA NA 
1741989600.0 145.201 NA 467 724 0 NA NA NA NA NA NA 658 997 0 NA NA NA NA NA NA 2827 16063 331 NA NA NA NA NA NA 1203 5766 377 NA NA NA NA NA 
1741989600.0 145.202 NA 412 663 0 NA NA NA NA NA NA 643 1004 0 NA NA NA NA NA NA 2593 13046 334 NA NA NA NA NA NA 1188 5062 398 NA NA NA NA NA 
1741989600.0 145.203 NA 444 704 0 NA NA NA NA NA NA 647 966 0 NA NA NA NA NA NA 2546 12744 340 NA NA NA NA NA NA 1163 4815 376 NA NA NA NA NA 
1741989600.0 145.204 NA 424 714 0 NA NA NA NA NA NA 666 1042 0 NA NA NA NA NA NA 2672 15874 334 NA NA NA NA NA NA 1181 5786 379 NA NA NA NA NA 
1741989600.0 145.205 NA 451 679 0 NA NA NA NA NA NA 623 981 0 NA NA NA NA NA NA 2344 13115 318 NA NA NA NA NA NA 1069 5069 343 NA NA NA NA NA 
1741989600.0 145.206 NA 455 675 0 NA NA NA NA NA NA 655 985 0 NA NA NA NA NA NA 2682 14056 319 NA NA NA NA NA NA 1170 5308 366 NA NA NA NA NA 
1741989600.0 145.207 NA 422 681 0 NA NA NA NA NA NA 627 984 0 NA NA NA NA NA NA 1895 9900 333 NA NA NA NA NA NA 1008 4367 369 NA NA NA NA NA 
1741989600.0 145.208 NA 402 686 0 NA NA NA NA NA NA 627 979 0 NA NA NA NA NA NA 2811 13158 333 NA NA NA NA NA NA 1267 5062 367 NA NA NA NA NA 
1741989600.0 145.209 NA 426 720 0 NA NA NA NA NA NA 647 1017 0 NA NA NA NA NA NA 2998 17400 322 NA NA NA NA NA NA 1334 6276 365 NA NA NA NA NA 
1741989600.0 145.21 NA 432 684 0 NA NA NA NA NA NA 647 1000 0 NA NA NA NA NA NA 2769 15414 338 NA NA NA NA NA NA 1200 5687 382 NA NA NA NA NA 
1741989600.0 145.211 NA 438 678 0 NA NA NA NA NA NA 613 1004 0 NA NA NA NA NA NA 2250 12827 331 NA NA NA NA NA NA 1056 4965 361 NA NA NA NA NA 
1741989600.0 145.212 NA 410 682 0 NA NA NA NA NA NA 674 1023 0 NA NA NA NA NA NA 2567 14865 331 NA NA NA NA NA NA 1235 5464 367 NA NA NA NA NA 
1741989600.0 145.213 NA 461 676 0 NA NA NA NA NA NA 640 946 0 NA NA NA NA NA NA 2487 13386 319 NA NA NA NA NA NA 1122 5096 357 NA NA NA NA NA 
1741989600.0 145.214 NA 390 679 0 NA NA NA NA NA NA 621 964 0 NA NA NA NA NA NA 1955 10634 324 NA NA NA NA NA NA 1040 4525 366 NA NA NA NA NA 
1741989600.0 145.3 NA 418 707 0 NA NA NA NA NA NA 643 1007 0 NA NA NA NA NA NA 2649 13759 322 NA NA NA NA NA NA 1220 5156 362 NA NA NA NA NA 
1741989600.0 145.301 NA 420 691 0 NA NA NA NA NA NA 645 1039 0 NA NA NA NA NA NA 2713 14031 336 NA NA NA NA NA NA 1242 5341 378 NA NA NA NA NA 
1741989600.0 145.302 NA 448 669 0 NA NA NA NA NA NA 640 985 0 NA NA NA NA NA NA 2316 11996 330 NA NA NA NA NA NA 1119 4697 364 NA NA NA NA NA 
1741989600.0 145.303 NA 423 703 0 NA NA NA NA NA NA 646 1000 0 NA NA NA NA NA NA 2439 12378 343 NA NA NA NA NA NA 1183 4912 392 NA NA NA NA NA 
1741989600.0 145.304 NA 462 682 0 NA NA NA NA NA NA 667 959 0 NA NA NA NA NA NA 2565 15442 339 NA NA NA NA NA NA 1174 5697 416 NA NA NA NA NA 
1741989600.0 145.305 NA 437 659 0 NA NA NA NA NA NA 638 975 0 NA NA NA NA NA NA 2385 12444 340 NA NA NA NA NA NA 1121 4928 384 NA NA NA NA NA 
1741989600.0 145.306 NA 451 688 0 NA NA NA NA NA NA 643 965 0 NA NA NA NA NA NA 2538 13834 343 NA NA NA NA NA NA 1106 5243 385 NA NA NA NA NA 
1741989600.0 145.307 NA 428 692 0 NA NA NA NA NA NA 628 994 0 NA NA NA NA NA NA 1620 7292 301 NA NA NA NA NA NA 908 3515 317 NA NA NA NA NA 
1741989600.0 145.308 NA 401 662 0 NA NA NA NA NA NA 633 1000 0 NA NA NA NA NA NA 2559 12178 349 NA NA NA NA NA NA 1190 4926 402 NA NA NA NA NA 
1741989600.0 145.309 NA 424 680 0 NA NA NA NA NA NA 634 985 0 NA NA NA NA NA NA 2646 13911 333 NA NA NA NA NA NA 1207 5223 375 NA NA NA NA NA 
1741989600.0 145.31 NA 454 707 0 NA NA NA NA NA NA 677 1017 0 NA NA NA NA NA NA 2784 14089 322 NA NA NA NA NA NA 1254 5237 365 NA NA NA NA NA 
1741989600.0 145.311 NA 435 660 0 NA NA NA NA NA NA 630 953 0 NA NA NA NA NA NA 2116 11791 331 NA NA NA NA NA NA 1038 4794 370 NA NA NA NA NA 
1741989600.0 145.312 NA 454 669 0 NA NA NA NA NA NA 639 991 0 NA NA NA NA NA NA 2320 13334 340 NA NA NA NA NA NA 1111 5109 377 NA NA NA NA NA 
1741989600.0 145.313 NA 441 659 0 NA NA NA NA NA NA 647 975 0 NA NA NA NA NA NA 2354 13197 336 NA NA NA NA NA NA 1126 5153 375 NA NA NA NA NA 
1741989600.0 145.314 NA 408 695 0 NA NA NA NA NA NA 627 968 0 NA NA NA NA NA NA 1912 9547 326 NA NA NA NA NA NA 1001 4284 361 NA NA NA NA NA 
1741989600.0 145.4 NA 437 722 0 NA NA NA NA NA NA 655 1008 0 NA NA NA NA NA NA 3090 19746 313 NA NA NA NA NA NA 1275 6807 344 NA NA NA NA NA 
1741989600.0 145.401 NA 478 723 0 NA NA NA NA NA NA 675 1058 0 NA NA NA NA NA NA 3205 20099 323 NA NA NA NA NA NA 1299 6809 367 NA NA NA NA NA 
1741989600.0 145.402 NA 440 721 0 NA NA NA NA NA NA 695 1033 0 NA NA NA NA NA NA 2918 18112 323 NA NA NA NA NA NA 1259 6507 354 NA NA NA NA NA 
1741989600.0 145.403 NA 432 709 0 NA NA NA NA NA NA 688 1043 0 NA NA NA NA NA NA 2911 17903 339 NA NA NA NA NA NA 1266 6449 384 NA NA NA NA NA 
1741989600.0 145.404 NA 472 757 0 NA NA NA NA NA NA 671 1090 0 NA NA NA NA NA NA 2932 21576 316 NA NA NA NA NA NA 1233 7341 361 NA NA NA NA NA 
1741989600.0 145.405 NA 435 715 0 NA NA NA NA NA NA 658 1005 0 NA NA NA NA NA NA 3032 18474 327 NA NA NA NA NA NA 1259 6562 366 NA NA NA NA NA 
1741989600.0 145.406 NA 439 692 0 NA NA NA NA NA NA 659 1058 0 NA NA NA NA NA NA 3227 19137 323 NA NA NA NA NA NA 1358 6712 359 NA NA NA NA NA 
1741989600.0 145.407 NA 443 722 0 NA NA NA NA NA NA 646 991 0 NA NA NA NA NA NA 2390 13275 324 NA NA NA NA NA NA 1125 5080 370 NA NA NA NA NA 
1741989600.0 145.408 NA 420 722 0 NA NA NA NA NA NA 646 1004 0 NA NA NA NA NA NA 3131 17901 330 NA NA NA NA NA NA 1306 6372 369 NA NA NA NA NA 
1741989600.0 145.409 NA 471 735 0 NA NA NA NA NA NA 695 1058 0 NA NA NA NA NA NA 3263 22127 322 NA NA NA NA NA NA 1329 7323 360 NA NA NA NA NA 
1741989600.0 145.41 NA 478 712 0 NA NA NA NA NA NA 667 1004 0 NA NA NA NA NA NA 3104 19292 318 NA NA NA NA NA NA 1259 6632 349 NA NA NA NA NA 
1741989600.0 145.411 NA 443 684 0 NA NA NA NA NA NA 635 987 0 NA NA NA NA NA NA 2530 16091 342 NA NA NA NA NA NA 1155 5844 391 NA NA NA NA NA 
1741989600.0 145.412 NA 470 710 0 NA NA NA NA NA NA 647 1042 0 NA NA NA NA NA NA 2661 18692 322 NA NA NA NA NA NA 1134 6537 367 NA NA NA NA NA 
1741989600.0 145.413 NA 458 714 0 NA NA NA NA NA NA 675 1045 0 NA NA NA NA NA NA 2879 18347 316 NA NA NA NA NA NA 1248 6536 349 NA NA NA NA NA 
1741989600.0 145.414 NA 414 711 0 NA NA NA NA NA NA 617 1022 0 NA NA NA NA NA NA 2098 12314 339 NA NA NA NA NA NA 1070 4870 378 NA NA NA NA NA 
1741989600.0 145.415 421 669 0 NA NA NA NA NA NA 628 901 0 NA NA NA NA NA NA 796 3172 293 NA NA NA NA NA NA 741 2704 314 NA NA NA NA NA NA 
1741989600.0 145.5 NA 466 697 0 NA NA NA NA NA NA 685 996 0 NA NA NA NA NA NA 3080 20033 317 NA NA NA NA NA NA 1243 6859 345 NA NA NA NA NA 
1741989600.0 145.501 NA 481 742 0 NA NA NA NA NA NA 712 1042 0 NA NA NA NA NA NA 3589 20456 325 NA NA NA NA NA NA 1401 6915 358 NA NA NA NA NA 
1741989600.0 145.502 NA 445 729 0 NA NA NA NA NA NA 659 1039 0 NA NA NA NA NA NA 3022 18569 323 NA NA NA NA NA NA 1277 6598 360 NA NA NA NA NA 
1741989600.0 145.503 NA 457 708 0 NA NA NA NA NA NA 683 1019 0 NA NA NA NA NA NA 2988 17834 329 NA NA NA NA NA NA 1273 6365 367 NA NA NA NA NA 
1741989600.0 145.504 NA 436 701 0 NA NA NA NA NA NA 677 1033 0 NA NA NA NA NA NA 3002 19310 320 NA NA NA NA NA NA 1239 6687 359 NA NA NA NA NA 
1741989600.0 145.505 NA 458 701 0 NA NA NA NA NA NA 655 1020 0 NA NA NA NA NA NA 2917 17283 336 NA NA NA NA NA NA 1228 6233 387 NA NA NA NA NA 
1741989600.0 145.506 NA 455 704 0 NA NA NA NA NA NA 704 1027 0 NA NA NA NA NA NA 3178 18953 316 NA NA NA NA NA NA 1314 6651 346 NA NA NA NA NA 
1741989600.0 145.507 NA 444 705 0 NA NA NA NA NA NA 645 1007 0 NA NA NA NA NA NA 2391 13102 328 NA NA NA NA NA NA 1087 5093 357 NA NA NA NA NA 
1741989600.0 145.508 NA 454 707 0 NA NA NA NA NA NA 637 985 0 NA NA NA NA NA NA 3108 16335 326 NA NA NA NA NA NA 1324 5922 367 NA NA NA NA NA 
1741989600.0 145.509 NA 447 719 0 NA NA NA NA NA NA 690 1023 0 NA NA NA NA NA NA 3328 19668 321 NA NA NA NA NA NA 1339 6727 360 NA NA NA NA NA 
1741989600.0 145.51 NA 478 716 0 NA NA NA NA NA NA 671 1039 0 NA NA NA NA NA NA 3451 20115 317 NA NA NA NA NA NA 1358 6859 348 NA NA NA NA NA 
1741989600.0 145.511 NA 448 716 0 NA NA NA NA NA NA 675 1023 0 NA NA NA NA NA NA 2677 16387 338 NA NA NA NA NA NA 1156 5952 393 NA NA NA NA NA 
1741989600.0 145.512 NA 443 713 0 NA NA NA NA NA NA 658 1043 0 NA NA NA NA NA NA 2927 18669 331 NA NA NA NA NA NA 1259 6555 377 NA NA NA NA NA 
1741989600.0 145.513 NA 427 696 0 NA NA NA NA NA NA 685 1023 0 NA NA NA NA NA NA 3119 18287 337 NA NA NA NA NA NA 1330 6478 392 NA NA NA NA NA 
1741989600.0 145.514 NA 416 718 0 NA NA NA NA NA NA 633 1005 0 NA NA NA NA NA NA 2250 12383 335 NA NA NA NA NA NA 1108 4925 377 NA NA NA NA NA 
1741989600.0 145.6 NA 468 717 0 NA NA NA NA NA NA 647 1039 0 NA NA NA NA NA NA 2982 19617 333 NA NA NA NA NA NA 1224 6769 376 NA NA NA NA NA 
1741989600.0 145.601 NA 482 722 0 NA NA NA NA NA NA 674 1020 0 NA NA NA NA NA NA 3703 21132 320 NA NA NA NA NA NA 1435 7249 368 NA NA NA NA NA 
1741989600.0 145.602 NA 466 711 0 NA NA NA NA NA NA 663 1025 0 NA NA NA NA NA NA 2928 18501 337 NA NA NA NA NA NA 1221 6443 382 NA NA NA NA NA 
1741989600.0 145.603 NA 455 724 0 NA NA NA NA NA NA 656 969 0 NA NA NA NA NA NA 2858 16319 330 NA NA NA NA NA NA 1209 5916 368 NA NA NA NA NA 
1741989600.0 145.604 NA 469 727 0 NA NA NA NA NA NA 666 1051 0 NA NA NA NA NA NA 2885 19955 330 NA NA NA NA NA NA 1207 6898 364 NA NA NA NA NA 
1741989600.0 145.605 NA 455 711 0 NA NA NA NA NA NA 675 1001 0 NA NA NA NA NA NA 3011 17872 318 NA NA NA NA NA NA 1285 6439 348 NA NA NA NA NA 
1741989600.0 145.606 NA 461 717 0 NA NA NA NA NA NA 685 963 0 NA NA NA NA NA NA 2966 15917 324 NA NA NA NA NA NA 1232 5776 361 NA NA NA NA NA 
1741989600.0 145.607 NA 446 680 0 NA NA NA NA NA NA 633 995 0 NA NA NA NA NA NA 2243 12535 337 NA NA NA NA NA NA 1103 5019 372 NA NA NA NA NA 
1741989600.0 145.608 NA 428 718 0 NA NA NA NA NA NA 654 1032 0 NA NA NA NA NA NA 3180 17219 334 NA NA NA NA NA NA 1335 6232 386 NA NA NA NA NA 
1741989600.0 145.609 NA 463 724 0 NA NA NA NA NA NA 643 1019 0 NA NA NA NA NA NA 3117 19589 320 NA NA NA NA NA NA 1279 6790 355 NA NA NA NA NA 
1741989600.0 145.61 NA 482 706 0 NA NA NA NA NA NA 666 1027 0 NA NA NA NA NA NA 3305 19443 323 NA NA NA NA NA NA 1301 6664 358 NA NA NA NA NA 
1741989600.0 145.611 NA 420 716 0 NA NA NA NA NA NA 653 969 0 NA NA NA NA NA NA 2533 15017 331 NA NA NA NA NA NA 1138 5537 374 NA NA NA NA NA 
1741989600.0 145.612 NA 466 723 0 NA NA NA NA NA NA 677 1048 0 NA NA NA NA NA NA 2905 18894 314 NA NA NA NA NA NA 1220 6602 346 NA NA NA NA NA 
1741989600.0 145.613 NA 436 713 0 NA NA NA NA NA NA 647 975 0 NA NA NA NA NA NA 2838 18143 322 NA NA NA NA NA NA 1229 6473 358 NA NA NA NA NA 
1741989600.0 145.614 NA 436 698 0 NA NA NA NA NA NA 646 1012 0 NA NA NA NA NA NA 2239 12331 327 NA NA NA NA NA NA 1099 4959 361 NA NA NA NA NA 
1741989600.0 145.7 NA 438 715 0 NA NA NA NA NA NA 663 1027 0 NA NA NA NA NA NA 3117 20057 310 NA NA NA NA NA NA 1303 6823 337 NA NA NA NA NA 
1741989600.0 145.701 NA 493 714 0 NA NA NA NA NA NA 709 995 0 NA NA NA NA NA NA 3615 21411 320 NA NA NA NA NA NA 1404 7233 354 NA NA NA NA NA 
1741989600.0 145.702 NA 444 714 0 NA NA NA NA NA NA 667 985 0 NA NA NA NA NA NA 2995 18104 322 NA NA NA NA NA NA 1270 6509 352 NA NA NA NA NA 
1741989600.0 145.703 NA 434 720 0 NA NA NA NA NA NA 646 1007 0 NA NA NA NA NA NA 3243 18561 339 NA NA NA NA NA NA 1324 6545 394 NA NA NA NA NA 
1741989600.0 145.704 NA 494 734 0 NA NA NA NA NA NA 675 1131 0 NA NA NA NA NA NA 3269 22779 322 NA NA NA NA NA NA 1337 7587 366 NA NA NA NA NA 
1741989600.0 145.705 NA 428 724 0 NA NA NA NA NA NA 658 1027 0 NA NA NA NA NA NA 3046 18905 337 NA NA NA NA NA NA 1267 6617 378 NA NA NA NA NA 
1741989600.0 145.706 NA 481 709 0 NA NA NA NA NA NA 666 995 0 NA NA NA NA NA NA 3214 19706 325 NA NA NA NA NA NA 1291 6800 361 NA NA NA NA NA 
1741989600.0 145.707 NA 389 710 0 NA NA NA NA NA NA 665 1003 0 NA NA NA NA NA NA 2462 13859 335 NA NA NA NA NA NA 1157 5343 374 NA NA NA NA NA 
1741989600.0 145.708 NA 414 701 0 NA NA NA NA NA NA 643 974 0 NA NA NA NA NA NA 3212 17471 323 NA NA NA NA NA NA 1365 6292 362 NA NA NA NA NA 
1741989600.0 145.709 NA 467 734 0 NA NA NA NA NA NA 693 1019 0 NA NA NA NA NA NA 3028 19925 322 NA NA NA NA NA NA 1261 6758 351 NA NA NA NA NA 
1741989600.0 145.71 NA 451 714 0 NA NA NA NA NA NA 666 1043 0 NA NA NA NA NA NA 3605 21814 324 NA NA NA NA NA NA 1445 7292 367 NA NA NA NA NA 
1741989600.0 145.711 NA 460 670 0 NA NA NA NA NA NA 675 1038 0 NA NA NA NA NA NA 2839 19311 328 NA NA NA NA NA NA 1194 6677 383 NA NA NA NA NA 
1741989600.0 145.712 NA 440 720 0 NA NA NA NA NA NA 675 1049 0 NA NA NA NA NA NA 3077 20658 324 NA NA NA NA NA NA 1298 6943 355 NA NA NA NA NA 
1741989600.0 145.713 NA 437 707 0 NA NA NA NA NA NA 655 1020 0 NA NA NA NA NA NA 3027 19465 325 NA NA NA NA NA NA 1271 6664 364 NA NA NA NA NA 
1741989600.0 145.714 NA 453 741 0 NA NA NA NA NA NA 646 1032 0 NA NA NA NA NA NA 2432 13593 323 NA NA NA NA NA NA 1137 5127 363 NA NA NA NA NA 
1741989600.0 148.0 114 287 528 0 NA NA NA NA NA 202 398 728 0 NA NA NA NA NA 1266 617 1514 348 NA NA NA NA NA 1333 816 1603 370 NA NA NA NA NA 
1741989600.0 149.0 110 285 522 0 NA NA NA NA NA 192 384 739 0 NA NA NA NA NA 495 815 1399 332 NA NA NA NA NA 500 631 1524 344 NA NA NA NA NA 
1741989600.0 149.1 121 260 523 0 NA NA NA NA NA 192 394 775 0 NA NA NA NA NA 775 391 1367 333 NA NA NA NA NA 682 376 1265 345 NA NA NA NA NA 
1741989600.0 15.0 NA 195 400 0 NA NA NA NA NA NA 303 571 0 NA NA NA NA NA NA 972 1622 281 NA NA NA NA NA NA 503 1307 334 NA NA NA NA NA 
1741989600.0 158.0 94 253 517 122 0 NA NA NA NA 197 366 741 194 0 NA NA NA NA 1429 399 1396 212 382 NA NA NA NA 1527 489 1275 246 416 NA NA NA NA 
1741989600.0 158.1 NA 290 532 0 NA NA NA NA NA NA 431 735 0 NA NA NA NA NA NA 485 1413 374 NA NA NA NA NA NA 473 1183 427 NA NA NA NA NA 
1741989600.0 158.2 NA 292 503 0 NA NA NA NA NA NA 422 702 0 NA NA NA NA NA NA 493 1528 366 NA NA NA NA NA NA 495 1570 394 NA NA NA NA NA 
1741989600.0 158.3 NA 289 494 0 NA NA NA NA NA NA 427 754 0 NA NA NA NA NA NA 477 1360 365 NA NA NA NA NA NA 556 1146 416 NA NA NA NA NA 
1741989600.0 158.5 166 375 633 125 0 NA NA NA NA 307 563 845 192 0 NA NA NA NA 10717 1664 10958 255 400 NA NA NA NA 10719 1678 4504 385 452 NA NA NA NA 
1741989600.0 159.0 126 253 493 122 0 NA NA NA NA 199 354 708 192 0 NA NA NA NA 1496 380 1201 200 338 NA NA NA NA 1449 409 1050 240 351 NA NA NA NA 
1741989600.0 159.01 NA 200 0 NA NA NA NA NA NA NA 327 0 NA NA NA NA NA NA NA 1256 150 NA NA NA NA NA NA NA 917 192 NA NA NA NA NA NA 
1741989600.0 159.02 125 250 141 490 122 0 NA NA NA 195 344 198 721 197 0 NA NA NA 1547 406 306 1214 202 350 NA NA NA 1489 381 397 1060 224 436 NA NA NA 
1741989600.0 159.03 164 347 199 312 196 NA NA NA NA 302 489 305 511 279 NA NA NA NA 10173 1753 414 918 500 NA NA NA NA 10045 1719 458 848 453 NA NA NA NA 
1741989600.0 159.1 129 280 511 0 NA NA NA NA NA 200 388 716 0 NA NA NA NA NA 1610 473 1311 351 NA NA NA NA NA 913 400 1149 371 NA NA NA NA NA 
1741989600.0 159.2 129 282 508 0 NA NA NA NA NA 201 392 715 0 NA NA NA NA NA 1318 471 1297 348 NA NA NA NA NA 812 572 1159 364 NA NA NA NA NA 
1741989600.0 159.3 129 284 511 0 NA NA NA NA NA 199 403 729 0 NA NA NA NA NA 1280 472 1297 372 NA NA NA NA NA 904 385 1179 558 NA NA NA NA NA 
1741989600.0 159.4 128 277 508 0 NA NA NA NA NA 201 382 701 0 NA NA NA NA NA 1312 465 1277 346 NA NA NA NA NA 774 392 1156 364 NA NA NA NA NA 
1741989600.0 16.0 NA 210 423 0 NA NA NA NA NA NA 320 602 0 NA NA NA NA NA NA 995 2004 300 NA NA NA NA NA NA 508 1469 366 NA NA NA NA NA 
1741989600.0 160.0 90 251 496 122 0 NA NA NA NA 190 353 712 199 0 NA NA NA NA 1131 411 1128 200 338 NA NA NA NA 1102 395 1018 237 359 NA NA NA NA 
1741989600.0 160.02 119 252 135 493 122 0 NA NA NA 192 372 197 731 198 0 NA NA NA 1133 411 298 1140 204 333 NA NA NA 1101 385 325 1056 292 345 NA NA NA 
1741989600.0 160.03 110 241 127 296 184 NA NA NA NA 182 340 185 451 267 NA NA NA NA 716 397 299 557 315 NA NA NA NA 666 385 510 629 273 NA NA NA NA 
1741989600.0 160.1 130 308 522 0 NA NA NA NA NA 201 430 754 0 NA NA NA NA NA 1394 650 1317 351 NA NA NA NA NA 804 420 1171 371 NA NA NA NA NA 
1741989600.0 160.2 126 306 518 0 NA NA NA NA NA 199 427 747 0 NA NA NA NA NA 1112 632 1234 335 NA NA NA NA NA 939 422 1163 348 NA NA NA NA NA 
1741989600.0 160.3 126 304 519 0 NA NA NA NA NA 197 419 727 0 NA NA NA NA NA 984 629 1279 356 NA NA NA NA NA 809 582 1143 376 NA NA NA NA NA 
1741989600.0 160.4 126 302 517 0 NA NA NA NA NA 200 409 727 0 NA NA NA NA NA 1132 639 1245 347 NA NA NA NA NA 925 447 1161 364 NA NA NA NA NA 
1741989600.0 160.401 112 240 126 483 175 NA NA NA NA 184 356 182 642 275 NA NA NA NA 712 401 298 1052 280 NA NA NA NA 659 396 393 990 280 NA NA NA NA 
1741989600.0 161.0 119 340 556 123 0 NA NA NA NA 190 575 763 192 0 NA NA NA NA 1135 512 1456 197 397 NA NA NA NA 1097 463 1454 218 414 NA NA NA NA 
1741989600.0 161.02 120 337 152 551 123 0 NA NA NA 190 579 222 781 188 0 NA NA NA 1156 519 318 1475 220 429 NA NA NA 1110 510 344 1704 259 551 NA NA NA 
1741989600.0 161.03 111 304 140 300 186 NA NA NA NA 184 458 196 476 269 NA NA NA NA 717 467 306 563 320 NA NA NA NA 671 439 349 655 284 NA NA NA NA 
1741989600.0 161.1 129 439 580 0 NA NA NA NA NA 200 703 794 0 NA NA NA NA NA 1361 666 1512 402 NA NA NA NA NA 800 497 1338 416 NA NA NA NA NA 
1741989600.0 161.2 107 414 576 0 NA NA NA NA NA 199 706 785 0 NA NA NA NA NA 1109 654 1495 402 NA NA NA NA NA 739 542 1434 419 NA NA NA NA NA 
1741989600.0 161.3 119 405 590 0 NA NA NA NA NA 197 693 776 0 NA NA NA NA NA 967 632 1503 398 NA NA NA NA NA 689 494 1328 415 NA NA NA NA NA 
1741989600.0 161.4 106 392 575 0 NA NA NA NA NA 201 939 816 0 NA NA NA NA NA 1140 659 1517 393 NA NA NA NA NA 833 552 1471 420 NA NA NA NA NA 
1741989600.0 16434.0 NA 621 0 NA NA NA NA NA NA NA 882 0 NA NA NA NA NA NA NA 3760 274 NA NA NA NA NA NA NA 1808 314 NA NA NA NA NA NA 
1741989600.0 16634.0 NA 807 0 NA NA NA NA NA NA NA 1157 0 NA NA NA NA NA NA NA 7353 222 NA NA NA NA NA NA NA 2785 236 NA NA NA NA NA NA 
1741989600.0 16834.0 NA 484 675 0 164 NA NA NA NA NA 656 939 0 247 NA NA NA NA NA 1071 2394 505 286 NA NA NA NA NA 795 2040 547 289 NA NA NA NA 
1741989600.0 17.0 NA 206 408 0 NA NA NA NA NA NA 324 612 0 NA NA NA NA NA NA 973 1699 278 NA NA NA NA NA NA 513 1309 294 NA NA NA NA NA 
1741989600.0 17034.0 NA 828 1070 0 NA NA NA NA NA NA 1164 1552 0 NA NA NA NA NA NA 3736 6101 561 NA NA NA NA NA NA 1731 3302 622 NA NA NA NA NA 
1741989600.0 18.0 NA 194 398 0 NA NA NA NA NA NA 306 578 0 NA NA NA NA NA NA 987 1562 267 NA NA NA NA NA NA 519 1273 282 NA NA NA NA NA 
1741989600.0 180.0 98 298 542 124 0 NA NA NA NA 189 416 779 192 0 NA NA NA NA 760 609 1398 200 324 NA NA NA NA 671 392 1529 253 336 NA NA NA NA 
1741989600.0 180.1 0 NA NA NA NA NA NA NA NA 0 NA NA NA NA NA NA NA NA 817 NA NA NA NA NA NA NA NA 680 NA NA NA NA NA NA NA NA 
1741989600.0 181.0 117 370 598 125 0 NA NA NA NA 190 609 817 192 0 NA NA NA NA 764 613 1736 203 392 NA NA NA NA 628 469 1677 219 406 NA NA NA NA 
1741989600.0 181.1 0 NA NA NA NA NA NA NA NA 0 NA NA NA NA NA NA NA NA 802 NA NA NA NA NA NA NA NA 644 NA NA NA NA NA NA NA NA 
1741989600.0 182.0 116 369 597 126 0 NA NA NA NA 188 601 831 191 0 NA NA NA NA 767 636 1797 215 413 NA NA NA NA 641 525 1934 249 512 NA NA NA NA 
1741989600.0 182.1 0 NA NA NA NA NA NA NA NA 0 NA NA NA NA NA NA NA NA 784 NA NA NA NA NA NA NA NA 621 NA NA NA NA NA NA NA NA 
1741989600.0 19.0 NA 194 397 0 NA NA NA NA NA NA 302 569 0 NA NA NA NA NA NA 990 1624 272 NA NA NA NA NA NA 523 1311 292 NA NA NA NA NA 
1741989600.0 2.0 138 198 322 NA NA NA NA NA NA 241 287 458 NA NA NA NA NA NA 1653 455 876 NA NA NA NA NA NA 728 413 824 NA NA NA NA NA NA 
1741989600.0 20.0 NA 195 399 0 NA NA NA NA NA NA 313 578 0 NA NA NA NA NA NA 1002 1814 317 NA NA NA NA NA NA 509 1338 336 NA NA NA NA NA 
1741989600.0 200.0 NA 259 485 0 NA NA NA NA NA NA 402 717 0 NA NA NA NA NA NA 598 1691 309 NA NA NA NA NA NA 552 1548 320 NA NA NA NA NA 
1741989600.0 2017.1 437 0 219 161 NA NA NA NA NA 670 0 332 256 NA NA NA NA NA 778 230 497 311 NA NA NA NA NA 716 276 497 372 NA NA NA NA NA 
1741989600.0 2017.11 495 0 217 151 NA NA NA NA NA 670 0 332 262 NA NA NA NA NA 880 237 630 339 NA NA NA NA NA 717 304 539 405 NA NA NA NA NA 
1741989600.0 2017.12 492 0 217 160 NA NA NA NA NA 646 0 349 245 NA NA NA NA NA 756 222 476 303 NA NA NA NA NA 761 267 516 341 NA NA NA NA NA 
1741989600.0 2017.13 477 0 NA NA NA NA NA NA NA 679 0 NA NA NA NA NA NA NA 765 351 NA NA NA NA NA NA NA 673 401 NA NA NA NA NA NA NA 
1741989600.0 2017.2 413 0 211 158 NA NA NA NA NA 595 0 333 253 NA NA NA NA NA 672 196 441 315 NA NA NA NA NA 678 243 496 410 NA NA NA NA NA 
1741989600.0 2017.3 411 0 198 160 NA NA NA NA NA 576 0 329 253 NA NA NA NA NA 713 194 473 316 NA NA NA NA NA 759 233 525 385 NA NA NA NA NA 
1741989600.0 2017.4 489 0 206 155 NA NA NA NA NA 654 0 328 248 NA NA NA NA NA 735 219 469 305 NA NA NA NA NA 726 267 521 371 NA NA NA NA NA 
1741989600.0 2017.5 489 0 215 154 NA NA NA NA NA 630 0 340 246 NA NA NA NA NA 713 212 481 301 NA NA NA NA NA 697 251 531 340 NA NA NA NA NA 
1741989600.0 2017.6 455 0 219 155 NA NA NA NA NA 634 0 337 251 NA NA NA NA NA 784 222 496 307 NA NA NA NA NA 751 267 511 351 NA NA NA NA NA 
1741989600.0 2017.7 466 0 210 154 NA NA NA NA NA 657 0 321 257 NA NA NA NA NA 731 219 456 334 NA NA NA NA NA 716 267 492 429 NA NA NA NA NA 
1741989600.0 2017.8 205 NA NA NA NA NA NA NA NA 310 NA NA NA NA NA NA NA NA 477 NA NA NA NA NA NA NA NA 319 NA NA NA NA NA NA NA NA 
1741989600.0 2017.9 457 0 204 161 NA NA NA NA NA 659 0 337 255 NA NA NA NA NA 709 220 463 297 NA NA NA NA NA 701 269 507 339 NA NA NA NA NA 
1741989600.0 2018.1 489 0 222 163 NA NA NA NA NA 659 0 328 251 NA NA NA NA NA 814 234 484 328 NA NA NA NA NA 778 288 505 402 NA NA NA NA NA 
1741989600.0 2018.11 469 0 225 166 NA NA NA NA NA 670 0 348 257 NA NA NA NA NA 898 225 622 320 NA NA NA NA NA 736 268 506 369 NA NA NA NA NA 
1741989600.0 2018.12 484 0 214 163 NA NA NA NA NA 654 0 333 251 NA NA NA NA NA 776 225 484 315 NA NA NA NA NA 737 273 526 356 NA NA NA NA NA 
1741989600.0 2018.13 503 0 NA NA NA NA NA NA NA 700 0 NA NA NA NA NA NA NA 777 345 NA NA NA NA NA NA NA 673 383 NA NA NA NA NA NA NA 
1741989600.0 2018.2 409 0 213 165 NA NA NA NA NA 591 0 317 246 NA NA NA NA NA 699 208 441 327 NA NA NA NA NA 692 262 482 425 NA NA NA NA NA 
1741989600.0 2018.3 415 0 211 154 NA NA NA NA NA 560 0 331 249 NA NA NA NA NA 675 208 432 327 NA NA NA NA NA 663 266 460 409 NA NA NA NA NA 
1741989600.0 2018.4 458 0 215 157 NA NA NA NA NA 643 0 330 249 NA NA NA NA NA 758 225 484 328 NA NA NA NA NA 715 264 543 396 NA NA NA NA NA 
1741989600.0 2018.5 455 0 198 161 NA NA NA NA NA 641 0 328 258 NA NA NA NA NA 730 222 481 325 NA NA NA NA NA 670 265 532 385 NA NA NA NA NA 
1741989600.0 2018.6 451 0 216 164 NA NA NA NA NA 665 0 346 259 NA NA NA NA NA 787 220 533 320 NA NA NA NA NA 703 264 603 388 NA NA NA NA NA 
1741989600.0 2018.7 455 0 216 163 NA NA NA NA NA 671 0 332 259 NA NA NA NA NA 764 222 452 328 NA NA NA NA NA 759 273 480 405 NA NA NA NA NA 
1741989600.0 2018.8 205 NA NA NA NA NA NA NA NA 310 NA NA NA NA NA NA NA NA 476 NA NA NA NA NA NA NA NA 305 NA NA NA NA NA NA NA NA 
1741989600.0 2018.9 456 0 215 163 NA NA NA NA NA 643 0 325 251 NA NA NA NA NA 706 219 442 312 NA NA NA NA NA 641 271 470 347 NA NA NA NA NA 
1741989600.0 202.0 NA 262 484 0 NA NA NA NA NA NA 416 701 0 NA NA NA NA NA NA 631 1853 309 NA NA NA NA NA NA 602 1582 321 NA NA NA NA NA 
1741989600.0 203.0 NA 272 498 0 NA NA NA NA NA NA 414 708 0 NA NA NA NA NA NA 654 1796 305 NA NA NA NA NA NA 551 1471 319 NA NA NA NA NA 
1741989600.0 204.0 122 269 496 0 NA NA NA NA NA 244 392 720 0 NA NA NA NA NA 1069 630 1747 303 NA NA NA NA NA 490 516 1407 320 NA NA NA NA NA 
1741989600.0 205.0 NA 262 472 0 NA NA NA NA NA NA 430 703 0 NA NA NA NA NA NA 649 1756 311 NA NA NA NA NA NA 540 1731 322 NA NA NA NA NA 
1741989600.0 21.0 NA 209 402 0 NA NA NA NA NA NA 307 609 0 NA NA NA NA NA NA 1012 1863 322 NA NA NA NA NA NA 522 1329 341 NA NA NA NA NA 
1741989600.0 22.0 NA 210 405 0 NA NA NA NA NA NA 327 598 0 NA NA NA NA NA NA 1046 2162 317 NA NA NA NA NA NA 520 1495 339 NA NA NA NA NA 
1741989600.0 23.0 NA 225 435 0 NA NA NA NA NA NA 343 627 0 NA NA NA NA NA NA 1142 2206 372 NA NA NA NA NA NA 544 1443 388 NA NA NA NA NA 
1741989600.0 23634.0 NA 616 651 0 236 NA NA NA NA NA 813 824 0 340 NA NA NA NA NA 1644 2141 440 783 NA NA NA NA NA 1061 1761 552 807 NA NA NA NA 
1741989600.0 24.0 NA 225 439 0 NA NA NA NA NA NA 347 637 0 NA NA NA NA NA NA 1221 2967 361 NA NA NA NA NA NA 615 1709 384 NA NA NA NA NA 
1741989600.0 24034.0 NA 512 601 0 234 NA NA NA NA NA 721 826 0 340 NA NA NA NA NA 1371 2073 411 779 NA NA NA NA NA 759 1696 431 744 NA NA NA NA 
1741989600.0 24834.0 NA 637 647 0 238 NA NA NA NA NA 824 893 0 336 NA NA NA NA NA 1656 2146 432 769 NA NA NA NA NA 1017 1765 509 740 NA NA NA NA 
1741989600.0 24834.911 142 603 652 0 237 NA NA NA NA 233 794 871 0 334 NA NA NA NA 6894 4507 4962 1324 912 NA NA NA NA 3355 2673 3057 1399 981 NA NA NA NA 
1741989600.0 25.0 NA 226 467 0 128 NA NA NA NA NA 358 660 0 202 NA NA NA NA NA 1260 3301 337 223 NA NA NA NA NA 596 1802 350 243 NA NA NA NA 
1741989600.0 2500.001 NA 265 0 NA NA NA NA NA NA NA 413 0 NA NA NA NA NA NA NA 31265 114 NA NA NA NA NA NA NA 8332 145 NA NA NA NA NA NA 
1741989600.0 2500.002 NA 283 0 NA NA NA NA NA NA NA 585 0 NA NA NA NA NA NA NA 36741 116 NA NA NA NA NA NA NA 9998 145 NA NA NA NA NA NA 
1741989600.0 2500.003 NA 315 0 NA NA NA NA NA NA NA 549 0 NA NA NA NA NA NA NA 34891 113 NA NA NA NA NA NA NA 9486 142 NA NA NA NA NA NA 
1741989600.0 2500.011 NA 271 0 NA NA NA NA NA NA NA 448 0 NA NA NA NA NA NA NA 18856 111 NA NA NA NA NA NA NA 5578 164 NA NA NA NA NA NA 
1741989600.0 2500.012 NA 249 0 NA NA NA NA NA NA NA 451 0 NA NA NA NA NA NA NA 36836 118 NA NA NA NA NA NA NA 9980 160 NA NA NA NA NA NA 
1741989600.0 2500.013 NA 257 0 NA NA NA NA NA NA NA 447 0 NA NA NA NA NA NA NA 24599 126 NA NA NA NA NA NA NA 6858 173 NA NA NA NA NA NA 
1741989600.0 2500.021 NA 273 162 0 NA NA NA NA NA NA 401 270 0 NA NA NA NA NA NA 1637 555 135 NA NA NA NA NA NA 1152 622 170 NA NA NA NA NA 
1741989600.0 2500.022 NA 274 161 0 NA NA NA NA NA NA 406 267 0 NA NA NA NA NA NA 1668 551 136 NA NA NA NA NA NA 1103 616 182 NA NA NA NA NA 
1741989600.0 2500.023 NA 262 160 0 NA NA NA NA NA NA 404 272 0 NA NA NA NA NA NA 1676 544 134 NA NA NA NA NA NA 1175 603 175 NA NA NA NA NA 
1741989600.0 2500.024 NA 290 198 0 NA NA NA NA NA NA 444 287 0 NA NA NA NA NA NA 1813 507 119 NA NA NA NA NA NA 1073 514 178 NA NA NA NA NA 
1741989600.0 2500.031 NA 280 171 0 NA NA NA NA NA NA 453 237 0 NA NA NA NA NA NA 1744 478 115 NA NA NA NA NA NA 1057 552 139 NA NA NA NA NA 
1741989600.0 2500.032 NA 247 157 0 NA NA NA NA NA NA 441 237 0 NA NA NA NA NA NA 1798 479 128 NA NA NA NA NA NA 1107 551 168 NA NA NA NA NA 
1741989600.0 2500.033 NA 290 155 0 NA NA NA NA NA NA 453 245 0 NA NA NA NA NA NA 1729 513 129 NA NA NA NA NA NA 1053 593 170 NA NA NA NA NA 
1741989600.0 2500.034 NA 290 158 0 NA NA NA NA NA NA 452 262 0 NA NA NA NA NA NA 1715 546 108 NA NA NA NA NA NA 1012 642 130 NA NA NA NA NA 
1741989600.0 2500.101 NA 295 0 NA NA NA NA NA NA NA 515 0 NA NA NA NA NA NA NA 9485 104 NA NA NA NA NA NA NA 3028 116 NA NA NA NA NA NA 
1741989600.0 2500.111 NA 222 0 NA NA NA NA NA NA NA 381 0 NA NA NA NA NA NA NA 5862 120 NA NA NA NA NA NA NA 2198 162 NA NA NA NA NA NA 
1741989600.0 2500.112 NA 229 0 NA NA NA NA NA NA NA 356 0 NA NA NA NA NA NA NA 1097 141 NA NA NA NA NA NA NA 784 192 NA NA NA NA NA NA 
1741989600.0 2500.131 NA 131 NA NA NA NA NA NA NA NA 250 NA NA NA NA NA NA NA NA 4412 NA NA NA NA NA NA NA NA 1329 NA NA NA NA NA NA NA 
1741989600.0 2500.201 NA 234 0 NA NA NA NA NA NA NA 411 0 NA NA NA NA NA NA NA 10110 109 NA NA NA NA NA NA NA 4412 136 NA NA NA NA NA NA 
1741989600.0 2500.211 NA 257 0 NA NA NA NA NA NA NA 414 0 NA NA NA NA NA NA NA 6232 94 NA NA NA NA NA NA NA 2178 105 NA NA NA NA NA NA 
1741989600.0 2500.212 NA 228 0 NA NA NA NA NA NA NA 360 0 NA NA NA NA NA NA NA 1173 132 NA NA NA NA NA NA NA 718 195 NA NA NA NA NA NA 
1741989600.0 2500.221 NA 209 NA NA NA NA NA NA NA NA 345 NA NA NA NA NA NA NA NA 1449 NA NA NA NA NA NA NA NA 685 NA NA NA NA NA NA NA 
1741989600.0 2500.222 NA 222 NA NA NA NA NA NA NA NA 362 NA NA NA NA NA NA NA NA 1545 NA NA NA NA NA NA NA NA 764 NA NA NA NA NA NA NA 
1741989600.0 2500.223 NA 238 NA NA NA NA NA NA NA NA 371 NA NA NA NA NA NA NA NA 4166 NA NA NA NA NA NA NA NA 1337 NA NA NA NA NA NA NA 
1741989600.0 2500.224 NA 238 NA NA NA NA NA NA NA NA 394 NA NA NA NA NA NA NA NA 19050 NA NA NA NA NA NA NA NA 5080 NA NA NA NA NA NA NA 
1741989600.0 2500.225 NA 261 NA NA NA NA NA NA NA NA 435 NA NA NA NA NA NA NA NA 19893 NA NA NA NA NA NA NA NA 5331 NA NA NA NA NA NA NA 
1741989600.0 2500.226 NA 221 NA NA NA NA NA NA NA NA 347 NA NA NA NA NA NA NA NA 1505 NA NA NA NA NA NA NA NA 730 NA NA NA NA NA NA NA 
1741989600.0 2500.227 NA 141 NA NA NA NA NA NA NA NA 253 NA NA NA NA NA NA NA NA 6367 NA NA NA NA NA NA NA NA 1854 NA NA NA NA NA NA NA 
1741989600.0 2500.228 NA 244 NA NA NA NA NA NA NA NA 420 NA NA NA NA NA NA NA NA 16114 NA NA NA NA NA NA NA NA 7268 NA NA NA NA NA NA NA 
1741989600.0 2500.231 NA 229 NA NA NA NA NA NA NA NA 348 NA NA NA NA NA NA NA NA 1041 NA NA NA NA NA NA NA NA 578 NA NA NA NA NA NA NA 
1741989600.0 2500.232 NA 239 NA NA NA NA NA NA NA NA 366 NA NA NA NA NA NA NA NA 1129 NA NA NA NA NA NA NA NA 685 NA NA NA NA NA NA NA 
1741989600.0 2500.233 NA 255 NA NA NA NA NA NA NA NA 366 NA NA NA NA NA NA NA NA 2987 NA NA NA NA NA NA NA NA 1048 NA NA NA NA NA NA NA 
1741989600.0 2500.234 NA 259 NA NA NA NA NA NA NA NA 411 NA NA NA NA NA NA NA NA 15202 NA NA NA NA NA NA NA NA 4086 NA NA NA NA NA NA NA 
1741989600.0 2500.235 NA 282 NA NA NA NA NA NA NA NA 417 NA NA NA NA NA NA NA NA 15419 NA NA NA NA NA NA NA NA 4167 NA NA NA NA NA NA NA 
1741989600.0 2500.236 NA 239 NA NA NA NA NA NA NA NA 359 NA NA NA NA NA NA NA NA 1040 NA NA NA NA NA NA NA NA 604 NA NA NA NA NA NA NA 
1741989600.0 2500.237 NA 143 NA NA NA NA NA NA NA NA 238 NA NA NA NA NA NA NA NA 4586 NA NA NA NA NA NA NA NA 1340 NA NA NA NA NA NA NA 
1741989600.0 2500.238 NA 264 NA NA NA NA NA NA NA NA 433 NA NA NA NA NA NA NA NA 9378 NA NA NA NA NA NA NA NA 2876 NA NA NA NA NA NA NA 
1741989600.0 2500.241 NA 195 NA NA NA NA NA NA NA NA 390 NA NA NA NA NA NA NA NA 481 NA NA NA NA NA NA NA NA 469 NA NA NA NA NA NA NA 
1741989600.0 2500.242 NA 164 NA NA NA NA NA NA NA NA 261 NA NA NA NA NA NA NA NA 810 NA NA NA NA NA NA NA NA 465 NA NA NA NA NA NA NA 
1741989600.0 2500.243 NA 95 NA NA NA NA NA NA NA NA 186 NA NA NA NA NA NA NA NA 168 NA NA NA NA NA NA NA NA 180 NA NA NA NA NA NA NA 
1741989600.0 2500.244 NA 152 NA NA NA NA NA NA NA NA 297 NA NA NA NA NA NA NA NA 1672 NA NA NA NA NA NA NA NA 762 NA NA NA NA NA NA NA 
1741989600.0 2500.245 NA 164 NA NA NA NA NA NA NA NA 285 NA NA NA NA NA NA NA NA 1318 NA NA NA NA NA NA NA NA 638 NA NA NA NA NA NA NA 
1741989600.0 2500.251 NA 177 NA NA NA NA NA NA NA NA 298 NA NA NA NA NA NA NA NA 1257 NA NA NA NA NA NA NA NA 613 NA NA NA NA NA NA NA 
1741989600.0 2500.301 NA 262 165 0 NA NA NA NA NA NA 424 281 0 NA NA NA NA NA NA 1798 496 132 NA NA NA NA NA NA 1051 458 168 NA NA NA NA NA 
1741989600.0 2500.311 NA 285 178 0 NA NA NA NA NA NA 443 245 0 NA NA NA NA NA NA 1758 467 124 NA NA NA NA NA NA 969 467 165 NA NA NA NA NA 
1741989600.0 2500.901 NA 124 NA NA NA NA NA NA NA NA 244 NA NA NA NA NA NA NA NA 671 NA NA NA NA NA NA NA NA 539 NA NA NA NA NA NA NA 
1741989600.0 2500.902 NA 124 NA NA NA NA NA NA NA NA 231 NA NA NA NA NA NA NA NA 663 NA NA NA NA NA NA NA NA 526 NA NA NA NA NA NA NA 
1741989600.0 2500.911 74 95 NA NA NA NA NA NA NA 112 172 NA NA NA NA NA NA NA 154 204 NA NA NA NA NA NA NA 167 232 NA NA NA NA NA NA NA 
1741989600.0 2500.912 0 NA NA NA NA NA NA NA NA 0 NA NA NA NA NA NA NA NA 108 NA NA NA NA NA NA NA NA 82 NA NA NA NA NA NA NA NA 
1741989600.0 2500.913 0 NA NA NA NA NA NA NA NA 0 NA NA NA NA NA NA NA NA 40 NA NA NA NA NA NA NA NA 53 NA NA NA NA NA NA NA NA 
1741989600.0 250199.0 366 NA NA NA NA NA NA NA NA 599 NA NA NA NA NA NA NA NA 1422 NA NA NA NA NA NA NA NA 805 NA NA NA NA NA NA NA NA 
1741989600.0 250199.17 369 NA NA NA NA NA NA NA NA 582 NA NA NA NA NA NA NA NA 1556 NA NA NA NA NA NA NA NA 908 NA NA NA NA NA NA NA NA 
1741989600.0 250199.18 458 NA NA NA NA NA NA NA NA 720 NA NA NA NA NA NA NA NA 2217 NA NA NA NA NA NA NA NA 1080 NA NA NA NA NA NA NA NA 
1741989600.0 250200.0 NA 435 552 0 NA NA NA NA NA NA 722 767 0 NA NA NA NA NA NA 3500 2000 287 NA NA NA NA NA NA 1551 1382 299 NA NA NA NA NA 
1741989600.0 250200.1 129 430 375 NA NA NA NA NA NA 236 634 540 NA NA NA NA NA NA 1051 653 1218 NA NA NA NA NA NA 533 564 891 NA NA NA NA NA NA 
1741989600.0 250200.117 115 511 405 NA NA NA NA NA NA 201 691 629 NA NA NA NA NA NA 1175 1554 1125 NA NA NA NA NA NA 540 778 907 NA NA NA NA NA NA 
1741989600.0 250200.118 114 655 422 175 NA NA NA NA NA 199 803 605 265 NA NA NA NA NA 1115 1686 1294 306 NA NA NA NA NA 523 870 903 348 NA NA NA NA NA 
1741989600.0 250200.17 NA 532 636 0 NA NA NA NA NA NA 787 868 0 NA NA NA NA NA NA 4569 2079 389 NA NA NA NA NA NA 1779 1879 431 NA NA NA NA NA 
1741989600.0 250200.18 NA 644 663 0 NA NA NA NA NA NA 915 932 0 NA NA NA NA NA NA 5735 2461 370 NA NA NA NA NA NA 2375 1777 387 NA NA NA NA NA 
1741989600.0 250200.182 116 581 682 0 NA NA NA NA NA 195 860 994 0 NA NA NA NA NA 1100 1736 2805 387 NA NA NA NA NA 519 916 1891 419 NA NA NA NA NA 
1741989600.0 250202.0 NA 484 553 0 NA NA NA NA NA NA 743 761 0 NA NA NA NA NA NA 3811 2010 299 NA NA NA NA NA NA 1640 1449 309 NA NA NA NA NA 
1741989600.0 250202.1 NA 335 442 558 0 NA NA NA NA NA 583 668 737 0 NA NA NA NA NA 1362 3765 2165 299 NA NA NA NA NA 773 1505 1554 313 NA NA NA NA 
1741989600.0 250202.118 133 646 465 176 NA NA NA NA NA 201 816 628 268 NA NA NA NA NA 1504 1662 1511 314 NA NA NA NA NA 699 851 960 412 NA NA NA NA NA 
1741989600.0 250202.17 NA 533 648 0 NA NA NA NA NA NA 803 913 0 NA NA NA NA NA NA 4811 2426 402 NA NA NA NA NA NA 1800 1687 480 NA NA NA NA NA 
1741989600.0 250202.171 NA 364 531 645 0 NA NA NA NA NA 583 752 906 0 NA NA NA NA NA 1457 4676 2302 378 NA NA NA NA NA 822 1637 1489 397 NA NA NA NA 
1741989600.0 250202.172 NA 556 646 0 NA NA NA NA NA NA 825 922 0 NA NA NA NA NA NA 4902 2393 394 NA NA NA NA NA NA 1863 1792 448 NA NA NA NA NA 
1741989600.0 250202.18 NA 673 676 0 NA NA NA NA NA NA 899 987 0 NA NA NA NA NA NA 6041 2680 380 NA NA NA NA NA NA 2299 1792 410 NA NA NA NA NA 
1741989600.0 250202.181 NA 445 580 649 0 NA NA NA NA NA 678 882 956 0 NA NA NA NA NA 2217 6357 2934 409 NA NA NA NA NA 1035 2401 1910 454 NA NA NA NA 
1741989600.0 250202.182 117 565 685 0 NA NA NA NA NA 204 857 951 0 NA NA NA NA NA 1497 1710 2643 383 NA NA NA NA NA 763 943 1581 399 NA NA NA NA NA 
1741989600.0 250202.183 117 567 693 0 NA NA NA NA NA 201 870 949 0 NA NA NA NA NA 1603 1684 3016 500 NA NA NA NA NA 731 884 1846 514 NA NA NA NA NA 
1741989600.0 250202.184 NA 420 577 645 0 NA NA NA NA NA 669 882 956 0 NA NA NA NA NA 2208 6691 2976 409 NA NA NA NA NA 1014 2415 1901 444 NA NA NA NA 
1741989600.0 250202.185 NA 426 592 642 0 NA NA NA NA NA 646 875 933 0 NA NA NA NA NA 2206 6721 2815 407 NA NA NA NA NA 1041 2464 1874 443 NA NA NA NA 
1741989600.0 250202.2 NA 513 553 0 NA NA NA NA NA NA 738 742 0 NA NA NA NA NA NA 6277 2017 296 NA NA NA NA NA NA 2077 1526 308 NA NA NA NA NA 
1741989600.0 250202.3 NA 354 475 551 0 NA NA NA NA NA 586 681 766 0 NA NA NA NA NA 1346 5875 1973 294 NA NA NA NA NA 898 1801 1387 306 NA NA NA NA 
1741989600.0 250202.4 NA 512 554 0 NA NA NA NA NA NA 751 750 0 NA NA NA NA NA NA 6235 2116 304 NA NA NA NA NA NA 2070 1867 317 NA NA NA NA NA 
1741989600.0 250202.5 NA 369 501 555 0 NA NA NA NA NA 586 684 755 0 NA NA NA NA NA 1336 5795 2106 292 NA NA NA NA NA 901 1779 1418 306 NA NA NA NA 
1741989600.0 250203.0 NA 436 556 0 NA NA NA NA NA NA 727 766 0 NA NA NA NA NA NA 3595 2062 287 NA NA NA NA NA NA 1557 1586 301 NA NA NA NA NA 
1741989600.0 250203.17 NA 552 645 0 NA NA NA NA NA NA 796 919 0 NA NA NA NA NA NA 4727 2306 396 NA NA NA NA NA NA 1864 1669 549 NA NA NA NA NA 
1741989600.0 250203.18 NA 698 675 0 NA NA NA NA NA NA 896 970 0 NA NA NA NA NA NA 5610 2562 377 NA NA NA NA NA NA 2045 1841 423 NA NA NA NA NA 
1741989600.0 250204.0 NA 425 560 0 NA NA NA NA NA NA 735 788 0 NA NA NA NA NA NA 3602 2007 298 NA NA NA NA NA NA 1617 1646 309 NA NA NA NA NA 
1741989600.0 250204.17 NA 546 648 0 NA NA NA NA NA NA 803 904 0 NA NA NA NA NA NA 4688 2323 398 NA NA NA NA NA NA 1813 1849 474 NA NA NA NA NA 
1741989600.0 250204.18 NA 607 657 0 NA NA NA NA NA NA 912 932 0 NA NA NA NA NA NA 5806 2508 383 NA NA NA NA NA NA 2332 1671 454 NA NA NA NA NA 
1741989600.0 250205.0 NA 476 553 0 NA NA NA NA NA NA 726 755 0 NA NA NA NA NA NA 3536 1931 289 NA NA NA NA NA NA 1577 1364 304 NA NA NA NA NA 
1741989600.0 250205.17 NA 529 629 0 NA NA NA NA NA NA 793 874 0 NA NA NA NA NA NA 4666 2066 391 NA NA NA NA NA NA 1869 1512 640 NA NA NA NA NA 
1741989600.0 250205.18 NA 680 666 0 NA NA NA NA NA NA 899 919 0 NA NA NA NA NA NA 5776 2360 368 NA NA NA NA NA NA 2358 1499 386 NA NA NA NA NA 
1741989600.0 250206.0 NA 519 557 0 NA NA NA NA NA NA 735 739 0 NA NA NA NA NA NA 3472 1990 294 NA NA NA NA NA NA 1398 1377 308 NA NA NA NA NA 
1741989600.0 250206.118 131 539 416 175 NA NA NA NA NA 196 780 593 263 NA NA NA NA NA 692 1448 1031 298 NA NA NA NA NA 481 780 771 332 NA NA NA NA NA 
1741989600.0 250206.17 NA 508 654 0 NA NA NA NA NA NA 809 887 0 NA NA NA NA NA NA 4643 2018 394 NA NA NA NA NA NA 1833 1569 471 NA NA NA NA NA 
1741989600.0 250206.18 NA 603 757 0 NA NA NA NA NA NA 924 1010 0 NA NA NA NA NA NA 5709 2714 390 NA NA NA NA NA NA 2167 1630 418 NA NA NA NA NA 
1741989600.0 250206.181 NA 457 587 697 0 NA NA NA NA NA 682 875 998 0 NA NA NA NA NA 2148 6079 2607 409 NA NA NA NA NA 993 2303 1858 455 NA NA NA NA 
1741989600.0 250206.182 113 553 735 0 NA NA NA NA NA 198 822 994 0 NA NA NA NA NA 693 1475 2118 380 NA NA NA NA NA 541 778 1673 456 NA NA NA NA NA 
1741989600.0 250207.0 NA 445 546 0 NA NA NA NA NA NA 727 766 0 NA NA NA NA NA NA 3400 1837 273 NA NA NA NA NA NA 1639 1414 286 NA NA NA NA NA 
1741989600.0 250207.17 NA 523 625 0 NA NA NA NA NA NA 816 868 0 NA NA NA NA NA NA 4411 1952 367 NA NA NA NA NA NA 1817 1478 400 NA NA NA NA NA 
1741989600.0 250207.18 NA 671 684 0 NA NA NA NA NA NA 915 941 0 NA NA NA NA NA NA 5410 2254 363 NA NA NA NA NA NA 2223 1488 434 NA NA NA NA NA 
1741989600.0 250208.17 NA 522 677 0 NA NA NA NA NA NA 838 948 0 NA NA NA NA NA NA 5116 3096 406 NA NA NA NA NA NA 1899 1785 474 NA NA NA NA NA 
1741989600.0 250208.18 NA 662 725 0 NA NA NA NA NA NA 956 993 0 NA NA NA NA NA NA 6374 3744 401 NA NA NA NA NA NA 2482 2024 430 NA NA NA NA NA 
1741989600.0 250399.0 299 NA NA NA NA NA NA NA NA 442 NA NA NA NA NA NA NA NA 531 NA NA NA NA NA NA NA NA 500 NA NA NA NA NA NA NA NA 
1741989600.0 250399.17 352 NA NA NA NA NA NA NA NA 514 NA NA NA NA NA NA NA NA 743 NA NA NA NA NA NA NA NA 590 NA NA NA NA NA NA NA NA 
1741989600.0 250399.18 347 NA NA NA NA NA NA NA NA 530 NA NA NA NA NA NA NA NA 760 NA NA NA NA NA NA NA NA 590 NA NA NA NA NA NA NA NA 
1741989600.0 250400.0 461 0 199 NA NA NA NA NA NA 687 0 330 NA NA NA NA NA NA 754 182 508 NA NA NA NA NA NA 815 212 590 NA NA NA NA NA NA 
1741989600.0 250400.17 519 0 211 NA NA NA NA NA NA 744 0 337 NA NA NA NA NA NA 891 208 500 NA NA NA NA NA NA 894 246 514 NA NA NA NA NA NA 
1741989600.0 250400.18 501 0 203 NA NA NA NA NA NA 738 0 340 NA NA NA NA NA NA 892 205 532 NA NA NA NA NA NA 805 232 593 NA NA NA NA NA NA 
1741989600.0 250402.0 459 0 204 NA NA NA NA NA NA 688 0 341 NA NA NA NA NA NA 811 199 519 NA NA NA NA NA NA 795 238 505 NA NA NA NA NA NA 
1741989600.0 250402.1 294 437 0 NA NA NA NA NA NA 436 624 0 NA NA NA NA NA NA 544 778 196 NA NA NA NA NA NA 517 675 231 NA NA NA NA NA NA 
1741989600.0 250402.17 534 0 228 NA NA NA NA NA NA 725 0 352 NA NA NA NA NA NA 892 236 498 NA NA NA NA NA NA 755 314 467 NA NA NA NA NA NA 
1741989600.0 250402.171 338 483 0 NA NA NA NA NA NA 509 682 0 NA NA NA NA NA NA 744 921 223 NA NA NA NA NA NA 551 682 259 NA NA NA NA NA NA 
1741989600.0 250402.18 518 0 208 NA NA NA NA NA NA 731 0 347 NA NA NA NA NA NA 942 228 511 NA NA NA NA NA NA 857 273 493 NA NA NA NA NA NA 
1741989600.0 250402.181 345 489 0 NA NA NA NA NA NA 528 707 0 NA NA NA NA NA NA 754 932 221 NA NA NA NA NA NA 544 680 259 NA NA NA NA NA NA 
1741989600.0 250403.0 421 0 198 NA NA NA NA NA NA 664 0 336 NA NA NA NA NA NA 747 188 502 NA NA NA NA NA NA 783 232 519 NA NA NA NA NA NA 
1741989600.0 250403.17 536 0 219 NA NA NA NA NA NA 725 0 357 NA NA NA NA NA NA 854 210 506 NA NA NA NA NA NA 756 252 508 NA NA NA NA NA NA 
1741989600.0 250403.18 540 0 201 NA NA NA NA NA NA 765 0 324 NA NA NA NA NA NA 920 202 520 NA NA NA NA NA NA 884 232 551 NA NA NA NA NA NA 
1741989600.0 250405.0 465 0 201 NA NA NA NA NA NA 651 0 336 NA NA NA NA NA NA 725 192 506 NA NA NA NA NA NA 763 233 553 NA NA NA NA NA NA 
1741989600.0 250405.17 527 0 201 NA NA NA NA NA NA 718 0 337 NA NA NA NA NA NA 869 216 513 NA NA NA NA NA NA 847 255 539 NA NA NA NA NA NA 
1741989600.0 250405.18 478 0 222 NA NA NA NA NA NA 781 0 352 NA NA NA NA NA NA 894 209 486 NA NA NA NA NA NA 827 241 499 NA NA NA NA NA NA 
1741989600.0 250406.0 411 0 195 NA NA NA NA NA NA 638 0 324 NA NA NA NA NA NA 670 183 499 NA NA NA NA NA NA 719 215 585 NA NA NA NA NA NA 
1741989600.0 250406.17 530 0 221 NA NA NA NA NA NA 757 0 344 NA NA NA NA NA NA 810 212 484 NA NA NA NA NA NA 857 247 521 NA NA NA NA NA NA 
1741989600.0 250406.18 502 0 206 NA NA NA NA NA NA 733 0 344 NA NA NA NA NA NA 777 214 450 NA NA NA NA NA NA 764 253 457 NA NA NA NA NA NA 
1741989600.0 250407.0 392 0 194 NA NA NA NA NA NA 609 0 328 NA NA NA NA NA NA 670 169 484 NA NA NA NA NA NA 752 214 525 NA NA NA NA NA NA 
1741989600.0 250407.17 450 0 201 NA NA NA NA NA NA 646 0 328 NA NA NA NA NA NA 784 186 492 NA NA NA NA NA NA 779 221 521 NA NA NA NA NA NA 
1741989600.0 250407.18 442 0 201 NA NA NA NA NA NA 667 0 341 NA NA NA NA NA NA 801 191 475 NA NA NA NA NA NA 813 231 495 NA NA NA NA NA NA 
1741989600.0 250408.0 434 0 221 NA NA NA NA NA NA 665 0 340 NA NA NA NA NA NA 793 193 517 NA NA NA NA NA NA 787 230 552 NA NA NA NA NA NA 
1741989600.0 250408.17 540 0 227 NA NA NA NA NA NA 770 0 344 NA NA NA NA NA NA 907 226 493 NA NA NA NA NA NA 790 272 454 NA NA NA NA NA NA 
1741989600.0 250408.18 545 0 204 NA NA NA NA NA NA 776 0 337 NA NA NA NA NA NA 908 224 541 NA NA NA NA NA NA 760 271 521 NA NA NA NA NA NA 
1741989600.0 250409.0 468 0 204 NA NA NA NA NA NA 688 0 341 NA NA NA NA NA NA 889 203 632 NA NA NA NA NA NA 759 251 535 NA NA NA NA NA NA 
1741989600.0 250409.17 550 0 222 NA NA NA NA NA NA 776 0 347 NA NA NA NA NA NA 1072 223 646 NA NA NA NA NA NA 882 260 536 NA NA NA NA NA NA 
1741989600.0 250409.18 530 0 213 NA NA NA NA NA NA 770 0 337 NA NA NA NA NA NA 1092 233 638 NA NA NA NA NA NA 882 278 523 NA NA NA NA NA NA 
1741989600.0 25200.0 NA 456 722 0 172 NA NA NA NA NA 690 1043 0 258 NA NA NA NA NA 1370 2216 291 303 NA NA NA NA NA 772 1619 304 335 NA NA NA NA 
1741989600.0 25202.0 NA 421 703 0 174 NA NA NA NA NA 674 996 0 262 NA NA NA NA NA 1446 2487 321 336 NA NA NA NA NA 841 1970 354 797 NA NA NA NA 
1741989600.0 25202.1 NA 474 715 0 NA NA NA NA NA NA 710 1006 0 NA NA NA NA NA NA 1670 2267 297 NA NA NA NA NA NA 906 1651 308 NA NA NA NA NA 
1741989600.0 25202.15 NA 442 695 0 196 NA NA NA NA NA 687 1035 0 301 NA NA NA NA NA 1412 2454 315 465 NA NA NA NA NA 853 1891 349 620 NA NA NA NA 
1741989600.0 25202.2 NA 463 695 0 NA NA NA NA NA NA 729 974 0 NA NA NA NA NA NA 1686 2349 305 NA NA NA NA NA NA 933 1678 325 NA NA NA NA NA 
1741989600.0 25203.0 NA 456 752 0 173 NA NA NA NA NA 687 1053 0 268 NA NA NA NA NA 1502 2390 292 297 NA NA NA NA NA 989 1575 304 324 NA NA NA NA 
1741989600.0 25204.0 NA 458 694 0 NA NA NA NA NA NA 687 1001 0 NA NA NA NA NA NA 1387 2361 301 NA NA NA NA NA NA 866 1575 320 NA NA NA NA NA 
1741989600.0 25205.0 NA 427 682 0 172 NA NA NA NA NA 662 1036 0 258 NA NA NA NA NA 1431 2188 285 291 NA NA NA NA NA 952 1685 297 312 NA NA NA NA 
1741989600.0 25206.0 NA 441 745 0 174 NA NA NA NA NA 671 1075 0 269 NA NA NA NA NA 1420 2255 298 288 NA NA NA NA NA 960 1589 311 293 NA NA NA NA 
1741989600.0 25207.0 NA 444 690 0 NA NA NA NA NA NA 671 956 0 NA NA NA NA NA NA 1386 2176 278 NA NA NA NA NA NA 847 1655 292 NA NA NA NA NA 
1741989600.0 25208.0 NA 470 731 0 NA NA NA NA NA NA 687 1022 0 NA NA NA NA NA NA 1450 3157 316 NA NA NA NA NA NA 804 1839 349 NA NA NA NA NA 
1741989600.0 25209.0 NA 444 721 0 172 NA NA NA NA NA 694 1006 0 271 NA NA NA NA NA 1410 2422 295 305 NA NA NA NA NA 891 1765 308 336 NA NA NA NA 
1741989600.0 25210.0 0 NA NA NA NA NA NA NA NA 0 NA NA NA NA NA NA NA NA 801 NA NA NA NA NA NA NA NA 450 NA NA NA NA NA NA NA NA 
1741989600.0 25211.0 0 NA NA NA NA NA NA NA NA 0 NA NA NA NA NA NA NA NA 335 NA NA NA NA NA NA NA NA 407 NA NA NA NA NA NA NA NA 
1741989600.0 25211.17 0 NA NA NA NA NA NA NA NA 0 NA NA NA NA NA NA NA NA 322 NA NA NA NA NA NA NA NA 364 NA NA NA NA NA NA NA NA 
1741989600.0 25211.18 0 NA NA NA NA NA NA NA NA 0 NA NA NA NA NA NA NA NA 327 NA NA NA NA NA NA NA NA 375 NA NA NA NA NA NA NA NA 
1741989600.0 25212.0 0 NA NA NA NA NA NA NA NA 0 NA NA NA NA NA NA NA NA 316 NA NA NA NA NA NA NA NA 367 NA NA NA NA NA NA NA NA 
1741989600.0 25212.17 0 NA NA NA NA NA NA NA NA 0 NA NA NA NA NA NA NA NA 319 NA NA NA NA NA NA NA NA 369 NA NA NA NA NA NA NA NA 
1741989600.0 25212.18 0 NA NA NA NA NA NA NA NA 0 NA NA NA NA NA NA NA NA 324 NA NA NA NA NA NA NA NA 383 NA NA NA NA NA NA NA NA 
1741989600.0 25213.0 0 NA NA NA NA NA NA NA NA 0 NA NA NA NA NA NA NA NA 332 NA NA NA NA NA NA NA NA 419 NA NA NA NA NA NA NA NA 
1741989600.0 25213.17 0 NA NA NA NA NA NA NA NA 0 NA NA NA NA NA NA NA NA 323 NA NA NA NA NA NA NA NA 381 NA NA NA NA NA NA NA NA 
1741989600.0 25213.18 0 NA NA NA NA NA NA NA NA 0 NA NA NA NA NA NA NA NA 337 NA NA NA NA NA NA NA NA 408 NA NA NA NA NA NA NA NA 
1741989600.0 25214.0 NA 451 725 0 NA NA NA NA NA NA 671 1013 0 NA NA NA NA NA NA 1420 2412 307 NA NA NA NA NA NA 834 1609 334 NA NA NA NA NA 
1741989600.0 25215.0 48 134 452 682 0 NA NA NA NA 107 242 687 1000 0 NA NA NA NA 32 1342 1454 2490 298 NA NA NA NA 75 691 825 1761 315 NA NA NA NA 
1741989600.0 25215.17 48 117 508 785 0 NA NA NA NA 107 201 729 1130 0 NA NA NA NA 33 1396 2355 2482 387 NA NA NA NA 87 631 1053 1601 417 NA NA NA NA 
1741989600.0 25215.18 48 118 577 950 0 NA NA NA NA 107 208 841 1282 0 NA NA NA NA 33 1484 2964 3127 382 NA NA NA NA 69 980 1321 1827 408 NA NA NA NA 
1741989600.0 25234.0 142 604 628 0 226 NA NA NA NA 237 778 907 0 339 NA NA NA NA 3514 1735 2373 457 850 NA NA NA NA 1594 1144 2050 515 882 NA NA NA NA 
1741989600.0 25400.0 555 0 220 NA NA NA NA NA NA 810 0 344 NA NA NA NA NA NA 2332 202 507 NA NA NA NA NA NA 1121 234 544 NA NA NA NA NA NA 
1741989600.0 25400.17 651 0 221 NA NA NA NA NA NA 907 0 351 NA NA NA NA NA NA 4187 203 458 NA NA NA NA NA NA 1596 219 535 NA NA NA NA NA NA 
1741989600.0 25400.18 672 0 221 NA NA NA NA NA NA 968 0 342 NA NA NA NA NA NA 4210 211 467 NA NA NA NA NA NA 1646 225 538 NA NA NA NA NA NA 
1741989600.0 25402.0 555 0 221 NA NA NA NA NA NA 807 0 341 NA NA NA NA NA NA 2563 209 539 NA NA NA NA NA NA 1219 243 549 NA NA NA NA NA NA 
1741989600.0 25402.17 663 0 223 NA NA NA NA NA NA 907 0 340 NA NA NA NA NA NA 4155 214 492 NA NA NA NA NA NA 1555 233 509 NA NA NA NA NA NA 
1741989600.0 25402.18 712 0 222 NA NA NA NA NA NA 901 0 356 NA NA NA NA NA NA 4136 212 482 NA NA NA NA NA NA 1603 228 460 NA NA NA NA NA NA 
1741989600.0 25403.0 574 0 221 NA NA NA NA NA NA 778 0 328 NA NA NA NA NA NA 2399 205 506 NA NA NA NA NA NA 1174 249 575 NA NA NA NA NA NA 
1741989600.0 25403.17 699 0 222 NA NA NA NA NA NA 923 0 352 NA NA NA NA NA NA 4191 198 469 NA NA NA NA NA NA 1888 212 512 NA NA NA NA NA NA 
1741989600.0 25403.18 665 0 220 NA NA NA NA NA NA 907 0 332 NA NA NA NA NA NA 4368 205 467 NA NA NA NA NA NA 1674 219 515 NA NA NA NA NA NA 
1741989600.0 25405.0 563 0 218 NA NA NA NA NA NA 810 0 324 NA NA NA NA NA NA 2382 214 468 NA NA NA NA NA NA 1255 281 486 NA NA NA NA NA NA 
1741989600.0 25405.17 774 0 218 NA NA NA NA NA NA 923 0 348 NA NA NA NA NA NA 4163 207 455 NA NA NA NA NA NA 1620 222 465 NA NA NA NA NA NA 
1741989600.0 25405.18 681 0 216 NA NA NA NA NA NA 901 0 328 NA NA NA NA NA NA 3717 198 451 NA NA NA NA NA NA 1478 209 464 NA NA NA NA NA NA 
1741989600.0 25406.0 523 0 218 NA NA NA NA NA NA 794 0 333 NA NA NA NA NA NA 1780 187 490 NA NA NA NA NA NA 1104 209 564 NA NA NA NA NA NA 
1741989600.0 25406.17 604 0 217 NA NA NA NA NA NA 870 0 336 NA NA NA NA NA NA 3210 231 536 NA NA NA NA NA NA 1456 267 618 NA NA NA NA NA NA 
1741989600.0 25406.18 646 0 207 NA NA NA NA NA NA 857 0 331 NA NA NA NA NA NA 2818 233 498 NA NA NA NA NA NA 1488 278 563 NA NA NA NA NA NA 
1741989600.0 25407.0 482 0 215 NA NA NA NA NA NA 702 0 328 NA NA NA NA NA NA 1964 190 488 NA NA NA NA NA NA 1067 222 563 NA NA NA NA NA NA 
1741989600.0 25407.17 591 0 218 NA NA NA NA NA NA 788 0 347 NA NA NA NA NA NA 3705 189 446 NA NA NA NA NA NA 1538 201 516 NA NA NA NA NA NA 
1741989600.0 25407.18 625 0 219 NA NA NA NA NA NA 841 0 339 NA NA NA NA NA NA 3829 190 455 NA NA NA NA NA NA 1487 205 457 NA NA NA NA NA NA 
1741989600.0 25408.0 557 0 208 NA NA NA NA NA NA 791 0 336 NA NA NA NA NA NA 2818 216 670 NA NA NA NA NA NA 1305 259 611 NA NA NA NA NA NA 
1741989600.0 25408.17 661 0 228 NA NA NA NA NA NA 898 0 343 NA NA NA NA NA NA 4549 224 613 NA NA NA NA NA NA 1672 284 510 NA NA NA NA NA NA 
1741989600.0 25408.18 664 0 229 NA NA NA NA NA NA 928 0 348 NA NA NA NA NA NA 4929 218 640 NA NA NA NA NA NA 1885 233 551 NA NA NA NA NA NA 
1741989600.0 25409.0 516 0 206 NA NA NA NA NA NA 785 0 340 NA NA NA NA NA NA 2671 206 562 NA NA NA NA NA NA 1283 243 625 NA NA NA NA NA NA 
1741989600.0 25409.17 718 0 225 NA NA NA NA NA NA 904 0 337 NA NA NA NA NA NA 4811 219 503 NA NA NA NA NA NA 1819 236 478 NA NA NA NA NA NA 
1741989600.0 25409.18 663 0 225 NA NA NA NA NA NA 926 0 352 NA NA NA NA NA NA 4148 210 485 NA NA NA NA NA NA 1695 224 516 NA NA NA NA NA NA 
1741989600.0 25634.0 150 593 643 0 229 NA NA NA NA 227 803 883 0 329 NA NA NA NA 3505 1716 2267 434 833 NA NA NA NA 1516 1104 1763 466 873 NA NA NA NA 
1741989600.0 26.0 NA 225 450 0 NA NA NA NA NA NA 336 660 0 NA NA NA NA NA NA 1101 2071 318 NA NA NA NA NA NA 538 1745 352 NA NA NA NA NA 
1741989600.0 26034.0 164 591 592 0 236 NA NA NA NA 246 810 862 0 343 NA NA NA NA 3510 1739 2379 470 848 NA NA NA NA 1578 1137 1897 535 884 NA NA NA NA 
1741989600.0 26434.0 156 607 609 0 237 NA NA NA NA 233 833 904 0 333 NA NA NA NA 3486 1698 2336 450 835 NA NA NA NA 1553 1078 1807 490 881 NA NA NA NA 
1741989600.0 26834.0 154 585 616 0 222 NA NA NA NA 237 819 910 0 343 NA NA NA NA 3243 1629 2266 409 807 NA NA NA NA 1369 1052 1836 451 930 NA NA NA NA 
1741989600.0 27.0 NA 234 432 0 NA NA NA NA NA NA 336 636 0 NA NA NA NA NA NA 1095 1996 327 NA NA NA NA NA NA 542 1399 347 NA NA NA NA NA 
1741989600.0 27234.0 167 579 619 0 237 NA NA NA NA 241 807 847 0 342 NA NA NA NA 3386 1773 2355 444 824 NA NA NA NA 1598 1162 1918 480 852 NA NA NA NA 
1741989600.0 27634.0 152 597 596 0 239 NA NA NA NA 230 790 827 0 336 NA NA NA NA 3537 1696 2424 454 801 NA NA NA NA 1579 1075 2007 493 793 NA NA NA NA 
1741989600.0 28.0 NA 233 437 0 NA NA NA NA NA NA 359 620 0 NA NA NA NA NA NA 1183 2504 325 NA NA NA NA NA NA 572 1534 367 NA NA NA NA NA 
1741989600.0 280.0 0 NA NA NA NA NA NA NA NA 0 NA NA NA NA NA NA NA NA 0 NA NA NA NA NA NA NA NA 0 NA NA NA NA NA NA NA NA 
1741989600.0 28034.0 167 589 603 0 239 NA NA NA NA 243 821 834 0 329 NA NA NA NA 2944 1586 2282 399 755 NA NA NA NA 1252 961 1806 435 805 NA NA NA NA 
1741989600.0 281.0 185 272 517 0 NA NA NA NA NA 334 371 678 0 NA NA NA NA NA 933 447 1170 287 NA NA NA NA NA 570 439 1156 372 NA NA NA NA NA 
1741989600.0 28434.0 153 596 605 0 224 NA NA NA NA 227 826 914 0 347 NA NA NA NA 3532 1697 2352 463 862 NA NA NA NA 1541 1077 1910 519 911 NA NA NA NA 
1741989600.0 28834.0 154 577 611 0 239 NA NA NA NA 233 807 851 0 342 NA NA NA NA 3101 1694 2248 402 776 NA NA NA NA 1287 1145 1863 451 854 NA NA NA NA 
1741989600.0 29.0 NA 236 450 0 NA NA NA NA NA NA 331 635 0 NA NA NA NA NA NA 1111 2167 327 NA NA NA NA NA NA 548 1782 341 NA NA NA NA NA 
1741989600.0 29234.0 166 604 607 0 222 NA NA NA NA 245 803 928 0 342 NA NA NA NA 2876 1558 2222 406 781 NA NA NA NA 1230 947 1761 452 832 NA NA NA NA 
1741989600.0 29634.0 NA 615 668 0 230 NA NA NA NA NA 853 912 0 340 NA NA NA NA NA 1719 2309 437 746 NA NA NA NA NA 1024 1784 463 754 NA NA NA NA 
1741989600.0 29634.21 NA 579 341 262 NA NA NA NA NA NA 795 480 380 NA NA NA NA NA NA 1749 786 663 NA NA NA NA NA NA 1082 659 501 NA NA NA NA NA 
1741989600.0 29634.402 NA 630 328 0 NA NA NA NA NA NA 1050 792 0 NA NA NA NA NA NA 1729 957 191 NA NA NA NA NA NA 1043 882 232 NA NA NA NA NA 
1741989600.0 29634.5 NA 622 233 0 NA NA NA NA NA NA 832 345 0 NA NA NA NA NA NA 1701 793 162 NA NA NA NA NA NA 1022 779 196 NA NA NA NA NA 
1741989600.0 29634.702 NA 616 662 0 230 NA NA NA NA NA 824 874 0 338 NA NA NA NA NA 1712 2320 439 735 NA NA NA NA NA 1055 1779 463 743 NA NA NA NA 
1741989600.0 29634.703 NA 622 313 0 NA NA NA NA NA NA 826 534 0 NA NA NA NA NA NA 1709 945 226 NA NA NA NA NA NA 1030 825 258 NA NA NA NA NA 
1741989600.0 29634.75 NA 623 0 NA NA NA NA NA NA NA 854 0 NA NA NA NA NA NA NA 1836 164 NA NA NA NA NA NA NA 1120 219 NA NA NA NA NA NA 
1741989600.0 29634.9 NA 640 643 0 229 NA NA NA NA NA 824 848 0 324 NA NA NA NA NA 1704 2297 436 750 NA NA NA NA NA 1037 1741 455 764 NA NA NA NA 
1741989600.0 29634.911 138 589 630 0 239 NA NA NA NA 241 821 839 0 348 NA NA NA NA 7451 4936 5260 1560 826 NA NA NA NA 3822 3077 3272 1637 825 NA NA NA NA 
1741989600.0 29661.0 NA 552 569 0 224 NA NA NA NA NA 795 735 0 334 NA NA NA NA NA 1482 1827 379 746 NA NA NA NA NA 1089 2077 407 745 NA NA NA NA 
1741989600.0 29696.0 NA 541 577 0 225 NA NA NA NA NA 782 787 0 335 NA NA NA NA NA 1503 1814 377 756 NA NA NA NA NA 1079 2084 394 759 NA NA NA NA 
1741989600.0 29700.0 NA 534 573 0 224 NA NA NA NA NA 773 751 0 338 NA NA NA NA NA 1488 1846 391 742 NA NA NA NA NA 1087 1644 452 821 NA NA NA NA 
1741989600.0 29751.85 NA 745 1120 0 246 NA NA NA NA NA 1306 1989 0 354 NA NA NA NA NA 8094 320133 541 881 NA NA NA NA NA 4102 84785 606 911 NA NA NA NA 
1741989600.0 29834.114 NA 1543 2016 0 NA NA NA NA NA NA 2240 3207 0 NA NA NA NA NA NA 9659 16592 514 NA NA NA NA NA NA 3495 5601 561 NA NA NA NA NA 
1741989600.0 29834.21 NA 1265 776 322 NA NA NA NA NA NA 1911 1238 435 NA NA NA NA NA NA 10836 7201 1349 NA NA NA NA NA NA 3675 2394 714 NA NA NA NA NA 
1741989600.0 29834.703 NA 1589 814 0 NA NA NA NA NA NA 2171 1153 0 NA NA NA NA NA NA 9142 3104 244 NA NA NA NA NA NA 3566 1356 259 NA NA NA NA NA 
1741989600.0 29834.99 NA 1063 1424 1285 0 NA NA NA NA NA 1658 1997 1830 0 NA NA NA NA NA 5806 4949 13839 512 NA NA NA NA NA 2310 1928 4739 556 NA NA NA NA 
1741989600.0 29834.9921 NA 963 1154 691 313 NA NA NA NA NA 1386 1760 1091 450 NA NA NA NA NA 5092 4106 6187 1255 NA NA NA NA NA 2151 1690 2069 685 NA NA NA NA 
1741989600.0 29834.999 NA 575 883 793 0 NA NA NA NA NA 829 1283 1112 0 NA NA NA NA NA 2176 2578 4698 490 NA NA NA NA NA 1225 1296 2432 528 NA NA NA NA 
1741989600.0 29861.97 1085 NA NA NA NA NA NA NA NA 1504 NA NA NA NA NA NA NA NA 5695 NA NA NA NA NA NA NA NA 2309 NA NA NA NA NA NA NA NA 
1741989600.0 3.0 122 194 300 NA NA NA NA NA NA 235 282 454 NA NA NA NA NA NA 2326 423 1058 NA NA NA NA NA NA 1260 466 970 NA NA NA NA NA NA 
1741989600.0 30.0 NA 227 432 0 NA NA NA NA NA NA 338 623 0 NA NA NA NA NA NA 1124 2257 378 NA NA NA NA NA NA 540 1652 442 NA NA NA NA NA 
1741989600.0 300.0 114 276 526 0 NA NA NA NA NA 257 422 790 0 NA NA NA NA NA 825 427 1238 336 NA NA NA NA NA 576 635 1275 384 NA NA NA NA NA 
1741989600.0 30034.0 158 602 635 0 238 NA NA NA NA 240 786 898 0 342 NA NA NA NA 2959 1643 2300 401 771 NA NA NA NA 1303 1083 1909 443 876 NA NA NA NA 
1741989600.0 301.0 117 278 585 0 NA NA NA NA NA 257 414 794 0 NA NA NA NA NA 1049 403 1218 325 NA NA NA NA NA 634 576 1218 341 NA NA NA NA NA 
1741989600.0 302.0 117 279 526 0 NA NA NA NA NA 251 419 777 0 NA NA NA NA NA 698 397 1194 333 NA NA NA NA NA 495 492 1139 375 NA NA NA NA NA 
1741989600.0 30434.0 166 582 609 0 225 NA NA NA NA 243 801 871 0 341 NA NA NA NA 2998 1624 2140 393 803 NA NA NA NA 1274 1028 1652 417 871 NA NA NA NA 
1741989600.0 30834.0 164 591 639 0 228 NA NA NA NA 241 795 902 0 346 NA NA NA NA 2935 1646 2244 393 765 NA NA NA NA 1276 1111 1836 430 840 NA NA NA NA 
1741989600.0 31.0 NA 224 431 0 NA NA NA NA NA NA 341 612 0 NA NA NA NA NA NA 1108 2032 323 NA NA NA NA NA NA 535 1417 354 NA NA NA NA NA 
1741989600.0 310.0 132 275 518 0 NA NA NA NA NA 262 432 784 0 NA NA NA NA NA 1129 413 1239 327 NA NA NA NA NA 832 721 1232 338 NA NA NA NA NA 
1741989600.0 311.0 136 273 518 0 NA NA NA NA NA 274 427 779 0 NA NA NA NA NA 1381 398 1189 334 NA NA NA NA NA 877 474 1111 350 NA NA NA NA NA 
1741989600.0 312.0 132 274 517 0 NA NA NA NA NA 248 426 758 0 NA NA NA NA NA 1038 410 1216 322 NA NA NA NA NA 860 489 1187 338 NA NA NA NA NA 
1741989600.0 31234.0 161 591 606 0 225 NA NA NA NA 232 797 842 0 353 NA NA NA NA 3132 1633 2307 413 792 NA NA NA NA 1302 1062 1891 466 894 NA NA NA NA 
1741989600.0 32.0 NA 222 435 0 NA NA NA NA NA NA 350 638 0 NA NA NA NA NA NA 1134 2200 318 NA NA NA NA NA NA 538 1430 331 NA NA NA NA NA 
1741989600.0 320.0 143 270 508 0 NA NA NA NA NA 286 415 767 0 NA NA NA NA NA 1252 460 1155 320 NA NA NA NA NA 850 503 1131 334 NA NA NA NA NA 
1741989600.0 32034.0 159 602 638 0 235 NA NA NA NA 245 842 880 0 336 NA NA NA NA 4412 1891 2371 482 873 NA NA NA NA 1947 1244 1864 525 881 NA NA NA NA 
1741989600.0 321.0 148 288 529 0 NA NA NA NA NA 288 441 750 0 NA NA NA NA NA 1591 489 1197 336 NA NA NA NA NA 1010 512 1131 353 NA NA NA NA NA 
1741989600.0 322.0 143 274 511 0 NA NA NA NA NA 277 430 765 0 NA NA NA NA NA 1289 464 1116 327 NA NA NA NA NA 852 551 1108 340 NA NA NA NA NA 
1741989600.0 32434.0 165 580 596 0 223 NA NA NA NA 238 810 869 0 339 NA NA NA NA 3505 1724 2462 468 885 NA NA NA NA 1547 1063 2050 511 953 NA NA NA NA 
1741989600.0 32834.0 165 590 632 0 221 NA NA NA NA 238 791 898 0 343 NA NA NA NA 3425 1684 2304 446 886 NA NA NA NA 1497 1036 1825 480 924 NA NA NA NA 
1741989600.0 33.0 NA 225 427 0 NA NA NA NA NA NA 337 624 0 NA NA NA NA NA NA 1075 1898 308 NA NA NA NA NA NA 532 1399 325 NA NA NA NA NA 
1741989600.0 330.0 159 471 691 0 NA NA NA NA NA 310 752 952 0 NA NA NA NA NA 1416 770 1953 391 NA NA NA NA NA 930 736 1573 406 NA NA NA NA NA 
1741989600.0 331.0 161 426 683 0 NA NA NA NA NA 316 642 935 0 NA NA NA NA NA 1829 816 2120 411 NA NA NA NA NA 1044 729 1722 438 NA NA NA NA NA 
1741989600.0 332.0 173 439 676 0 NA NA NA NA NA 300 627 946 0 NA NA NA NA NA 1443 762 1905 386 NA NA NA NA NA 929 809 1501 404 NA NA NA NA NA 
1741989600.0 34.0 122 196 410 0 NA NA NA NA NA 243 275 586 0 NA NA NA NA NA 1065 409 1412 302 NA NA NA NA NA 531 357 1331 370 NA NA NA NA NA 
1741989600.0 35.0 NA 234 436 0 NA NA NA NA NA NA 354 627 0 NA NA NA NA NA NA 1139 2247 329 NA NA NA NA NA NA 567 1433 346 NA NA NA NA NA 
1741989600.0 36.0 NA 221 453 0 NA NA NA NA NA NA 346 656 0 NA NA NA NA NA NA 1217 6993 339 NA NA NA NA NA NA 634 2618 349 NA NA NA NA NA 
1741989600.0 37.0 NA 224 482 0 NA NA NA NA NA NA 351 635 0 NA NA NA NA NA NA 1190 3371 359 NA NA NA NA NA NA 590 1854 397 NA NA NA NA NA 
1741989600.0 38.0 NA 224 441 0 NA NA NA NA NA NA 354 646 0 NA NA NA NA NA NA 1190 2931 322 NA NA NA NA NA NA 643 1778 339 NA NA NA NA NA 
1741989600.0 39.0 NA 225 456 0 NA NA NA NA NA NA 354 638 0 NA NA NA NA NA NA 1335 4906 355 NA NA NA NA NA NA 675 2183 453 NA NA NA NA NA 
1741989600.0 4.17 NA 117 421 0 268 NA NA NA NA NA 207 586 0 400 NA NA NA NA NA 306 2255 226 887 NA NA NA NA NA 366 1600 249 854 NA NA NA NA 
1741989600.0 4.22 NA 218 112 108 0 NA NA NA NA NA 368 188 227 0 NA NA NA NA NA 849 229 192 162 NA NA NA NA NA 789 336 294 194 NA NA NA NA 
1741989600.0 4.23 NA 141 432 0 NA NA NA NA NA NA 239 615 0 NA NA NA NA NA NA 367 2308 312 NA NA NA NA NA NA 405 1965 326 NA NA NA NA NA 
1741989600.0 4.24 NA 128 427 0 NA NA NA NA NA NA 230 617 0 NA NA NA NA NA NA 374 2423 252 NA NA NA NA NA NA 405 1702 284 NA NA NA NA NA 
1741989600.0 4.25 NA 134 425 0 NA NA NA NA NA NA 228 587 0 NA NA NA NA NA NA 369 2389 265 NA NA NA NA NA NA 388 1864 285 NA NA NA NA NA 
1741989600.0 4.26 NA 134 432 0 NA NA NA NA NA NA 222 574 0 NA NA NA NA NA NA 376 2766 276 NA NA NA NA NA NA 421 2028 293 NA NA NA NA NA 
1741989600.0 4.27 NA 137 433 0 NA NA NA NA NA NA 232 595 0 NA NA NA NA NA NA 354 2761 327 NA NA NA NA NA NA 368 1745 341 NA NA NA NA NA 
1741989600.0 4.28 NA 121 418 0 NA NA NA NA NA NA 249 582 0 NA NA NA NA NA NA 374 2552 1264 NA NA NA NA NA NA 597 2047 1301 NA NA NA NA NA 
1741989600.0 4.29 NA 117 429 0 275 NA NA NA NA NA 211 622 0 396 NA NA NA NA NA 311 2405 219 900 NA NA NA NA NA 356 1590 237 873 NA NA NA NA 
1741989600.0 4.34 NA 142 441 0 NA NA NA NA NA NA 235 629 0 NA NA NA NA NA NA 375 2590 306 NA NA NA NA NA NA 429 1997 325 NA NA NA NA NA 
1741989600.0 4.36 NA 137 434 0 NA NA NA NA NA NA 228 618 0 NA NA NA NA NA NA 370 2637 245 NA NA NA NA NA NA 392 1715 297 NA NA NA NA NA 
1741989600.0 4.37 NA 138 438 0 NA NA NA NA NA NA 232 618 0 NA NA NA NA NA NA 367 3247 266 NA NA NA NA NA NA 392 1901 294 NA NA NA NA NA 
1741989600.0 4.4 NA 118 502 0 NA NA NA NA NA NA 211 778 0 NA NA NA NA NA NA 307 2812 237 NA NA NA NA NA NA 340 1927 278 NA NA NA NA NA 
1741989600.0 4.41 NA 116 584 0 NA NA NA NA NA NA 211 771 0 NA NA NA NA NA NA 316 3661 246 NA NA NA NA NA NA 346 1962 265 NA NA NA NA NA 
1741989600.0 4.42 NA 118 583 0 NA NA NA NA NA NA 216 793 0 NA NA NA NA NA NA 323 4188 246 NA NA NA NA NA NA 542 2107 265 NA NA NA NA NA 
1741989600.0 4.43 NA 120 497 0 NA NA NA NA NA NA 217 787 0 NA NA NA NA NA NA 300 2711 243 NA NA NA NA NA NA 328 1743 280 NA NA NA NA NA 
1741989600.0 4.44 NA 117 497 0 NA NA NA NA NA NA 211 793 0 NA NA NA NA NA NA 314 3413 239 NA NA NA NA NA NA 353 2001 281 NA NA NA NA NA 
1741989600.0 4.45 NA 117 602 0 NA NA NA NA NA NA 209 790 0 NA NA NA NA NA NA 306 4572 232 NA NA NA NA NA NA 368 2162 308 NA NA NA NA NA 
1741989600.0 4.51 NA 117 586 0 NA NA NA NA NA NA 211 829 0 NA NA NA NA NA NA 321 3489 253 NA NA NA NA NA NA 428 1859 341 NA NA NA NA NA 
1741989600.0 4.52 NA 116 640 0 NA NA NA NA NA NA 209 824 0 NA NA NA NA NA NA 309 4494 237 NA NA NA NA NA NA 343 2127 300 NA NA NA NA NA 
1741989600.0 4.53 NA 116 625 0 NA NA NA NA NA NA 209 775 0 NA NA NA NA NA NA 310 4239 238 NA NA NA NA NA NA 351 2090 297 NA NA NA NA NA 
1741989600.0 4.54 NA 116 511 0 NA NA NA NA NA NA 209 816 0 NA NA NA NA NA NA 311 4218 235 NA NA NA NA NA NA 338 2045 284 NA NA NA NA NA 
1741989600.0 4.55 NA 118 538 0 NA NA NA NA NA NA 214 833 0 NA NA NA NA NA NA 315 5603 235 NA NA NA NA NA NA 340 2407 293 NA NA NA NA NA 
1741989600.0 4.57 NA 135 667 0 NA NA NA NA NA NA 231 826 0 NA NA NA NA NA NA 368 4828 249 NA NA NA NA NA NA 383 2218 300 NA NA NA NA NA 
1741989600.0 4.58 NA 119 510 0 NA NA NA NA NA NA 216 813 0 NA NA NA NA NA NA 316 3310 239 NA NA NA NA NA NA 317 1940 281 NA NA NA NA NA 
1741989600.0 4.6 NA 404 0 NA NA NA NA NA NA NA 590 0 NA NA NA NA NA NA NA 2087 344 NA NA NA NA NA NA NA 1702 436 NA NA NA NA NA NA 
1741989600.0 4.61 NA 116 606 0 NA NA NA NA NA NA 213 802 0 NA NA NA NA NA NA 325 4244 234 NA NA NA NA NA NA 381 2169 251 NA NA NA NA NA 
1741989600.0 4.62 NA 116 523 0 NA NA NA NA NA NA 209 807 0 NA NA NA NA NA NA 312 4179 241 NA NA NA NA NA NA 361 2144 320 NA NA NA NA NA 
1741989600.0 4.63 NA 116 550 0 NA NA NA NA NA NA 211 827 0 NA NA NA NA NA NA 317 4779 238 NA NA NA NA NA NA 390 2185 292 NA NA NA NA NA 
1741989600.0 4.64 NA 116 587 0 NA NA NA NA NA NA 209 811 0 NA NA NA NA NA NA 314 4465 235 NA NA NA NA NA NA 331 2139 295 NA NA NA NA NA 
1741989600.0 4.65 NA 116 643 0 NA NA NA NA NA NA 209 822 0 NA NA NA NA NA NA 327 6198 240 NA NA NA NA NA NA 368 2515 319 NA NA NA NA NA 
1741989600.0 4.67 NA 134 650 0 NA NA NA NA NA NA 230 846 0 NA NA NA NA NA NA 352 4962 244 NA NA NA NA NA NA 347 2258 288 NA NA NA NA NA 
1741989600.0 4.68 NA 116 512 0 NA NA NA NA NA NA 221 814 0 NA NA NA NA NA NA 323 3975 246 NA NA NA NA NA NA 560 2045 263 NA NA NA NA NA 
1741989600.0 4.71 NA 116 503 0 NA NA NA NA NA NA 211 780 0 NA NA NA NA NA NA 315 3291 238 NA NA NA NA NA NA 338 1819 294 NA NA NA NA NA 
1741989600.0 4.72 NA 116 630 0 NA NA NA NA NA NA 209 796 0 NA NA NA NA NA NA 319 3848 233 NA NA NA NA NA NA 485 1969 251 NA NA NA NA NA 
1741989600.0 4.73 NA 119 558 0 NA NA NA NA NA NA 218 798 0 NA NA NA NA NA NA 321 4562 250 NA NA NA NA NA NA 406 2104 299 NA NA NA NA NA 
1741989600.0 4.74 NA 117 571 0 NA NA NA NA NA NA 211 804 0 NA NA NA NA NA NA 316 3953 247 NA NA NA NA NA NA 400 2044 263 NA NA NA NA NA 
1741989600.0 4.75 NA 117 605 0 NA NA NA NA NA NA 211 799 0 NA NA NA NA NA NA 319 4828 236 NA NA NA NA NA NA 392 2222 295 NA NA NA NA NA 
1741989600.0 4.76 NA 137 588 0 NA NA NA NA NA NA 229 839 0 NA NA NA NA NA NA 365 4744 252 NA NA NA NA NA NA 364 2193 295 NA NA NA NA NA 
1741989600.0 4.77 NA 133 603 0 NA NA NA NA NA NA 229 830 0 NA NA NA NA NA NA 359 4750 247 NA NA NA NA NA NA 399 2208 294 NA NA NA NA NA 
1741989600.0 4.78 NA 119 608 0 NA NA NA NA NA NA 216 819 0 NA NA NA NA NA NA 322 4532 237 NA NA NA NA NA NA 379 2438 301 NA NA NA NA NA 
1741989600.0 4000.0 NA 236 447 NA NA NA NA NA NA NA 352 646 NA NA NA NA NA NA NA 1253 3221 NA NA NA NA NA NA NA 590 1699 NA NA NA NA NA NA 
1741989600.0 4001.0 NA 269 469 NA NA NA NA NA NA NA 419 711 NA NA NA NA NA NA NA 672 1927 NA NA NA NA NA NA NA 636 1560 NA NA NA NA NA NA 
1741989600.0 4002.0 NA 225 429 NA NA NA NA NA NA NA 339 604 NA NA NA NA NA NA NA 1131 2054 NA NA NA NA NA NA NA 579 1507 NA NA NA NA NA NA 
1741989600.0 4003.0 NA 227 433 NA NA NA NA NA NA NA 338 623 NA NA NA NA NA NA NA 1147 2255 NA NA NA NA NA NA NA 563 1455 NA NA NA NA NA NA 
1741989600.0 4006.0 103 256 471 NA NA NA NA NA NA 200 386 697 NA NA NA NA NA NA 429 564 1690 NA NA NA NA NA NA 340 531 1515 NA NA NA NA NA NA 
1741989600.0 4007.0 99 0 0 NA NA NA NA NA NA 178 0 0 NA NA NA NA NA NA 326 272 1186 NA NA NA NA NA NA 379 358 1369 NA NA NA NA NA NA 
1741989600.0 4008.0 105 204 421 NA NA NA NA NA NA 193 332 635 NA NA NA NA NA NA 408 362 1338 NA NA NA NA NA NA 443 467 1451 NA NA NA NA NA NA 
1741989600.0 43.0 NA 222 437 0 NA NA NA NA NA NA 337 617 0 NA NA NA NA NA NA 1134 2668 372 NA NA NA NA NA NA 571 1545 391 NA NA NA NA NA 
1741989600.0 44.0 NA 223 433 0 NA NA NA NA NA NA 342 616 0 NA NA NA NA NA NA 1132 2461 327 NA NA NA NA NA NA 630 1844 369 NA NA NA NA NA 
1741989600.0 45.0 NA 226 436 0 NA NA NA NA NA NA 336 644 0 NA NA NA NA NA NA 1127 2525 328 NA NA NA NA NA NA 547 1589 343 NA NA NA NA NA 
1741989600.0 5.1 384 0 NA NA NA NA NA NA NA 521 0 NA NA NA NA NA NA NA 776 183 NA NA NA NA NA NA NA 731 210 NA NA NA NA NA NA NA 
1741989600.0 5.2 319 0 NA NA NA NA NA NA NA 427 0 NA NA NA NA NA NA NA 598 178 NA NA NA NA NA NA NA 574 219 NA NA NA NA NA NA NA 
1741989600.0 5.3 317 0 NA NA NA NA NA NA NA 434 0 NA NA NA NA NA NA NA 621 177 NA NA NA NA NA NA NA 594 218 NA NA NA NA NA NA NA 
1741989600.0 5.4 357 0 NA NA NA NA NA NA NA 521 0 NA NA NA NA NA NA NA 686 203 NA NA NA NA NA NA NA 644 248 NA NA NA NA NA NA NA 
1741989600.0 5.5 386 0 NA NA NA NA NA NA NA 521 0 NA NA NA NA NA NA NA 637 199 NA NA NA NA NA NA NA 568 242 NA NA NA NA NA NA NA 
1741989600.0 5.6 360 0 NA NA NA NA NA NA NA 520 0 NA NA NA NA NA NA NA 710 188 NA NA NA NA NA NA NA 644 218 NA NA NA NA NA NA NA 
1741989600.0 5.7 390 0 NA NA NA NA NA NA NA 541 0 NA NA NA NA NA NA NA 731 183 NA NA NA NA NA NA NA 749 216 NA NA NA NA NA NA NA 
1741989600.0 500199.0 275 NA NA NA NA NA NA NA NA 431 NA NA NA NA NA NA NA NA 920 NA NA NA NA NA NA NA NA 625 NA NA NA NA NA NA NA NA 
1741989600.0 500200.0 NA 310 467 0 NA NA NA NA NA NA 506 657 0 NA NA NA NA NA NA 2217 1778 317 NA NA NA NA NA NA 990 1309 367 NA NA NA NA NA 
1741989600.0 500200.1 130 289 352 NA NA NA NA NA NA 232 443 499 NA NA NA NA NA NA 1046 493 1134 NA NA NA NA NA NA 492 479 963 NA NA NA NA NA NA 
1741989600.0 500202.0 NA 317 483 0 NA NA NA NA NA NA 515 671 0 NA NA NA NA NA NA 2450 1943 340 NA NA NA NA NA NA 1094 1344 426 NA NA NA NA NA 
1741989600.0 500203.0 NA 309 481 0 NA NA NA NA NA NA 496 694 0 NA NA NA NA NA NA 2291 2014 312 NA NA NA NA NA NA 1035 1394 326 NA NA NA NA NA 
1741989600.0 500204.0 NA 309 472 0 NA NA NA NA NA NA 498 661 0 NA NA NA NA NA NA 2321 1927 320 NA NA NA NA NA NA 1022 1387 336 NA NA NA NA NA 
1741989600.0 500205.0 NA 308 493 0 NA NA NA NA NA NA 506 670 0 NA NA NA NA NA NA 2222 1805 312 NA NA NA NA NA NA 1007 1368 356 NA NA NA NA NA 
1741989600.0 500206.0 NA 343 484 0 NA NA NA NA NA NA 506 689 0 NA NA NA NA NA NA 2307 2067 328 NA NA NA NA NA NA 1010 1428 358 NA NA NA NA NA 
1741989600.0 500207.0 NA 331 467 0 NA NA NA NA NA NA 515 626 0 NA NA NA NA NA NA 2009 1812 306 NA NA NA NA NA NA 1359 1604 353 NA NA NA NA NA 
1741989600.0 50200.0 NA 331 548 0 NA NA NA NA NA NA 502 823 0 NA NA NA NA NA NA 895 1963 315 NA NA NA NA NA NA 614 1725 330 NA NA NA NA NA 
1741989600.0 50202.0 NA 330 637 0 NA NA NA NA NA NA 514 850 0 NA NA NA NA NA NA 914 2104 321 NA NA NA NA NA NA 613 1531 336 NA NA NA NA NA 
1741989600.0 50203.0 NA 331 568 0 NA NA NA NA NA NA 509 807 0 NA NA NA NA NA NA 930 2081 314 NA NA NA NA NA NA 825 1537 327 NA NA NA NA NA 
1741989600.0 50204.0 NA 326 563 0 NA NA NA NA NA NA 498 840 0 NA NA NA NA NA NA 897 2063 320 NA NA NA NA NA NA 654 1884 335 NA NA NA NA NA 
1741989600.0 50205.0 NA 321 552 0 NA NA NA NA NA NA 523 826 0 NA NA NA NA NA NA 889 1965 310 NA NA NA NA NA NA 611 1755 322 NA NA NA NA NA 
1741989600.0 50206.0 NA 336 561 0 NA NA NA NA NA NA 498 855 0 NA NA NA NA NA NA 967 2153 323 NA NA NA NA NA NA 891 1663 334 NA NA NA NA NA 
1741989600.0 50207.0 NA 327 560 0 NA NA NA NA NA NA 510 853 0 NA NA NA NA NA NA 892 1965 300 NA NA NA NA NA NA 651 1509 320 NA NA NA NA NA 
1741989600.0 50208.0 NA 326 599 0 NA NA NA NA NA NA 498 852 0 NA NA NA NA NA NA 969 2702 340 NA NA NA NA NA NA 736 1777 355 NA NA NA NA NA 
1741989600.0 503.0 70 0 NA NA NA NA NA NA NA 110 0 NA NA NA NA NA NA NA 1444 120 NA NA NA NA NA NA NA 814 157 NA NA NA NA NA NA NA 
1741989600.0 504.0 74 0 NA NA NA NA NA NA NA 113 0 NA NA NA NA NA NA NA 153 127 NA NA NA NA NA NA NA 163 170 NA NA NA NA NA NA NA 
1741989600.0 505.0 74 0 NA NA NA NA NA NA NA 112 0 NA NA NA NA NA NA NA 157 140 NA NA NA NA NA NA NA 177 200 NA NA NA NA NA NA NA 
1741989600.0 506.0 74 0 NA NA NA NA NA NA NA 113 0 NA NA NA NA NA NA NA 165 141 NA NA NA NA NA NA NA 187 197 NA NA NA NA NA NA NA 
1741989600.0 507.0 69 0 NA NA NA NA NA NA NA 106 0 NA NA NA NA NA NA NA 716 115 NA NA NA NA NA NA NA 433 147 NA NA NA NA NA NA NA 
1741989600.0 508.0 71 0 NA NA NA NA NA NA NA 111 0 NA NA NA NA NA NA NA 147 131 NA NA NA NA NA NA NA 159 181 NA NA NA NA NA NA NA 
1741989600.0 509.0 66 0 NA NA NA NA NA NA NA 104 0 NA NA NA NA NA NA NA 157 129 NA NA NA NA NA NA NA 180 176 NA NA NA NA NA NA NA 
1741989600.0 510.0 70 0 NA NA NA NA NA NA NA 108 0 NA NA NA NA NA NA NA 1444 110 NA NA NA NA NA NA NA 806 139 NA NA NA NA NA NA NA 
1741989600.0 511.0 77 0 NA NA NA NA NA NA NA 115 0 NA NA NA NA NA NA NA 5535 125 NA NA NA NA NA NA NA 5595 175 NA NA NA NA NA NA NA 
1741989600.0 512.0 0 NA NA NA NA NA NA NA NA 0 NA NA NA NA NA NA NA NA 106 NA NA NA NA NA NA NA NA 78 NA NA NA NA NA NA NA NA 
1741989600.0 513.0 0 NA NA NA NA NA NA NA NA 0 NA NA NA NA NA NA NA NA 108 NA NA NA NA NA NA NA NA 88 NA NA NA NA NA NA NA NA 
1741989600.0 514.0 0 NA NA NA NA NA NA NA NA 0 NA NA NA NA NA NA NA NA 42 NA NA NA NA NA NA NA NA 57 NA NA NA NA NA NA NA NA 
1741989600.0 515.0 0 NA NA NA NA NA NA NA NA 0 NA NA NA NA NA NA NA NA 106 NA NA NA NA NA NA NA NA 79 NA NA NA NA NA NA NA NA 
1741989600.0 516.0 0 NA NA NA NA NA NA NA NA 0 NA NA NA NA NA NA NA NA 106 NA NA NA NA NA NA NA NA 78 NA NA NA NA NA NA NA NA 
1741989600.0 517.0 0 NA NA NA NA NA NA NA NA 0 NA NA NA NA NA NA NA NA 56 NA NA NA NA NA NA NA NA 61 NA NA NA NA NA NA NA NA 
1741989600.0 518.0 0 NA NA NA NA NA NA NA NA 0 NA NA NA NA NA NA NA NA 105 NA NA NA NA NA NA NA NA 78 NA NA NA NA NA NA NA NA 
1741989600.0 519.0 0 NA NA NA NA NA NA NA NA 0 NA NA NA NA NA NA NA NA 105 NA NA NA NA NA NA NA NA 80 NA NA NA NA NA NA NA NA 
1741989600.0 520.0 0 NA NA NA NA NA NA NA NA 0 NA NA NA NA NA NA NA NA 56 NA NA NA NA NA NA NA NA 60 NA NA NA NA NA NA NA NA 
1741989600.0 521.0 0 NA NA NA NA NA NA NA NA 0 NA NA NA NA NA NA NA NA 104 NA NA NA NA NA NA NA NA 75 NA NA NA NA NA NA NA NA 
1741989600.0 522.0 0 NA NA NA NA NA NA NA NA 0 NA NA NA NA NA NA NA NA 108 NA NA NA NA NA NA NA NA 80 NA NA NA NA NA NA NA NA 
1741989600.0 523.0 0 NA NA NA NA NA NA NA NA 0 NA NA NA NA NA NA NA NA 476 NA NA NA NA NA NA NA NA 166 NA NA NA NA NA NA NA NA 
1741989600.0 524.0 0 NA NA NA NA NA NA NA NA 0 NA NA NA NA NA NA NA NA 57 NA NA NA NA NA NA NA NA 63 NA NA NA NA NA NA NA NA 
1741989600.0 525.0 0 NA NA NA NA NA NA NA NA 0 NA NA NA NA NA NA NA NA 107 NA NA NA NA NA NA NA NA 79 NA NA NA NA NA NA NA NA 
1741989600.0 526.0 0 NA NA NA NA NA NA NA NA 0 NA NA NA NA NA NA NA NA 105 NA NA NA NA NA NA NA NA 81 NA NA NA NA NA NA NA NA 
1741989600.0 527.0 0 NA NA NA NA NA NA NA NA 0 NA NA NA NA NA NA NA NA 57 NA NA NA NA NA NA NA NA 61 NA NA NA NA NA NA NA NA 
1741989600.0 528.0 0 NA NA NA NA NA NA NA NA 0 NA NA NA NA NA NA NA NA 106 NA NA NA NA NA NA NA NA 81 NA NA NA NA NA NA NA NA 
1741989600.0 529.0 0 NA NA NA NA NA NA NA NA 0 NA NA NA NA NA NA NA NA 106 NA NA NA NA NA NA NA NA 79 NA NA NA NA NA NA NA NA 
1741989600.0 530.0 0 NA NA NA NA NA NA NA NA 0 NA NA NA NA NA NA NA NA 54 NA NA NA NA NA NA NA NA 59 NA NA NA NA NA NA NA NA 
1741989600.0 531.0 93 0 NA NA NA NA NA NA NA 217 0 NA NA NA NA NA NA NA 129 134 NA NA NA NA NA NA NA 162 189 NA NA NA NA NA NA NA 
1741989600.0 534.0 0 NA NA NA NA NA NA NA NA 0 NA NA NA NA NA NA NA NA 142 NA NA NA NA NA NA NA NA 250 NA NA NA NA NA NA NA NA 
1741989600.0 535.0 0 NA NA NA NA NA NA NA NA 0 NA NA NA NA NA NA NA NA 130 NA NA NA NA NA NA NA NA 180 NA NA NA NA NA NA NA NA 
1741989600.0 536.0 0 NA NA NA NA NA NA NA NA 0 NA NA NA NA NA NA NA NA 124 NA NA NA NA NA NA NA NA 170 NA NA NA NA NA NA NA NA 
1741989600.0 537.0 0 NA NA NA NA NA NA NA NA 0 NA NA NA NA NA NA NA NA 1206 NA NA NA NA NA NA NA NA 483 NA NA NA NA NA NA NA NA 
1741989600.0 538.0 0 NA NA NA NA NA NA NA NA 0 NA NA NA NA NA NA NA NA 203 NA NA NA NA NA NA NA NA 223 NA NA NA NA NA NA NA NA 
1741989600.0 539.0 68 0 NA NA NA NA NA NA NA 122 0 NA NA NA NA NA NA NA 18075 145 NA NA NA NA NA NA NA 18265 209 NA NA NA NA NA NA NA 
1741989600.0 541.0 65 0 NA NA NA NA NA NA NA 108 0 NA NA NA NA NA NA NA 140 131 NA NA NA NA NA NA NA 175 178 NA NA NA NA NA NA NA 
1741989600.0 545.0 69 0 NA NA NA NA NA NA NA 106 0 NA NA NA NA NA NA NA 141 149 NA NA NA NA NA NA NA 185 218 NA NA NA NA NA NA NA 
1741989600.0 551.0 0 NA NA NA NA NA NA NA NA 0 NA NA NA NA NA NA NA NA 474 NA NA NA NA NA NA NA NA 158 NA NA NA NA NA NA NA NA 
1741989600.0 552.0 0 NA NA NA NA NA NA NA NA 0 NA NA NA NA NA NA NA NA 55 NA NA NA NA NA NA NA NA 57 NA NA NA NA NA NA NA NA 
1741989600.0 554.0 0 NA NA NA NA NA NA NA NA 0 NA NA NA NA NA NA NA NA 49 NA NA NA NA NA NA NA NA 63 NA NA NA NA NA NA NA NA 
1741989600.0 555.0 0 NA NA NA NA NA NA NA NA 0 NA NA NA NA NA NA NA NA 1078 NA NA NA NA NA NA NA NA 306 NA NA NA NA NA NA NA NA 
1741989600.0 556.0 0 NA NA NA NA NA NA NA NA 0 NA NA NA NA NA NA NA NA 41 NA NA NA NA NA NA NA NA 55 NA NA NA NA NA NA NA NA 
1741989600.0 560.0 73 0 NA NA NA NA NA NA NA 111 0 NA NA NA NA NA NA NA 163 127 NA NA NA NA NA NA NA 183 166 NA NA NA NA NA NA NA 
1741989600.0 561.0 68 0 NA NA NA NA NA NA NA 113 0 NA NA NA NA NA NA NA 167 113 NA NA NA NA NA NA NA 195 141 NA NA NA NA NA NA NA 
1741989600.0 562.0 0 NA NA NA NA NA NA NA NA 0 NA NA NA NA NA NA NA NA 187 NA NA NA NA NA NA NA NA 92 NA NA NA NA NA NA NA NA 
1741989600.0 570.0 63 0 NA NA NA NA NA NA NA 102 0 NA NA NA NA NA NA NA 230 136 NA NA NA NA NA NA NA 221 190 NA NA NA NA NA NA NA 
1741989600.0 571.0 62 0 NA NA NA NA NA NA NA 100 0 NA NA NA NA NA NA NA 251 131 NA NA NA NA NA NA NA 231 177 NA NA NA NA NA NA NA 
1741989600.0 572.0 60 0 NA NA NA NA NA NA NA 98 0 NA NA NA NA NA NA NA 211 139 NA NA NA NA NA NA NA 215 194 NA NA NA NA NA NA NA 
1741989600.0 573.0 0 NA NA NA NA NA NA NA NA 0 NA NA NA NA NA NA NA NA 153 NA NA NA NA NA NA NA NA 3286 NA NA NA NA NA NA NA NA 
1741989600.0 574.0 66 0 NA NA NA NA NA NA NA 105 0 NA NA NA NA NA NA NA 462 127 NA NA NA NA NA NA NA 287 169 NA NA NA NA NA NA NA 
1741989600.0 575.0 63 0 NA NA NA NA NA NA NA 98 0 NA NA NA NA NA NA NA 643 157 NA NA NA NA NA NA NA 467 224 NA NA NA NA NA NA NA 
1741989600.0 576.0 62 0 NA NA NA NA NA NA NA 100 0 NA NA NA NA NA NA NA 170 132 NA NA NA NA NA NA NA 170 187 NA NA NA NA NA NA NA 
1741989600.0 577.0 64 0 NA NA NA NA NA NA NA 100 0 NA NA NA NA NA NA NA 154 133 NA NA NA NA NA NA NA 157 182 NA NA NA NA NA NA NA 
1741989600.0 6.0 NA 211 396 0 NA NA NA NA NA NA 301 572 0 NA NA NA NA NA NA 978 1525 281 NA NA NA NA NA NA 503 1284 297 NA NA NA NA NA 
1741989600.0 7.0 104 177 193 96 0 NA NA NA NA 172 249 332 175 0 NA NA NA NA 404 390 568 206 160 NA NA NA NA 428 528 629 288 194 NA NA NA NA 
1741989600.0 7.1 103 167 204 97 0 NA NA NA NA 170 259 320 169 0 NA NA NA NA 714 385 545 225 161 NA NA NA NA 711 496 620 332 199 NA NA NA NA 
1741989600.0 7.2 100 271 315 115 0 NA NA NA NA 177 380 501 184 0 NA NA NA NA 386 816 636 194 184 NA NA NA NA 453 660 676 244 196 NA NA NA NA 
1741989600.0 7.21 99 278 313 114 0 NA NA NA NA 181 394 517 192 0 NA NA NA NA 383 819 637 187 186 NA NA NA NA 436 823 697 237 196 NA NA NA NA 
1741989600.0 7.22 105 223 252 100 0 NA NA NA NA 169 326 428 178 0 NA NA NA NA 414 366 661 232 170 NA NA NA NA 458 437 766 345 199 NA NA NA NA 
1741989600.0 7.23 113 231 297 100 0 NA NA NA NA 176 343 500 175 0 NA NA NA NA 753 386 672 198 206 NA NA NA NA 666 378 668 245 239 NA NA NA NA 
1741989600.0 7.24 109 230 290 95 0 NA NA NA NA 181 326 484 177 0 NA NA NA NA 727 365 644 205 203 NA NA NA NA 671 355 635 265 233 NA NA NA NA 
1741989600.0 7.25 113 292 324 102 0 NA NA NA NA 180 469 560 181 0 NA NA NA NA 769 570 667 202 214 NA NA NA NA 696 543 633 229 251 NA NA NA NA 
1741989600.0 7.3 98 257 314 114 0 NA NA NA NA 176 362 498 184 0 NA NA NA NA 695 578 636 196 171 NA NA NA NA 658 606 664 242 182 NA NA NA NA 
1741989600.0 7.4 99 233 312 115 0 NA NA NA NA 181 360 513 181 0 NA NA NA NA 380 788 630 194 189 NA NA NA NA 422 571 731 245 242 NA NA NA NA 
1741989600.0 7.5 120 319 187 NA NA NA NA NA NA 175 494 298 NA NA NA NA NA NA 893 681 447 NA NA NA NA NA NA 728 580 443 NA NA NA NA NA NA 
1741989600.0 8.0 NA 199 211 90 0 NA NA NA NA NA 306 330 155 0 NA NA NA NA NA 995 636 177 155 NA NA NA NA NA 582 662 239 188 NA NA NA NA 
1741989600.0 8.1 108 303 320 89 0 NA NA NA NA 180 399 536 159 0 NA NA NA NA 341 1288 700 173 194 NA NA NA NA 364 664 773 226 229 NA NA NA NA 
1741989600.0 8.2 93 250 324 81 0 NA NA NA NA 181 346 501 156 0 NA NA NA NA 685 458 655 153 207 NA NA NA NA 622 410 627 180 243 NA NA NA NA 
1741989600.0 9.0 NA 223 475 0 NA NA NA NA NA NA 341 638 0 NA NA NA NA NA NA 1199 3186 347 NA NA NA NA NA NA 585 1810 362 NA NA NA NA NA 
