Timestamp WorkflowId PeakValueRss1 PeakValueRss2 PeakValueRss3 PeakValueRss4 PeakValueRss5 PeakValueRss6 PeakValueRss7 PeakValueRss8 PeakValueRss9 PeakValueVsize1 PeakValueVsize2 PeakValueVsize3 PeakValueVsize4 PeakValueVsize5 PeakValueVsize6 PeakValueVsize7 PeakValueVsize8 PeakValueVsize9 TotalJobCPU1 TotalJobCPU2 TotalJobCPU3 TotalJobCPU4 TotalJobCPU5 TotalJobCPU6 TotalJobCPU7 TotalJobCPU8 TotalJobCPU9 TotalJobTime1 TotalJobTime2 TotalJobTime3 TotalJobTime4 TotalJobTime5 TotalJobTime6 TotalJobTime7 TotalJobTime8 TotalJobTime9
1533675600.0 1.0 66 84 159 NA NA NA NA NA NA 195 291 383 NA NA NA NA NA NA 1405 406 1046 NA NA NA NA NA NA 1614 517 1358 NA NA NA NA NA NA
1533675600.0 10.0 NA 103 248 0 NA NA NA NA NA NA 262 471 0 NA NA NA NA NA NA 2032 3713 643 NA NA NA NA NA NA 2250 4027 714 NA NA NA NA NA
1533675600.0 1000.0 NA 246 168 0 55 NA NA NA NA NA 498 359 0 166 NA NA NA NA NA 2539 1094 674 286 NA NA NA NA NA 2768 1415 754 399 NA NA NA NA
1533675600.0 10001.0 NA 113 302 0 80 NA NA NA NA NA 320 581 0 204 NA NA NA NA NA 383 1667 1142 255 NA NA NA NA NA 568 1883 1272 340 NA NA NA NA
1533675600.0 10002.0 NA 115 298 0 81 NA NA NA NA NA 274 581 0 204 NA NA NA NA NA 459 1516 1153 258 NA NA NA NA NA 576 1686 1212 375 NA NA NA NA
1533675600.0 10003.0 NA 114 300 0 83 NA NA NA NA NA 320 581 0 204 NA NA NA NA NA 397 1574 1321 248 NA NA NA NA NA 546 1929 1440 349 NA NA NA NA
1533675600.0 10004.0 NA 109 298 0 75 NA NA NA NA NA 320 581 0 204 NA NA NA NA NA 414 1808 1163 257 NA NA NA NA NA 550 2093 1243 398 NA NA NA NA
1533675600.0 10005.0 NA 109 303 0 85 NA NA NA NA NA 320 581 0 204 NA NA NA NA NA 429 1575 1157 242 NA NA NA NA NA 565 1752 1216 329 NA NA NA NA
1533675600.0 10006.0 NA 116 296 0 80 NA NA NA NA NA 320 581 0 204 NA NA NA NA NA 431 1535 1339 262 NA NA NA NA NA 541 1736 1417 354 NA NA NA NA
1533675600.0 10007.0 NA 114 315 0 80 NA NA NA NA NA 320 581 0 204 NA NA NA NA NA 416 1568 1199 236 NA NA NA NA NA 529 1716 1256 331 NA NA NA NA
1533675600.0 10008.0 NA 113 301 0 76 NA NA NA NA NA 320 581 0 204 NA NA NA NA NA 432 1679 1316 310 NA NA NA NA NA 573 1908 1687 503 NA NA NA NA
1533675600.0 10009.0 NA 107 305 0 75 NA NA NA NA NA 320 581 0 204 NA NA NA NA NA 438 1717 1233 319 NA NA NA NA NA 587 1976 1429 483 NA NA NA NA
1533675600.0 1001.0 NA 216 123 0 0 0 0 0 0 NA 452 240 0 0 0 0 0 0 NA 2283 672 101 76 123 289 140 303 NA 2470 952 149 104 150 320 190 334
1533675600.0 1001.2 NA 278 135 0 NA NA NA NA NA NA 549 265 0 NA NA NA NA NA NA 13656 1381 195 NA NA NA NA NA NA 13975 1565 425 NA NA NA NA NA
1533675600.0 1002.0 NA 254 77 NA NA NA NA NA NA NA 467 181 NA NA NA NA NA NA NA 2691 386 NA NA NA NA NA NA NA 2883 527 NA NA NA NA NA NA
1533675600.0 10023.0 NA 110 299 0 80 NA NA NA NA NA 274 581 0 204 NA NA NA NA NA 509 1539 1157 237 NA NA NA NA NA 654 1898 1216 324 NA NA NA NA
1533675600.0 10024.0 NA 117 312 0 73 NA NA NA NA NA 275 581 0 204 NA NA NA NA NA 526 1867 1248 377 NA NA NA NA NA 658 2146 1343 793 NA NA NA NA
1533675600.0 10024.1 NA 113 175 0 NA NA NA NA NA NA 320 387 0 NA NA NA NA NA NA 602 959 354 NA NA NA NA NA NA 740 1200 416 NA NA NA NA NA
1533675600.0 10024.2 NA 116 303 0 NA NA NA NA NA NA 320 581 0 NA NA NA NA NA NA 511 1843 1459 NA NA NA NA NA NA 709 2013 1589 NA NA NA NA NA
1533675600.0 10024.3 NA 118 163 0 NA NA NA NA NA NA 320 386 0 NA NA NA NA NA NA 587 1067 318 NA NA NA NA NA NA 738 1662 374 NA NA NA NA NA
1533675600.0 10024.4 NA 114 304 0 NA NA NA NA NA NA 275 580 0 NA NA NA NA NA NA 550 1812 1526 NA NA NA NA NA NA 674 2023 1706 NA NA NA NA NA
1533675600.0 10024.5 NA 118 149 0 NA NA NA NA NA NA 275 314 0 NA NA NA NA NA NA 539 460 117 NA NA NA NA NA NA 700 637 160 NA NA NA NA NA
1533675600.0 10025.0 NA 115 318 0 74 NA NA NA NA NA 320 581 0 204 NA NA NA NA NA 447 1644 1678 324 NA NA NA NA NA 568 1821 1802 502 NA NA NA NA
1533675600.0 10026.0 NA 120 317 0 84 NA NA NA NA NA 320 645 0 204 NA NA NA NA NA 532 2176 1264 277 NA NA NA NA NA 673 2503 1335 414 NA NA NA NA
1533675600.0 1003.0 NA 214 0 NA NA NA NA NA NA NA 446 0 NA NA NA NA NA NA NA 2694 501 NA NA NA NA NA NA NA 2939 571 NA NA NA NA NA NA
1533675600.0 1004.0 NA 189 103 0 0 0 0 NA NA NA 400 218 0 0 0 0 NA NA NA 888 271 66 120 353 281 NA NA NA 1104 358 106 154 521 324 NA NA
1533675600.0 10042.0 NA 115 312 0 77 NA NA NA NA NA 320 581 0 204 NA NA NA NA NA 448 1677 1672 374 NA NA NA NA NA 602 1957 1809 711 NA NA NA NA
1533675600.0 10059.0 NA 118 336 0 75 NA NA NA NA NA 275 645 0 204 NA NA NA NA NA 568 2343 1280 344 NA NA NA NA NA 733 2560 1374 554 NA NA NA NA
1533675600.0 10071.0 NA 126 311 0 75 NA NA NA NA NA 320 581 0 204 NA NA NA NA NA 496 1919 1633 316 NA NA NA NA NA 608 2171 1783 499 NA NA NA NA
1533675600.0 101.0 97 NA NA NA NA NA NA NA NA 254 NA NA NA NA NA NA NA NA 1100 NA NA NA NA NA NA NA NA 1246 NA NA NA NA NA NA NA NA
1533675600.0 1010.0 NA 34 46 0 NA NA NA NA NA NA 149 161 0 NA NA NA NA NA NA 101 134 115 NA NA NA NA NA NA 220 239 167 NA NA NA NA NA
1533675600.0 102.0 102 NA NA NA NA NA NA NA NA 254 NA NA NA NA NA NA NA NA 991 NA NA NA NA NA NA NA NA 1189 NA NA NA NA NA NA NA NA
1533675600.0 1020.0 NA 73 31 0 68 NA NA NA NA NA 200 132 0 201 NA NA NA NA NA 228 100 61 236 NA NA NA NA NA 406 170 132 338 NA NA NA NA
1533675600.0 10224.0 NA 164 390 0 NA NA NA NA NA NA 372 729 0 NA NA NA NA NA NA 2693 3907 1559 NA NA NA NA NA NA 3177 4655 1658 NA NA NA NA NA
1533675600.0 10225.0 NA 168 384 0 NA NA NA NA NA NA 372 729 0 NA NA NA NA NA NA 3043 4531 1750 NA NA NA NA NA NA 3534 5610 1898 NA NA NA NA NA
1533675600.0 103.0 56 0 0 NA NA NA NA NA NA 170 0 0 NA NA NA NA NA NA 593 255 1731 NA NA NA NA NA NA 853 385 2312 NA NA NA NA NA NA
1533675600.0 1030.0 NA 139 45 0 0 NA NA NA NA NA 348 160 0 0 NA NA NA NA NA 7492 239 63 68 NA NA NA NA NA 7947 346 239 396 NA NA NA NA
1533675600.0 1040.0 NA 254 33 0 NA NA NA NA NA NA 491 136 0 NA NA NA NA NA NA 11224 115 119 NA NA NA NA NA NA 11717 195 164 NA NA NA NA NA
1533675600.0 1040.1 NA 70 34 0 NA NA NA NA NA NA 219 136 0 NA NA NA NA NA NA 378 107 123 NA NA NA NA NA NA 540 185 212 NA NA NA NA NA
1533675600.0 10424.0 NA 126 308 0 NA NA NA NA NA NA 320 581 0 NA NA NA NA NA NA 463 1845 1488 NA NA NA NA NA NA 588 2164 1618 NA NA NA NA NA
1533675600.0 105.0 63 76 36 NA NA NA NA NA NA 195 291 140 NA NA NA NA NA NA 1728 581 158 NA NA NA NA NA NA 1875 803 244 NA NA NA NA NA NA
1533675600.0 106.0 48 0 0 NA NA NA NA NA NA 170 0 0 NA NA NA NA NA NA 591 193 1764 NA NA NA NA NA NA 826 280 2155 NA NA NA NA NA NA
1533675600.0 107.0 61 78 232 NA NA NA NA NA NA 207 292 471 NA NA NA NA NA NA 2626 637 2167 NA NA NA NA NA NA 2890 951 2567 NA NA NA NA NA NA
1533675600.0 108.0 69 82 232 NA NA NA NA NA NA 206 292 471 NA NA NA NA NA NA 3812 610 2046 NA NA NA NA NA NA 4209 988 2510 NA NA NA NA NA NA
1533675600.0 10801.0 NA 187 329 0 80 112 NA NA NA NA 441 645 0 204 248 NA NA NA NA 1369 1993 2001 373 993 NA NA NA NA 1600 2318 2110 503 1139 NA NA NA
1533675600.0 10802.0 NA 222 332 0 87 114 NA NA NA NA 441 645 0 204 248 NA NA NA NA 1298 1745 2155 656 952 NA NA NA NA 1463 1899 2251 1177 1091 NA NA NA
1533675600.0 10803.0 NA 186 334 0 77 115 NA NA NA NA 441 645 0 204 248 NA NA NA NA 1367 1858 2140 402 973 NA NA NA NA 1648 2039 2253 539 1130 NA NA NA
1533675600.0 10804.0 NA 193 334 0 82 117 NA NA NA NA 441 645 0 204 248 NA NA NA NA 1337 1925 1964 386 946 NA NA NA NA 1531 2123 2062 527 1101 NA NA NA
1533675600.0 10805.0 NA 185 335 0 89 110 NA NA NA NA 441 645 0 204 248 NA NA NA NA 1353 1792 1959 444 950 NA NA NA NA 1567 1971 2048 846 1113 NA NA NA
1533675600.0 10806.0 NA 180 332 0 83 115 NA NA NA NA 396 645 0 204 248 NA NA NA NA 1376 1990 2320 490 955 NA NA NA NA 1671 2245 2427 722 1100 NA NA NA
1533675600.0 10807.0 NA 213 332 0 97 112 NA NA NA NA 441 645 0 220 248 NA NA NA NA 1333 1770 2070 488 968 NA NA NA NA 1575 1919 2173 636 1112 NA NA NA
1533675600.0 10808.0 NA 186 339 0 97 115 NA NA NA NA 441 645 0 220 248 NA NA NA NA 1391 2020 2007 397 987 NA NA NA NA 1665 2236 2063 525 1140 NA NA NA
1533675600.0 10809.0 NA 184 330 0 100 115 NA NA NA NA 441 645 0 220 248 NA NA NA NA 1556 1789 2288 655 947 NA NA NA NA 1916 1942 2413 1152 1126 NA NA NA
1533675600.0 10823.0 NA 185 324 0 81 113 NA NA NA NA 441 645 0 204 248 NA NA NA NA 1756 1958 2389 460 934 NA NA NA NA 2123 2229 2493 645 1243 NA NA NA
1533675600.0 10824.0 NA 198 349 0 92 114 NA NA NA NA 441 645 0 220 248 NA NA NA NA 1490 1974 2718 392 1006 NA NA NA NA 1732 2179 2902 547 1167 NA NA NA
1533675600.0 10824.1 NA 223 181 0 NA NA NA NA NA NA 441 413 0 NA NA NA NA NA NA 1597 890 430 NA NA NA NA NA NA 1900 1097 508 NA NA NA NA NA
1533675600.0 10824.5 NA 203 155 0 NA NA NA NA NA NA 441 315 0 NA NA NA NA NA NA 1474 585 166 NA NA NA NA NA NA 1646 751 248 NA NA NA NA NA
1533675600.0 10824.6 NA 199 352 0 90 114 NA NA NA NA 441 645 0 220 248 NA NA NA NA 1916 2016 2041 403 782 NA NA NA NA 2245 2220 2141 552 937 NA NA NA
1533675600.0 10825.0 NA 212 338 0 88 112 NA NA NA NA 441 645 0 204 248 NA NA NA NA 1401 1875 2038 419 1036 NA NA NA NA 1731 2042 2140 577 1173 NA NA NA
1533675600.0 10826.0 NA 202 343 0 89 116 NA NA NA NA 441 645 0 204 248 NA NA NA NA 1501 2244 2629 423 1004 NA NA NA NA 1657 2426 2752 568 1170 NA NA NA
1533675600.0 10842.0 NA 192 340 0 87 111 NA NA NA NA 441 645 0 220 248 NA NA NA NA 1490 1993 2058 510 1001 NA NA NA NA 1709 2204 2149 715 1200 NA NA NA
1533675600.0 10859.0 NA 221 350 0 95 111 NA NA NA NA 441 645 0 220 248 NA NA NA NA 1604 2468 2360 441 670 NA NA NA NA 1822 2891 2468 711 760 NA NA NA
1533675600.0 10871.0 NA 203 333 0 88 112 NA NA NA NA 441 645 0 204 248 NA NA NA NA 1479 2211 2631 636 724 NA NA NA NA 1759 2429 2763 1157 932 NA NA NA
1533675600.0 109.0 65 86 234 NA NA NA NA NA NA 207 292 471 NA NA NA NA NA NA 3869 618 1687 NA NA NA NA NA NA 4240 890 1956 NA NA NA NA NA NA
1533675600.0 11.0 NA 86 263 0 65 NA NA NA NA NA 307 519 0 186 NA NA NA NA NA 1614 1742 746 226 NA NA NA NA NA 1796 1944 860 412 NA NA NA NA
1533675600.0 110.0 55 74 229 NA NA NA NA NA NA 176 246 471 NA NA NA NA NA NA 798 553 1904 NA NA NA NA NA NA 1244 788 2158 NA NA NA NA NA NA
1533675600.0 1102.0 NA 103 247 126 67 NA NA NA NA NA 307 471 295 204 NA NA NA NA NA 2284 3827 1587 328 NA NA NA NA NA 2764 4647 2053 392 NA NA NA NA
1533675600.0 11024.0 NA 272 446 0 112 NA NA NA NA NA 558 820 0 248 NA NA NA NA NA 6734 5638 3327 833 NA NA NA NA NA 7938 6600 3525 972 NA NA NA NA
1533675600.0 11024.6 NA 270 444 0 104 NA NA NA NA NA 558 820 0 248 NA NA NA NA NA 6590 7106 3331 1076 NA NA NA NA NA 7708 8380 3512 1172 NA NA NA NA
1533675600.0 11025.0 NA 266 449 0 112 NA NA NA NA NA 558 820 0 248 NA NA NA NA NA 6454 5062 3338 1055 NA NA NA NA NA 7400 5834 3471 1190 NA NA NA NA
1533675600.0 111.0 68 81 228 NA NA NA NA NA NA 196 292 471 NA NA NA NA NA NA 1037 428 2068 NA NA NA NA NA NA 1204 627 2405 NA NA NA NA NA NA
1533675600.0 112.0 67 77 229 NA NA NA NA NA NA 195 248 471 NA NA NA NA NA NA 1783 646 2146 NA NA NA NA NA NA 1966 929 2837 NA NA NA NA NA NA
1533675600.0 11224.0 NA 191 358 0 NA NA NA NA NA NA 441 645 0 NA NA NA NA NA NA 2462 2286 2324 NA NA NA NA NA NA 3202 2484 2418 NA NA NA NA NA
1533675600.0 11224.6 NA 189 344 0 NA NA NA NA NA NA 441 645 0 NA NA NA NA NA NA 2495 2245 2224 NA NA NA NA NA NA 3324 2464 2344 NA NA NA NA NA
1533675600.0 113.0 68 84 227 NA NA NA NA NA NA 195 292 471 NA NA NA NA NA NA 1830 598 2048 NA NA NA NA NA NA 2025 779 2346 NA NA NA NA NA NA
1533675600.0 114.0 66 79 232 NA NA NA NA NA NA 195 291 471 NA NA NA NA NA NA 2080 604 2085 NA NA NA NA NA NA 2249 897 2432 NA NA NA NA NA NA
1533675600.0 115.0 65 79 229 NA NA NA NA NA NA 195 248 471 NA NA NA NA NA NA 2021 535 1799 NA NA NA NA NA NA 2209 784 2059 NA NA NA NA NA NA
1533675600.0 116.0 65 82 232 NA NA NA NA NA NA 207 247 471 NA NA NA NA NA NA 2341 593 1802 NA NA NA NA NA NA 2523 807 2060 NA NA NA NA NA NA
1533675600.0 11623.0 55 110 304 0 77 NA NA NA NA 180 268 581 0 205 NA NA NA NA 942 1083 2456 1696 379 NA NA NA NA 1247 1635 2855 1806 599 NA NA NA NA
1533675600.0 11624.0 60 110 313 0 82 NA NA NA NA 180 313 581 0 205 NA NA NA NA 4725 1153 2178 1503 313 NA NA NA NA 5146 1618 2385 1609 424 NA NA NA NA
1533675600.0 11625.0 57 110 302 0 74 NA NA NA NA 180 269 581 0 205 NA NA NA NA 2808 1104 2699 1851 333 NA NA NA NA 3190 1635 3134 1956 522 NA NA NA NA
1533675600.0 11626.0 62 114 312 0 69 NA NA NA NA 188 313 581 0 205 NA NA NA NA 7686 1119 2547 1433 339 NA NA NA NA 8309 1494 2869 1520 540 NA NA NA NA
1533675600.0 11642.0 58 106 300 0 78 NA NA NA NA 180 313 581 0 205 NA NA NA NA 1016 898 2492 1899 385 NA NA NA NA 1236 1324 2856 2046 599 NA NA NA NA
1533675600.0 117.0 68 78 241 NA NA NA NA NA NA 207 292 471 NA NA NA NA NA NA 3002 684 2237 NA NA NA NA NA NA 3247 1007 2674 NA NA NA NA NA NA
1533675600.0 118.0 66 80 238 NA NA NA NA NA NA 207 292 471 NA NA NA NA NA NA 2943 637 2034 NA NA NA NA NA NA 3176 869 2372 NA NA NA NA NA NA
1533675600.0 119.0 62 86 236 NA NA NA NA NA NA 195 292 471 NA NA NA NA NA NA 2613 598 1713 NA NA NA NA NA NA 3217 816 2128 NA NA NA NA NA NA
1533675600.0 12.0 NA 99 238 0 NA NA NA NA NA NA 307 471 0 NA NA NA NA NA NA 1975 3289 678 NA NA NA NA NA NA 2192 3526 831 NA NA NA NA NA
1533675600.0 120.0 63 83 238 NA NA NA NA NA NA 184 246 471 NA NA NA NA NA NA 726 575 1731 NA NA NA NA NA NA 1008 780 1994 NA NA NA NA NA NA
1533675600.0 12024.0 60 107 307 0 NA NA NA NA NA 188 313 581 0 NA NA NA NA NA 4670 1217 2159 1428 NA NA NA NA NA 5337 1716 2322 1506 NA NA NA NA NA
1533675600.0 121.0 66 84 243 NA NA NA NA NA NA 206 247 471 NA NA NA NA NA NA 2936 566 1758 NA NA NA NA NA NA 3148 724 2006 NA NA NA NA NA NA
1533675600.0 122.0 60 76 226 NA NA NA NA NA NA 196 292 471 NA NA NA NA NA NA 515 353 1529 NA NA NA NA NA NA 661 509 1763 NA NA NA NA NA NA
1533675600.0 123.1 202 NA NA NA NA NA NA NA NA 427 NA NA NA NA NA NA NA NA 1133 NA NA NA NA NA NA NA NA 1341 NA NA NA NA NA NA NA NA
1533675600.0 123.2 198 NA NA NA NA NA NA NA NA 427 NA NA NA NA NA NA NA NA 1288 NA NA NA NA NA NA NA NA 1710 NA NA NA NA NA NA NA NA
1533675600.0 123.3 178 NA NA NA NA NA NA NA NA 426 NA NA NA NA NA NA NA NA 882 NA NA NA NA NA NA NA NA 1137 NA NA NA NA NA NA NA NA
1533675600.0 124.1 197 NA NA NA NA NA NA NA NA 426 NA NA NA NA NA NA NA NA 900 NA NA NA NA NA NA NA NA 1133 NA NA NA NA NA NA NA NA
1533675600.0 124.2 201 NA NA NA NA NA NA NA NA 428 NA NA NA NA NA NA NA NA 1161 NA NA NA NA NA NA NA NA 1701 NA NA NA NA NA NA NA NA
1533675600.0 124.4 184 NA NA NA NA NA NA NA NA 426 NA NA NA NA NA NA NA NA 958 NA NA NA NA NA NA NA NA 1192 NA NA NA NA NA NA NA NA
1533675600.0 124.5 184 NA NA NA NA NA NA NA NA 426 NA NA NA NA NA NA NA NA 965 NA NA NA NA NA NA NA NA 1191 NA NA NA NA NA NA NA NA
1533675600.0 124.6 174 NA NA NA NA NA NA NA NA 426 NA NA NA NA NA NA NA NA 914 NA NA NA NA NA NA NA NA 1349 NA NA NA NA NA NA NA NA
1533675600.0 125.0 68 85 235 NA NA NA NA NA NA 207 248 471 NA NA NA NA NA NA 1850 462 1420 NA NA NA NA NA NA 1984 589 1597 NA NA NA NA NA NA
1533675600.0 126.0 57 74 227 NA NA NA NA NA NA 184 292 471 NA NA NA NA NA NA 809 473 1584 NA NA NA NA NA NA 995 626 1824 NA NA NA NA NA NA
1533675600.0 127.0 56 79 231 NA NA NA NA NA NA 184 292 471 NA NA NA NA NA NA 939 417 1528 NA NA NA NA NA NA 1075 559 1789 NA NA NA NA NA NA
1533675600.0 128.0 57 74 221 NA NA NA NA NA NA 176 246 471 NA NA NA NA NA NA 441 449 1584 NA NA NA NA NA NA 597 620 1806 NA NA NA NA NA NA
1533675600.0 129.0 55 78 222 NA NA NA NA NA NA 176 291 471 NA NA NA NA NA NA 456 499 1597 NA NA NA NA NA NA 594 687 1860 NA NA NA NA NA NA
1533675600.0 13.0 NA 92 243 0 NA NA NA NA NA NA 262 471 0 NA NA NA NA NA NA 617 1958 538 NA NA NA NA NA NA 1065 2146 614 NA NA NA NA NA
1533675600.0 130.0 62 84 229 NA NA NA NA NA NA 184 292 471 NA NA NA NA NA NA 531 392 1499 NA NA NA NA NA NA 628 512 1680 NA NA NA NA NA NA
1533675600.0 1301.0 64 96 196 NA NA NA NA NA NA 195 255 389 NA NA NA NA NA NA 902 340 869 NA NA NA NA NA NA 1073 422 1008 NA NA NA NA NA NA
1533675600.0 1301.17 57 112 177 NA NA NA NA NA NA 188 257 402 NA NA NA NA NA NA 1006 412 992 NA NA NA NA NA NA 1180 526 1125 NA NA NA NA NA NA
1533675600.0 1302.0 67 90 163 NA NA NA NA NA NA 196 254 389 NA NA NA NA NA NA 3595 423 1087 NA NA NA NA NA NA 3895 538 1262 NA NA NA NA NA NA
1533675600.0 1302.17 71 103 184 NA NA NA NA NA NA 188 302 402 NA NA NA NA NA NA 4021 476 1161 NA NA NA NA NA NA 4297 603 1294 NA NA NA NA NA NA
1533675600.0 1303.0 68 96 200 NA NA NA NA NA NA 196 254 389 NA NA NA NA NA NA 5458 316 1266 NA NA NA NA NA NA 5707 396 1417 NA NA NA NA NA NA
1533675600.0 1303.17 62 107 186 NA NA NA NA NA NA 188 257 403 NA NA NA NA NA NA 5572 424 1273 NA NA NA NA NA NA 5849 583 1413 NA NA NA NA NA NA
1533675600.0 1306.0 NA 94 277 0 NA NA NA NA NA NA 318 526 0 NA NA NA NA NA NA 405 1499 821 NA NA NA NA NA NA 593 1755 886 NA NA NA NA NA
1533675600.0 1307.0 NA 101 154 55 0 NA NA NA NA NA 312 340 163 0 NA NA NA NA NA 394 643 134 385 NA NA NA NA NA 524 1087 209 525 NA NA NA NA
1533675600.0 1308.0 NA 97 157 51 0 NA NA NA NA NA 312 337 163 0 NA NA NA NA NA 389 532 146 381 NA NA NA NA NA 529 637 207 427 NA NA NA NA
1533675600.0 1309.0 NA 104 296 0 NA NA NA NA NA NA 273 526 0 NA NA NA NA NA NA 471 1817 810 NA NA NA NA NA NA 638 2197 879 NA NA NA NA NA
1533675600.0 131.0 56 83 231 NA NA NA NA NA NA 184 291 471 NA NA NA NA NA NA 870 413 1345 NA NA NA NA NA NA 1016 509 1555 NA NA NA NA NA NA
1533675600.0 1310.0 NA 93 294 0 NA NA NA NA NA NA 318 526 0 NA NA NA NA NA NA 445 1704 821 NA NA NA NA NA NA 635 2102 892 NA NA NA NA NA
1533675600.0 1311.0 NA 91 276 0 69 NA NA NA NA NA 318 523 0 187 NA NA NA NA NA 401 1202 829 213 NA NA NA NA NA 530 1621 885 313 NA NA NA NA
1533675600.0 1312.0 NA 99 288 0 NA NA NA NA NA NA 318 526 0 NA NA NA NA NA NA 449 1722 849 NA NA NA NA NA NA 618 1919 908 NA NA NA NA NA
1533675600.0 1313.0 NA 101 297 0 NA NA NA NA NA NA 318 526 0 NA NA NA NA NA NA 382 1942 835 NA NA NA NA NA NA 536 2118 998 NA NA NA NA NA
1533675600.0 1314.0 NA 98 298 0 NA NA NA NA NA NA 318 526 0 NA NA NA NA NA NA 442 1661 819 NA NA NA NA NA NA 618 1826 891 NA NA NA NA NA
1533675600.0 1315.0 NA 99 286 0 NA NA NA NA NA NA 273 526 0 NA NA NA NA NA NA 386 1481 807 NA NA NA NA NA NA 487 1639 861 NA NA NA NA NA
1533675600.0 1316.0 NA 91 287 0 NA NA NA NA NA NA 318 526 0 NA NA NA NA NA NA 401 1542 807 NA NA NA NA NA NA 554 1747 884 NA NA NA NA NA
1533675600.0 1317.0 NA 88 285 0 NA NA NA NA NA NA 318 526 0 NA NA NA NA NA NA 392 1528 806 NA NA NA NA NA NA 563 1705 953 NA NA NA NA NA
1533675600.0 1318.0 NA 90 280 0 NA NA NA NA NA NA 318 526 0 NA NA NA NA NA NA 374 1537 798 NA NA NA NA NA NA 537 1718 852 NA NA NA NA NA
1533675600.0 1319.0 NA 90 288 0 NA NA NA NA NA NA 318 526 0 NA NA NA NA NA NA 383 1511 805 NA NA NA NA NA NA 557 1708 874 NA NA NA NA NA
1533675600.0 132.0 65 87 233 NA NA NA NA NA NA 192 292 471 NA NA NA NA NA NA 2117 390 1410 NA NA NA NA NA NA 2364 474 1595 NA NA NA NA NA NA
1533675600.0 1320.0 NA 97 287 0 NA NA NA NA NA NA 318 526 0 NA NA NA NA NA NA 406 1543 802 NA NA NA NA NA NA 557 1784 853 NA NA NA NA NA
1533675600.0 1321.0 NA 95 282 0 NA NA NA NA NA NA 318 526 0 NA NA NA NA NA NA 396 1562 812 NA NA NA NA NA NA 576 1778 866 NA NA NA NA NA
1533675600.0 1322.0 NA 90 287 0 NA NA NA NA NA NA 272 526 0 NA NA NA NA NA NA 396 1529 812 NA NA NA NA NA NA 515 1704 898 NA NA NA NA NA
1533675600.0 1323.0 NA 87 279 0 NA NA NA NA NA NA 318 526 0 NA NA NA NA NA NA 377 1495 802 NA NA NA NA NA NA 492 1713 858 NA NA NA NA NA
1533675600.0 1324.0 NA 95 294 0 NA NA NA NA NA NA 273 526 0 NA NA NA NA NA NA 446 1710 832 NA NA NA NA NA NA 653 1934 898 NA NA NA NA NA
1533675600.0 1325.0 NA 102 290 0 73 NA NA NA NA NA 318 526 0 200 NA NA NA NA NA 471 1734 859 249 NA NA NA NA NA 624 1886 933 355 NA NA NA NA
1533675600.0 1325.1 NA 101 153 0 NA NA NA NA NA NA 273 312 0 NA NA NA NA NA NA 596 819 289 NA NA NA NA NA NA 787 1001 337 NA NA NA NA NA
1533675600.0 1325.2 NA 102 302 0 NA NA NA NA NA NA 273 526 0 NA NA NA NA NA NA 646 1739 1291 NA NA NA NA NA NA 932 1920 1529 NA NA NA NA NA
1533675600.0 1325.3 NA 100 153 0 NA NA NA NA NA NA 318 311 0 NA NA NA NA NA NA 581 832 287 NA NA NA NA NA NA 760 1109 339 NA NA NA NA NA
1533675600.0 1325.4 NA 94 292 0 NA NA NA NA NA NA 318 526 0 NA NA NA NA NA NA 696 1743 1286 NA NA NA NA NA NA 912 1927 1474 NA NA NA NA NA
1533675600.0 1325.5 NA 146 0 NA NA NA NA NA NA NA 317 0 NA NA NA NA NA NA NA 3116 190 NA NA NA NA NA NA NA 3866 270 NA NA NA NA NA NA
1533675600.0 1325.51 NA 145 0 NA NA NA NA NA NA NA 317 0 NA NA NA NA NA NA NA 1533 182 NA NA NA NA NA NA NA 1771 280 NA NA NA NA NA NA
1533675600.0 1325.6 NA 118 NA NA NA NA NA NA NA NA 293 NA NA NA NA NA NA NA NA 2497 NA NA NA NA NA NA NA NA 2973 NA NA NA NA NA NA NA
1533675600.0 1325.7 NA 122 0 NA NA NA NA NA NA NA 293 0 NA NA NA NA NA NA NA 3192 199 NA NA NA NA NA NA NA 5359 279 NA NA NA NA NA NA
1533675600.0 1325.8 NA 129 0 NA NA NA NA NA NA NA 271 0 NA NA NA NA NA NA NA 2762 169 NA NA NA NA NA NA NA 2994 245 NA NA NA NA NA NA
1533675600.0 1325.9 NA 119 0 NA NA NA NA NA NA NA 267 0 NA NA NA NA NA NA NA 2097 177 NA NA NA NA NA NA NA 2253 246 NA NA NA NA NA NA
1533675600.0 1326.0 NA 99 289 0 NA NA NA NA NA NA 273 526 0 NA NA NA NA NA NA 606 1535 1225 NA NA NA NA NA NA 874 1714 1433 NA NA NA NA NA
1533675600.0 1327.0 NA 98 287 0 NA NA NA NA NA NA 318 526 0 NA NA NA NA NA NA 611 1677 1261 NA NA NA NA NA NA 935 1862 1437 NA NA NA NA NA
1533675600.0 1328.0 NA 110 304 0 NA NA NA NA NA NA 318 527 0 NA NA NA NA NA NA 621 1640 1291 NA NA NA NA NA NA 869 1842 1552 NA NA NA NA NA
1533675600.0 1329.0 NA 97 285 0 NA NA NA NA NA NA 318 527 0 NA NA NA NA NA NA 555 1572 1262 NA NA NA NA NA NA 781 1766 1551 NA NA NA NA NA
1533675600.0 1329.1 NA 132 0 NA NA NA NA NA NA NA 296 0 NA NA NA NA NA NA NA 2235 163 NA NA NA NA NA NA NA 2467 239 NA NA NA NA NA NA
1533675600.0 133.0 61 83 235 NA NA NA NA NA NA 206 292 471 NA NA NA NA NA NA 3769 385 1524 NA NA NA NA NA NA 4696 477 1722 NA NA NA NA NA NA
1533675600.0 1330.0 NA 90 283 0 NA NA NA NA NA NA 273 527 0 NA NA NA NA NA NA 616 1621 1326 NA NA NA NA NA NA 849 1804 1538 NA NA NA NA NA
1533675600.0 1331.0 NA 95 279 0 NA NA NA NA NA NA 318 526 0 NA NA NA NA NA NA 587 1657 1305 NA NA NA NA NA NA 934 1897 1537 NA NA NA NA NA
1533675600.0 1332.0 NA 108 292 0 NA NA NA NA NA NA 273 527 0 NA NA NA NA NA NA 638 1738 1351 NA NA NA NA NA NA 856 1946 1550 NA NA NA NA NA
1533675600.0 1333.0 NA 95 286 0 NA NA NA NA NA NA 318 526 0 NA NA NA NA NA NA 541 1807 1277 NA NA NA NA NA NA 713 2176 1490 NA NA NA NA NA
1533675600.0 1334.0 NA 99 294 0 NA NA NA NA NA NA 318 527 0 NA NA NA NA NA NA 647 1732 1292 NA NA NA NA NA NA 853 1915 1577 NA NA NA NA NA
1533675600.0 1335.0 NA 102 293 0 NA NA NA NA NA NA 318 526 0 NA NA NA NA NA NA 626 1541 1320 NA NA NA NA NA NA 871 1753 1549 NA NA NA NA NA
1533675600.0 1336.0 NA 102 295 0 NA NA NA NA NA NA 318 526 0 NA NA NA NA NA NA 721 2131 1257 NA NA NA NA NA NA 945 2327 1477 NA NA NA NA NA
1533675600.0 1337.0 NA 103 291 0 NA NA NA NA NA NA 318 526 0 NA NA NA NA NA NA 756 2072 1321 NA NA NA NA NA NA 980 2314 1584 NA NA NA NA NA
1533675600.0 1338.0 NA 111 291 0 NA NA NA NA NA NA 318 526 0 NA NA NA NA NA NA 666 1680 1122 NA NA NA NA NA NA 859 1866 1250 NA NA NA NA NA
1533675600.0 1339.0 NA 104 292 0 NA NA NA NA NA NA 318 527 0 NA NA NA NA NA NA 671 1908 1363 NA NA NA NA NA NA 866 2093 1639 NA NA NA NA NA
1533675600.0 134.0 NA 246 40 0 NA NA NA NA NA NA 467 153 0 NA NA NA NA NA NA 3001 136 76 NA NA NA NA NA NA 3257 209 125 NA NA NA NA NA
1533675600.0 134.701 NA 37 270 0 NA NA NA NA NA NA 163 507 0 NA NA NA NA NA NA 233 4333 1143 NA NA NA NA NA NA 371 4527 1494 NA NA NA NA NA
1533675600.0 134.702 NA 37 261 0 NA NA NA NA NA NA 155 507 0 NA NA NA NA NA NA 246 5323 734 NA NA NA NA NA NA 380 5578 828 NA NA NA NA NA
1533675600.0 134.703 NA 37 278 0 NA NA NA NA NA NA 163 508 0 NA NA NA NA NA NA 251 5709 781 NA NA NA NA NA NA 368 5912 903 NA NA NA NA NA
1533675600.0 134.704 NA 35 266 0 NA NA NA NA NA NA 163 507 0 NA NA NA NA NA NA 249 5843 754 NA NA NA NA NA NA 358 6116 871 NA NA NA NA NA
1533675600.0 134.705 NA 38 274 0 NA NA NA NA NA NA 163 507 0 NA NA NA NA NA NA 232 5625 776 NA NA NA NA NA NA 330 5859 905 NA NA NA NA NA
1533675600.0 134.706 NA 41 274 0 NA NA NA NA NA NA 163 507 0 NA NA NA NA NA NA 245 5569 763 NA NA NA NA NA NA 453 5776 844 NA NA NA NA NA
1533675600.0 134.707 NA 41 265 0 NA NA NA NA NA NA 163 507 0 NA NA NA NA NA NA 246 5379 781 NA NA NA NA NA NA 371 5897 903 NA NA NA NA NA
1533675600.0 134.708 NA 36 275 0 NA NA NA NA NA NA 155 507 0 NA NA NA NA NA NA 271 4893 992 NA NA NA NA NA NA 405 5180 1125 NA NA NA NA NA
1533675600.0 134.709 NA 36 422 0 NA NA NA NA NA NA 164 701 0 NA NA NA NA NA NA 273 6088 786 NA NA NA NA NA NA 401 6500 914 NA NA NA NA NA
1533675600.0 134.71 NA 39 264 0 NA NA NA NA NA NA 156 507 0 NA NA NA NA NA NA 233 4025 764 NA NA NA NA NA NA 387 4226 884 NA NA NA NA NA
1533675600.0 134.801 NA 47 273 0 NA NA NA NA NA NA 161 507 0 NA NA NA NA NA NA 208 4082 939 NA NA NA NA NA NA 310 4277 1129 NA NA NA NA NA
1533675600.0 134.802 NA 42 269 0 NA NA NA NA NA NA 161 507 0 NA NA NA NA NA NA 220 6677 964 NA NA NA NA NA NA 311 6946 1121 NA NA NA NA NA
1533675600.0 134.803 NA 45 264 0 NA NA NA NA NA NA 169 507 0 NA NA NA NA NA NA 216 5807 764 NA NA NA NA NA NA 337 6022 900 NA NA NA NA NA
1533675600.0 134.804 NA 38 270 0 NA NA NA NA NA NA 169 508 0 NA NA NA NA NA NA 219 7457 950 NA NA NA NA NA NA 383 8030 1133 NA NA NA NA NA
1533675600.0 134.805 NA 40 269 0 NA NA NA NA NA NA 169 507 0 NA NA NA NA NA NA 223 6405 1000 NA NA NA NA NA NA 404 6754 1147 NA NA NA NA NA
1533675600.0 134.806 NA 38 271 0 NA NA NA NA NA NA 161 508 0 NA NA NA NA NA NA 222 7953 763 NA NA NA NA NA NA 404 8489 905 NA NA NA NA NA
1533675600.0 134.807 NA 120 285 0 NA NA NA NA NA NA 263 560 0 NA NA NA NA NA NA 1015 7243 797 NA NA NA NA NA NA 1190 7605 878 NA NA NA NA NA
1533675600.0 134.808 NA 131 284 0 NA NA NA NA NA NA 263 559 0 NA NA NA NA NA NA 1030 7007 797 NA NA NA NA NA NA 1199 7380 903 NA NA NA NA NA
1533675600.0 134.809 NA 42 260 0 NA NA NA NA NA NA 161 507 0 NA NA NA NA NA NA 218 6211 777 NA NA NA NA NA NA 305 6442 910 NA NA NA NA NA
1533675600.0 134.81 NA 46 272 0 NA NA NA NA NA NA 161 507 0 NA NA NA NA NA NA 223 6574 964 NA NA NA NA NA NA 342 6840 1113 NA NA NA NA NA
1533675600.0 134.811 NA 48 269 0 NA NA NA NA NA NA 169 508 0 NA NA NA NA NA NA 223 7178 696 NA NA NA NA NA NA 335 7423 790 NA NA NA NA NA
1533675600.0 134.812 NA 41 267 0 NA NA NA NA NA NA 161 507 0 NA NA NA NA NA NA 201 4040 960 NA NA NA NA NA NA 317 4250 1136 NA NA NA NA NA
1533675600.0 134.813 NA 155 73 0 NA NA NA NA NA NA 347 190 0 NA NA NA NA NA NA 1028 204 437 NA NA NA NA NA NA 1213 310 622 NA NA NA NA NA
1533675600.0 134.901 NA 45 263 0 NA NA NA NA NA NA 162 507 0 NA NA NA NA NA NA 197 4186 783 NA NA NA NA NA NA 284 4409 894 NA NA NA NA NA
1533675600.0 134.902 NA 34 261 0 NA NA NA NA NA NA 162 507 0 NA NA NA NA NA NA 265 5189 1006 NA NA NA NA NA NA 407 5486 1209 NA NA NA NA NA
1533675600.0 134.903 NA 38 269 0 NA NA NA NA NA NA 170 507 0 NA NA NA NA NA NA 273 5007 851 NA NA NA NA NA NA 398 5255 989 NA NA NA NA NA
1533675600.0 134.904 NA 39 270 0 NA NA NA NA NA NA 170 507 0 NA NA NA NA NA NA 267 5401 755 NA NA NA NA NA NA 384 5635 875 NA NA NA NA NA
1533675600.0 134.905 NA 39 262 0 NA NA NA NA NA NA 170 507 0 NA NA NA NA NA NA 287 5029 1000 NA NA NA NA NA NA 390 5277 1146 NA NA NA NA NA
1533675600.0 134.906 NA 33 259 0 NA NA NA NA NA NA 162 507 0 NA NA NA NA NA NA 275 5365 1087 NA NA NA NA NA NA 404 5564 1568 NA NA NA NA NA
1533675600.0 134.907 NA 91 277 0 NA NA NA NA NA NA 282 508 0 NA NA NA NA NA NA 863 5248 753 NA NA NA NA NA NA 992 5580 841 NA NA NA NA NA
1533675600.0 134.908 NA 101 287 0 NA NA NA NA NA NA 274 508 0 NA NA NA NA NA NA 952 5094 746 NA NA NA NA NA NA 1062 5461 837 NA NA NA NA NA
1533675600.0 134.909 NA 36 262 0 NA NA NA NA NA NA 170 507 0 NA NA NA NA NA NA 271 5568 1015 NA NA NA NA NA NA 409 5886 1178 NA NA NA NA NA
1533675600.0 134.91 NA 39 263 0 NA NA NA NA NA NA 170 507 0 NA NA NA NA NA NA 282 4674 1006 NA NA NA NA NA NA 420 4983 1153 NA NA NA NA NA
1533675600.0 134.911 NA 36 277 0 NA NA NA NA NA NA 162 507 0 NA NA NA NA NA NA 272 4702 1000 NA NA NA NA NA NA 407 4902 1172 NA NA NA NA NA
1533675600.0 134.912 NA 42 274 0 NA NA NA NA NA NA 162 507 0 NA NA NA NA NA NA 207 4022 959 NA NA NA NA NA NA 307 4193 1129 NA NA NA NA NA
1533675600.0 134.99601 NA 38 263 0 NA NA NA NA NA NA 162 507 0 NA NA NA NA NA NA 229 7045 911 NA NA NA NA NA NA 431 7444 1071 NA NA NA NA NA
1533675600.0 134.99602 NA 33 264 0 NA NA NA NA NA NA 162 507 0 NA NA NA NA NA NA 289 4623 1005 NA NA NA NA NA NA 497 4858 1144 NA NA NA NA NA
1533675600.0 134.99603 NA 42 268 0 NA NA NA NA NA NA 170 507 0 NA NA NA NA NA NA 321 6176 1073 NA NA NA NA NA NA 489 6388 1356 NA NA NA NA NA
1533675600.0 134.99901 NA 44 263 0 NA NA NA NA NA NA 170 507 0 NA NA NA NA NA NA 296 4774 833 NA NA NA NA NA NA 410 4969 1092 NA NA NA NA NA
1533675600.0 1340.0 NA 95 287 0 NA NA NA NA NA NA 318 526 0 NA NA NA NA NA NA 631 1872 1328 NA NA NA NA NA NA 908 2184 1593 NA NA NA NA NA
1533675600.0 1341.0 NA 106 290 0 NA NA NA NA NA NA 318 526 0 NA NA NA NA NA NA 691 1989 1268 NA NA NA NA NA NA 892 2207 1481 NA NA NA NA NA
1533675600.0 1343.0 NA 107 297 0 NA NA NA NA NA NA 318 526 0 NA NA NA NA NA NA 609 1654 1268 NA NA NA NA NA NA 777 1828 1610 NA NA NA NA NA
1533675600.0 1344.0 NA 99 288 0 NA NA NA NA NA NA 318 526 0 NA NA NA NA NA NA 596 1642 1335 NA NA NA NA NA NA 789 1809 1570 NA NA NA NA NA
1533675600.0 1345.0 NA 106 293 0 NA NA NA NA NA NA 273 526 0 NA NA NA NA NA NA 572 1633 1252 NA NA NA NA NA NA 772 1809 1488 NA NA NA NA NA
1533675600.0 1347.0 NA 100 288 0 NA NA NA NA NA NA 273 526 0 NA NA NA NA NA NA 563 1693 1335 NA NA NA NA NA NA 782 1908 1702 NA NA NA NA NA
1533675600.0 1348.0 NA 94 283 0 NA NA NA NA NA NA 318 526 0 NA NA NA NA NA NA 560 1925 1260 NA NA NA NA NA NA 720 2270 1462 NA NA NA NA NA
1533675600.0 1349.0 NA 103 291 0 NA NA NA NA NA NA 318 526 0 NA NA NA NA NA NA 596 1538 1268 NA NA NA NA NA NA 762 1729 1616 NA NA NA NA NA
1533675600.0 135.1 204 0 104 NA NA NA NA NA NA 427 0 284 NA NA NA NA NA NA 1343 401 931 NA NA NA NA NA NA 1905 513 1374 NA NA NA NA NA NA
1533675600.0 135.11 205 0 106 NA NA NA NA NA NA 427 0 283 NA NA NA NA NA NA 1422 401 1016 NA NA NA NA NA NA 1812 540 1435 NA NA NA NA NA NA
1533675600.0 135.12 209 0 117 NA NA NA NA NA NA 427 0 284 NA NA NA NA NA NA 1136 331 591 NA NA NA NA NA NA 1384 423 729 NA NA NA NA NA NA
1533675600.0 135.13 205 0 NA NA NA NA NA NA NA 449 0 NA NA NA NA NA NA NA 1162 394 NA NA NA NA NA NA NA 1372 517 NA NA NA NA NA NA NA
1533675600.0 135.2 183 0 114 NA NA NA NA NA NA 426 0 264 NA NA NA NA NA NA 980 325 592 NA NA NA NA NA NA 1181 400 713 NA NA NA NA NA NA
1533675600.0 135.3 194 0 113 NA NA NA NA NA NA 426 0 283 NA NA NA NA NA NA 1003 346 613 NA NA NA NA NA NA 1197 433 828 NA NA NA NA NA NA
1533675600.0 135.4 202 0 108 NA NA NA NA NA NA 427 0 284 NA NA NA NA NA NA 1210 381 852 NA NA NA NA NA NA 1710 506 1250 NA NA NA NA NA NA
1533675600.0 135.5 206 0 114 NA NA NA NA NA NA 427 0 284 NA NA NA NA NA NA 1032 322 584 NA NA NA NA NA NA 1220 424 700 NA NA NA NA NA NA
1533675600.0 135.6 206 0 108 NA NA NA NA NA NA 427 0 284 NA NA NA NA NA NA 1332 418 905 NA NA NA NA NA NA 1719 564 1332 NA NA NA NA NA NA
1533675600.0 135.7 206 0 115 NA NA NA NA NA NA 427 0 284 NA NA NA NA NA NA 846 257 613 NA NA NA NA NA NA 1028 317 757 NA NA NA NA NA NA
1533675600.0 135.8 98 NA NA NA NA NA NA NA NA 233 NA NA NA NA NA NA NA NA 522 NA NA NA NA NA NA NA NA 792 NA NA NA NA NA NA NA NA
1533675600.0 135.9 207 0 109 NA NA NA NA NA NA 427 0 283 NA NA NA NA NA NA 783 253 936 NA NA NA NA NA NA 938 335 1490 NA NA NA NA NA NA
1533675600.0 1350.0 NA 97 284 0 NA NA NA NA NA NA 318 526 0 NA NA NA NA NA NA 576 1794 1278 NA NA NA NA NA NA 754 2029 1647 NA NA NA NA NA
1533675600.0 1351.0 NA 100 291 0 NA NA NA NA NA NA 318 526 0 NA NA NA NA NA NA 626 1855 1257 NA NA NA NA NA NA 892 2167 1515 NA NA NA NA NA
1533675600.0 1352.0 NA 100 281 0 NA NA NA NA NA NA 318 526 0 NA NA NA NA NA NA 631 1690 1262 NA NA NA NA NA NA 875 1902 1590 NA NA NA NA NA
1533675600.0 1353.0 NA 102 293 0 NA NA NA NA NA NA 318 526 0 NA NA NA NA NA NA 628 1690 1319 NA NA NA NA NA NA 941 2000 1571 NA NA NA NA NA
1533675600.0 1354.0 NA 94 294 0 NA NA NA NA NA NA 318 526 0 NA NA NA NA NA NA 662 1643 1248 NA NA NA NA NA NA 919 1816 1454 NA NA NA NA NA
1533675600.0 1355.0 NA 96 293 0 NA NA NA NA NA NA 273 526 0 NA NA NA NA NA NA 690 1688 1226 NA NA NA NA NA NA 950 1879 1447 NA NA NA NA NA
1533675600.0 1356.0 64 97 285 0 121 NA NA NA NA 195 254 578 0 270 NA NA NA NA 3493 618 1718 797 826 NA NA NA NA 3758 829 1960 953 1140 NA NA NA NA
1533675600.0 136.721 NA 77 281 0 NA NA NA NA NA NA 213 506 0 NA NA NA NA NA NA 573 6402 1337 NA NA NA NA NA NA 752 6593 1620 NA NA NA NA NA
1533675600.0 136.722 NA 74 331 0 NA NA NA NA NA NA 213 558 0 NA NA NA NA NA NA 584 7403 1341 NA NA NA NA NA NA 765 7637 1569 NA NA NA NA NA
1533675600.0 136.723 NA 72 286 0 NA NA NA NA NA NA 213 506 0 NA NA NA NA NA NA 672 6969 1317 NA NA NA NA NA NA 852 7177 1552 NA NA NA NA NA
1533675600.0 136.724 NA 68 308 0 NA NA NA NA NA NA 213 558 0 NA NA NA NA NA NA 623 8265 1226 NA NA NA NA NA NA 885 8514 1392 NA NA NA NA NA
1533675600.0 136.725 NA 69 314 0 NA NA NA NA NA NA 213 622 0 NA NA NA NA NA NA 597 7501 1276 NA NA NA NA NA NA 798 7951 1506 NA NA NA NA NA
1533675600.0 136.726 NA 74 289 0 NA NA NA NA NA NA 213 506 0 NA NA NA NA NA NA 667 7550 1306 NA NA NA NA NA NA 851 7750 1586 NA NA NA NA NA
1533675600.0 136.727 NA 133 290 0 NA NA NA NA NA NA 345 558 0 NA NA NA NA NA NA 1624 7203 1284 NA NA NA NA NA NA 1949 7487 1531 NA NA NA NA NA
1533675600.0 136.728 NA 124 290 0 NA NA NA NA NA NA 344 558 0 NA NA NA NA NA NA 1753 7953 1178 NA NA NA NA NA NA 2447 8374 1345 NA NA NA NA NA
1533675600.0 136.729 NA 75 281 0 NA NA NA NA NA NA 200 507 0 NA NA NA NA NA NA 563 7317 1410 NA NA NA NA NA NA 731 7557 1609 NA NA NA NA NA
1533675600.0 136.73 NA 68 291 0 NA NA NA NA NA NA 213 622 0 NA NA NA NA NA NA 637 7470 1013 NA NA NA NA NA NA 920 7695 1099 NA NA NA NA NA
1533675600.0 136.731 NA 71 332 0 NA NA NA NA NA NA 213 622 0 NA NA NA NA NA NA 582 7681 1226 NA NA NA NA NA NA 758 7941 1395 NA NA NA NA NA
1533675600.0 136.732 NA 77 279 0 NA NA NA NA NA NA 213 506 0 NA NA NA NA NA NA 567 5933 1255 NA NA NA NA NA NA 736 6132 1528 NA NA NA NA NA
1533675600.0 136.7321 NA 89 297 0 NA NA NA NA NA NA 229 561 0 NA NA NA NA NA NA 587 5852 1209 NA NA NA NA NA NA 756 6094 1605 NA NA NA NA NA
1533675600.0 136.733 NA 166 79 0 NA NA NA NA NA NA 379 190 0 NA NA NA NA NA NA 1256 266 425 NA NA NA NA NA NA 1488 390 492 NA NA NA NA NA
1533675600.0 136.734 NA 68 282 0 NA NA NA NA NA NA 213 506 0 NA NA NA NA NA NA 855 7472 1272 NA NA NA NA NA NA 1127 7686 1560 NA NA NA NA NA
1533675600.0 136.735 NA 79 252 0 NA NA NA NA NA NA 213 505 0 NA NA NA NA NA NA 814 2194 1068 NA NA NA NA NA NA 1044 2410 1258 NA NA NA NA NA
1533675600.0 136.736 NA 69 284 0 NA NA NA NA NA NA 213 558 0 NA NA NA NA NA NA 673 10809 1340 NA NA NA NA NA NA 867 11041 1880 NA NA NA NA NA
1533675600.0 136.737 NA 76 325 0 NA NA NA NA NA NA 200 622 0 NA NA NA NA NA NA 641 12292 1181 NA NA NA NA NA NA 866 12553 1397 NA NA NA NA NA
1533675600.0 136.738 NA 78 282 0 NA NA NA NA NA NA 213 558 0 NA NA NA NA NA NA 797 12098 1343 NA NA NA NA NA NA 1049 12353 1754 NA NA NA NA NA
1533675600.0 136.739 NA 79 298 0 NA NA NA NA NA NA 200 558 0 NA NA NA NA NA NA 685 17932 869 NA NA NA NA NA NA 987 18506 958 NA NA NA NA NA
1533675600.0 136.74 NA 76 329 0 NA NA NA NA NA NA 213 622 0 NA NA NA NA NA NA 685 12222 1234 NA NA NA NA NA NA 936 12491 1481 NA NA NA NA NA
1533675600.0 136.741 NA 75 290 0 NA NA NA NA NA NA 213 558 0 NA NA NA NA NA NA 753 12254 1251 NA NA NA NA NA NA 955 12576 1514 NA NA NA NA NA
1533675600.0 136.742 NA 69 286 0 NA NA NA NA NA NA 200 558 0 NA NA NA NA NA NA 624 11180 1364 NA NA NA NA NA NA 843 11438 1539 NA NA NA NA NA
1533675600.0 136.743 NA 70 291 0 NA NA NA NA NA NA 213 558 0 NA NA NA NA NA NA 753 10574 1427 NA NA NA NA NA NA 947 10808 1584 NA NA NA NA NA
1533675600.0 136.744 NA 76 303 0 NA NA NA NA NA NA 213 622 0 NA NA NA NA NA NA 675 12136 1254 NA NA NA NA NA NA 901 12353 1486 NA NA NA NA NA
1533675600.0 136.745 NA 75 282 0 NA NA NA NA NA NA 213 558 0 NA NA NA NA NA NA 655 8708 1254 NA NA NA NA NA NA 911 8941 1478 NA NA NA NA NA
1533675600.0 136.746 NA 69 279 0 NA NA NA NA NA NA 213 558 0 NA NA NA NA NA NA 847 11574 1325 NA NA NA NA NA NA 1029 12112 1587 NA NA NA NA NA
1533675600.0 136.747 NA 68 284 0 NA NA NA NA NA NA 213 558 0 NA NA NA NA NA NA 703 10796 1363 NA NA NA NA NA NA 961 11261 1637 NA NA NA NA NA
1533675600.0 136.748 NA 75 290 0 NA NA NA NA NA NA 213 558 0 NA NA NA NA NA NA 644 10690 1279 NA NA NA NA NA NA 837 10971 1524 NA NA NA NA NA
1533675600.0 136.749 NA 75 278 0 NA NA NA NA NA NA 213 557 0 NA NA NA NA NA NA 857 13007 847 NA NA NA NA NA NA 1087 13514 931 NA NA NA NA NA
1533675600.0 136.75 NA 80 294 0 NA NA NA NA NA NA 200 622 0 NA NA NA NA NA NA 729 17332 865 NA NA NA NA NA NA 1006 17757 944 NA NA NA NA NA
1533675600.0 136.751 NA 80 320 0 NA NA NA NA NA NA 213 622 0 NA NA NA NA NA NA 684 18007 867 NA NA NA NA NA NA 987 18721 953 NA NA NA NA NA
1533675600.0 136.752 NA 68 291 0 NA NA NA NA NA NA 200 558 0 NA NA NA NA NA NA 761 11621 1295 NA NA NA NA NA NA 1005 11920 1665 NA NA NA NA NA
1533675600.0 136.753 NA 68 289 0 NA NA NA NA NA NA 200 558 0 NA NA NA NA NA NA 638 11485 1383 NA NA NA NA NA NA 863 11694 1581 NA NA NA NA NA
1533675600.0 136.754 NA 74 295 0 NA NA NA NA NA NA 213 558 0 NA NA NA NA NA NA 732 9568 1013 NA NA NA NA NA NA 991 9778 1221 NA NA NA NA NA
1533675600.0 136.755 NA 79 380 0 NA NA NA NA NA NA 213 622 0 NA NA NA NA NA NA 709 13841 870 NA NA NA NA NA NA 1006 14138 956 NA NA NA NA NA
1533675600.0 136.756 NA 76 275 0 NA NA NA NA NA NA 213 558 0 NA NA NA NA NA NA 644 8158 1261 NA NA NA NA NA NA 889 8389 1508 NA NA NA NA NA
1533675600.0 136.757 NA 78 292 0 NA NA NA NA NA NA 213 558 0 NA NA NA NA NA NA 792 10993 1346 NA NA NA NA NA NA 967 11251 1575 NA NA NA NA NA
1533675600.0 136.758 NA 81 284 0 NA NA NA NA NA NA 213 557 0 NA NA NA NA NA NA 696 14995 848 NA NA NA NA NA NA 1021 15304 907 NA NA NA NA NA
1533675600.0 136.759 NA 79 302 0 NA NA NA NA NA NA 200 622 0 NA NA NA NA NA NA 649 22199 864 NA NA NA NA NA NA 957 23211 936 NA NA NA NA NA
1533675600.0 136.76 NA 79 289 0 NA NA NA NA NA NA 213 558 0 NA NA NA NA NA NA 815 24311 860 NA NA NA NA NA NA 1065 25509 952 NA NA NA NA NA
1533675600.0 136.761 NA 78 325 0 NA NA NA NA NA NA 200 622 0 NA NA NA NA NA NA 694 26927 862 NA NA NA NA NA NA 990 28045 1020 NA NA NA NA NA
1533675600.0 136.7611 NA 151 0 NA NA NA NA NA NA NA 342 0 NA NA NA NA NA NA NA 2971 142 NA NA NA NA NA NA NA 3199 197 NA NA NA NA NA NA
1533675600.0 136.762 NA 80 328 0 NA NA NA NA NA NA 213 622 0 NA NA NA NA NA NA 536 21282 824 NA NA NA NA NA NA 715 21731 896 NA NA NA NA NA
1533675600.0 136.763 NA 68 283 0 NA NA NA NA NA NA 213 558 0 NA NA NA NA NA NA 561 16750 802 NA NA NA NA NA NA 718 17150 873 NA NA NA NA NA
1533675600.0 136.764 NA 71 294 0 NA NA NA NA NA NA 200 558 0 NA NA NA NA NA NA 502 15870 953 NA NA NA NA NA NA 638 16089 1016 NA NA NA NA NA
1533675600.0 136.765 NA 67 282 0 NA NA NA NA NA NA 200 558 0 NA NA NA NA NA NA 548 13370 956 NA NA NA NA NA NA 722 13606 1022 NA NA NA NA NA
1533675600.0 136.766 NA 68 308 0 NA NA NA NA NA NA 200 622 0 NA NA NA NA NA NA 512 16023 794 NA NA NA NA NA NA 751 16291 877 NA NA NA NA NA
1533675600.0 136.767 NA 66 285 0 NA NA NA NA NA NA 200 557 0 NA NA NA NA NA NA 501 11759 834 NA NA NA NA NA NA 650 11980 894 NA NA NA NA NA
1533675600.0 136.768 NA 78 293 0 NA NA NA NA NA NA 213 558 0 NA NA NA NA NA NA 591 14719 863 NA NA NA NA NA NA 719 15020 931 NA NA NA NA NA
1533675600.0 136.769 NA 68 292 0 NA NA NA NA NA NA 213 558 0 NA NA NA NA NA NA 550 10147 805 NA NA NA NA NA NA 727 10376 941 NA NA NA NA NA
1533675600.0 136.77 NA 71 299 0 NA NA NA NA NA NA 200 558 0 NA NA NA NA NA NA 495 10819 804 NA NA NA NA NA NA 652 11019 914 NA NA NA NA NA
1533675600.0 136.771 NA 70 291 0 NA NA NA NA NA NA 213 558 0 NA NA NA NA NA NA 584 10353 837 NA NA NA NA NA NA 733 10559 1058 NA NA NA NA NA
1533675600.0 136.772 NA 69 326 0 NA NA NA NA NA NA 213 622 0 NA NA NA NA NA NA 540 12336 811 NA NA NA NA NA NA 711 12580 922 NA NA NA NA NA
1533675600.0 136.7721 NA 156 0 NA NA NA NA NA NA NA 342 0 NA NA NA NA NA NA NA 2701 137 NA NA NA NA NA NA NA 2892 177 NA NA NA NA NA NA
1533675600.0 136.7722 NA 119 0 NA NA NA NA NA NA NA 291 0 NA NA NA NA NA NA NA 1298 151 NA NA NA NA NA NA NA 1504 201 NA NA NA NA NA NA
1533675600.0 136.773 NA 66 308 0 NA NA NA NA NA NA 213 622 0 NA NA NA NA NA NA 536 11118 817 NA NA NA NA NA NA 735 11355 967 NA NA NA NA NA
1533675600.0 136.774 NA 69 288 0 NA NA NA NA NA NA 213 558 0 NA NA NA NA NA NA 548 10947 803 NA NA NA NA NA NA 732 11183 903 NA NA NA NA NA
1533675600.0 136.775 NA 72 286 0 NA NA NA NA NA NA 213 558 0 NA NA NA NA NA NA 502 10334 939 NA NA NA NA NA NA 681 10545 1082 NA NA NA NA NA
1533675600.0 136.776 NA 70 286 0 NA NA NA NA NA NA 200 559 0 NA NA NA NA NA NA 527 9831 941 NA NA NA NA NA NA 687 10050 1059 NA NA NA NA NA
1533675600.0 136.777 NA 66 305 0 NA NA NA NA NA NA 213 622 0 NA NA NA NA NA NA 490 11718 752 NA NA NA NA NA NA 623 11927 813 NA NA NA NA NA
1533675600.0 136.778 NA 70 283 0 NA NA NA NA NA NA 213 507 0 NA NA NA NA NA NA 485 7202 846 NA NA NA NA NA NA 662 7509 910 NA NA NA NA NA
1533675600.0 136.779 NA 69 287 0 NA NA NA NA NA NA 213 558 0 NA NA NA NA NA NA 611 10665 824 NA NA NA NA NA NA 781 10878 941 NA NA NA NA NA
1533675600.0 136.78 NA 85 308 0 NA NA NA NA NA NA 229 622 0 NA NA NA NA NA NA 494 14537 1246 NA NA NA NA NA NA 633 14797 1311 NA NA NA NA NA
1533675600.0 136.7801 NA 104 0 NA NA NA NA NA NA NA 237 0 NA NA NA NA NA NA NA 331 186 NA NA NA NA NA NA NA 449 263 NA NA NA NA NA NA
1533675600.0 136.7802 NA 111 0 NA NA NA NA NA NA NA 254 0 NA NA NA NA NA NA NA 368 204 NA NA NA NA NA NA NA 515 264 NA NA NA NA NA NA
1533675600.0 136.7803 NA 104 0 NA NA NA NA NA NA NA 241 0 NA NA NA NA NA NA NA 474 145 NA NA NA NA NA NA NA 1231 207 NA NA NA NA NA NA
1533675600.0 136.781 NA 86 325 0 NA NA NA NA NA NA 213 622 0 NA NA NA NA NA NA 441 16226 1199 NA NA NA NA NA NA 631 16504 1281 NA NA NA NA NA
1533675600.0 136.782 NA 85 309 0 NA NA NA NA NA NA 213 622 0 NA NA NA NA NA NA 613 17044 1206 NA NA NA NA NA NA 775 17327 1300 NA NA NA NA NA
1533675600.0 136.783 NA 86 331 0 NA NA NA NA NA NA 213 622 0 NA NA NA NA NA NA 485 19207 1196 NA NA NA NA NA NA 665 19461 1266 NA NA NA NA NA
1533675600.0 136.784 NA 87 328 0 NA NA NA NA NA NA 213 700 0 NA NA NA NA NA NA 448 16723 1198 NA NA NA NA NA NA 631 17763 1271 NA NA NA NA NA
1533675600.0 136.785 NA 85 330 0 NA NA NA NA NA NA 213 622 0 NA NA NA NA NA NA 557 17535 1189 NA NA NA NA NA NA 754 17853 1254 NA NA NA NA NA
1533675600.0 136.786 NA 87 309 0 NA NA NA NA NA NA 213 622 0 NA NA NA NA NA NA 447 16946 1201 NA NA NA NA NA NA 610 17849 1301 NA NA NA NA NA
1533675600.0 136.787 NA 78 332 0 NA NA NA NA NA NA 213 700 0 NA NA NA NA NA NA 485 15571 1250 NA NA NA NA NA NA 633 15986 1339 NA NA NA NA NA
1533675600.0 136.788 NA 86 352 0 NA NA NA NA NA NA 213 699 0 NA NA NA NA NA NA 466 18590 1213 NA NA NA NA NA NA 638 18865 1293 NA NA NA NA NA
1533675600.0 136.789 NA 75 308 0 NA NA NA NA NA NA 213 622 0 NA NA NA NA NA NA 432 14443 1205 NA NA NA NA NA NA 608 14715 1289 NA NA NA NA NA
1533675600.0 136.79 NA 78 319 0 NA NA NA NA NA NA 229 558 0 NA NA NA NA NA NA 593 9454 1258 NA NA NA NA NA NA 756 9662 1418 NA NA NA NA NA
1533675600.0 136.791 NA 78 282 0 NA NA NA NA NA NA 229 558 0 NA NA NA NA NA NA 554 2451 1158 NA NA NA NA NA NA 831 2622 1251 NA NA NA NA NA
1533675600.0 136.792 NA 77 315 0 NA NA NA NA NA NA 230 622 0 NA NA NA NA NA NA 533 12091 1208 NA NA NA NA NA NA 726 12425 1261 NA NA NA NA NA
1533675600.0 136.793 NA 73 325 0 NA NA NA NA NA NA 213 622 0 NA NA NA NA NA NA 464 12352 1253 NA NA NA NA NA NA 626 12597 1311 NA NA NA NA NA
1533675600.0 136.794 NA 77 315 0 NA NA NA NA NA NA 229 558 0 NA NA NA NA NA NA 570 13178 1239 NA NA NA NA NA NA 724 13437 1293 NA NA NA NA NA
1533675600.0 136.795 NA 77 322 0 NA NA NA NA NA NA 213 622 0 NA NA NA NA NA NA 469 14025 1371 NA NA NA NA NA NA 692 14289 1441 NA NA NA NA NA
1533675600.0 136.7952 NA 121 0 NA NA NA NA NA NA NA 287 0 NA NA NA NA NA NA NA 1276 133 NA NA NA NA NA NA NA 1388 217 NA NA NA NA NA NA
1533675600.0 136.796 NA 75 349 0 NA NA NA NA NA NA 213 622 0 NA NA NA NA NA NA 464 12809 1218 NA NA NA NA NA NA 657 13153 1283 NA NA NA NA NA
1533675600.0 136.797 NA 78 313 0 NA NA NA NA NA NA 213 622 0 NA NA NA NA NA NA 512 14007 1278 NA NA NA NA NA NA 648 14247 1348 NA NA NA NA NA
1533675600.0 136.798 NA 78 305 0 NA NA NA NA NA NA 213 558 0 NA NA NA NA NA NA 449 12897 1268 NA NA NA NA NA NA 609 13181 1314 NA NA NA NA NA
1533675600.0 136.799 NA 80 325 0 NA NA NA NA NA NA 229 700 0 NA NA NA NA NA NA 526 12476 1238 NA NA NA NA NA NA 683 12692 1293 NA NA NA NA NA
1533675600.0 136.8 NA 77 339 0 NA NA NA NA NA NA 213 699 0 NA NA NA NA NA NA 452 14199 1275 NA NA NA NA NA NA 581 14488 1333 NA NA NA NA NA
1533675600.0 136.801 NA 76 314 0 NA NA NA NA NA NA 213 558 0 NA NA NA NA NA NA 428 8582 1210 NA NA NA NA NA NA 585 8920 1292 NA NA NA NA NA
1533675600.0 136.802 NA 74 309 0 NA NA NA NA NA NA 213 622 0 NA NA NA NA NA NA 581 11855 1253 NA NA NA NA NA NA 735 12078 1388 NA NA NA NA NA
1533675600.0 136.803 NA 79 281 0 NA NA NA NA NA NA 229 558 0 NA NA NA NA NA NA 535 2555 1167 NA NA NA NA NA NA 728 2957 1254 NA NA NA NA NA
1533675600.0 136.804 NA 75 310 0 NA NA NA NA NA NA 213 558 0 NA NA NA NA NA NA 524 12298 1319 NA NA NA NA NA NA 669 12543 1367 NA NA NA NA NA
1533675600.0 136.805 NA 78 324 0 NA NA NA NA NA NA 213 622 0 NA NA NA NA NA NA 456 13856 1337 NA NA NA NA NA NA 595 14163 1422 NA NA NA NA NA
1533675600.0 136.806 NA 79 309 0 NA NA NA NA NA NA 213 558 0 NA NA NA NA NA NA 589 12297 1257 NA NA NA NA NA NA 792 12603 1298 NA NA NA NA NA
1533675600.0 136.807 NA 76 318 0 NA NA NA NA NA NA 213 622 0 NA NA NA NA NA NA 460 14266 1354 NA NA NA NA NA NA 598 14549 1432 NA NA NA NA NA
1533675600.0 136.808 NA 76 337 0 NA NA NA NA NA NA 213 622 0 NA NA NA NA NA NA 476 13799 1259 NA NA NA NA NA NA 628 14044 1315 NA NA NA NA NA
1533675600.0 136.809 NA 77 304 0 NA NA NA NA NA NA 213 622 0 NA NA NA NA NA NA 574 13313 1262 NA NA NA NA NA NA 721 13548 1310 NA NA NA NA NA
1533675600.0 136.81 NA 77 308 0 NA NA NA NA NA NA 213 558 0 NA NA NA NA NA NA 461 12485 1260 NA NA NA NA NA NA 674 12710 1314 NA NA NA NA NA
1533675600.0 136.811 NA 77 337 0 NA NA NA NA NA NA 213 623 0 NA NA NA NA NA NA 534 12872 1357 NA NA NA NA NA NA 731 13078 1444 NA NA NA NA NA
1533675600.0 136.812 NA 75 338 0 NA NA NA NA NA NA 213 700 0 NA NA NA NA NA NA 532 14864 1322 NA NA NA NA NA NA 770 15126 1391 NA NA NA NA NA
1533675600.0 136.813 NA 84 315 0 NA NA NA NA NA NA 213 558 0 NA NA NA NA NA NA 481 9166 1394 NA NA NA NA NA NA 803 9392 1511 NA NA NA NA NA
1533675600.0 136.814 NA 75 319 0 NA NA NA NA NA NA 213 622 0 NA NA NA NA NA NA 657 13274 1280 NA NA NA NA NA NA 939 13552 1359 NA NA NA NA NA
1533675600.0 136.815 NA 90 285 0 NA NA NA NA NA NA 229 558 0 NA NA NA NA NA NA 525 2601 1243 NA NA NA NA NA NA 630 2760 1337 NA NA NA NA NA
1533675600.0 136.816 NA 84 324 0 NA NA NA NA NA NA 213 622 0 NA NA NA NA NA NA 634 19444 1366 NA NA NA NA NA NA 878 19710 1497 NA NA NA NA NA
1533675600.0 136.817 NA 71 326 0 NA NA NA NA NA NA 213 622 0 NA NA NA NA NA NA 526 18036 1286 NA NA NA NA NA NA 717 18302 1334 NA NA NA NA NA
1533675600.0 136.818 NA 81 322 0 NA NA NA NA NA NA 229 622 0 NA NA NA NA NA NA 643 18087 1339 NA NA NA NA NA NA 811 18653 1426 NA NA NA NA NA
1533675600.0 136.819 NA 77 363 0 NA NA NA NA NA NA 213 622 0 NA NA NA NA NA NA 545 20806 1310 NA NA NA NA NA NA 833 21087 1375 NA NA NA NA NA
1533675600.0 136.82 NA 83 326 0 NA NA NA NA NA NA 229 699 0 NA NA NA NA NA NA 557 21349 1333 NA NA NA NA NA NA 777 21633 1385 NA NA NA NA NA
1533675600.0 136.821 NA 80 318 0 NA NA NA NA NA NA 213 622 0 NA NA NA NA NA NA 596 18168 1289 NA NA NA NA NA NA 876 18377 1375 NA NA NA NA NA
1533675600.0 136.822 NA 71 315 0 NA NA NA NA NA NA 213 622 0 NA NA NA NA NA NA 518 17681 1267 NA NA NA NA NA NA 851 17877 1332 NA NA NA NA NA
1533675600.0 136.823 NA 83 359 0 NA NA NA NA NA NA 213 701 0 NA NA NA NA NA NA 560 16412 1285 NA NA NA NA NA NA 751 16660 1354 NA NA NA NA NA
1533675600.0 136.824 NA 78 340 0 NA NA NA NA NA NA 213 700 0 NA NA NA NA NA NA 561 23604 1347 NA NA NA NA NA NA 798 24934 1550 NA NA NA NA NA
1533675600.0 136.825 NA 81 321 0 NA NA NA NA NA NA 213 558 0 NA NA NA NA NA NA 494 12015 1445 NA NA NA NA NA NA 702 12433 1555 NA NA NA NA NA
1533675600.0 136.826 NA 76 319 0 NA NA NA NA NA NA 213 622 0 NA NA NA NA NA NA 651 18423 1306 NA NA NA NA NA NA 861 18689 1356 NA NA NA NA NA
1533675600.0 136.827 NA 80 281 0 NA NA NA NA NA NA 213 558 0 NA NA NA NA NA NA 497 2687 1269 NA NA NA NA NA NA 629 2910 1382 NA NA NA NA NA
1533675600.0 136.828 NA 83 330 0 NA NA NA NA NA NA 213 622 0 NA NA NA NA NA NA 637 19217 1350 NA NA NA NA NA NA 865 19571 1421 NA NA NA NA NA
1533675600.0 136.829 NA 81 336 0 NA NA NA NA NA NA 213 622 0 NA NA NA NA NA NA 542 20248 1267 NA NA NA NA NA NA 876 20531 1333 NA NA NA NA NA
1533675600.0 136.83 NA 77 311 0 NA NA NA NA NA NA 213 622 0 NA NA NA NA NA NA 654 19617 1337 NA NA NA NA NA NA 811 19888 1391 NA NA NA NA NA
1533675600.0 136.831 NA 86 341 0 NA NA NA NA NA NA 213 699 0 NA NA NA NA NA NA 579 21191 1353 NA NA NA NA NA NA 767 21501 1505 NA NA NA NA NA
1533675600.0 136.8311 NA 154 0 NA NA NA NA NA NA NA 340 0 NA NA NA NA NA NA NA 1997 136 NA NA NA NA NA NA NA 2468 180 NA NA NA NA NA NA
1533675600.0 136.832 NA 79 355 0 NA NA NA NA NA NA 213 700 0 NA NA NA NA NA NA 586 24308 1384 NA NA NA NA NA NA 869 24873 1463 NA NA NA NA NA
1533675600.0 136.833 NA 82 314 0 NA NA NA NA NA NA 213 622 0 NA NA NA NA NA NA 617 21236 1377 NA NA NA NA NA NA 1017 21582 1456 NA NA NA NA NA
1533675600.0 136.834 NA 77 328 0 NA NA NA NA NA NA 213 622 0 NA NA NA NA NA NA 526 19411 1280 NA NA NA NA NA NA 738 19675 1341 NA NA NA NA NA
1533675600.0 136.835 NA 82 350 0 NA NA NA NA NA NA 213 700 0 NA NA NA NA NA NA 622 19040 1381 NA NA NA NA NA NA 882 19308 1437 NA NA NA NA NA
1533675600.0 136.836 NA 77 392 0 NA NA NA NA NA NA 213 699 0 NA NA NA NA NA NA 593 21228 1300 NA NA NA NA NA NA 800 21792 1361 NA NA NA NA NA
1533675600.0 136.837 NA 77 325 0 NA NA NA NA NA NA 213 622 0 NA NA NA NA NA NA 524 14799 1389 NA NA NA NA NA NA 757 15277 1448 NA NA NA NA NA
1533675600.0 136.838 NA 76 317 0 NA NA NA NA NA NA 213 622 0 NA NA NA NA NA NA 698 18830 1338 NA NA NA NA NA NA 923 19247 1410 NA NA NA NA NA
1533675600.0 136.839 NA 92 283 0 NA NA NA NA NA NA 230 558 0 NA NA NA NA NA NA 525 2782 1222 NA NA NA NA NA NA 713 3125 1319 NA NA NA NA NA
1533675600.0 136.8391 NA 120 321 0 NA NA NA NA NA NA 274 620 0 NA NA NA NA NA NA 2063 15748 1148 NA NA NA NA NA NA 2416 16116 1244 NA NA NA NA NA
1533675600.0 136.84 NA 84 328 0 NA NA NA NA NA NA 229 622 0 NA NA NA NA NA NA 565 14761 1357 NA NA NA NA NA NA 803 14990 1432 NA NA NA NA NA
1533675600.0 136.841 NA 77 331 0 NA NA NA NA NA NA 213 622 0 NA NA NA NA NA NA 565 15524 1400 NA NA NA NA NA NA 851 15753 1464 NA NA NA NA NA
1533675600.0 136.842 NA 84 330 0 NA NA NA NA NA NA 213 622 0 NA NA NA NA NA NA 600 21783 1378 NA NA NA NA NA NA 827 22307 1438 NA NA NA NA NA
1533675600.0 136.843 NA 79 331 0 NA NA NA NA NA NA 213 622 0 NA NA NA NA NA NA 586 25211 1366 NA NA NA NA NA NA 814 26327 1463 NA NA NA NA NA
1533675600.0 136.844 NA 74 318 0 NA NA NA NA NA NA 213 622 0 NA NA NA NA NA NA 667 14820 1233 NA NA NA NA NA NA 901 15256 1328 NA NA NA NA NA
1533675600.0 136.845 NA 76 314 0 NA NA NA NA NA NA 213 622 0 NA NA NA NA NA NA 597 12501 1249 NA NA NA NA NA NA 813 12751 1318 NA NA NA NA NA
1533675600.0 136.846 NA 82 314 0 NA NA NA NA NA NA 213 558 0 NA NA NA NA NA NA 630 11978 1459 NA NA NA NA NA NA 861 12230 1592 NA NA NA NA NA
1533675600.0 136.847 NA 76 320 0 NA NA NA NA NA NA 213 622 0 NA NA NA NA NA NA 700 18499 1307 NA NA NA NA NA NA 847 18775 1542 NA NA NA NA NA
1533675600.0 136.848 NA 77 317 0 NA NA NA NA NA NA 213 622 0 NA NA NA NA NA NA 681 21065 1392 NA NA NA NA NA NA 921 21322 1551 NA NA NA NA NA
1533675600.0 136.849 NA 172 339 0 NA NA NA NA NA NA 418 622 0 NA NA NA NA NA NA 3170 12651 1707 NA NA NA NA NA NA 3572 12888 1755 NA NA NA NA NA
1533675600.0 136.85 NA 171 378 0 NA NA NA NA NA NA 379 700 0 NA NA NA NA NA NA 3290 13823 1704 NA NA NA NA NA NA 3622 14132 1763 NA NA NA NA NA
1533675600.0 136.851 NA 173 338 0 NA NA NA NA NA NA 418 622 0 NA NA NA NA NA NA 3718 13834 1668 NA NA NA NA NA NA 4108 14143 1745 NA NA NA NA NA
1533675600.0 136.852 NA 173 361 0 NA NA NA NA NA NA 418 700 0 NA NA NA NA NA NA 3673 14626 1642 NA NA NA NA NA NA 4034 14914 1875 NA NA NA NA NA
1533675600.0 136.8521 NA 137 0 NA NA NA NA NA NA NA 290 0 NA NA NA NA NA NA NA 1401 144 NA NA NA NA NA NA NA 1684 205 NA NA NA NA NA NA
1533675600.0 136.853 NA 172 360 0 NA NA NA NA NA NA 418 700 0 NA NA NA NA NA NA 3372 13573 1602 NA NA NA NA NA NA 3717 13888 1659 NA NA NA NA NA
1533675600.0 136.854 NA 175 343 0 NA NA NA NA NA NA 418 622 0 NA NA NA NA NA NA 3842 14395 1620 NA NA NA NA NA NA 4187 14680 1751 NA NA NA NA NA
1533675600.0 136.855 NA 170 361 0 NA NA NA NA NA NA 379 701 0 NA NA NA NA NA NA 3477 13288 1714 NA NA NA NA NA NA 3856 13585 1794 NA NA NA NA NA
1533675600.0 136.856 NA 167 332 0 NA NA NA NA NA NA 379 622 0 NA NA NA NA NA NA 2582 9413 1697 NA NA NA NA NA NA 3125 9663 1802 NA NA NA NA NA
1533675600.0 136.8561 NA 192 309 0 NA NA NA NA NA NA 418 558 0 NA NA NA NA NA NA 1493 2597 1232 NA NA NA NA NA NA 1637 2782 1333 NA NA NA NA NA
1533675600.0 136.8562 NA 167 301 0 NA NA NA NA NA NA 379 558 0 NA NA NA NA NA NA 1324 2306 1301 NA NA NA NA NA NA 1460 2485 1422 NA NA NA NA NA
1533675600.0 136.857 NA 174 335 0 NA NA NA NA NA NA 418 622 0 NA NA NA NA NA NA 3606 13386 1606 NA NA NA NA NA NA 4082 13693 1743 NA NA NA NA NA
1533675600.0 136.858 NA 193 299 0 NA NA NA NA NA NA 418 558 0 NA NA NA NA NA NA 1826 3031 1568 NA NA NA NA NA NA 2061 3263 1696 NA NA NA NA NA
1533675600.0 136.859 NA 189 356 0 NA NA NA NA NA NA 418 700 0 NA NA NA NA NA NA 4262 16349 1799 NA NA NA NA NA NA 4674 16659 1853 NA NA NA NA NA
1533675600.0 136.86 NA 172 344 0 NA NA NA NA NA NA 418 622 0 NA NA NA NA NA NA 3679 14858 1643 NA NA NA NA NA NA 4037 15122 1695 NA NA NA NA NA
1533675600.0 136.861 NA 172 338 0 NA NA NA NA NA NA 418 622 0 NA NA NA NA NA NA 3654 17720 1711 NA NA NA NA NA NA 4048 18459 1783 NA NA NA NA NA
1533675600.0 136.862 NA 177 370 0 NA NA NA NA NA NA 379 700 0 NA NA NA NA NA NA 3904 19470 1648 NA NA NA NA NA NA 4441 20117 1699 NA NA NA NA NA
1533675600.0 136.863 NA 195 355 0 NA NA NA NA NA NA 418 622 0 NA NA NA NA NA NA 4181 18855 1653 NA NA NA NA NA NA 4590 19094 1751 NA NA NA NA NA
1533675600.0 136.864 NA 179 356 0 NA NA NA NA NA NA 418 700 0 NA NA NA NA NA NA 4247 21651 1682 NA NA NA NA NA NA 4634 22139 1744 NA NA NA NA NA
1533675600.0 136.865 NA 176 373 0 NA NA NA NA NA NA 418 700 0 NA NA NA NA NA NA 3973 21281 1748 NA NA NA NA NA NA 4339 21594 1830 NA NA NA NA NA
1533675600.0 136.866 NA 180 349 0 NA NA NA NA NA NA 418 622 0 NA NA NA NA NA NA 4326 18700 1639 NA NA NA NA NA NA 4781 19040 1715 NA NA NA NA NA
1533675600.0 136.867 NA 172 366 0 NA NA NA NA NA NA 418 701 0 NA NA NA NA NA NA 3965 18574 1650 NA NA NA NA NA NA 4678 19106 1735 NA NA NA NA NA
1533675600.0 136.868 NA 169 336 0 NA NA NA NA NA NA 379 622 0 NA NA NA NA NA NA 3026 14442 1637 NA NA NA NA NA NA 3451 14659 1712 NA NA NA NA NA
1533675600.0 136.869 NA 173 344 0 NA NA NA NA NA NA 418 622 0 NA NA NA NA NA NA 4294 19901 1673 NA NA NA NA NA NA 4748 20281 1720 NA NA NA NA NA
1533675600.0 136.87 NA 183 299 0 NA NA NA NA NA NA 379 558 0 NA NA NA NA NA NA 1979 3261 1626 NA NA NA NA NA NA 2571 3654 1732 NA NA NA NA NA
1533675600.0 136.871 NA 180 366 0 NA NA NA NA NA NA 418 699 0 NA NA NA NA NA NA 4916 24616 1809 NA NA NA NA NA NA 5290 26075 1883 NA NA NA NA NA
1533675600.0 136.872 NA 174 346 0 NA NA NA NA NA NA 418 622 0 NA NA NA NA NA NA 4263 21510 1670 NA NA NA NA NA NA 4925 21801 1715 NA NA NA NA NA
1533675600.0 1360.0 0 NA NA NA NA NA NA NA NA 0 NA NA NA NA NA NA NA NA 735 NA NA NA NA NA NA NA NA 949 NA NA NA NA NA NA NA NA
1533675600.0 1361.0 64 92 292 0 NA NA NA NA NA 196 255 526 0 NA NA NA NA NA 6284 595 1764 1304 NA NA NA NA NA 6790 777 1974 1637 NA NA NA NA NA
1533675600.0 1361.17 61 116 310 0 NA NA NA NA NA 188 302 581 0 NA NA NA NA NA 6858 669 1779 1813 NA NA NA NA NA 7790 837 1966 2063 NA NA NA NA NA
1533675600.0 1362.0 66 93 289 0 NA NA NA NA NA 196 254 526 0 NA NA NA NA NA 9034 635 1768 1288 NA NA NA NA NA 9881 795 1984 1538 NA NA NA NA NA
1533675600.0 1362.17 61 106 314 0 NA NA NA NA NA 188 302 581 0 NA NA NA NA NA 9134 753 1794 1271 NA NA NA NA NA 10351 1005 1948 1349 NA NA NA NA NA
1533675600.0 1363.0 66 98 282 0 NA NA NA NA NA 196 300 526 0 NA NA NA NA NA 8545 604 1720 1332 NA NA NA NA NA 9486 784 1996 1569 NA NA NA NA NA
1533675600.0 1363.17 61 108 307 0 NA NA NA NA NA 188 302 581 0 NA NA NA NA NA 9107 768 1786 1378 NA NA NA NA NA 10280 1026 1950 1469 NA NA NA NA NA
1533675600.0 1364.0 NA 98 282 0 NA NA NA NA NA NA 318 526 0 NA NA NA NA NA NA 572 1815 1367 NA NA NA NA NA NA 822 2308 1627 NA NA NA NA NA
1533675600.0 1365.0 NA 100 296 0 NA NA NA NA NA NA 318 526 0 NA NA NA NA NA NA 602 1556 1327 NA NA NA NA NA NA 872 1757 1589 NA NA NA NA NA
1533675600.0 1366.0 NA 103 285 0 NA NA NA NA NA NA 318 526 0 NA NA NA NA NA NA 587 1774 1164 NA NA NA NA NA NA 780 2039 1312 NA NA NA NA NA
1533675600.0 139901.0 NA 101 286 0 NA NA NA NA NA NA 273 526 0 NA NA NA NA NA NA 490 1840 920 NA NA NA NA NA NA 653 2157 1017 NA NA NA NA NA
1533675600.0 139902.0 NA 106 297 0 NA NA NA NA NA NA 318 526 0 NA NA NA NA NA NA 513 1704 917 NA NA NA NA NA NA 731 1915 1199 NA NA NA NA NA
1533675600.0 13992501.0 NA 153 367 0 NA NA NA NA NA NA 318 649 0 NA NA NA NA NA NA 2608 3343 812 NA NA NA NA NA NA 3021 3892 878 NA NA NA NA NA
1533675600.0 13992502.0 NA 157 362 0 NA NA NA NA NA NA 318 649 0 NA NA NA NA NA NA 2551 3278 805 NA NA NA NA NA NA 3025 3617 855 NA NA NA NA NA
1533675600.0 14.0 NA 104 247 0 NA NA NA NA NA NA 307 471 0 NA NA NA NA NA NA 2254 5073 856 NA NA NA NA NA NA 2543 5497 963 NA NA NA NA NA
1533675600.0 140.0 75 100 187 0 NA NA NA NA NA 210 293 400 0 NA NA NA NA NA 2564 310 738 281 NA NA NA NA NA 2674 435 944 338 NA NA NA NA NA
1533675600.0 140.51 NA 46 196 0 NA NA NA NA NA NA 150 394 0 NA NA NA NA NA NA 481 1723 307 NA NA NA NA NA NA 733 1875 384 NA NA NA NA NA
1533675600.0 140.52 NA 206 193 0 NA NA NA NA NA NA 439 393 0 NA NA NA NA NA NA 2219 1770 331 NA NA NA NA NA NA 2673 1898 393 NA NA NA NA NA
1533675600.0 140.53 NA 235 0 NA NA NA NA NA NA NA 484 0 NA NA NA NA NA NA NA 3135 362 NA NA NA NA NA NA NA 3345 447 NA NA NA NA NA NA
1533675600.0 140.54 NA 220 0 NA NA NA NA NA NA NA 453 0 NA NA NA NA NA NA NA 1355 434 NA NA NA NA NA NA NA 1813 487 NA NA NA NA NA NA
1533675600.0 144.6 NA 251 NA NA NA NA NA NA NA NA 467 NA NA NA NA NA NA NA NA 2444 NA NA NA NA NA NA NA NA 2696 NA NA NA NA NA NA NA
1533675600.0 145.0 78 94 188 0 NA NA NA NA NA 197 305 399 0 NA NA NA NA NA 2432 328 743 288 NA NA NA NA NA 2539 432 886 346 NA NA NA NA NA
1533675600.0 148.0 67 120 296 0 NA NA NA NA NA 177 257 581 0 NA NA NA NA NA 933 335 1549 1274 NA NA NA NA NA 1139 448 1740 1337 NA NA NA NA NA
1533675600.0 149.0 56 107 301 0 NA NA NA NA NA 180 257 581 0 NA NA NA NA NA 850 405 1662 1272 NA NA NA NA NA 1108 665 1870 1334 NA NA NA NA NA
1533675600.0 15.0 NA 93 228 0 NA NA NA NA NA NA 262 516 0 NA NA NA NA NA NA 2344 2056 569 NA NA NA NA NA NA 2942 2366 638 NA NA NA NA NA
1533675600.0 150.0 71 129 227 0 NA NA NA NA NA 188 302 488 0 NA NA NA NA NA 2563 419 814 432 NA NA NA NA NA 2907 504 953 484 NA NA NA NA NA
1533675600.0 150.1 NA 122 216 0 NA NA NA NA NA NA 320 443 0 NA NA NA NA NA NA 376 772 428 NA NA NA NA NA NA 492 913 492 NA NA NA NA NA
1533675600.0 150.2 NA 120 213 0 NA NA NA NA NA NA 320 443 0 NA NA NA NA NA NA 379 778 427 NA NA NA NA NA NA 498 936 475 NA NA NA NA NA
1533675600.0 150.3 NA 122 214 0 NA NA NA NA NA NA 276 443 0 NA NA NA NA NA NA 380 766 438 NA NA NA NA NA NA 484 927 488 NA NA NA NA NA
1533675600.0 158.0 73 128 322 0 NA NA NA NA NA 188 302 646 0 NA NA NA NA NA 2566 411 1884 1343 NA NA NA NA NA 2858 505 2183 1610 NA NA NA NA NA
1533675600.0 16.0 NA 93 260 0 NA NA NA NA NA NA 262 471 0 NA NA NA NA NA NA 2593 2250 584 NA NA NA NA NA NA 3179 2492 644 NA NA NA NA NA
1533675600.0 17.0 NA 90 238 0 NA NA NA NA NA NA 261 516 0 NA NA NA NA NA NA 1512 2102 582 NA NA NA NA NA NA 1737 2295 659 NA NA NA NA NA
1533675600.0 18.0 NA 82 237 0 NA NA NA NA NA NA 262 471 0 NA NA NA NA NA NA 2044 1848 518 NA NA NA NA NA NA 2258 2140 579 NA NA NA NA NA
1533675600.0 19.0 NA 84 248 0 NA NA NA NA NA NA 307 516 0 NA NA NA NA NA NA 1488 1955 598 NA NA NA NA NA NA 1662 2150 897 NA NA NA NA NA
1533675600.0 2.0 66 87 162 NA NA NA NA NA NA 206 291 384 NA NA NA NA NA NA 3456 438 1150 NA NA NA NA NA NA 3682 599 1397 NA NA NA NA NA NA
1533675600.0 20.0 NA 78 231 0 NA NA NA NA NA NA 262 471 0 NA NA NA NA NA NA 1539 2188 597 NA NA NA NA NA NA 1748 2385 667 NA NA NA NA NA
1533675600.0 200.0 NA 99 272 0 NA NA NA NA NA NA 263 523 0 NA NA NA NA NA NA 895 2354 646 NA NA NA NA NA NA 1185 2742 756 NA NA NA NA NA
1533675600.0 20034.0 NA 188 335 0 NA NA NA NA NA NA 367 562 0 NA NA NA NA NA NA 3980 2156 744 NA NA NA NA NA NA 4465 2540 936 NA NA NA NA NA
1533675600.0 20034.1 NA 188 197 0 NA NA NA NA NA NA 367 375 0 NA NA NA NA NA NA 3816 1181 344 NA NA NA NA NA NA 4168 1494 402 NA NA NA NA NA
1533675600.0 20034.11 NA 188 317 0 NA NA NA NA NA NA 367 562 0 NA NA NA NA NA NA 3958 2146 758 NA NA NA NA NA NA 4322 2360 832 NA NA NA NA NA
1533675600.0 2017.1 213 0 106 NA NA NA NA NA NA 472 0 285 NA NA NA NA NA NA 1380 453 918 NA NA NA NA NA NA 1892 618 1305 NA NA NA NA NA NA
1533675600.0 2017.11 215 0 118 NA NA NA NA NA NA 472 0 285 NA NA NA NA NA NA 1343 344 680 NA NA NA NA NA NA 1598 419 868 NA NA NA NA NA NA
1533675600.0 2017.12 212 0 114 NA NA NA NA NA NA 472 0 285 NA NA NA NA NA NA 1120 403 652 NA NA NA NA NA NA 1318 489 770 NA NA NA NA NA NA
1533675600.0 2017.13 223 0 NA NA NA NA NA NA NA 437 0 NA NA NA NA NA NA NA 1347 512 NA NA NA NA NA NA NA 1768 705 NA NA NA NA NA NA NA
1533675600.0 2017.2 195 0 113 NA NA NA NA NA NA 426 0 285 NA NA NA NA NA NA 1042 372 583 NA NA NA NA NA NA 1213 461 885 NA NA NA NA NA NA
1533675600.0 2017.3 200 0 111 NA NA NA NA NA NA 471 0 285 NA NA NA NA NA NA 1006 387 565 NA NA NA NA NA NA 1175 473 719 NA NA NA NA NA NA
1533675600.0 2017.4 212 0 118 NA NA NA NA NA NA 472 0 285 NA NA NA NA NA NA 933 371 553 NA NA NA NA NA NA 1121 448 666 NA NA NA NA NA NA
1533675600.0 2017.5 204 0 114 NA NA NA NA NA NA 472 0 285 NA NA NA NA NA NA 865 332 613 NA NA NA NA NA NA 1010 398 747 NA NA NA NA NA NA
1533675600.0 2017.6 214 0 108 NA NA NA NA NA NA 472 0 285 NA NA NA NA NA NA 957 364 725 NA NA NA NA NA NA 1088 460 1006 NA NA NA NA NA NA
1533675600.0 2017.7 214 0 111 NA NA NA NA NA NA 472 0 285 NA NA NA NA NA NA 883 363 671 NA NA NA NA NA NA 1030 441 810 NA NA NA NA NA NA
1533675600.0 2017.8 89 NA NA NA NA NA NA NA NA 233 NA NA NA NA NA NA NA NA 410 NA NA NA NA NA NA NA NA 685 NA NA NA NA NA NA NA NA
1533675600.0 2017.9 215 0 108 NA NA NA NA NA NA 472 0 285 NA NA NA NA NA NA 889 294 660 NA NA NA NA NA NA 1083 384 876 NA NA NA NA NA NA
1533675600.0 202.0 NA 125 276 0 NA NA NA NA NA NA 307 523 0 NA NA NA NA NA NA 804 2174 578 NA NA NA NA NA NA 1023 2504 659 NA NA NA NA NA
1533675600.0 20234.99 NA 200 251 349 0 NA NA NA NA NA 405 466 627 0 NA NA NA NA NA 4966 4464 4022 714 NA NA NA NA NA 5782 4845 4477 767 NA NA NA NA
1533675600.0 20261.97 206 NA NA NA NA NA NA NA NA 405 NA NA NA NA NA NA NA NA 5074 NA NA NA NA NA NA NA NA 5691 NA NA NA NA NA NA NA NA
1533675600.0 203.0 NA 113 282 0 NA NA NA NA NA NA 307 523 0 NA NA NA NA NA NA 891 2373 656 NA NA NA NA NA NA 1108 2807 768 NA NA NA NA NA
1533675600.0 204.0 67 109 274 0 NA NA NA NA NA 206 307 523 0 NA NA NA NA NA 2872 890 2305 574 NA NA NA NA NA 3728 1078 2613 649 NA NA NA NA NA
1533675600.0 20434.0 76 186 311 0 NA NA NA NA NA 207 350 563 0 NA NA NA NA NA 9435 3875 2235 771 NA NA NA NA NA 10168 4233 2482 913 NA NA NA NA NA
1533675600.0 205.0 NA 113 276 0 NA NA NA NA NA NA 307 523 0 NA NA NA NA NA NA 807 2010 609 NA NA NA NA NA NA 1091 2266 720 NA NA NA NA NA
1533675600.0 21.0 NA 83 242 0 NA NA NA NA NA NA 261 471 0 NA NA NA NA NA NA 1515 2396 561 NA NA NA NA NA NA 1713 2798 635 NA NA NA NA NA
1533675600.0 21234.0 72 182 310 0 NA NA NA NA NA 207 349 562 0 NA NA NA NA NA 9542 3949 2164 730 NA NA NA NA NA 10171 4131 2348 805 NA NA NA NA NA
1533675600.0 21234.11 78 178 325 0 NA NA NA NA NA 207 349 562 0 NA NA NA NA NA 8906 4092 2135 783 NA NA NA NA NA 9797 4817 2350 837 NA NA NA NA NA
1533675600.0 21634.0 72 178 316 0 NA NA NA NA NA 197 349 562 0 NA NA NA NA NA 9292 4081 2166 763 NA NA NA NA NA 9879 4486 2418 845 NA NA NA NA NA
1533675600.0 22.0 NA 92 242 0 NA NA NA NA NA NA 262 516 0 NA NA NA NA NA NA 1631 3344 736 NA NA NA NA NA NA 1799 3778 851 NA NA NA NA NA
1533675600.0 22034.0 71 178 325 0 NA NA NA NA NA 197 349 562 0 NA NA NA NA NA 9345 4323 2148 730 NA NA NA NA NA 10028 4923 2325 789 NA NA NA NA NA
1533675600.0 22434.0 76 180 318 0 NA NA NA NA NA 207 350 563 0 NA NA NA NA NA 9854 3924 2170 732 NA NA NA NA NA 10426 4166 2458 797 NA NA NA NA NA
1533675600.0 23.0 NA 108 261 0 NA NA NA NA NA NA 307 516 0 NA NA NA NA NA NA 3154 2972 679 NA NA NA NA NA NA 3771 3488 811 NA NA NA NA NA
1533675600.0 24.0 NA 91 237 0 NA NA NA NA NA NA 307 471 0 NA NA NA NA NA NA 1998 4594 721 NA NA NA NA NA NA 2429 5057 809 NA NA NA NA NA
1533675600.0 24034.0 65 147 295 0 NA NA NA NA NA 193 333 539 0 NA NA NA NA NA 9717 2716 2038 562 NA NA NA NA NA 10323 3249 2358 624 NA NA NA NA NA
1533675600.0 25.0 NA 105 257 0 87 NA NA NA NA NA 262 521 0 199 NA NA NA NA NA 2909 5396 701 336 NA NA NA NA NA 3322 5942 788 466 NA NA NA NA
1533675600.0 250199.0 170 NA NA NA NA NA NA NA NA 339 NA NA NA NA NA NA NA NA 2983 NA NA NA NA NA NA NA NA 3742 NA NA NA NA NA NA NA NA
1533675600.0 250199.17 186 NA NA NA NA NA NA NA NA 393 NA NA NA NA NA NA NA NA 3186 NA NA NA NA NA NA NA NA 3595 NA NA NA NA NA NA NA NA
1533675600.0 250199.18 213 NA NA NA NA NA NA NA NA 393 NA NA NA NA NA NA NA NA 4798 NA NA NA NA NA NA NA NA 5228 NA NA NA NA NA NA NA NA
1533675600.0 250200.0 NA 153 340 0 NA NA NA NA NA NA 383 577 0 NA NA NA NA NA NA 10098 2534 760 NA NA NA NA NA NA 10804 2728 810 NA NA NA NA NA
1533675600.0 250200.1 68 142 189 NA NA NA NA NA NA 196 332 436 NA NA NA NA NA NA 2580 1256 1837 NA NA NA NA NA NA 2764 1487 2077 NA NA NA NA NA NA
1533675600.0 250200.117 60 175 186 NA NA NA NA NA NA 188 334 402 NA NA NA NA NA NA 2801 1420 1705 NA NA NA NA NA NA 3031 1610 1934 NA NA NA NA NA NA
1533675600.0 250200.118 67 256 199 NA NA NA NA NA NA 188 493 474 NA NA NA NA NA NA 2726 2680 2428 NA NA NA NA NA NA 2848 2992 2612 NA NA NA NA NA NA
1533675600.0 250200.17 NA 181 352 0 NA NA NA NA NA NA 449 645 0 NA NA NA NA NA NA 10808 3192 1200 NA NA NA NA NA NA 11337 3573 1260 NA NA NA NA NA
1533675600.0 250200.18 NA 286 390 0 NA NA NA NA NA NA 635 646 0 NA NA NA NA NA NA 20250 4072 2220 NA NA NA NA NA NA 22490 4295 2301 NA NA NA NA NA
1533675600.0 250202.0 NA 155 321 0 NA NA NA NA NA NA 383 578 0 NA NA NA NA NA NA 10654 3252 835 NA NA NA NA NA NA 11091 3537 903 NA NA NA NA NA
1533675600.0 250202.1 NA 170 170 324 0 NA NA NA NA NA 338 383 578 0 NA NA NA NA NA 3078 10525 3360 814 NA NA NA NA NA 3484 10734 3653 874 NA NA NA NA
1533675600.0 250202.17 NA 192 347 0 NA NA NA NA NA NA 450 645 0 NA NA NA NA NA NA 11422 3582 1265 NA NA NA NA NA NA 11787 3807 1325 NA NA NA NA NA
1533675600.0 250202.171 NA 190 193 351 0 NA NA NA NA NA 393 449 645 0 NA NA NA NA NA 3046 11126 3630 1264 NA NA NA NA NA 3332 11331 3991 1325 NA NA NA NA
1533675600.0 250202.18 NA 292 400 0 NA NA NA NA NA NA 635 723 0 NA NA NA NA NA NA 20771 4523 2120 NA NA NA NA NA NA 22223 4789 2214 NA NA NA NA NA
1533675600.0 250202.181 NA 215 285 390 0 NA NA NA NA NA 393 725 723 0 NA NA NA NA NA 4593 19292 4377 2239 NA NA NA NA NA 5008 19735 4597 2336 NA NA NA NA
1533675600.0 250203.0 NA 164 324 0 NA NA NA NA NA NA 383 578 0 NA NA NA NA NA NA 10297 2934 826 NA NA NA NA NA NA 10798 3138 888 NA NA NA NA NA
1533675600.0 250203.17 NA 182 340 0 NA NA NA NA NA NA 450 645 0 NA NA NA NA NA NA 11073 2823 1190 NA NA NA NA NA NA 11833 3040 1252 NA NA NA NA NA
1533675600.0 250203.18 NA 295 414 0 NA NA NA NA NA NA 635 723 0 NA NA NA NA NA NA 20260 4257 2138 NA NA NA NA NA NA 21248 4521 2290 NA NA NA NA NA
1533675600.0 250204.0 NA 168 323 0 NA NA NA NA NA NA 383 578 0 NA NA NA NA NA NA 10355 2749 798 NA NA NA NA NA NA 10722 2945 858 NA NA NA NA NA
1533675600.0 250204.17 NA 194 351 0 NA NA NA NA NA NA 449 645 0 NA NA NA NA NA NA 10910 3282 1299 NA NA NA NA NA NA 11402 3663 1374 NA NA NA NA NA
1533675600.0 250204.18 NA 279 405 0 NA NA NA NA NA NA 635 723 0 NA NA NA NA NA NA 19911 4827 2185 NA NA NA NA NA NA 21527 5079 2308 NA NA NA NA NA
1533675600.0 250205.0 NA 162 321 0 NA NA NA NA NA NA 383 577 0 NA NA NA NA NA NA 10628 2756 812 NA NA NA NA NA NA 12897 2944 883 NA NA NA NA NA
1533675600.0 250205.17 NA 183 356 0 NA NA NA NA NA NA 449 645 0 NA NA NA NA NA NA 10886 2869 1199 NA NA NA NA NA NA 11343 3090 1261 NA NA NA NA NA
1533675600.0 250205.18 NA 297 389 0 NA NA NA NA NA NA 635 645 0 NA NA NA NA NA NA 18681 4050 2152 NA NA NA NA NA NA 20307 4284 2260 NA NA NA NA NA
1533675600.0 250206.0 NA 156 316 0 NA NA NA NA NA NA 383 578 0 NA NA NA NA NA NA 10433 2780 809 NA NA NA NA NA NA 10906 3009 855 NA NA NA NA NA
1533675600.0 250206.17 NA 183 339 0 NA NA NA NA NA NA 449 645 0 NA NA NA NA NA NA 10941 2936 1213 NA NA NA NA NA NA 11414 3122 1270 NA NA NA NA NA
1533675600.0 250206.18 NA 281 395 0 NA NA NA NA NA NA 635 722 0 NA NA NA NA NA NA 19699 4603 2196 NA NA NA NA NA NA 21170 4847 2351 NA NA NA NA NA
1533675600.0 250206.181 NA 214 290 395 0 NA NA NA NA NA 393 725 724 0 NA NA NA NA NA 4765 18441 4318 2172 NA NA NA NA NA 5027 18735 4558 2247 NA NA NA NA
1533675600.0 250207.0 NA 160 314 0 NA NA NA NA NA NA 332 577 0 NA NA NA NA NA NA 9542 2554 835 NA NA NA NA NA NA 10156 2819 949 NA NA NA NA NA
1533675600.0 250207.17 NA 180 334 0 NA NA NA NA NA NA 385 645 0 NA NA NA NA NA NA 10253 2650 1222 NA NA NA NA NA NA 10602 2867 1273 NA NA NA NA NA
1533675600.0 250207.18 NA 278 394 0 NA NA NA NA NA NA 634 723 0 NA NA NA NA NA NA 18705 3953 2185 NA NA NA NA NA NA 20262 4425 2457 NA NA NA NA NA
1533675600.0 250208.17 NA 189 350 0 NA NA NA NA NA NA 449 645 0 NA NA NA NA NA NA 13036 4146 1249 NA NA NA NA NA NA 13451 4482 1357 NA NA NA NA NA
1533675600.0 250208.18 NA 298 400 0 NA NA NA NA NA NA 635 723 0 NA NA NA NA NA NA 24838 6122 2227 NA NA NA NA NA NA 26254 6468 2317 NA NA NA NA NA
1533675600.0 250399.0 137 NA NA NA NA NA NA NA NA 351 NA NA NA NA NA NA NA NA 966 NA NA NA NA NA NA NA NA 1260 NA NA NA NA NA NA NA NA
1533675600.0 250400.0 211 0 113 NA NA NA NA NA NA 480 0 285 NA NA NA NA NA NA 1203 270 651 NA NA NA NA NA NA 1587 328 805 NA NA NA NA NA NA
1533675600.0 250402.0 218 0 108 NA NA NA NA NA NA 480 0 285 NA NA NA NA NA NA 1500 308 707 NA NA NA NA NA NA 1787 387 837 NA NA NA NA NA NA
1533675600.0 250402.1 136 229 0 NA NA NA NA NA NA 307 473 0 NA NA NA NA NA NA 1020 1259 268 NA NA NA NA NA NA 1446 1404 318 NA NA NA NA NA NA
1533675600.0 250403.0 210 0 114 NA NA NA NA NA NA 480 0 285 NA NA NA NA NA NA 1263 301 630 NA NA NA NA NA NA 1556 367 757 NA NA NA NA NA NA
1533675600.0 250405.0 210 0 117 NA NA NA NA NA NA 480 0 285 NA NA NA NA NA NA 1259 271 640 NA NA NA NA NA NA 1527 339 744 NA NA NA NA NA NA
1533675600.0 250406.0 211 0 108 NA NA NA NA NA NA 435 0 285 NA NA NA NA NA NA 990 291 611 NA NA NA NA NA NA 1286 356 759 NA NA NA NA NA NA
1533675600.0 250407.0 193 0 111 NA NA NA NA NA NA 434 0 285 NA NA NA NA NA NA 1088 259 686 NA NA NA NA NA NA 1495 324 896 NA NA NA NA NA NA
1533675600.0 250408.0 210 0 108 NA NA NA NA NA NA 480 0 285 NA NA NA NA NA NA 1410 282 713 NA NA NA NA NA NA 1704 356 995 NA NA NA NA NA NA
1533675600.0 250409.0 216 0 106 NA NA NA NA NA NA 480 0 285 NA NA NA NA NA NA 1811 330 828 NA NA NA NA NA NA 2210 423 1002 NA NA NA NA NA NA
1533675600.0 25200.0 NA 144 362 0 NA NA NA NA NA NA 318 649 0 NA NA NA NA NA NA 3332 3462 795 NA NA NA NA NA NA 4105 3796 845 NA NA NA NA NA
1533675600.0 25202.0 NA 148 363 0 NA NA NA NA NA NA 318 649 0 NA NA NA NA NA NA 2315 4007 934 NA NA NA NA NA NA 2817 4648 1070 NA NA NA NA NA
1533675600.0 25203.0 NA 145 361 0 NA NA NA NA NA NA 318 649 0 NA NA NA NA NA NA 2171 3575 932 NA NA NA NA NA NA 2614 3986 1013 NA NA NA NA NA
1533675600.0 25204.0 NA 144 362 0 NA NA NA NA NA NA 318 649 0 NA NA NA NA NA NA 2339 3770 912 NA NA NA NA NA NA 2794 4091 1003 NA NA NA NA NA
1533675600.0 25205.0 NA 141 369 0 NA NA NA NA NA NA 318 649 0 NA NA NA NA NA NA 2213 3497 950 NA NA NA NA NA NA 2741 3866 1062 NA NA NA NA NA
1533675600.0 25206.0 NA 150 370 0 NA NA NA NA NA NA 318 649 0 NA NA NA NA NA NA 2302 3470 837 NA NA NA NA NA NA 2697 3856 887 NA NA NA NA NA
1533675600.0 25207.0 NA 146 353 0 NA NA NA NA NA NA 318 649 0 NA NA NA NA NA NA 2202 3461 910 NA NA NA NA NA NA 2669 3895 998 NA NA NA NA NA
1533675600.0 25208.0 NA 161 376 0 NA NA NA NA NA NA 369 649 0 NA NA NA NA NA NA 3072 4816 947 NA NA NA NA NA NA 3618 5255 1036 NA NA NA NA NA
1533675600.0 25209.0 NA 146 359 0 NA NA NA NA NA NA 318 649 0 NA NA NA NA NA NA 2445 4127 948 NA NA NA NA NA NA 2738 4464 1028 NA NA NA NA NA
1533675600.0 25210.0 0 NA NA NA NA NA NA NA NA 0 NA NA NA NA NA NA NA NA 786 NA NA NA NA NA NA NA NA 1088 NA NA NA NA NA NA NA NA
1533675600.0 25211.0 68 148 366 0 NA NA NA NA NA 196 318 649 0 NA NA NA NA NA 5714 2300 3909 948 NA NA NA NA NA 6418 2740 4367 1037 NA NA NA NA NA
1533675600.0 25211.17 61 157 333 0 NA NA NA NA NA 188 320 645 0 NA NA NA NA NA 6295 2395 3320 1369 NA NA NA NA NA 6868 3143 3575 1436 NA NA NA NA NA
1533675600.0 25212.0 66 140 356 0 NA NA NA NA NA 196 318 649 0 NA NA NA NA NA 7751 2197 3727 912 NA NA NA NA NA 8781 2609 4392 1013 NA NA NA NA NA
1533675600.0 25212.17 62 159 337 0 NA NA NA NA NA 188 320 645 0 NA NA NA NA NA 8059 3023 3472 1455 NA NA NA NA NA 9084 3740 3795 1548 NA NA NA NA NA
1533675600.0 25213.0 67 142 368 0 NA NA NA NA NA 196 318 649 0 NA NA NA NA NA 7847 2200 3735 961 NA NA NA NA NA 8835 2671 4102 1074 NA NA NA NA NA
1533675600.0 25213.17 62 162 332 0 NA NA NA NA NA 188 371 645 0 NA NA NA NA NA 8070 2411 3484 1435 NA NA NA NA NA 9100 2839 3765 1535 NA NA NA NA NA
1533675600.0 25214.0 NA 151 360 0 NA NA NA NA NA NA 319 649 0 NA NA NA NA NA NA 2311 3955 920 NA NA NA NA NA NA 2901 4281 1068 NA NA NA NA NA
1533675600.0 25400.0 244 0 107 NA NA NA NA NA NA 530 0 284 NA NA NA NA NA NA 4201 430 756 NA NA NA NA NA NA 4829 542 973 NA NA NA NA NA NA
1533675600.0 25402.0 241 0 119 NA NA NA NA NA NA 530 0 284 NA NA NA NA NA NA 5415 397 904 NA NA NA NA NA NA 6723 684 1144 NA NA NA NA NA NA
1533675600.0 25403.0 240 0 119 NA NA NA NA NA NA 530 0 284 NA NA NA NA NA NA 4355 416 806 NA NA NA NA NA NA 5195 531 1020 NA NA NA NA NA NA
1533675600.0 25405.0 240 0 112 NA NA NA NA NA NA 530 0 283 NA NA NA NA NA NA 4524 387 872 NA NA NA NA NA NA 5642 494 1111 NA NA NA NA NA NA
1533675600.0 25406.0 253 0 111 NA NA NA NA NA NA 480 0 284 NA NA NA NA NA NA 1884 273 608 NA NA NA NA NA NA 2195 358 758 NA NA NA NA NA NA
1533675600.0 25407.0 231 0 107 NA NA NA NA NA NA 478 0 284 NA NA NA NA NA NA 4018 356 869 NA NA NA NA NA NA 4552 478 1156 NA NA NA NA NA NA
1533675600.0 25408.0 238 0 112 NA NA NA NA NA NA 530 0 284 NA NA NA NA NA NA 6198 441 1009 NA NA NA NA NA NA 7781 575 1310 NA NA NA NA NA NA
1533675600.0 25409.0 248 0 108 NA NA NA NA NA NA 530 0 284 NA NA NA NA NA NA 4629 438 886 NA NA NA NA NA NA 5871 557 1138 NA NA NA NA NA NA
1533675600.0 26.0 NA 105 273 0 NA NA NA NA NA NA 263 521 0 NA NA NA NA NA NA 1910 2722 595 NA NA NA NA NA NA 2184 3121 691 NA NA NA NA NA
1533675600.0 27.0 NA 105 260 0 NA NA NA NA NA NA 307 471 0 NA NA NA NA NA NA 3002 2523 615 NA NA NA NA NA NA 3663 2814 709 NA NA NA NA NA
1533675600.0 28.0 NA 102 238 0 NA NA NA NA NA NA 307 471 0 NA NA NA NA NA NA 2096 3661 657 NA NA NA NA NA NA 2332 4063 739 NA NA NA NA NA
1533675600.0 280.0 71 80 241 0 NA NA NA NA NA 275 292 471 0 NA NA NA NA NA 2903 428 1502 535 NA NA NA NA NA 3425 545 1713 613 NA NA NA NA NA
1533675600.0 281.0 87 96 266 0 NA NA NA NA NA 304 311 525 0 NA NA NA NA NA 2216 450 1345 781 NA NA NA NA NA 2360 708 1798 837 NA NA NA NA NA
1533675600.0 29.0 NA 99 255 0 NA NA NA NA NA NA 262 521 0 NA NA NA NA NA NA 3001 2833 620 NA NA NA NA NA NA 3569 3137 709 NA NA NA NA NA
1533675600.0 3.0 60 80 164 NA NA NA NA NA NA 206 292 383 NA NA NA NA NA NA 5494 344 1239 NA NA NA NA NA NA 5803 471 1417 NA NA NA NA NA NA
1533675600.0 30.0 NA 104 237 0 NA NA NA NA NA NA 307 471 0 NA NA NA NA NA NA 1910 3214 702 NA NA NA NA NA NA 2300 3623 769 NA NA NA NA NA
1533675600.0 300.0 56 136 234 0 NA NA NA NA NA 185 332 495 0 NA NA NA NA NA 768 469 887 445 NA NA NA NA NA 1065 581 1082 502 NA NA NA NA NA
1533675600.0 301.0 69 135 238 0 NA NA NA NA NA 185 332 495 0 NA NA NA NA NA 976 444 947 441 NA NA NA NA NA 1235 1571 1286 492 NA NA NA NA NA
1533675600.0 302.0 61 130 235 0 NA NA NA NA NA 185 332 495 0 NA NA NA NA NA 703 488 907 443 NA NA NA NA NA 1103 654 1129 502 NA NA NA NA NA
1533675600.0 31.0 NA 107 244 0 NA NA NA NA NA NA 263 471 0 NA NA NA NA NA NA 3003 2665 580 NA NA NA NA NA NA 3642 3135 654 NA NA NA NA NA
1533675600.0 32.0 NA 85 255 0 NA NA NA NA NA NA 262 471 0 NA NA NA NA NA NA 1838 2950 617 NA NA NA NA NA NA 2034 3222 701 NA NA NA NA NA
1533675600.0 33.0 NA 104 238 0 NA NA NA NA NA NA 263 471 0 NA NA NA NA NA NA 2867 2573 552 NA NA NA NA NA NA 3489 2940 644 NA NA NA NA NA
1533675600.0 34.0 66 81 238 0 NA NA NA NA NA 207 248 471 0 NA NA NA NA NA 2512 607 2146 714 NA NA NA NA NA 2744 909 2622 839 NA NA NA NA NA
1533675600.0 35.0 NA 103 250 0 NA NA NA NA NA NA 262 471 0 NA NA NA NA NA NA 2029 3024 655 NA NA NA NA NA NA 2275 3358 744 NA NA NA NA NA
1533675600.0 36.0 NA 104 241 0 NA NA NA NA NA NA 262 516 0 NA NA NA NA NA NA 2906 10251 828 NA NA NA NA NA NA 3725 11215 930 NA NA NA NA NA
1533675600.0 37.0 NA 102 235 0 NA NA NA NA NA NA 262 471 0 NA NA NA NA NA NA 2163 4678 883 NA NA NA NA NA NA 2341 4990 1019 NA NA NA NA NA
1533675600.0 38.0 NA 102 250 0 NA NA NA NA NA NA 262 471 0 NA NA NA NA NA NA 2093 4766 747 NA NA NA NA NA NA 2387 5207 838 NA NA NA NA NA
1533675600.0 39.0 NA 105 240 0 NA NA NA NA NA NA 307 516 0 NA NA NA NA NA NA 3186 7844 882 NA NA NA NA NA NA 4063 8653 1015 NA NA NA NA NA
1533675600.0 4.17 NA 38 234 0 161 NA NA NA NA NA 149 460 0 360 NA NA NA NA NA 264 2901 627 1216 NA NA NA NA NA 403 3133 693 1651 NA NA NA NA
1533675600.0 4.22 NA 157 73 76 0 NA NA NA NA NA 372 188 194 0 NA NA NA NA NA 1088 281 278 310 NA NA NA NA NA 1356 491 499 383 NA NA NA NA
1533675600.0 4.23 NA 77 252 0 NA NA NA NA NA NA 198 461 0 NA NA NA NA NA NA 386 2623 821 NA NA NA NA NA NA 575 2808 898 NA NA NA NA NA
1533675600.0 4.24 NA 73 238 0 NA NA NA NA NA NA 186 460 0 NA NA NA NA NA NA 345 3014 749 NA NA NA NA NA NA 440 3267 860 NA NA NA NA NA
1533675600.0 4.25 NA 72 251 0 NA NA NA NA NA NA 186 460 0 NA NA NA NA NA NA 346 2766 714 NA NA NA NA NA NA 477 2963 843 NA NA NA NA NA
1533675600.0 4.26 NA 71 237 0 NA NA NA NA NA NA 186 460 0 NA NA NA NA NA NA 350 3115 692 NA NA NA NA NA NA 475 3292 760 NA NA NA NA NA
1533675600.0 4.27 NA 74 243 0 NA NA NA NA NA NA 186 460 0 NA NA NA NA NA NA 355 3267 782 NA NA NA NA NA NA 494 3467 863 NA NA NA NA NA
1533675600.0 4.28 NA 77 252 0 NA NA NA NA NA NA 198 460 0 NA NA NA NA NA NA 311 2279 2213 NA NA NA NA NA NA 573 2505 2319 NA NA NA NA NA
1533675600.0 4.29 NA 38 232 0 189 NA NA NA NA NA 155 460 0 359 NA NA NA NA NA 267 3270 643 1288 NA NA NA NA NA 382 3515 706 1660 NA NA NA NA
1533675600.0 4.34 NA 72 258 0 NA NA NA NA NA NA 198 460 0 NA NA NA NA NA NA 364 3055 749 NA NA NA NA NA NA 605 3222 836 NA NA NA NA NA
1533675600.0 4.36 NA 74 239 0 NA NA NA NA NA NA 186 460 0 NA NA NA NA NA NA 368 3706 727 NA NA NA NA NA NA 600 4087 807 NA NA NA NA NA
1533675600.0 4.37 NA 71 242 0 NA NA NA NA NA NA 186 460 0 NA NA NA NA NA NA 342 3774 675 NA NA NA NA NA NA 516 3978 753 NA NA NA NA NA
1533675600.0 4.4 NA 30 241 0 NA NA NA NA NA NA 155 460 0 NA NA NA NA NA NA 254 3592 591 NA NA NA NA NA NA 421 3787 669 NA NA NA NA NA
1533675600.0 4.41 NA 36 255 0 NA NA NA NA NA NA 155 460 0 NA NA NA NA NA NA 238 4664 609 NA NA NA NA NA NA 387 4858 685 NA NA NA NA NA
1533675600.0 4.42 NA 41 255 0 NA NA NA NA NA NA 155 505 0 NA NA NA NA NA NA 255 5673 666 NA NA NA NA NA NA 517 6084 753 NA NA NA NA NA
1533675600.0 4.43 NA 43 253 0 NA NA NA NA NA NA 155 460 0 NA NA NA NA NA NA 237 3375 638 NA NA NA NA NA NA 363 3551 723 NA NA NA NA NA
1533675600.0 4.44 NA 34 244 0 NA NA NA NA NA NA 155 460 0 NA NA NA NA NA NA 266 4230 608 NA NA NA NA NA NA 443 4414 686 NA NA NA NA NA
1533675600.0 4.45 NA 41 242 0 NA NA NA NA NA NA 155 505 0 NA NA NA NA NA NA 248 6085 599 NA NA NA NA NA NA 396 6379 688 NA NA NA NA NA
1533675600.0 4.51 NA 33 246 0 NA NA NA NA NA NA 155 505 0 NA NA NA NA NA NA 239 5013 627 NA NA NA NA NA NA 434 5222 707 NA NA NA NA NA
1533675600.0 4.52 NA 39 248 0 NA NA NA NA NA NA 155 505 0 NA NA NA NA NA NA 251 6487 610 NA NA NA NA NA NA 404 6687 705 NA NA NA NA NA
1533675600.0 4.53 NA 37 248 0 NA NA NA NA NA NA 155 505 0 NA NA NA NA NA NA 248 6262 644 NA NA NA NA NA NA 448 6532 754 NA NA NA NA NA
1533675600.0 4.54 NA 39 249 0 NA NA NA NA NA NA 149 505 0 NA NA NA NA NA NA 250 6188 644 NA NA NA NA NA NA 400 6383 743 NA NA NA NA NA
1533675600.0 4.55 NA 40 248 0 NA NA NA NA NA NA 149 505 0 NA NA NA NA NA NA 247 7584 644 NA NA NA NA NA NA 364 7959 715 NA NA NA NA NA
1533675600.0 4.57 NA 69 248 0 NA NA NA NA NA NA 186 505 0 NA NA NA NA NA NA 357 7707 680 NA NA NA NA NA NA 491 8001 771 NA NA NA NA NA
1533675600.0 4.58 NA 58 257 0 NA NA NA NA NA NA 174 460 0 NA NA NA NA NA NA 294 4325 694 NA NA NA NA NA NA 402 4518 792 NA NA NA NA NA
1533675600.0 4.6 NA 280 0 NA NA NA NA NA NA NA 514 0 NA NA NA NA NA NA NA 2412 588 NA NA NA NA NA NA NA 2686 672 NA NA NA NA NA NA
1533675600.0 4.61 NA 37 250 0 NA NA NA NA NA NA 149 505 0 NA NA NA NA NA NA 238 5907 599 NA NA NA NA NA NA 390 6173 671 NA NA NA NA NA
1533675600.0 4.62 NA 36 249 0 NA NA NA NA NA NA 155 505 0 NA NA NA NA NA NA 245 6027 641 NA NA NA NA NA NA 435 6248 724 NA NA NA NA NA
1533675600.0 4.63 NA 39 249 0 NA NA NA NA NA NA 149 505 0 NA NA NA NA NA NA 246 6936 634 NA NA NA NA NA NA 449 7398 743 NA NA NA NA NA
1533675600.0 4.64 NA 37 250 0 NA NA NA NA NA NA 155 505 0 NA NA NA NA NA NA 253 6381 653 NA NA NA NA NA NA 396 6768 731 NA NA NA NA NA
1533675600.0 4.65 NA 40 252 0 NA NA NA NA NA NA 155 505 0 NA NA NA NA NA NA 231 9133 639 NA NA NA NA NA NA 399 9438 720 NA NA NA NA NA
1533675600.0 4.67 NA 63 249 0 NA NA NA NA NA NA 186 505 0 NA NA NA NA NA NA 330 7639 676 NA NA NA NA NA NA 536 7885 753 NA NA NA NA NA
1533675600.0 4.68 NA 56 244 0 NA NA NA NA NA NA 174 505 0 NA NA NA NA NA NA 293 5587 600 NA NA NA NA NA NA 419 5762 674 NA NA NA NA NA
1533675600.0 4.71 NA 34 251 0 NA NA NA NA NA NA 155 460 0 NA NA NA NA NA NA 270 4393 682 NA NA NA NA NA NA 410 4676 897 NA NA NA NA NA
1533675600.0 4.72 NA 31 250 0 NA NA NA NA NA NA 155 460 0 NA NA NA NA NA NA 242 5308 646 NA NA NA NA NA NA 405 5505 750 NA NA NA NA NA
1533675600.0 4.73 NA 41 253 0 NA NA NA NA NA NA 155 505 0 NA NA NA NA NA NA 277 6236 613 NA NA NA NA NA NA 538 6476 677 NA NA NA NA NA
1533675600.0 4.74 NA 37 244 0 NA NA NA NA NA NA 155 505 0 NA NA NA NA NA NA 260 5203 666 NA NA NA NA NA NA 498 5438 748 NA NA NA NA NA
1533675600.0 4.75 NA 35 249 0 NA NA NA NA NA NA 155 505 0 NA NA NA NA NA NA 257 6482 647 NA NA NA NA NA NA 490 6747 723 NA NA NA NA NA
1533675600.0 4.76 NA 69 254 0 NA NA NA NA NA NA 186 505 0 NA NA NA NA NA NA 399 7088 643 NA NA NA NA NA NA 658 7380 716 NA NA NA NA NA
1533675600.0 4.77 NA 71 253 0 NA NA NA NA NA NA 186 505 0 NA NA NA NA NA NA 328 8451 659 NA NA NA NA NA NA 455 8752 734 NA NA NA NA NA
1533675600.0 4.78 NA 58 244 0 NA NA NA NA NA NA 174 505 0 NA NA NA NA NA NA 297 6879 726 NA NA NA NA NA NA 424 7199 830 NA NA NA NA NA
1533675600.0 4000.0 NA 103 249 NA NA NA NA NA NA NA 263 471 NA NA NA NA NA NA NA 2199 3672 NA NA NA NA NA NA NA 2468 3954 NA NA NA NA NA NA
1533675600.0 4001.0 NA 104 274 NA NA NA NA NA NA NA 307 523 NA NA NA NA NA NA NA 898 2632 NA NA NA NA NA NA NA 1098 3142 NA NA NA NA NA NA
1533675600.0 4002.0 NA 109 237 NA NA NA NA NA NA NA 263 471 NA NA NA NA NA NA NA 1750 3096 NA NA NA NA NA NA NA 1925 3587 NA NA NA NA NA NA
1533675600.0 4003.0 NA 104 249 NA NA NA NA NA NA NA 262 471 NA NA NA NA NA NA NA 1832 3019 NA NA NA NA NA NA NA 2011 3438 NA NA NA NA NA NA
1533675600.0 4006.0 58 107 272 NA NA NA NA NA NA 176 307 523 NA NA NA NA NA NA 942 778 2311 NA NA NA NA NA NA 1076 964 2685 NA NA NA NA NA NA
1533675600.0 4007.0 58 0 0 NA NA NA NA NA NA 170 0 0 NA NA NA NA NA NA 426 146 1334 NA NA NA NA NA NA 499 224 1644 NA NA NA NA NA NA
1533675600.0 4008.0 48 0 0 NA NA NA NA NA NA 170 0 0 NA NA NA NA NA NA 438 147 1134 NA NA NA NA NA NA 545 228 1338 NA NA NA NA NA NA
1533675600.0 43.0 NA 104 235 0 NA NA NA NA NA NA 263 471 0 NA NA NA NA NA NA 1916 4042 740 NA NA NA NA NA NA 2132 4423 814 NA NA NA NA NA
1533675600.0 44.0 NA 95 247 0 NA NA NA NA NA NA 262 471 0 NA NA NA NA NA NA 3084 3051 583 NA NA NA NA NA NA 3584 3304 673 NA NA NA NA NA
1533675600.0 45.0 NA 104 253 0 NA NA NA NA NA NA 262 471 0 NA NA NA NA NA NA 2075 3113 641 NA NA NA NA NA NA 2309 3346 778 NA NA NA NA NA
1533675600.0 5.1 194 0 NA NA NA NA NA NA NA 427 0 NA NA NA NA NA NA NA 1023 267 NA NA NA NA NA NA NA 1221 322 NA NA NA NA NA NA NA
1533675600.0 5.2 186 0 NA NA NA NA NA NA NA 426 0 NA NA NA NA NA NA NA 832 278 NA NA NA NA NA NA NA 984 387 NA NA NA NA NA NA NA
1533675600.0 5.3 175 0 NA NA NA NA NA NA NA 426 0 NA NA NA NA NA NA NA 907 279 NA NA NA NA NA NA NA 1105 350 NA NA NA NA NA NA NA
1533675600.0 5.4 200 0 NA NA NA NA NA NA NA 427 0 NA NA NA NA NA NA NA 893 295 NA NA NA NA NA NA NA 1077 352 NA NA NA NA NA NA NA
1533675600.0 5.5 184 0 NA NA NA NA NA NA NA 427 0 NA NA NA NA NA NA NA 951 259 NA NA NA NA NA NA NA 1128 314 NA NA NA NA NA NA NA
1533675600.0 5.6 196 0 NA NA NA NA NA NA NA 427 0 NA NA NA NA NA NA NA 946 250 NA NA NA NA NA NA NA 1184 323 NA NA NA NA NA NA NA
1533675600.0 5.7 198 0 NA NA NA NA NA NA NA 427 0 NA NA NA NA NA NA NA 922 281 NA NA NA NA NA NA NA 1086 357 NA NA NA NA NA NA NA
1533675600.0 500199.0 121 NA NA NA NA NA NA NA NA 325 NA NA NA NA NA NA NA NA 1837 NA NA NA NA NA NA NA NA 2036 NA NA NA NA NA NA NA NA
1533675600.0 500200.0 NA 119 273 0 NA NA NA NA NA NA 320 516 0 NA NA NA NA NA NA 6152 2313 596 NA NA NA NA NA NA 7509 2554 665 NA NA NA NA NA
1533675600.0 500200.1 72 121 182 NA NA NA NA NA NA 196 320 394 NA NA NA NA NA NA 2598 836 1791 NA NA NA NA NA NA 2750 1115 2006 NA NA NA NA NA NA
1533675600.0 500202.0 NA 126 265 0 NA NA NA NA NA NA 320 516 0 NA NA NA NA NA NA 6517 2578 559 NA NA NA NA NA NA 6892 2985 645 NA NA NA NA NA
1533675600.0 500203.0 NA 122 271 0 NA NA NA NA NA NA 320 516 0 NA NA NA NA NA NA 6593 2540 552 NA NA NA NA NA NA 8294 2778 646 NA NA NA NA NA
1533675600.0 500204.0 NA 121 257 0 NA NA NA NA NA NA 320 516 0 NA NA NA NA NA NA 6165 2390 552 NA NA NA NA NA NA 7499 2613 612 NA NA NA NA NA
1533675600.0 500205.0 NA 125 269 0 NA NA NA NA NA NA 320 516 0 NA NA NA NA NA NA 6376 2201 545 NA NA NA NA NA NA 8014 2451 632 NA NA NA NA NA
1533675600.0 500206.0 NA 126 264 0 NA NA NA NA NA NA 320 516 0 NA NA NA NA NA NA 6377 2528 615 NA NA NA NA NA NA 8226 2736 781 NA NA NA NA NA
1533675600.0 500207.0 NA 116 251 0 NA NA NA NA NA NA 319 516 0 NA NA NA NA NA NA 5482 2227 552 NA NA NA NA NA NA 5917 2429 622 NA NA NA NA NA
1533675600.0 50200.0 NA 119 287 0 NA NA NA NA NA NA 308 574 0 NA NA NA NA NA NA 1417 3232 621 NA NA NA NA NA NA 1741 4094 721 NA NA NA NA NA
1533675600.0 50202.0 NA 111 289 0 NA NA NA NA NA NA 308 523 0 NA NA NA NA NA NA 2077 2984 605 NA NA NA NA NA NA 2807 3309 676 NA NA NA NA NA
1533675600.0 50203.0 NA 114 278 0 NA NA NA NA NA NA 308 574 0 NA NA NA NA NA NA 2153 2905 592 NA NA NA NA NA NA 2968 3206 729 NA NA NA NA NA
1533675600.0 50204.0 NA 111 289 0 NA NA NA NA NA NA 308 523 0 NA NA NA NA NA NA 2066 3064 595 NA NA NA NA NA NA 2663 3592 687 NA NA NA NA NA
1533675600.0 50205.0 NA 110 284 0 NA NA NA NA NA NA 308 576 0 NA NA NA NA NA NA 2068 2793 631 NA NA NA NA NA NA 2779 3256 747 NA NA NA NA NA
1533675600.0 50206.0 NA 108 282 0 NA NA NA NA NA NA 308 576 0 NA NA NA NA NA NA 2144 2937 640 NA NA NA NA NA NA 3039 3351 781 NA NA NA NA NA
1533675600.0 50207.0 NA 110 285 0 NA NA NA NA NA NA 308 523 0 NA NA NA NA NA NA 2019 2826 591 NA NA NA NA NA NA 2832 3303 684 NA NA NA NA NA
1533675600.0 50208.0 NA 114 290 0 NA NA NA NA NA NA 308 574 0 NA NA NA NA NA NA 1378 3644 619 NA NA NA NA NA NA 1642 4045 709 NA NA NA NA NA
1533675600.0 503.0 36 0 NA NA NA NA NA NA NA 147 0 NA NA NA NA NA NA NA 235 130 NA NA NA NA NA NA NA 382 188 NA NA NA NA NA NA NA
1533675600.0 504.0 37 0 NA NA NA NA NA NA NA 147 0 NA NA NA NA NA NA NA 185 130 NA NA NA NA NA NA NA 293 190 NA NA NA NA NA NA NA
1533675600.0 505.0 35 0 NA NA NA NA NA NA NA 147 0 NA NA NA NA NA NA NA 202 129 NA NA NA NA NA NA NA 294 176 NA NA NA NA NA NA NA
1533675600.0 506.0 35 0 NA NA NA NA NA NA NA 147 0 NA NA NA NA NA NA NA 183 129 NA NA NA NA NA NA NA 288 188 NA NA NA NA NA NA NA
1533675600.0 507.0 35 0 NA NA NA NA NA NA NA 147 0 NA NA NA NA NA NA NA 211 139 NA NA NA NA NA NA NA 298 208 NA NA NA NA NA NA NA
1533675600.0 508.0 36 0 NA NA NA NA NA NA NA 147 0 NA NA NA NA NA NA NA 182 127 NA NA NA NA NA NA NA 293 191 NA NA NA NA NA NA NA
1533675600.0 509.0 35 0 NA NA NA NA NA NA NA 147 0 NA NA NA NA NA NA NA 173 139 NA NA NA NA NA NA NA 277 206 NA NA NA NA NA NA NA
1533675600.0 510.0 37 0 NA NA NA NA NA NA NA 147 0 NA NA NA NA NA NA NA 275 133 NA NA NA NA NA NA NA 355 216 NA NA NA NA NA NA NA
1533675600.0 511.0 48 0 NA NA NA NA NA NA NA 151 0 NA NA NA NA NA NA NA 9708 134 NA NA NA NA NA NA NA 10281 202 NA NA NA NA NA NA NA
1533675600.0 512.0 20 39 0 NA NA NA NA NA NA 113 152 0 NA NA NA NA NA NA 2203 178 139 NA NA NA NA NA NA 15050 277 208 NA NA NA NA NA NA
1533675600.0 513.0 19 37 0 NA NA NA NA NA NA 113 152 0 NA NA NA NA NA NA 671 182 133 NA NA NA NA NA NA 1532 274 205 NA NA NA NA NA NA
1533675600.0 514.0 19 44 0 NA NA NA NA NA NA 113 152 0 NA NA NA NA NA NA 424 195 142 NA NA NA NA NA NA 705 284 200 NA NA NA NA NA NA
1533675600.0 515.0 20 44 0 NA NA NA NA NA NA 113 152 0 NA NA NA NA NA NA 2074 174 140 NA NA NA NA NA NA 10909 248 208 NA NA NA NA NA NA
1533675600.0 516.0 19 38 0 NA NA NA NA NA NA 113 152 0 NA NA NA NA NA NA 677 185 138 NA NA NA NA NA NA 2052 259 214 NA NA NA NA NA NA
1533675600.0 517.0 20 44 0 NA NA NA NA NA NA 113 153 0 NA NA NA NA NA NA 966 188 129 NA NA NA NA NA NA 1328 264 197 NA NA NA NA NA NA
1533675600.0 518.0 20 38 0 NA NA NA NA NA NA 113 152 0 NA NA NA NA NA NA 2157 182 132 NA NA NA NA NA NA 17419 264 194 NA NA NA NA NA NA
1533675600.0 519.0 19 38 0 NA NA NA NA NA NA 113 152 0 NA NA NA NA NA NA 662 170 138 NA NA NA NA NA NA 1244 248 212 NA NA NA NA NA NA
1533675600.0 520.0 28 44 0 NA NA NA NA NA NA 113 152 0 NA NA NA NA NA NA 956 185 134 NA NA NA NA NA NA 1095 269 200 NA NA NA NA NA NA
1533675600.0 521.0 19 40 0 NA NA NA NA NA NA 113 153 0 NA NA NA NA NA NA 661 185 141 NA NA NA NA NA NA 1694 271 214 NA NA NA NA NA NA
1533675600.0 522.0 20 36 0 NA NA NA NA NA NA 113 153 0 NA NA NA NA NA NA 2122 185 133 NA NA NA NA NA NA 15969 261 187 NA NA NA NA NA NA
1533675600.0 524.0 28 39 0 NA NA NA NA NA NA 113 153 0 NA NA NA NA NA NA 973 191 132 NA NA NA NA NA NA 1098 302 197 NA NA NA NA NA NA
1533675600.0 525.0 19 40 0 NA NA NA NA NA NA 113 153 0 NA NA NA NA NA NA 720 176 123 NA NA NA NA NA NA 1567 246 166 NA NA NA NA NA NA
1533675600.0 526.0 20 46 0 NA NA NA NA NA NA 113 153 0 NA NA NA NA NA NA 1950 150 117 NA NA NA NA NA NA 8323 215 182 NA NA NA NA NA NA
1533675600.0 527.0 20 45 0 NA NA NA NA NA NA 113 153 0 NA NA NA NA NA NA 927 175 116 NA NA NA NA NA NA 1082 269 185 NA NA NA NA NA NA
1533675600.0 528.0 20 46 0 NA NA NA NA NA NA 113 153 0 NA NA NA NA NA NA 596 164 124 NA NA NA NA NA NA 960 238 190 NA NA NA NA NA NA
1533675600.0 529.0 20 46 0 NA NA NA NA NA NA 113 153 0 NA NA NA NA NA NA 1943 149 118 NA NA NA NA NA NA 8393 236 192 NA NA NA NA NA NA
1533675600.0 530.0 20 45 0 NA NA NA NA NA NA 113 153 0 NA NA NA NA NA NA 931 163 111 NA NA NA NA NA NA 1203 233 183 NA NA NA NA NA NA
1533675600.0 531.0 52 0 NA NA NA NA NA NA NA 255 0 NA NA NA NA NA NA NA 155 118 NA NA NA NA NA NA NA 239 186 NA NA NA NA NA NA NA
1533675600.0 534.0 46 0 NA NA NA NA NA NA NA 164 0 NA NA NA NA NA NA NA 179 113 NA NA NA NA NA NA NA 343 168 NA NA NA NA NA NA NA
1533675600.0 535.0 72 0 NA NA NA NA NA NA NA 203 0 NA NA NA NA NA NA NA 3492 111 NA NA NA NA NA NA NA 3919 199 NA NA NA NA NA NA NA
1533675600.0 541.0 51 0 NA NA NA NA NA NA NA 160 0 NA NA NA NA NA NA NA 171 121 NA NA NA NA NA NA NA 249 192 NA NA NA NA NA NA NA
1533675600.0 545.0 53 0 NA NA NA NA NA NA NA 160 0 NA NA NA NA NA NA NA 196 116 NA NA NA NA NA NA NA 305 173 NA NA NA NA NA NA NA
1533675600.0 552.0 28 45 0 NA NA NA NA NA NA 113 153 0 NA NA NA NA NA NA 923 156 120 NA NA NA NA NA NA 1291 274 200 NA NA NA NA NA NA
1533675600.0 554.0 20 46 0 NA NA NA NA NA NA 113 153 0 NA NA NA NA NA NA 1633 159 118 NA NA NA NA NA NA 1821 224 203 NA NA NA NA NA NA
1533675600.0 556.0 20 46 0 NA NA NA NA NA NA 113 159 0 NA NA NA NA NA NA 352 169 125 NA NA NA NA NA NA 807 239 189 NA NA NA NA NA NA
1533675600.0 560.0 37 0 NA NA NA NA NA NA NA 147 0 NA NA NA NA NA NA NA 153 119 NA NA NA NA NA NA NA 223 193 NA NA NA NA NA NA NA
1533675600.0 561.0 36 0 NA NA NA NA NA NA NA 147 0 NA NA NA NA NA NA NA 162 125 NA NA NA NA NA NA NA 250 204 NA NA NA NA NA NA NA
1533675600.0 562.0 0 NA NA NA NA NA NA NA NA 0 NA NA NA NA NA NA NA NA 632 NA NA NA NA NA NA NA NA 3958 NA NA NA NA NA NA NA NA
1533675600.0 6.0 NA 75 224 0 NA NA NA NA NA NA 307 471 0 NA NA NA NA NA NA 1662 1779 550 NA NA NA NA NA NA 1877 2027 625 NA NA NA NA NA
1533675600.0 7.0 56 82 151 57 0 NA NA NA NA 173 287 330 166 0 NA NA NA NA 604 302 569 187 332 NA NA NA NA 726 398 682 269 435 NA NA NA NA
1533675600.0 7.1 63 83 141 58 0 NA NA NA NA 173 287 330 176 0 NA NA NA NA 972 389 598 247 295 NA NA NA NA 1090 756 767 417 378 NA NA NA NA
1533675600.0 7.2 56 112 178 62 0 NA NA NA NA 175 296 413 175 0 NA NA NA NA 629 392 767 233 551 NA NA NA NA 735 561 988 377 628 NA NA NA NA
1533675600.0 7.3 56 114 181 65 0 NA NA NA NA 175 295 413 175 0 NA NA NA NA 1022 345 720 215 549 NA NA NA NA 1168 472 891 330 611 NA NA NA NA
1533675600.0 7.4 57 107 177 58 0 NA NA NA NA 175 251 413 175 0 NA NA NA NA 853 493 895 249 754 NA NA NA NA 1349 1044 1213 594 935 NA NA NA NA
1533675600.0 8.0 NA 84 137 52 0 NA NA NA NA NA 302 330 163 0 NA NA NA NA NA 2194 914 218 391 NA NA NA NA NA 2496 1126 368 501 NA NA NA NA
1533675600.0 9.0 NA 102 238 0 NA NA NA NA NA NA 307 471 0 NA NA NA NA NA NA 2120 4778 725 NA NA NA NA NA NA 2365 5198 803 NA NA NA NA NA
