
/store/data/Run2010A/MinimumBias/RAW-RECO/v6/000/138/924/D87FB9A7-4485-DF11-88B8-0025B3E05DFE.root
/store/data/Run2011A/Cosmics/RAW/v1/000/160/960/049F6443-8E53-E011-A943-003048F117EA.root
/store/data/Run2011A/DoubleElectron/RAW-RECO/ZElectron-08Nov2011-v1/0000/0663D01B-F71B-E111-99F4-002618943958.root
/store/data/Run2011A/DoubleMu/RAW-RECO/ZMu-08Nov2011-v1/0000/000D85E7-191B-E111-BD5F-003048679168.root
/store/data/Run2011A/Jet/RAW-RECO/HighMET-08Nov2011-v1/0000/7069975F-5F0B-E111-B0DB-0015178C4BE8.root
/store/data/Run2011A/Jet/RAW-RECO/HighMET-08Nov2011-v1/0000/A831F356-520B-E111-ABB9-001D0967DAAD.root
/store/data/Run2011A/Jet/RAW-RECO/HighMET-08Nov2011-v1/0000/EE6CEF95-590B-E111-B8AD-00266CFADFCC.root
/store/data/Run2011A/MinimumBias/RAW-RECO/ValSkim-08Nov2011-v1/0000/065CC727-800F-E111-B1A6-002618943986.root
/store/data/Run2011A/MinimumBias/RAW-RECO/ValSkim-08Nov2011-v1/0000/203B0788-730F-E111-A952-001A92971BDC.root
/store/data/Run2011A/MinimumBias/RAW/v1/000/165/121/0699429A-B37F-E011-A57A-0019B9F72D71.root
/store/data/Run2011A/SingleElectron/RAW-RECO/WElectron-08Nov2011-v1/0000/006185E9-A80D-E111-9BF2-0030487F3EA7.root
/store/data/Run2011A/SingleMu/RAW-RECO/WMu-08Nov2011-v1/0001/E2E5EAC0-0E0E-E111-A580-1CC1DE040FA0.root
/store/data/Run2011B/DoubleMu/RAW-RECO/ZMu-19Nov2011-v1/0000/002D1B33-1A1E-E111-87B7-003048678B14.root
/store/data/Run2011B/MinimumBias/RAW-RECO/ValSkim-19Nov2011-v1/0000/00F44289-EB20-E111-A005-001A92811728.root
/store/data/Run2011B/MinimumBias/RAW-RECO/ValSkim-19Nov2011-v1/0000/02E54ABC-E520-E111-AC76-0026189438E9.root
/store/data/Run2011B/MinimumBias/RAW/v1/000/177/719/065F5CDD-E6EC-E011-ACBF-001D09F26509.root
/store/data/Run2011B/SingleElectron/RAW-RECO/WElectron-19Nov2011-v1/0000/02DB8323-191B-E111-A9C5-003048D4390A.root
/store/data/Run2012A/Jet/RAW/v1/000/191/226/001B8B6C-0B86-E111-9E49-002481E0D7EC.root
/store/data/Run2012A/MET/RAW/v1/000/191/226/0CA2B2A0-0886-E111-9523-BCAEC518FF62.root
/store/data/Run2012A/MinimumBias/RAW/v1/000/191/226/02F7EB61-0986-E111-A66F-5404A63886B4.root
/store/data/Run2012A/SingleElectron/RAW/v1/000/191/226/008F013E-0E86-E111-97D3-BCAEC5364C93.root
/store/data/Run2012A/SingleMu/RAW/v1/000/191/226/06565B5C-2386-E111-B3F1-001D09F23D1D.root
/store/data/Run2012A/Tau/RAW/v1/000/191/226/226A5C54-0986-E111-8990-BCAEC5329705.root
/store/data/Run2012B/DoubleElectron/RAW-RECO/ZElectron-22Jan2013-v1/20000/02C6B867-2D6A-E211-8403-00248C0BE018.root
/store/data/Run2012B/JetHT/RAW/v1/000/194/533/0EE52A7A-B4A2-E111-858A-0025B32036D2.root
/store/data/Run2012B/MinimumBias/RAW/v1/000/194/533/0C1BB1C7-ACA2-E111-A831-003048D3750A.root
/store/data/Run2012B/SingleElectron/RAW/v1/000/194/533/00753D67-A6A2-E111-ADB5-001D09F290BF.root
/store/data/Run2012B/SingleElectron/USER/WElectron-13Jul2012-v1/0000/02DBA1C2-5CD8-E111-B84A-002618943811.root
/store/data/Run2012B/SingleMu/RAW/v1/000/194/533/000B1519-A0A2-E111-8704-BCAEC518FF41.root
/store/data/Run2012B/SinglePhoton/RAW/v1/000/194/533/1084D9DA-AEA2-E111-B3AB-001D09F24DA8.root
/store/data/Run2012C/DoubleElectron/RAW-RECO/ZElectron-22Jan2013-v1/20000/08F26277-3B70-E211-B4FE-00304867920C.root
/store/data/Run2012C/JetHT/RAW/v1/000/199/812/0C450FA0-6BD8-E111-BB28-BCAEC5329727.root
/store/data/Run2012C/MinimumBias/RAW/v1/000/199/812/007E76FB-9ED8-E111-8986-003048D2BE12.root
/store/data/Run2012C/SingleElectron/USER/WElectron-PromptSkim-v3/000/203/002/00000/06CBF5D9-AD04-E211-8433-001A9281173A.root
/store/data/Run2012C/SinglePhoton/RAW/v1/000/199/812/0EB0C76B-75D8-E111-86E6-BCAEC518FF7A.root
/store/data/Run2012D/DoubleElectron/RAW-RECO/ZElectron-22Jan2013-v1/10000/0008202C-E78F-E211-AADB-0026189437FD.root
/store/data/Run2012D/DoubleElectron/RAW-RECO/ZElectron-22Jan2013-v1/10000/00387FB7-A48F-E211-9530-0025905964C2.root
/store/data/Run2012D/JetHT/RAW/v1/000/208/307/04EB1882-CF3A-E211-B575-0030486780EC.root
/store/data/Run2012D/MinimumBias/RAW/v1/000/208/307/020716B4-CC3A-E211-B309-5404A63886B6.root
/store/data/Run2012D/SingleElectron/RAW/v1/000/208/307/0085A34B-BD3A-E211-B6E9-003048D2BC4C.root
/store/data/Run2012D/SingleElectron/USER/WElectron-PromptSkim-v1/000/207/454/00000/0E6CFF35-2033-E211-BA2D-003048D15E14.root
/store/data/Run2012D/SingleMu/RAW-RECO/ZMu-PromptSkim-v1/000/207/454/00000/0246D2DC-4633-E211-B222-00261834B559.root
/store/data/Run2012D/SingleMu/RAW/v1/000/208/307/005458DB-BD3A-E211-B11D-5404A63886AB.root
/store/data/Run2012D/SinglePhoton/RAW/v1/000/208/307/00CEDBEF-BF3A-E211-96F9-5404A63886E6.root
/store/data/Run2015B/DoubleEG/RAW/v1/000/251/251/00000/069C1D5D-EA25-E511-8377-02163E013807.root
/store/data/Run2015B/DoubleMuon/RAW/v1/000/251/251/00000/9C66B64C-CA25-E511-818A-02163E0140E1.root
/store/data/Run2015B/HLTPhysics/RAW/v1/000/251/251/00000/B0325638-EB25-E511-BBDC-02163E013852.root
/store/data/Run2015B/JetHT/RAW/v1/000/251/251/00000/10FBD0D4-C925-E511-B35C-02163E011DAE.root
/store/data/Run2015B/MET/RAW/v1/000/251/251/00000/16CD9951-CA25-E511-AE31-02163E013823.root
/store/data/Run2015B/MuonEG/RAW/v1/000/251/251/00000/2CED917D-CA25-E511-AE88-02163E01416E.root
/store/data/Run2015B/SingleElectron/RAW/v1/000/251/251/00000/0A90FB72-EA25-E511-A4B7-02163E013597.root
/store/data/Run2015B/SingleMuon/RAW/v1/000/251/251/00000/02E8B556-CA25-E511-A441-02163E011BB9.root
/store/data/Run2015B/SinglePhoton/RAW/v1/000/251/251/00000/04E8EBFD-EA25-E511-BAB2-02163E0123FE.root
/store/data/Run2015B/ZeroBias/RAW/v1/000/251/251/00000/0C585694-EA25-E511-B5EC-02163E0118F0.root
/store/data/Run2015C/DoubleEG/RAW-RECO/ZElectron-PromptReco-v1/000/254/790/00000/123BAA37-D749-E511-905A-02163E013866.root
/store/data/Run2015C/DoubleEG/RAW/v1/000/254/790/00000/02E1BF07-4E48-E511-ABC5-02163E011A56.root
/store/data/Run2015C/DoubleMuon/RAW/v1/000/254/790/00000/00298AA3-4248-E511-91CB-02163E013537.root
/store/data/Run2015C/HLTPhysics/RAW/v1/000/254/790/00000/16122521-4E48-E511-AE5D-02163E011BE4.root
/store/data/Run2015C/JetHT/RAW/v1/000/254/790/00000/0415D552-3F48-E511-9D3A-02163E011EDC.root
/store/data/Run2015C/MET/RAW/v1/000/254/790/00000/2695039F-3B48-E511-956A-02163E01464A.root
/store/data/Run2015C/MuonEG/RAW/v1/000/254/790/00000/060BC03F-4248-E511-808A-02163E012A4C.root
/store/data/Run2015C/SingleElectron/RAW/v1/000/254/790/00000/00F09353-4E48-E511-9E0A-02163E014775.root
/store/data/Run2015C/SingleMuon/RAW-RECO/ZMu-PromptReco-v1/000/254/790/00000/243E0D71-254A-E511-8458-02163E014250.root
/store/data/Run2015C/SingleMuon/RAW/v1/000/254/790/00000/046221E0-3648-E511-828C-02163E011E5B.root
/store/data/Run2015C/SinglePhoton/RAW/v1/000/254/790/00000/0A201B06-4E48-E511-AC5E-02163E01419F.root
/store/data/Run2015C/ZeroBias/RAW/v1/000/254/790/00000/06C4AF99-3048-E511-B738-02163E0137F4.root
/store/data/Run2015D/DoubleEG/RAW-RECO/ZElectron-PromptReco-v3/000/256/677/00000/06AF3B43-2B5F-E511-A97A-02163E011FEF.root
/store/data/Run2015D/DoubleEG/RAW/v1/000/256/677/00000/0057358A-405D-E511-BA6E-02163E01391B.root
/store/data/Run2015D/DoubleMuon/RAW/v1/000/256/677/00000/02B22ACD-5A5D-E511-8CA7-02163E0133E5.root
/store/data/Run2015D/HLTPhysics/RAW/v1/000/256/677/00000/024F6F90-605D-E511-8CC7-02163E0146A2.root
/store/data/Run2015D/JetHT/RAW/v1/000/256/677/00000/04798841-5B5D-E511-8610-02163E01424B.root
/store/data/Run2015D/MET/RAW/v1/000/256/677/00000/185BD6EA-315D-E511-8A78-02163E0143B0.root
/store/data/Run2015D/SingleElectron/RAW/v1/000/256/677/00000/02D2C860-405D-E511-A459-02163E01468C.root
/store/data/Run2015D/SingleMuon/RAW-RECO/ZMu-PromptReco-v3/000/256/677/00000/0EC78D60-1E5F-E511-B77F-02163E0123C5.root
/store/data/Run2015D/SingleMuon/RAW/v1/000/256/677/00000/00060F82-335D-E511-A1BA-02163E01410B.root
/store/data/Run2015D/SinglePhoton/RAW/v1/000/256/677/00000/1ADDE997-605D-E511-944F-02163E01424B.root
/store/data/Run2015D/ZeroBias/RAW/v1/000/256/677/00000/00FAA776-5C5D-E511-88B7-02163E014742.root
/store/hidata/HIRun2010/HIAllPhysics/RAW/v1/000/152/698/00EF189B-CAFB-DF11-B3E7-003048F024FE.root
/store/hidata/HIRun2011/HIMinBiasUPC/RAW/v1/000/182/124/0011F55A-8F13-E111-A987-003048F118C6.root
/store/relval/CMSSW_7_1_0_pre7/RelValADDMonoJet_d3MD3/GEN-SIM/PRE_STA71_V3-v1/00000/36E238A4-5DD1-E311-BF73-003048FFD796.root
/store/relval/CMSSW_7_1_0_pre7/RelValBeamHalo/GEN-SIM/PRE_STA71_V3-v1/00000/E86B31A6-6DD1-E311-A7AA-002618943949.root
/store/relval/CMSSW_7_1_0_pre7/RelValH130GGgluonfusion/GEN-SIM/PRE_STA71_V3-v1/00000/5AF0FE78-2CD1-E311-89DC-002618FDA28E.root
/store/relval/CMSSW_7_1_0_pre7/RelValHiggs200ChargedTaus/GEN-SIM/PRE_STA71_V3-v1/00000/4073CEF2-38D1-E311-B30E-002590593876.root
/store/relval/CMSSW_7_1_0_pre7/RelValJpsiMM/GEN-SIM/PRE_STA71_V3-v1/00000/2CE4DAE3-29D1-E311-839C-00261894390B.root
/store/relval/CMSSW_7_1_0_pre7/RelValLM1_sfts/GEN-SIM/PRE_STA71_V3-v1/00000/54246EB0-2FD1-E311-B146-003048678AC0.root
/store/relval/CMSSW_7_1_0_pre7/RelValMinBias/GEN-SIM/PRE_STA71_V3-v1/00000/94026D36-50D1-E311-AE6F-0025905A612E.root
/store/relval/CMSSW_7_1_0_pre7/RelValPhotonJets_Pt_10/GEN-SIM/PRE_STA71_V3-v1/00000/30E50358-50D1-E311-A8F7-003048FFD740.root
/store/relval/CMSSW_7_1_0_pre7/RelValQCD_FlatPt_15_3000HS/GEN-SIM/PRE_STA71_V3-v1/00000/023583E6-25D1-E311-9D3F-00304867918E.root
/store/relval/CMSSW_7_1_0_pre7/RelValQCD_Pt_3000_3500/GEN-SIM/PRE_STA71_V3-v1/00000/52C790B2-37D1-E311-9741-0026189438AB.root
/store/relval/CMSSW_7_1_0_pre7/RelValQCD_Pt_600_800/GEN-SIM/PRE_STA71_V3-v1/00000/060AF0FE-2BD1-E311-A2ED-00259059391E.root
/store/relval/CMSSW_7_1_0_pre7/RelValQCD_Pt_80_120/GEN-SIM/PRE_STA71_V3-v1/00000/7871FE30-5DD1-E311-B535-0025905A48B2.root
/store/relval/CMSSW_7_1_0_pre7/RelValSingleElectronPt1000/GEN-SIM/PRE_STA71_V3-v1/00000/44E1B095-69D1-E311-A580-0026189438FD.root
/store/relval/CMSSW_7_1_0_pre7/RelValSingleElectronPt10/GEN-SIM/PRE_STA71_V3-v1/00000/584BC388-36D1-E311-8B63-0025905A612E.root
/store/relval/CMSSW_7_1_0_pre7/RelValSingleElectronPt35/GEN-SIM/PRE_STA71_V3-v1/00000/0C26755C-36D1-E311-AE97-002618FDA208.root
/store/relval/CMSSW_7_1_0_pre7/RelValSingleGammaPt10/GEN-SIM/PRE_STA71_V3-v1/00000/0418888C-36D1-E311-84F2-003048FFCC1E.root
/store/relval/CMSSW_7_1_0_pre7/RelValSingleGammaPt35/GEN-SIM/PRE_STA71_V3-v1/00000/54DF00A8-3AD1-E311-8ABB-0025905A6134.root
/store/relval/CMSSW_7_1_0_pre7/RelValSingleMuPt1000/GEN-SIM/PRE_STA71_V3-v1/00000/9A6567D1-38D1-E311-8109-00248C0BE01E.root
/store/relval/CMSSW_7_1_0_pre7/RelValSingleMuPt100/GEN-SIM/PRE_STA71_V3-v1/00000/9651FD64-36D1-E311-A97D-003048678FE4.root
/store/relval/CMSSW_7_1_0_pre7/RelValSingleMuPt10/GEN-SIM/PRE_STA71_V3-v1/00000/EC57E8A1-3ED1-E311-8416-002618943882.root
/store/relval/CMSSW_7_1_0_pre7/RelValSingleMuPt1/GEN-SIM/PRE_STA71_V3-v1/00000/14B3D561-36D1-E311-86CC-002618FDA250.root
/store/relval/CMSSW_7_1_0_pre7/RelValTTbar/GEN-SIM/PRE_STA71_V3-v1/00000/46102B27-7DD1-E311-8DFC-002618943834.root
/store/relval/CMSSW_7_1_0_pre7/RelValTTbarLepton/GEN-SIM/PRE_STA71_V3-v1/00000/4030AFBB-7CD1-E311-83C0-00261894387A.root
/store/relval/CMSSW_7_1_0_pre7/RelValWE/GEN-SIM/PRE_STA71_V3-v1/00000/36A4CB05-43D1-E311-BEF2-002618943834.root
/store/relval/CMSSW_7_1_0_pre7/RelValWjet_Pt_3000_3500/GEN-SIM/PRE_STA71_V3-v1/00000/00883027-50D1-E311-98BB-0025905A611E.root
/store/relval/CMSSW_7_1_0_pre7/RelValWjet_Pt_80_120/GEN-SIM/PRE_STA71_V3-v1/00000/08842EBF-56D1-E311-B600-002354EF3BCE.root
/store/relval/CMSSW_7_1_0_pre7/RelValWM/GEN-SIM/PRE_STA71_V3-v1/00000/A4386EE2-34D1-E311-8D63-001BFCDBD166.root
/store/relval/CMSSW_7_1_0_pre7/RelValWpM/GEN-SIM/PRE_STA71_V3-v1/00000/06863007-67D1-E311-B04F-0026189438E1.root
/store/relval/CMSSW_7_1_0_pre7/RelValZEE/GEN-SIM/PRE_STA71_V3-v1/00000/34B86D62-55D1-E311-B9A0-0025905A60EE.root
/store/relval/CMSSW_7_1_0_pre7/RelValZMM/GEN-SIM/PRE_STA71_V3-v1/00000/28C59D70-43D1-E311-9D09-0025905A6064.root
/store/relval/CMSSW_7_1_0_pre7/RelValZpEE_2250_8TeV_Tauola/GEN-SIM/PRE_STA71_V3-v1/00000/10893417-6ED1-E311-B217-002618943896.root
/store/relval/CMSSW_7_1_0_pre7/RelValZpMM_2250_8TeV_Tauola/GEN-SIM/PRE_STA71_V3-v1/00000/365991C7-2ED1-E311-8AD0-00261894391C.root
/store/relval/CMSSW_7_1_0_pre7/RelValZpMM/GEN-SIM/PRE_STA71_V3-v1/00000/2C67914E-3AD1-E311-8B3C-002618943858.root
/store/relval/CMSSW_7_1_0_pre7/RelValZpTT_1500_8TeV_Tauola/GEN-SIM/PRE_STA71_V3-v1/00000/20E3CCD7-37D1-E311-9191-0025905A611E.root
/store/relval/CMSSW_7_1_0_pre7/RelValZTT/GEN-SIM/PRE_STA71_V3-v1/00000/2097A26E-30D1-E311-908A-0025905A48FC.root
/store/relval/CMSSW_7_6_0_pre5/RelValFS_PREMIXUP15_PU25/GEN-SIM-DIGI-RAW/PU25ns_76X_mcRun2_asymptotic_v1_FastSim-v1/00000/02E7B68F-E05D-E511-BD12-0025905B85A2.root
/store/relval/CMSSW_7_6_0_pre5/RelValFS_PREMIXUP15_PU25/GEN-SIM-DIGI-RAW/PU25ns_76X_mcRun2_asymptotic_v1_FastSim-v1/00000/0847DC8B-E05D-E511-AEB4-0025905B8606.root
/store/relval/CMSSW_7_6_0_pre5/RelValFS_PREMIXUP15_PU25/GEN-SIM-DIGI-RAW/PU25ns_76X_mcRun2_asymptotic_v1_FastSim-v1/00000/0C72A18D-E05D-E511-A962-0025905A60A8.root
/store/relval/CMSSW_7_6_0_pre5/RelValFS_PREMIXUP15_PU25/GEN-SIM-DIGI-RAW/PU25ns_76X_mcRun2_asymptotic_v1_FastSim-v1/00000/0EFD3292-E05D-E511-9BE3-0025905964A6.root
/store/relval/CMSSW_7_6_0_pre5/RelValFS_PREMIXUP15_PU25/GEN-SIM-DIGI-RAW/PU25ns_76X_mcRun2_asymptotic_v1_FastSim-v1/00000/12740AE0-EA5D-E511-9E1E-0025905A6136.root
/store/relval/CMSSW_7_6_0_pre5/RelValFS_PREMIXUP15_PU25/GEN-SIM-DIGI-RAW/PU25ns_76X_mcRun2_asymptotic_v1_FastSim-v1/00000/12BFF98C-E05D-E511-A7AD-0025905A6056.root
/store/relval/CMSSW_7_6_0_pre5/RelValFS_PREMIXUP15_PU25/GEN-SIM-DIGI-RAW/PU25ns_76X_mcRun2_asymptotic_v1_FastSim-v1/00000/12CC7090-E05D-E511-B81E-0026189438A9.root
/store/relval/CMSSW_7_6_0_pre5/RelValFS_PREMIXUP15_PU25/GEN-SIM-DIGI-RAW/PU25ns_76X_mcRun2_asymptotic_v1_FastSim-v1/00000/3061BFAD-DF5D-E511-8931-003048FFCC18.root
/store/relval/CMSSW_7_6_0_pre5/RelValFS_PREMIXUP15_PU25/GEN-SIM-DIGI-RAW/PU25ns_76X_mcRun2_asymptotic_v1_FastSim-v1/00000/324F258E-E05D-E511-B8E2-0025905A60FE.root
/store/relval/CMSSW_7_6_0_pre6/RelValHydjetQ_MinBias_5020GeV/GEN-SIM/76X_mcRun2_HeavyIon_v4-v1/00000/0CCAD3A2-6269-E511-A42C-00266CF9AEA4.root
/store/relval/CMSSW_7_6_0_pre6/RelValHydjetQ_MinBias_5020GeV/GEN-SIM/76X_mcRun2_HeavyIon_v4-v1/00000/1E017DE3-7A69-E511-9316-00266CF9B184.root
/store/relval/CMSSW_7_6_0_pre6/RelValHydjetQ_MinBias_5020GeV/GEN-SIM/76X_mcRun2_HeavyIon_v4-v1/00000/1E8D6563-5E69-E511-80D8-3417EBE64C0C.root
/store/relval/CMSSW_7_6_0_pre6/RelValHydjetQ_MinBias_5020GeV/GEN-SIM/76X_mcRun2_HeavyIon_v4-v1/00000/32B59C88-6169-E511-BB96-00266CF9B3FC.root
/store/relval/CMSSW_7_6_0_pre6/RelValHydjetQ_MinBias_5020GeV/GEN-SIM/76X_mcRun2_HeavyIon_v4-v1/00000/46C1C76F-5769-E511-9EE1-00266CF9B8CC.root
/store/relval/CMSSW_7_6_0_pre6/RelValHydjetQ_MinBias_5020GeV/GEN-SIM/76X_mcRun2_HeavyIon_v4-v1/00000/4ADBF7F4-6569-E511-B86B-00266CFAE7AC.root
/store/relval/CMSSW_7_6_0_pre6/RelValHydjetQ_MinBias_5020GeV/GEN-SIM/76X_mcRun2_HeavyIon_v4-v1/00000/96AA239B-5A69-E511-9306-3417EBE643F0.root
/store/relval/CMSSW_7_6_0_pre6/RelValPhotonJets_Pt_10_13_HI/GEN-SIM/76X_mcRun2_HeavyIon_v4-v1/00000/10909E63-6769-E511-9494-00266CF25DF8.root
/store/relval/CMSSW_7_6_0_pre6/RelValQCD_Pt_80_120_13_HI/GEN-SIM/76X_mcRun2_HeavyIon_v4-v1/00000/78E7CB22-6169-E511-94AF-00266CF9B3FC.root
/store/relval/CMSSW_7_6_0_pre6/RelValZEEMM_13_HI/GEN-SIM/76X_mcRun2_HeavyIon_v4-v1/00000/3A3DCE12-6669-E511-837B-008CFA0016A4.root
/store/relval/CMSSW_7_6_0_pre7/RelValADDMonoJet_d3MD3_13/GEN-SIM/76X_mcRun2_asymptotic_v9_realBS-v1/00000/62EDDFB3-457C-E511-B783-002590593902.root
/store/relval/CMSSW_7_6_0_pre7/RelValBeamHalo_13/GEN-SIM/76X_mcRun2_asymptotic_v9_realBS-v1/00000/429E2269-307C-E511-ADE2-002618943951.root
/store/relval/CMSSW_7_6_0_pre7/RelValBuMixing_13/GEN-SIM/76X_mcRun2_asymptotic_v9_realBS-v1/00000/3A5BE0E5-457C-E511-965F-002590593902.root
/store/relval/CMSSW_7_6_0_pre7/RelValCosmicsSPLoose_UP15/GEN-SIM/76X_mcRun2_asymptotic_v9_realBS-v1/00000/0E62733F-747C-E511-B9DB-0025905B8562.root
/store/relval/CMSSW_7_6_0_pre7/RelValDisplacedSUSY_stopToBottom_M_300_1000mm_13/GEN-SIM/76X_mcRun2_asymptotic_v9_realBS-v1/00000/0EA12581-417C-E511-A0A6-0025905A612A.root
/store/relval/CMSSW_7_6_0_pre7/RelValEtaBToJpsiJpsi_13/GEN-SIM/76X_mcRun2_asymptotic_v9_realBS-v1/00000/00E761B9-447C-E511-9C53-002618943985.root
/store/relval/CMSSW_7_6_0_pre7/RelValH125GGgluonfusion_13/GEN-SIM/76X_mcRun2_asymptotic_v9_realBS-v1/00000/04269551-3B7C-E511-818D-0025905A60AA.root
/store/relval/CMSSW_7_6_0_pre7/RelValHiggs200ChargedTaus_13/GEN-SIM/76X_mcRun2_asymptotic_v9_realBS-v1/00000/6A7D54F0-3D7C-E511-9F20-0025905A608C.root
/store/relval/CMSSW_7_6_0_pre7/RelValHSCPstop_M_200_13/GEN-SIM/76X_mcRun2_asymptotic_v9_realBS-v1/00000/1639B5F9-397C-E511-8258-0025905B8606.root
/store/relval/CMSSW_7_6_0_pre7/RelValMinBias_13/GEN-SIM/76X_mcRun2_asymptotic_v9_realBS-v1/00000/1E73E3F5-407C-E511-81C2-0025905B85B2.root
/store/relval/CMSSW_7_6_0_pre7/RelValMinBias_13/GEN-SIM/76X_mcRun2_asymptotic_v9_realBS-v1/00000/30C84ABE-407C-E511-AE6D-0025905AA9F0.root
/store/relval/CMSSW_7_6_0_pre7/RelValMinBias_13/GEN-SIM/76X_mcRun2_asymptotic_v9_realBS-v1/00000/42571E6D-407C-E511-8246-0025905964BA.root
/store/relval/CMSSW_7_6_0_pre7/RelValMinBias_13/GEN-SIM/76X_mcRun2_asymptotic_v9_realBS-v1/00000/B0A1A82E-3C7C-E511-826C-00259059642A.root
/store/relval/CMSSW_7_6_0_pre7/RelValMinBias_13/GEN-SIM/76X_mcRun2_asymptotic_v9_realBS-v1/00000/D62E0B34-3F7C-E511-936A-0025905964CC.root
/store/relval/CMSSW_7_6_0_pre7/RelValMinBias_13/GEN-SIM/76X_mcRun2_asymptotic_v9_realBS-v1/00000/D646D608-467C-E511-954D-0025905B8610.root
/store/relval/CMSSW_7_6_0_pre7/RelValMinBias_13/GEN-SIM/76X_mcRun2_asymptotic_v9_realBS-v1/00000/DC4E51E2-427C-E511-9C0E-002618943857.root
/store/relval/CMSSW_7_6_0_pre7/RelValMinBias_13/GEN-SIM/76X_mcRun2_asymptotic_v9_realBS-v1/00000/E0EE60E0-3B7C-E511-BC3B-0025905A612A.root
/store/relval/CMSSW_7_6_0_pre7/RelValMinBias_13/GEN-SIM/76X_mcRun2_asymptotic_v9_realBS-v1/00000/E6B563A5-3D7C-E511-86B5-0025905A60B4.root
/store/relval/CMSSW_7_6_0_pre7/RelValMinBiasFS_13_ForMixing/GEN-SIM-RECO/76X_mcRun2_asymptotic_v6_FastSim-v1/00000/025DB349-EC70-E511-BE8D-003048FFD71E.root
/store/relval/CMSSW_7_6_0_pre7/RelValMinBiasFS_13_ForMixing/GEN-SIM-RECO/76X_mcRun2_asymptotic_v6_FastSim-v1/00000/6C521656-DC70-E511-8443-0025905A605E.root
/store/relval/CMSSW_7_6_0_pre7/RelValMinBiasFS_13_ForMixing/GEN-SIM-RECO/76X_mcRun2_asymptotic_v6_FastSim-v1/00000/7A9ABA4B-EC70-E511-BC86-0025905B85B2.root
/store/relval/CMSSW_7_6_0_pre7/RelValMinBiasFS_13_ForMixing/GEN-SIM-RECO/76X_mcRun2_asymptotic_v6_FastSim-v1/00000/9AFFDC59-DC70-E511-865A-0025905AA9CC.root
/store/relval/CMSSW_7_6_0_pre7/RelValNuGun_UP15/GEN-SIM/76X_mcRun2_asymptotic_v9_realBS-v1/00000/5CD53693-327C-E511-87BD-003048FFCB84.root
/store/relval/CMSSW_7_6_0_pre7/RelValPhiToMuMu_13/GEN-SIM/76X_mcRun2_asymptotic_v9_realBS-v1/00000/18A99096-3B7C-E511-BF43-0025905964B2.root
/store/relval/CMSSW_7_6_0_pre7/RelValPhotonJets_Pt_10_13/GEN-SIM/76X_mcRun2_asymptotic_v9_realBS-v1/00000/80EC0224-407C-E511-A6BA-0025905B8562.root
/store/relval/CMSSW_7_6_0_pre7/RelValPREMIXUP15_PU25/GEN-SIM-DIGI-RAW/PU25ns_76X_mcRun2_asymptotic_v9_realBS-v1/00000/00155EF0-267F-E511-BAF1-0025905AA9CC.root
/store/relval/CMSSW_7_6_0_pre7/RelValPREMIXUP15_PU25/GEN-SIM-DIGI-RAW/PU25ns_76X_mcRun2_asymptotic_v9_realBS-v1/00000/0017B507-207F-E511-B94D-0025905B860E.root
/store/relval/CMSSW_7_6_0_pre7/RelValPREMIXUP15_PU25/GEN-SIM-DIGI-RAW/PU25ns_76X_mcRun2_asymptotic_v9_realBS-v1/00000/005E3B64-287F-E511-8FB4-0025905B8562.root
/store/relval/CMSSW_7_6_0_pre7/RelValPREMIXUP15_PU25/GEN-SIM-DIGI-RAW/PU25ns_76X_mcRun2_asymptotic_v9_realBS-v1/00000/009B05FB-207F-E511-9C2E-0025905A48C0.root
/store/relval/CMSSW_7_6_0_pre7/RelValPREMIXUP15_PU25/GEN-SIM-DIGI-RAW/PU25ns_76X_mcRun2_asymptotic_v9_realBS-v1/00000/00D9DEE6-1D7F-E511-8525-0025905A60F4.root
/store/relval/CMSSW_7_6_0_pre7/RelValPREMIXUP15_PU25/GEN-SIM-DIGI-RAW/PU25ns_76X_mcRun2_asymptotic_v9_realBS-v1/00000/00EA7A48-1E7F-E511-AAA4-0025905B8572.root
/store/relval/CMSSW_7_6_0_pre7/RelValPREMIXUP15_PU25/GEN-SIM-DIGI-RAW/PU25ns_76X_mcRun2_asymptotic_v9_realBS-v1/00000/025B8D53-337F-E511-A2CD-0025905A60B4.root
/store/relval/CMSSW_7_6_0_pre7/RelValPREMIXUP15_PU50/GEN-SIM-DIGI-RAW/PU50ns_76X_mcRun2_startup_v5-v1/00000/00DED41A-E470-E511-8DC1-002618943956.root
/store/relval/CMSSW_7_6_0_pre7/RelValPREMIXUP15_PU50/GEN-SIM-DIGI-RAW/PU50ns_76X_mcRun2_startup_v5-v1/00000/02A70D5C-EF70-E511-90EF-0025905A6094.root
/store/relval/CMSSW_7_6_0_pre7/RelValPREMIXUP15_PU50/GEN-SIM-DIGI-RAW/PU50ns_76X_mcRun2_startup_v5-v1/00000/0441729B-E670-E511-A878-0025905A60B4.root
/store/relval/CMSSW_7_6_0_pre7/RelValPREMIXUP15_PU50/GEN-SIM-DIGI-RAW/PU50ns_76X_mcRun2_startup_v5-v1/00000/046019F1-FC70-E511-A439-0025905938D4.root
/store/relval/CMSSW_7_6_0_pre7/RelValPREMIXUP15_PU50/GEN-SIM-DIGI-RAW/PU50ns_76X_mcRun2_startup_v5-v1/00000/04D5A635-ED70-E511-BE67-0025905B8610.root
/store/relval/CMSSW_7_6_0_pre7/RelValPREMIXUP15_PU50/GEN-SIM-DIGI-RAW/PU50ns_76X_mcRun2_startup_v5-v1/00000/080416BF-E970-E511-AA74-0025905A60BE.root
/store/relval/CMSSW_7_6_0_pre7/RelValPREMIXUP15_PU50/GEN-SIM-DIGI-RAW/PU50ns_76X_mcRun2_startup_v5-v1/00000/0ACE2249-F070-E511-8BDB-0025905B860C.root
/store/relval/CMSSW_7_6_0_pre7/RelValPREMIXUP15_PU50/GEN-SIM-DIGI-RAW/PU50ns_76X_mcRun2_startup_v5-v1/00000/0C2531C7-E270-E511-A4A9-002618943836.root
/store/relval/CMSSW_7_6_0_pre7/RelValQCD_FlatPt_15_3000HS_13/GEN-SIM/76X_mcRun2_asymptotic_v9_realBS-v1/00000/12FF9473-417C-E511-A398-002618943821.root
/store/relval/CMSSW_7_6_0_pre7/RelValQCD_Pt_3000_3500_13/GEN-SIM/76X_mcRun2_asymptotic_v9_realBS-v1/00000/3EB1C8C8-487C-E511-8EF4-0025905938B4.root
/store/relval/CMSSW_7_6_0_pre7/RelValQCD_Pt_600_800_13/GEN-SIM/76X_mcRun2_asymptotic_v9_realBS-v1/00000/02885D3B-477C-E511-B63D-00259059642E.root
/store/relval/CMSSW_7_6_0_pre7/RelValQCD_Pt_80_120_13/GEN-SIM/76X_mcRun2_asymptotic_v9_realBS-v1/00000/3453DE88-3F7C-E511-9408-002590596484.root
/store/relval/CMSSW_7_6_0_pre7/RelValQQH1352T_13/GEN-SIM/76X_mcRun2_asymptotic_v9_realBS-v1/00000/26C9E71E-387C-E511-A6EB-0025905938A4.root
/store/relval/CMSSW_7_6_0_pre7/RelValRSGravitonToGaGa_13/GEN-SIM/76X_mcRun2_asymptotic_v9_realBS-v1/00000/2C9A5191-5C7C-E511-9A3D-00259059642A.root
/store/relval/CMSSW_7_6_0_pre7/RelValRSKKGluon_m3000GeV_13/GEN-SIM/76X_mcRun2_asymptotic_v9_realBS-v1/00000/14F07DF7-4F7C-E511-8CA5-00259059642E.root
/store/relval/CMSSW_7_6_0_pre7/RelValSingleElectronPt1000_UP15/GEN-SIM/76X_mcRun2_asymptotic_v9_realBS-v1/00000/0220E680-9A7C-E511-87D0-0025905A60B6.root
/store/relval/CMSSW_7_6_0_pre7/RelValSingleElectronPt10_UP15/GEN-SIM/76X_mcRun2_asymptotic_v9_realBS-v1/00000/14E486D4-487C-E511-BDC8-003048FFD770.root
/store/relval/CMSSW_7_6_0_pre7/RelValSingleElectronPt35_UP15/GEN-SIM/76X_mcRun2_asymptotic_v9_realBS-v1/00000/04A45BBD-447C-E511-983F-0025905A60A8.root
/store/relval/CMSSW_7_6_0_pre7/RelValSingleGammaPt10_UP15/GEN-SIM/76X_mcRun2_asymptotic_v9_realBS-v1/00000/D227F46A-4D7C-E511-A212-0025905A6122.root
/store/relval/CMSSW_7_6_0_pre7/RelValSingleGammaPt35_UP15/GEN-SIM/76X_mcRun2_asymptotic_v9_realBS-v1/00000/66E62465-437C-E511-8272-0026189438CF.root
/store/relval/CMSSW_7_6_0_pre7/RelValSingleMuPt1000_UP15/GEN-SIM/76X_mcRun2_asymptotic_v9_realBS-v1/00000/AA8AF828-417C-E511-BD72-0025905A612E.root
/store/relval/CMSSW_7_6_0_pre7/RelValSingleMuPt100_UP15/GEN-SIM/76X_mcRun2_asymptotic_v9_realBS-v1/00000/4243ADE2-3B7C-E511-9360-002590596468.root
/store/relval/CMSSW_7_6_0_pre7/RelValSingleMuPt10_UP15/GEN-SIM/76X_mcRun2_asymptotic_v9_realBS-v1/00000/78526A06-3E7C-E511-9B0B-0025905A60B6.root
/store/relval/CMSSW_7_6_0_pre7/RelValSingleMuPt1_UP15/GEN-SIM/76X_mcRun2_asymptotic_v9_realBS-v1/00000/00C31DC5-377C-E511-A4F1-0026189438AB.root
/store/relval/CMSSW_7_6_0_pre7/RelValSMS-T1tttt_mGl-1500_mLSP-100_13/GEN-SIM/76X_mcRun2_asymptotic_v9_realBS-v1/00000/00D6A439-477C-E511-B72F-0025905B85D6.root
/store/relval/CMSSW_7_6_0_pre7/RelValTTbar_13/GEN-SIM/76X_mcRun2_asymptotic_v9_realBS-v1/00000/0A812333-427C-E511-A80A-0025905964A2.root
/store/relval/CMSSW_7_6_0_pre7/RelValTTbarLepton_13/GEN-SIM/76X_mcRun2_asymptotic_v9_realBS-v1/00000/96162F02-4B7C-E511-A551-0025905A6068.root
/store/relval/CMSSW_7_6_0_pre7/RelValUpsilon1SToMuMu_13/GEN-SIM/76X_mcRun2_asymptotic_v9_realBS-v1/00000/20814DFE-407C-E511-8FD4-0025905AA9F0.root
/store/relval/CMSSW_7_6_0_pre7/RelValWE_13/GEN-SIM/76X_mcRun2_asymptotic_v9_realBS-v1/00000/22DB4699-467C-E511-9B69-0025905A6076.root
/store/relval/CMSSW_7_6_0_pre7/RelValWjet_Pt_3000_3500_13/GEN-SIM/76X_mcRun2_asymptotic_v9_realBS-v1/00000/2E4D1774-4F7C-E511-82B7-00261894392B.root
/store/relval/CMSSW_7_6_0_pre7/RelValWjet_Pt_80_120_13/GEN-SIM/76X_mcRun2_asymptotic_v9_realBS-v1/00000/3AA17F0A-467C-E511-B06B-003048FFD760.root
/store/relval/CMSSW_7_6_0_pre7/RelValWM_13/GEN-SIM/76X_mcRun2_asymptotic_v9_realBS-v1/00000/968A9F79-497C-E511-B113-0025905A60AA.root
/store/relval/CMSSW_7_6_0_pre7/RelValWpM_13/GEN-SIM/76X_mcRun2_asymptotic_v9_realBS-v1/00000/8CD08879-517C-E511-A92A-0025905B858E.root
/store/relval/CMSSW_7_6_0_pre7/RelValWpToENu_M-2000_13/GEN-SIM/76X_mcRun2_asymptotic_v9_realBS-v1/00000/10231C1F-4C7C-E511-9E9E-0026189438B1.root
/store/relval/CMSSW_7_6_0_pre7/RelValZEE_13/GEN-SIM/76X_mcRun2_asymptotic_v9_realBS-v1/00000/3C8C9164-3D7C-E511-BF34-002590593920.root
/store/relval/CMSSW_7_6_0_pre7/RelValZEE_13/GEN-SIM/76X_mcRun2_asymptotic_v9_realBS-v1/00000/76DC44A1-3B7C-E511-B1C5-0025905A607A.root
/store/relval/CMSSW_7_6_0_pre7/RelValZMM_13/GEN-SIM/76X_mcRun2_asymptotic_v9_realBS-v1/00000/941B3591-3F7C-E511-A781-0025905A60B0.root
/store/relval/CMSSW_7_6_0_pre7/RelValZpEE_2250_13/GEN-SIM/76X_mcRun2_asymptotic_v9_realBS-v1/00000/38710264-5F7C-E511-95B2-0025905A6122.root
/store/relval/CMSSW_7_6_0_pre7/RelValZpMM_13/GEN-SIM/76X_mcRun2_asymptotic_v9_realBS-v1/00000/9C5F9CB6-987C-E511-AF21-002618943858.root
/store/relval/CMSSW_7_6_0_pre7/RelValZpMM_2250_13/GEN-SIM/76X_mcRun2_asymptotic_v9_realBS-v1/00000/78C5DF37-477C-E511-AC3C-0025905A48FC.root
/store/relval/CMSSW_7_6_0_pre7/RelValZpTT_1500_13/GEN-SIM/76X_mcRun2_asymptotic_v9_realBS-v1/00000/36B6D8B5-497C-E511-A23F-0025905938B4.root
/store/relval/CMSSW_7_6_0_pre7/RelValZTT_13/GEN-SIM/76X_mcRun2_asymptotic_v9_realBS-v1/00000/9A8BCA34-407C-E511-8BB3-0025905A612E.root
