Timestamp WorkflowId PeakValueRss1 PeakValueRss2 PeakValueRss3 PeakValueRss4 PeakValueRss5 PeakValueRss6 PeakValueRss7 PeakValueRss8 PeakValueRss9 PeakValueVsize1 PeakValueVsize2 PeakValueVsize3 PeakValueVsize4 PeakValueVsize5 PeakValueVsize6 PeakValueVsize7 PeakValueVsize8 PeakValueVsize9 TotalJobCPU1 TotalJobCPU2 TotalJobCPU3 TotalJobCPU4 TotalJobCPU5 TotalJobCPU6 TotalJobCPU7 TotalJobCPU8 TotalJobCPU9 TotalJobTime1 TotalJobTime2 TotalJobTime3 TotalJobTime4 TotalJobTime5 TotalJobTime6 TotalJobTime7 TotalJobTime8 TotalJobTime9 
1760734800.0 1.0 142 182 319 NA NA NA NA NA NA 221 259 448 NA NA NA NA NA NA 896 230 533 NA NA NA NA NA NA 677 256 691 NA NA NA NA NA NA 
1760734800.0 10.0 NA 209 416 0 NA NA NA NA NA NA 319 585 0 NA NA NA NA NA NA 867 1796 242 NA NA NA NA NA NA 391 1090 284 NA NA NA NA NA 
1760734800.0 1000.0 NA 350 189 0 112 NA NA NA NA NA 547 289 0 177 NA NA NA NA NA 1460 244 161 197 NA NA NA NA NA 1155 327 220 195 NA NA NA NA 
1760734800.0 10001.0 NA 314 528 0 158 183 NA NA NA NA 413 729 0 227 273 NA NA NA NA 656 859 236 195 277 NA NA NA NA 345 891 270 293 331 NA NA NA 
1760734800.0 10002.0 NA 313 523 0 158 186 NA NA NA NA 427 772 0 227 277 NA NA NA NA 728 886 213 191 283 NA NA NA NA 340 876 236 259 348 NA NA NA 
1760734800.0 10003.0 NA 315 535 0 158 187 NA NA NA NA 418 735 0 229 276 NA NA NA NA 736 905 224 217 287 NA NA NA NA 342 875 253 290 347 NA NA NA 
1760734800.0 10004.0 NA 310 526 0 159 184 NA NA NA NA 407 725 0 224 279 NA NA NA NA 615 926 206 185 285 NA NA NA NA 289 924 266 228 346 NA NA NA 
1760734800.0 10005.0 NA 312 525 0 159 185 NA NA NA NA 409 728 0 227 276 NA NA NA NA 597 905 223 181 289 NA NA NA NA 314 928 296 217 341 NA NA NA 
1760734800.0 10006.0 NA 314 527 0 157 183 NA NA NA NA 415 750 0 228 283 NA NA NA NA 661 857 213 189 278 NA NA NA NA 322 896 251 271 339 NA NA NA 
1760734800.0 10007.0 NA 318 528 0 187 186 NA NA NA NA 428 730 0 298 284 NA NA NA NA 629 955 206 193 283 NA NA NA NA 298 945 229 234 357 NA NA NA 
1760734800.0 10008.0 NA 319 531 0 189 187 NA NA NA NA 424 746 0 303 285 NA NA NA NA 625 931 214 191 277 NA NA NA NA 306 834 285 269 335 NA NA NA 
1760734800.0 10009.0 NA 317 528 0 188 185 NA NA NA NA 411 757 0 301 287 NA NA NA NA 608 1016 224 189 280 NA NA NA NA 298 1007 278 246 326 NA NA NA 
1760734800.0 1001.0 NA 339 194 0 0 0 0 0 0 NA 487 260 0 0 0 0 0 0 NA 1319 236 47 31 45 87 54 94 NA 1019 266 57 42 85 99 70 107 
1760734800.0 1001.2 NA 567 240 0 0 0 0 NA NA NA 801 360 0 0 0 0 NA NA NA 4613 355 53 57 53 59 NA NA NA 1737 307 66 89 66 78 NA NA 
1760734800.0 1001.3 NA 538 216 0 NA NA NA NA NA NA 767 339 0 NA NA NA NA NA NA 4297 258 134 NA NA NA NA NA NA 1909 264 189 NA NA NA NA NA 
1760734800.0 1001.4 NA 546 187 0 0 0 NA NA NA NA 774 298 0 0 0 NA NA NA NA 4353 202 61 68 53 NA NA NA NA 1842 238 77 85 65 NA NA NA 
1760734800.0 1002.0 NA 409 140 NA NA NA NA NA NA NA 572 183 NA NA NA NA NA NA NA 1937 133 NA NA NA NA NA NA NA 1573 110 NA NA NA NA NA NA 
1760734800.0 1002.3 NA 532 238 0 NA NA NA NA NA NA 745 365 0 NA NA NA NA NA NA 3231 375 137 NA NA NA NA NA NA 1499 340 184 NA NA NA NA NA 
1760734800.0 1002.4 NA 544 0 NA NA NA NA NA NA NA 765 0 NA NA NA NA NA NA NA 4895 195 NA NA NA NA NA NA NA 1981 214 NA NA NA NA NA NA 
1760734800.0 1002.5 NA 154 137 0 0 NA NA NA NA NA 236 212 0 0 NA NA NA NA NA 258 183 139 70 NA NA NA NA NA 446 245 174 90 NA NA NA NA 
1760734800.0 10023.0 NA 316 527 0 157 183 NA NA NA NA 414 728 0 224 274 NA NA NA NA 633 896 222 180 281 NA NA NA NA 321 925 295 253 356 NA NA NA 
1760734800.0 10024.0 NA 327 552 0 189 189 NA NA NA NA 438 736 0 305 283 NA NA NA NA 558 819 199 169 251 NA NA NA NA 265 713 215 269 299 NA NA NA 
1760734800.0 10024.1 NA 321 315 0 NA NA NA NA NA NA 435 446 0 NA NA NA NA NA NA 835 487 242 NA NA NA NA NA NA 424 547 305 NA NA NA NA NA 
1760734800.0 10024.2 NA 312 525 0 NA NA NA NA NA NA 428 726 0 NA NA NA NA NA NA 754 1191 253 NA NA NA NA NA NA 340 1049 272 NA NA NA NA NA 
1760734800.0 10024.3 NA 323 291 0 NA NA NA NA NA NA 423 433 0 NA NA NA NA NA NA 762 526 189 NA NA NA NA NA NA 433 579 215 NA NA NA NA NA 
1760734800.0 10024.4 NA 309 519 0 NA NA NA NA NA NA 426 779 0 NA NA NA NA NA NA 718 1020 252 NA NA NA NA NA NA 349 937 270 NA NA NA NA NA 
1760734800.0 10025.0 NA 315 535 0 159 185 NA NA NA NA 421 754 0 229 279 NA NA NA NA 657 889 245 190 278 NA NA NA NA 314 909 294 281 332 NA NA NA 
1760734800.0 10026.0 NA 324 561 0 155 186 NA NA NA NA 426 783 0 230 288 NA NA NA NA 573 914 199 166 241 NA NA NA NA 284 742 216 209 259 NA NA NA 
1760734800.0 1003.0 NA 404 0 NA NA NA NA NA NA NA 667 0 NA NA NA NA NA NA NA 1580 179 NA NA NA NA NA NA NA 1183 226 NA NA NA NA NA NA 
1760734800.0 10042.0 NA 322 541 0 193 187 NA NA NA NA 435 775 0 307 281 NA NA NA NA 551 753 189 165 245 NA NA NA NA 267 683 203 198 315 NA NA NA 
1760734800.0 1005.0 NA 217 162 0 0 NA NA NA NA NA 386 259 0 0 NA NA NA NA NA 357 159 54 80 NA NA NA NA NA 399 183 73 133 NA NA NA NA 
1760734800.0 10059.0 NA 330 539 0 163 188 NA NA NA NA 429 745 0 232 280 NA NA NA NA 578 1066 205 165 251 NA NA NA NA 272 873 223 221 262 NA NA NA 
1760734800.0 10071.0 NA 325 548 0 161 188 NA NA NA NA 423 765 0 232 281 NA NA NA NA 552 802 198 158 242 NA NA NA NA 255 866 238 174 253 NA NA NA 
1760734800.0 101.0 177 NA NA NA NA NA NA NA NA 308 NA NA NA NA NA NA NA NA 488 NA NA NA NA NA NA NA NA 419 NA NA NA NA NA NA NA NA 
1760734800.0 1010.0 NA 90 107 0 NA NA NA NA NA NA 158 176 0 NA NA NA NA NA NA 105 139 68 NA NA NA NA NA NA 174 191 82 NA NA NA NA NA 
1760734800.0 102.0 176 NA NA NA NA NA NA NA NA 290 NA NA NA NA NA NA NA NA 468 NA NA NA NA NA NA NA NA 439 NA NA NA NA NA NA NA NA 
1760734800.0 1020.0 NA 94 85 0 94 NA NA NA NA NA 171 160 0 169 NA NA NA NA NA 168 102 43 130 NA NA NA NA NA 320 119 62 194 NA NA NA NA 
1760734800.0 10224.0 NA 508 792 0 188 NA NA NA NA NA 663 1120 0 288 NA NA NA NA NA 1286 1626 222 273 NA NA NA NA NA 635 1156 261 304 NA NA NA NA 
1760734800.0 10224.15 NA 505 784 0 209 NA NA NA NA NA 675 1050 0 301 NA NA NA NA NA 1324 1502 219 370 NA NA NA NA NA 617 1035 238 344 NA NA NA NA 
1760734800.0 10225.0 NA 502 780 0 187 NA NA NA NA NA 680 1021 0 279 NA NA NA NA NA 1404 1437 223 260 NA NA NA NA NA 621 1014 244 280 NA NA NA NA 
1760734800.0 103.0 118 0 0 NA NA NA NA NA NA 171 0 0 NA NA NA NA NA NA 366 91 922 NA NA NA NA NA NA 387 130 1104 NA NA NA NA NA NA 
1760734800.0 1030.0 NA 282 97 0 0 NA NA NA NA NA 421 166 0 0 NA NA NA NA NA 3292 110 33 26 NA NA NA NA NA 1311 123 46 35 NA NA NA NA 
1760734800.0 1040.0 NA 502 84 0 NA NA NA NA NA NA 732 144 0 NA NA NA NA NA NA 4507 107 58 NA NA NA NA NA NA 1789 124 69 NA NA NA NA NA 
1760734800.0 1040.1 NA 133 85 0 NA NA NA NA NA NA 211 144 0 NA NA NA NA NA NA 263 99 63 NA NA NA NA NA NA 373 134 76 NA NA NA NA NA 
1760734800.0 1041.0 NA 130 92 0 NA NA NA NA NA NA 210 154 0 NA NA NA NA NA NA 199 109 36 NA NA NA NA NA NA 302 235 47 NA NA NA NA NA 
1760734800.0 1042.0 NA 108 88 0 NA NA NA NA NA NA 212 149 0 NA NA NA NA NA NA 367 94 44 NA NA NA NA NA NA 519 113 63 NA NA NA NA NA 
1760734800.0 10424.0 NA 280 535 0 NA NA NA NA NA NA 374 727 0 NA NA NA NA NA NA 250 1028 210 NA NA NA NA NA NA 207 954 226 NA NA NA NA NA 
1760734800.0 1046.0 NA 104 89 0 NA NA NA NA NA NA 175 155 0 NA NA NA NA NA NA 178 98 32 NA NA NA NA NA NA 258 113 45 NA NA NA NA NA 
1760734800.0 1047.0 NA 102 107 0 NA NA NA NA NA NA 174 174 0 NA NA NA NA NA NA 188 124 36 NA NA NA NA NA NA 227 130 47 NA NA NA NA NA 
1760734800.0 1048.0 NA 103 99 0 NA NA NA NA NA NA 173 166 0 NA NA NA NA NA NA 200 130 31 NA NA NA NA NA NA 232 137 42 NA NA NA NA NA 
1760734800.0 1049.0 NA 111 0 NA NA NA NA NA NA NA 184 0 NA NA NA NA NA NA NA 688 72 NA NA NA NA NA NA NA 717 86 NA NA NA NA NA NA 
1760734800.0 105.0 162 187 97 NA NA NA NA NA NA 243 268 157 NA NA NA NA NA NA 844 246 100 NA NA NA NA NA NA 566 271 119 NA NA NA NA NA NA 
1760734800.0 1052.0 NA 220 166 0 NA NA NA NA NA NA 389 264 0 NA NA NA NA NA NA 310 147 38 NA NA NA NA NA NA 361 200 56 NA NA NA NA NA 
1760734800.0 1052.1 NA 147 0 NA NA NA NA NA NA NA 248 0 NA NA NA NA NA NA NA 157 40 NA NA NA NA NA NA NA 183 69 NA NA NA NA NA NA 
1760734800.0 106.0 110 0 0 NA NA NA NA NA NA 175 0 0 NA NA NA NA NA NA 273 72 672 NA NA NA NA NA NA 328 114 729 NA NA NA NA NA NA 
1760734800.0 107.0 149 187 387 NA NA NA NA NA NA 249 262 575 NA NA NA NA NA NA 997 202 922 NA NA NA NA NA NA 481 195 929 NA NA NA NA NA NA 
1760734800.0 108.0 141 181 390 NA NA NA NA NA NA 248 273 562 NA NA NA NA NA NA 1034 195 969 NA NA NA NA NA NA 623 217 1104 NA NA NA NA NA NA 
1760734800.0 10801.0 NA 304 527 0 158 183 NA NA NA NA 397 739 0 232 275 NA NA NA NA 678 940 211 185 281 NA NA NA NA 317 946 245 253 331 NA NA NA 
1760734800.0 10802.0 NA 305 528 0 158 186 NA NA NA NA 395 771 0 235 277 NA NA NA NA 637 852 212 204 287 NA NA NA NA 347 860 235 263 344 NA NA NA 
1760734800.0 10803.0 NA 307 532 0 158 185 NA NA NA NA 409 767 0 231 277 NA NA NA NA 601 995 214 189 277 NA NA NA NA 291 944 264 242 325 NA NA NA 
1760734800.0 10804.0 NA 304 516 0 158 183 NA NA NA NA 409 741 0 233 271 NA NA NA NA 688 987 219 195 287 NA NA NA NA 369 1032 243 265 350 NA NA NA 
1760734800.0 10804.31 NA 306 502 0 157 184 NA NA NA NA 413 753 0 224 277 NA NA NA NA 540 767 175 162 241 NA NA NA NA 256 900 189 212 273 NA NA NA 
1760734800.0 10805.0 NA 306 524 0 157 186 NA NA NA NA 398 742 0 226 285 NA NA NA NA 540 717 176 159 243 NA NA NA NA 247 731 220 189 258 NA NA NA 
1760734800.0 10805.31 NA 306 528 0 157 186 NA NA NA NA 389 761 0 226 286 NA NA NA NA 555 785 173 161 240 NA NA NA NA 278 922 187 194 259 NA NA NA 
1760734800.0 10806.0 NA 306 526 0 157 182 NA NA NA NA 410 733 0 224 276 NA NA NA NA 578 946 233 196 267 NA NA NA NA 308 984 270 286 313 NA NA NA 
1760734800.0 10807.0 NA 311 518 0 186 186 NA NA NA NA 401 740 0 304 274 NA NA NA NA 534 737 185 164 242 NA NA NA NA 248 781 225 192 262 NA NA NA 
1760734800.0 10808.0 NA 310 532 0 187 185 NA NA NA NA 396 776 0 307 275 NA NA NA NA 629 874 207 190 290 NA NA NA NA 305 906 227 229 349 NA NA NA 
1760734800.0 10809.0 NA 306 531 0 188 186 NA NA NA NA 401 745 0 304 271 NA NA NA NA 603 961 218 197 285 NA NA NA NA 352 979 254 242 334 NA NA NA 
1760734800.0 10823.0 NA 306 526 0 157 183 NA NA NA NA 396 720 0 228 275 NA NA NA NA 664 951 220 189 298 NA NA NA NA 332 945 280 235 375 NA NA NA 
1760734800.0 10824.0 NA 317 547 0 189 186 NA NA NA NA 409 775 0 304 281 NA NA NA NA 550 806 197 171 250 NA NA NA NA 287 729 213 268 346 NA NA NA 
1760734800.0 10824.1 NA 314 313 0 NA NA NA NA NA NA 407 446 0 NA NA NA NA NA NA 863 551 240 NA NA NA NA NA NA 499 588 288 NA NA NA NA NA 
1760734800.0 10824.6 NA 317 544 0 189 187 NA NA NA NA 404 752 0 307 279 NA NA NA NA 557 818 206 169 246 NA NA NA NA 276 735 244 229 267 NA NA NA 
1760734800.0 10824.8 NA 316 533 0 190 187 NA NA NA NA 411 758 0 307 274 NA NA NA NA 557 836 199 164 247 NA NA NA NA 252 795 226 190 265 NA NA NA 
1760734800.0 10825.0 NA 310 535 0 160 187 NA NA NA NA 403 743 0 229 275 NA NA NA NA 539 757 192 162 246 NA NA NA NA 267 691 222 251 279 NA NA NA 
1760734800.0 10826.0 NA 317 545 0 161 175 NA NA NA NA 413 744 0 231 281 NA NA NA NA 558 874 205 163 249 NA NA NA NA 256 764 226 226 279 NA NA NA 
1760734800.0 10842.0 NA 314 539 0 190 185 NA NA NA NA 408 735 0 301 287 NA NA NA NA 543 763 192 171 243 NA NA NA NA 268 705 207 278 257 NA NA NA 
1760734800.0 10859.0 NA 328 543 0 162 189 NA NA NA NA 429 779 0 230 277 NA NA NA NA 598 1125 197 169 244 NA NA NA NA 267 888 212 202 252 NA NA NA 
1760734800.0 10871.0 NA 316 549 0 161 186 NA NA NA NA 407 759 0 236 282 NA NA NA NA 651 924 236 204 297 NA NA NA NA 315 851 273 267 358 NA NA NA 
1760734800.0 109.0 160 181 398 NA NA NA NA NA NA 248 271 569 NA NA NA NA NA NA 1106 203 891 NA NA NA NA NA NA 541 195 929 NA NA NA NA NA NA 
1760734800.0 11.0 NA 196 374 0 132 NA NA NA NA NA 289 551 0 195 NA NA NA NA NA 673 1023 236 202 NA NA NA NA NA 320 867 260 302 NA NA NA NA 
1760734800.0 110.0 113 183 375 NA NA NA NA NA NA 182 265 549 NA NA NA NA NA NA 280 198 856 NA NA NA NA NA NA 321 218 1010 NA NA NA NA NA NA 
1760734800.0 1102.0 NA 221 440 277 226 NA NA NA NA NA 309 604 389 271 NA NA NA NA NA 835 2025 1117 194 NA NA NA NA NA 358 1115 571 179 NA NA NA NA 
1760734800.0 11024.0 NA 592 886 0 187 NA NA NA NA NA 776 1188 0 290 NA NA NA NA NA 1781 1742 212 245 NA NA NA NA NA 791 1068 257 281 NA NA NA NA 
1760734800.0 11024.15 NA 559 866 0 210 NA NA NA NA NA 764 1213 0 304 NA NA NA NA NA 1867 1927 220 361 NA NA NA NA NA 738 1201 240 336 NA NA NA NA 
1760734800.0 11024.2 NA 589 892 0 181 NA NA NA NA NA 765 1259 0 270 NA NA NA NA NA 1806 1762 208 194 NA NA NA NA NA 754 1097 232 249 NA NA NA NA 
1760734800.0 11024.6 NA 565 899 0 187 NA NA NA NA NA 745 1239 0 287 NA NA NA NA NA 1749 1715 207 244 NA NA NA NA NA 790 1040 222 257 NA NA NA NA 
1760734800.0 11025.0 NA 575 883 0 187 NA NA NA NA NA 753 1203 0 285 NA NA NA NA NA 1845 1781 213 266 NA NA NA NA NA 763 1091 226 281 NA NA NA NA 
1760734800.0 111.0 124 173 380 NA NA NA NA NA NA 220 262 556 NA NA NA NA NA NA 527 153 837 NA NA NA NA NA NA 481 196 836 NA NA NA NA NA NA 
1760734800.0 112.0 139 179 378 NA NA NA NA NA NA 239 271 540 NA NA NA NA NA NA 766 192 842 NA NA NA NA NA NA 541 216 900 NA NA NA NA NA NA 
1760734800.0 11224.0 NA 261 511 0 NA NA NA NA NA NA 377 756 0 NA NA NA NA NA NA 244 1094 234 NA NA NA NA NA NA 289 1275 286 NA NA NA NA NA 
1760734800.0 11224.6 NA 263 513 0 NA NA NA NA NA NA 366 763 0 NA NA NA NA NA NA 257 1091 255 NA NA NA NA NA NA 257 1213 293 NA NA NA NA NA 
1760734800.0 113.0 142 178 386 NA NA NA NA NA NA 250 269 580 NA NA NA NA NA NA 774 205 879 NA NA NA NA NA NA 446 186 983 NA NA NA NA NA NA 
1760734800.0 114.0 136 179 385 NA NA NA NA NA NA 236 266 574 NA NA NA NA NA NA 704 208 922 NA NA NA NA NA NA 404 181 1057 NA NA NA NA NA NA 
1760734800.0 115.0 138 179 383 NA NA NA NA NA NA 245 268 540 NA NA NA NA NA NA 916 222 941 NA NA NA NA NA NA 570 244 864 NA NA NA NA NA NA 
1760734800.0 116.0 144 180 387 NA NA NA NA NA NA 248 275 569 NA NA NA NA NA NA 902 222 914 NA NA NA NA NA NA 453 185 893 NA NA NA NA NA NA 
1760734800.0 11601.0 NA 314 568 0 160 NA NA NA NA NA 419 809 0 231 NA NA NA NA NA 611 940 195 182 NA NA NA NA NA 247 942 223 208 NA NA NA NA 
1760734800.0 11602.0 NA 304 541 0 155 NA NA NA NA NA 425 803 0 235 NA NA NA NA NA 619 1027 225 174 NA NA NA NA NA 261 1024 266 187 NA NA NA NA 
1760734800.0 11603.0 NA 294 546 0 157 NA NA NA NA NA 419 780 0 232 NA NA NA NA NA 644 1015 213 188 NA NA NA NA NA 274 990 234 199 NA NA NA NA 
1760734800.0 11604.0 NA 298 542 0 154 NA NA NA NA NA 423 784 0 232 NA NA NA NA NA 670 1004 217 156 NA NA NA NA NA 288 930 235 166 NA NA NA NA 
1760734800.0 11605.0 NA 317 561 0 159 NA NA NA NA NA 423 800 0 227 NA NA NA NA NA 604 928 212 173 NA NA NA NA NA 263 886 256 190 NA NA NA NA 
1760734800.0 11606.0 NA 313 534 0 152 NA NA NA NA NA 411 787 0 234 NA NA NA NA NA 648 1007 239 175 NA NA NA NA NA 266 1048 262 189 NA NA NA NA 
1760734800.0 11607.0 NA 300 552 0 183 NA NA NA NA NA 432 803 0 310 NA NA NA NA NA 647 1030 245 163 NA NA NA NA NA 297 990 269 174 NA NA NA NA 
1760734800.0 11608.0 NA 307 557 0 188 NA NA NA NA NA 433 816 0 310 NA NA NA NA NA 625 1027 242 168 NA NA NA NA NA 258 1001 302 180 NA NA NA NA 
1760734800.0 11609.0 NA 322 574 0 190 NA NA NA NA NA 436 820 0 308 NA NA NA NA NA 598 981 215 186 NA NA NA NA NA 256 912 260 205 NA NA NA NA 
1760734800.0 11630.0 NA 337 607 0 163 NA NA NA NA NA 452 818 0 235 NA NA NA NA NA 641 1245 222 170 NA NA NA NA NA 245 975 239 186 NA NA NA NA 
1760734800.0 11634.0 NA 326 575 0 196 NA NA NA NA NA 434 830 0 315 NA NA NA NA NA 676 1039 247 185 NA NA NA NA NA 293 932 271 205 NA NA NA NA 
1760734800.0 11634.1 NA 324 318 0 NA NA NA NA NA NA 431 461 0 NA NA NA NA NA NA 769 520 252 NA NA NA NA NA NA 349 514 288 NA NA NA NA NA 
1760734800.0 11634.15 NA 327 609 0 196 NA NA NA NA NA 432 842 0 318 NA NA NA NA NA 670 1246 244 191 NA NA NA NA NA 271 1026 263 209 NA NA NA NA 
1760734800.0 11634.24 NA 254 504 0 150 NA NA NA NA NA 346 787 0 219 NA NA NA NA NA 267 891 210 165 NA NA NA NA NA 326 904 230 184 NA NA NA NA 
1760734800.0 11634.5 NA 334 169 0 NA NA NA NA NA NA 453 323 0 NA NA NA NA NA NA 657 285 107 NA NA NA NA NA NA 263 323 124 NA NA NA NA NA 
1760734800.0 11634.601 NA 313 101 562 0 NA NA NA NA NA 433 166 830 0 NA NA NA NA NA 640 66 1127 288 NA NA NA NA NA 285 80 995 322 NA NA NA NA 
1760734800.0 11634.7 NA 311 562 0 NA NA NA NA NA NA 427 845 0 NA NA NA NA NA NA 682 1178 307 NA NA NA NA NA NA 270 1065 377 NA NA NA NA NA 
1760734800.0 11634.91 NA 327 563 0 193 NA NA NA NA NA 435 839 0 309 NA NA NA NA NA 636 1185 263 174 NA NA NA NA NA 271 1001 357 187 NA NA NA NA 
1760734800.0 11634.914 139 323 595 0 194 NA NA NA NA 189 429 842 0 314 NA NA NA NA 1004 556 913 201 170 NA NA NA NA 434 249 814 247 212 NA NA NA NA 
1760734800.0 11640.0 NA 320 569 0 160 NA NA NA NA NA 419 797 0 231 NA NA NA NA NA 539 956 222 170 NA NA NA NA NA 227 961 247 190 NA NA NA NA 
1760734800.0 11643.0 NA 333 600 0 165 NA NA NA NA NA 439 826 0 235 NA NA NA NA NA 583 1135 237 195 NA NA NA NA NA 245 987 260 212 NA NA NA NA 
1760734800.0 11646.0 NA 326 585 0 162 NA NA NA NA NA 431 785 0 233 NA NA NA NA NA 617 1039 230 179 NA NA NA NA NA 252 985 277 195 NA NA NA NA 
1760734800.0 11650.0 NA 316 556 0 186 NA NA NA NA NA 423 791 0 316 NA NA NA NA NA 692 1023 253 181 NA NA NA NA NA 312 953 348 212 NA NA NA NA 
1760734800.0 117.0 151 182 396 NA NA NA NA NA NA 257 273 585 NA NA NA NA NA NA 987 230 973 NA NA NA NA NA NA 495 219 905 NA NA NA NA NA NA 
1760734800.0 11723.17 NA 318 585 0 NA NA NA NA NA NA 424 856 0 NA NA NA NA NA NA 660 1327 249 NA NA NA NA NA NA 275 1184 271 NA NA NA NA NA 
1760734800.0 118.0 153 183 399 NA NA NA NA NA NA 247 274 578 NA NA NA NA NA NA 1222 217 995 NA NA NA NA NA NA 532 232 876 NA NA NA NA NA NA 
1760734800.0 11834.0 NA 671 1032 0 NA NA NA NA NA NA 959 1489 0 NA NA NA NA NA NA 2136 2266 213 NA NA NA NA NA NA 898 1210 232 NA NA NA NA NA 
1760734800.0 11834.13 NA 716 1141 0 NA NA NA NA NA NA 912 1662 0 NA NA NA NA NA NA 2357 2977 222 NA NA NA NA NA NA 1151 1417 244 NA NA NA NA NA 
1760734800.0 11834.19 NA 669 0 NA NA NA NA NA NA NA 880 0 NA NA NA NA NA NA NA 2159 0 NA NA NA NA NA NA NA 922 0 NA NA NA NA NA NA 
1760734800.0 11834.21 NA 541 397 277 184 NA NA NA NA NA 748 584 377 278 NA NA NA NA NA 2201 1268 359 201 NA NA NA NA NA 935 592 344 209 NA NA NA NA 
1760734800.0 11834.24 NA 243 515 0 NA NA NA NA NA NA 354 814 0 NA NA NA NA NA NA 268 1021 234 NA NA NA NA NA NA 332 1508 306 NA NA NA NA NA 
1760734800.0 11834.99 NA 538 688 771 0 NA NA NA NA NA 880 955 1028 0 NA NA NA NA NA 2167 813 2014 206 NA NA NA NA NA 1343 327 1082 217 NA NA NA NA 
1760734800.0 11846.0 NA 679 1051 0 NA NA NA NA NA NA 913 1454 0 NA NA NA NA NA NA 2105 2419 213 NA NA NA NA NA NA 847 1280 236 NA NA NA NA NA 
1760734800.0 11846.19 NA 648 1097 0 NA NA NA NA NA NA 939 1579 0 NA NA NA NA NA NA 2209 2743 219 NA NA NA NA NA NA 838 1418 264 NA NA NA NA NA 
1760734800.0 119.0 128 180 380 NA NA NA NA NA NA 234 262 564 NA NA NA NA NA NA 646 207 845 NA NA NA NA NA NA 502 227 907 NA NA NA NA NA NA 
1760734800.0 12.0 NA 204 416 0 NA NA NA NA NA NA 309 576 0 NA NA NA NA NA NA 784 1732 244 NA NA NA NA NA NA 413 1012 261 NA NA NA NA NA 
1760734800.0 120.0 112 180 372 NA NA NA NA NA NA 172 264 546 NA NA NA NA NA NA 265 193 830 NA NA NA NA NA NA 380 208 957 NA NA NA NA NA NA 
1760734800.0 12034.0 NA 273 549 0 NA NA NA NA NA NA 384 826 0 NA NA NA NA NA NA 250 1067 266 NA NA NA NA NA NA 211 1071 308 NA NA NA NA NA 
1760734800.0 121.0 151 188 395 NA NA NA NA NA NA 253 274 560 NA NA NA NA NA NA 979 220 943 NA NA NA NA NA NA 479 215 893 NA NA NA NA NA NA 
1760734800.0 122.0 132 181 390 NA NA NA NA NA NA 207 256 556 NA NA NA NA NA NA 433 190 1038 NA NA NA NA NA NA 410 268 1282 NA NA NA NA NA NA 
1760734800.0 123.1 411 NA NA NA NA NA NA NA NA 554 NA NA NA NA NA NA NA NA 625 NA NA NA NA NA NA NA NA 619 NA NA NA NA NA NA NA NA 
1760734800.0 123.2 417 NA NA NA NA NA NA NA NA 561 NA NA NA NA NA NA NA NA 671 NA NA NA NA NA NA NA NA 614 NA NA NA NA NA NA NA NA 
1760734800.0 123.3 329 NA NA NA NA NA NA NA NA 449 NA NA NA NA NA NA NA NA 520 NA NA NA NA NA NA NA NA 662 NA NA NA NA NA NA NA NA 
1760734800.0 124.1 392 NA NA NA NA NA NA NA NA 502 NA NA NA NA NA NA NA NA 505 NA NA NA NA NA NA NA NA 525 NA NA NA NA NA NA NA NA 
1760734800.0 124.2 408 NA NA NA NA NA NA NA NA 542 NA NA NA NA NA NA NA NA 584 NA NA NA NA NA NA NA NA 660 NA NA NA NA NA NA NA NA 
1760734800.0 124.4 393 NA NA NA NA NA NA NA NA 503 NA NA NA NA NA NA NA NA 530 NA NA NA NA NA NA NA NA 586 NA NA NA NA NA NA NA NA 
1760734800.0 124.5 394 NA NA NA NA NA NA NA NA 520 NA NA NA NA NA NA NA NA 578 NA NA NA NA NA NA NA NA 652 NA NA NA NA NA NA NA NA 
1760734800.0 124.6 326 NA NA NA NA NA NA NA NA 434 NA NA NA NA NA NA NA NA 539 NA NA NA NA NA NA NA NA 582 NA NA NA NA NA NA NA NA 
1760734800.0 12434.0 NA 318 591 0 198 NA NA NA NA NA 425 834 0 323 NA NA NA NA NA 810 1028 245 176 NA NA NA NA NA 322 879 266 198 NA NA NA NA 
1760734800.0 12434.511 NA 325 147 0 NA NA NA NA NA NA 449 243 0 NA NA NA NA NA NA 848 239 87 NA NA NA NA NA NA 323 307 104 NA NA NA NA NA 
1760734800.0 12434.521 NA 328 144 0 NA NA NA NA NA NA 424 218 0 NA NA NA NA NA NA 889 239 99 NA NA NA NA NA NA 344 240 113 NA NA NA NA NA 
1760734800.0 12434.7 NA 322 562 0 NA NA NA NA NA NA 441 824 0 NA NA NA NA NA NA 842 1104 260 NA NA NA NA NA NA 323 1052 300 NA NA NA NA NA 
1760734800.0 12446.0 NA 326 573 0 162 NA NA NA NA NA 432 794 0 237 NA NA NA NA NA 785 978 241 193 NA NA NA NA NA 297 935 269 215 NA NA NA NA 
1760734800.0 12461.0 NA 314 533 0 156 NA NA NA NA NA 425 800 0 233 NA NA NA NA NA 811 949 219 169 NA NA NA NA NA 308 882 239 199 NA NA NA NA 
1760734800.0 125.0 142 179 381 NA NA NA NA NA NA 252 266 551 NA NA NA NA NA NA 845 203 915 NA NA NA NA NA NA 563 192 1012 NA NA NA NA NA NA 
1760734800.0 126.0 113 183 373 NA NA NA NA NA NA 186 260 549 NA NA NA NA NA NA 497 185 828 NA NA NA NA NA NA 404 215 866 NA NA NA NA NA NA 
1760734800.0 12634.0 NA 624 1077 0 NA NA NA NA NA NA 962 1437 0 NA NA NA NA NA NA 2454 2417 222 NA NA NA NA NA NA 1061 1290 273 NA NA NA NA NA 
1760734800.0 12634.21 NA 573 400 276 186 NA NA NA NA NA 710 585 350 275 NA NA NA NA NA 2556 1346 339 197 NA NA NA NA NA 1082 642 337 206 NA NA NA NA 
1760734800.0 12634.99 NA 552 690 786 0 NA NA NA NA NA 817 988 1091 0 NA NA NA NA NA 2454 1094 2682 238 NA NA NA NA NA 1360 420 1340 255 NA NA NA NA 
1760734800.0 127.0 123 185 391 NA NA NA NA NA NA 172 264 542 NA NA NA NA NA NA 445 230 1036 NA NA NA NA NA NA 406 210 1251 NA NA NA NA NA NA 
1760734800.0 128.0 112 172 369 NA NA NA NA NA NA 171 258 552 NA NA NA NA NA NA 264 194 795 NA NA NA NA NA NA 291 222 869 NA NA NA NA NA NA 
1760734800.0 12834.0 NA 326 597 0 195 NA NA NA NA NA 420 843 0 310 NA NA NA NA NA 291 1070 239 184 NA NA NA NA NA 162 1112 259 203 NA NA NA NA 
1760734800.0 12834.402 NA 324 181 0 NA NA NA NA NA NA 441 269 0 NA NA NA NA NA NA 461 276 125 NA NA NA NA NA NA 295 324 146 NA NA NA NA NA 
1760734800.0 12834.412 NA 330 164 0 NA NA NA NA NA NA 465 248 0 NA NA NA NA NA NA 448 305 92 NA NA NA NA NA NA 330 365 107 NA NA NA NA NA 
1760734800.0 12834.7 NA 318 569 0 NA NA NA NA NA NA 440 840 0 NA NA NA NA NA NA 361 1131 250 NA NA NA NA NA NA 217 992 314 NA NA NA NA NA 
1760734800.0 12846.0 NA 306 555 0 161 NA NA NA NA NA 439 824 0 229 NA NA NA NA NA 362 1085 265 190 NA NA NA NA NA 232 1020 313 209 NA NA NA NA 
1760734800.0 12861.0 NA 299 543 0 156 NA NA NA NA NA 417 816 0 235 NA NA NA NA NA 338 985 237 200 NA NA NA NA NA 232 968 320 232 NA NA NA NA 
1760734800.0 129.0 112 175 368 NA NA NA NA NA NA 183 257 558 NA NA NA NA NA NA 264 187 802 NA NA NA NA NA NA 283 210 828 NA NA NA NA NA NA 
1760734800.0 13.0 NA 183 390 0 NA NA NA NA NA NA 280 574 0 NA NA NA NA NA NA 198 1146 197 NA NA NA NA NA NA 276 1112 259 NA NA NA NA NA 
1760734800.0 130.0 124 184 391 NA NA NA NA NA NA 187 269 553 NA NA NA NA NA NA 353 218 1073 NA NA NA NA NA NA 372 235 1200 NA NA NA NA NA NA 
1760734800.0 1301.0 143 234 343 NA NA NA NA NA NA 204 319 478 NA NA NA NA NA NA 962 240 614 NA NA NA NA NA NA 703 262 675 NA NA NA NA NA NA 
1760734800.0 1301.17 131 303 370 NA NA NA NA NA NA 183 400 573 NA NA NA NA NA NA 1005 953 725 NA NA NA NA NA NA 768 478 821 NA NA NA NA NA NA 
1760734800.0 1302.0 159 244 361 NA NA NA NA NA NA 228 333 531 NA NA NA NA NA NA 1547 240 754 NA NA NA NA NA NA 726 263 690 NA NA NA NA NA NA 
1760734800.0 1302.17 130 302 337 NA NA NA NA NA NA 194 399 572 NA NA NA NA NA NA 1418 808 762 NA NA NA NA NA NA 607 393 642 NA NA NA NA NA NA 
1760734800.0 1302.18 132 295 265 232 168 NA NA NA NA 194 395 502 390 268 NA NA NA NA 1267 830 533 419 255 NA NA NA NA 529 364 496 399 271 NA NA NA NA 
1760734800.0 1302.181 137 305 308 277 180 NA NA NA NA 190 400 454 381 274 NA NA NA NA 1390 687 472 374 247 NA NA NA NA 595 344 438 406 320 NA NA NA NA 
1760734800.0 1303.0 147 237 321 NA NA NA NA NA NA 221 328 523 NA NA NA NA NA NA 1876 193 715 NA NA NA NA NA NA 837 217 612 NA NA NA NA NA NA 
1760734800.0 1303.17 142 305 384 NA NA NA NA NA NA 207 402 541 NA NA NA NA NA NA 1854 885 845 NA NA NA NA NA NA 884 418 677 NA NA NA NA NA NA 
1760734800.0 13034.0 NA 660 1107 0 NA NA NA NA NA NA 941 1542 0 NA NA NA NA NA NA 1929 2465 218 NA NA NA NA NA NA 915 1302 247 NA NA NA NA NA 
1760734800.0 13034.21 NA 527 387 278 184 NA NA NA NA NA 683 581 377 275 NA NA NA NA NA 1959 1228 365 200 NA NA NA NA NA 871 587 355 202 NA NA NA NA 
1760734800.0 13034.99 NA 575 685 789 0 NA NA NA NA NA 779 911 1138 0 NA NA NA NA NA 2130 587 1916 211 NA NA NA NA NA 1214 273 1069 226 NA NA NA NA 
1760734800.0 1304.18 124 286 260 226 177 NA NA NA NA 188 392 450 384 272 NA NA NA NA 783 831 433 375 239 NA NA NA NA 431 356 466 355 266 NA NA NA NA 
1760734800.0 1304.181 130 284 277 266 171 NA NA NA NA 189 382 487 382 273 NA NA NA NA 846 780 441 386 273 NA NA NA NA 538 347 400 407 325 NA NA NA NA 
1760734800.0 1304.182 132 296 297 267 NA NA NA NA NA 186 398 442 372 NA NA NA NA NA 1025 822 463 458 NA NA NA NA NA 720 400 507 490 NA NA NA NA NA 
1760734800.0 1306.0 NA 241 454 0 NA NA NA NA NA NA 338 624 0 NA NA NA NA NA NA 243 1123 193 NA NA NA NA NA NA 268 1202 223 NA NA NA NA NA 
1760734800.0 1307.0 NA 238 275 105 0 NA NA NA NA NA 339 399 170 0 NA NA NA NA NA 214 366 123 131 NA NA NA NA NA 255 447 179 150 NA NA NA NA 
1760734800.0 1308.0 NA 236 271 104 0 NA NA NA NA NA 332 393 169 0 NA NA NA NA NA 224 282 135 111 NA NA NA NA NA 244 360 179 131 NA NA NA NA 
1760734800.0 1309.0 NA 252 474 0 NA NA NA NA NA NA 362 646 0 NA NA NA NA NA NA 277 1269 200 NA NA NA NA NA NA 304 1306 221 NA NA NA NA NA 
1760734800.0 131.0 124 185 395 NA NA NA NA NA NA 178 264 564 NA NA NA NA NA NA 523 222 969 NA NA NA NA NA NA 427 224 1162 NA NA NA NA NA NA 
1760734800.0 1310.0 NA 239 443 0 NA NA NA NA NA NA 349 648 0 NA NA NA NA NA NA 211 990 188 NA NA NA NA NA NA 230 953 202 NA NA NA NA NA 
1760734800.0 1311.0 NA 249 450 0 132 NA NA NA NA NA 345 603 0 193 NA NA NA NA NA 258 916 254 178 NA NA NA NA NA 265 936 349 251 NA NA NA NA 
1760734800.0 1312.0 NA 233 444 0 NA NA NA NA NA NA 360 653 0 NA NA NA NA NA NA 211 951 183 NA NA NA NA NA NA 223 1152 276 NA NA NA NA NA 
1760734800.0 1313.0 NA 239 457 0 NA NA NA NA NA NA 346 640 0 NA NA NA NA NA NA 195 1111 183 NA NA NA NA NA NA 262 1152 206 NA NA NA NA NA 
1760734800.0 1314.0 NA 239 443 0 NA NA NA NA NA NA 341 644 0 NA NA NA NA NA NA 231 922 185 NA NA NA NA NA NA 250 1056 209 NA NA NA NA NA 
1760734800.0 1315.0 NA 227 429 0 NA NA NA NA NA NA 341 640 0 NA NA NA NA NA NA 192 816 181 NA NA NA NA NA NA 198 841 210 NA NA NA NA NA 
1760734800.0 1316.0 NA 225 435 0 NA NA NA NA NA NA 341 639 0 NA NA NA NA NA NA 217 908 178 NA NA NA NA NA NA 243 950 243 NA NA NA NA NA 
1760734800.0 1317.0 NA 236 459 0 179 NA NA NA NA NA 346 632 0 274 NA NA NA NA NA 200 922 169 206 NA NA NA NA NA 203 1050 187 228 NA NA NA NA 
1760734800.0 1318.0 NA 225 436 0 168 NA NA NA NA NA 349 642 0 268 NA NA NA NA NA 211 833 195 224 NA NA NA NA NA 271 1032 245 308 NA NA NA NA 
1760734800.0 1319.0 NA 245 456 0 NA NA NA NA NA NA 343 613 0 NA NA NA NA NA NA 254 1143 188 NA NA NA NA NA NA 281 1204 215 NA NA NA NA NA 
1760734800.0 132.0 139 188 386 NA NA NA NA NA NA 238 274 562 NA NA NA NA NA NA 981 201 902 NA NA NA NA NA NA 560 182 953 NA NA NA NA NA NA 
1760734800.0 1320.0 NA 233 431 0 171 NA NA NA NA NA 342 649 0 273 NA NA NA NA NA 251 953 189 249 NA NA NA NA NA 306 1150 217 334 NA NA NA NA 
1760734800.0 1321.0 NA 228 436 0 165 NA NA NA NA NA 343 650 0 276 NA NA NA NA NA 254 936 196 287 NA NA NA NA NA 291 1231 224 371 NA NA NA NA 
1760734800.0 1322.0 NA 242 461 0 179 NA NA NA NA NA 354 655 0 262 NA NA NA NA NA 217 929 181 240 NA NA NA NA NA 241 1066 198 295 NA NA NA NA 
1760734800.0 1323.0 NA 229 429 0 NA NA NA NA NA NA 347 621 0 NA NA NA NA NA NA 200 886 170 NA NA NA NA NA NA 252 1007 220 NA NA NA NA NA 
1760734800.0 13234.0 NA 668 0 NA NA NA NA NA NA NA 874 0 NA NA NA NA NA NA NA 3045 170 NA NA NA NA NA NA NA 1599 216 NA NA NA NA NA NA 
1760734800.0 1324.0 NA 234 450 0 NA NA NA NA NA NA 353 648 0 NA NA NA NA NA NA 236 988 200 NA NA NA NA NA NA 240 979 216 NA NA NA NA NA 
1760734800.0 1325.0 NA 257 454 0 137 180 NA NA NA NA 353 630 0 204 267 NA NA NA NA 221 1025 181 176 252 NA NA NA NA 229 1079 263 224 317 NA NA NA 
1760734800.0 1325.1 NA 256 258 0 NA NA NA NA NA NA 353 397 0 NA NA NA NA NA NA 283 380 194 NA NA NA NA NA NA 296 457 230 NA NA NA NA NA 
1760734800.0 1325.2 NA 255 467 0 NA NA NA NA NA NA 347 665 0 NA NA NA NA NA NA 287 1220 197 NA NA NA NA NA NA 293 1196 218 NA NA NA NA NA 
1760734800.0 1325.3 NA 255 250 0 NA NA NA NA NA NA 350 380 0 NA NA NA NA NA NA 281 382 189 NA NA NA NA NA NA 300 450 225 NA NA NA NA NA 
1760734800.0 1325.4 NA 256 474 0 NA NA NA NA NA NA 362 635 0 NA NA NA NA NA NA 287 1155 197 NA NA NA NA NA NA 312 1143 227 NA NA NA NA NA 
1760734800.0 1325.9 NA 264 451 0 131 NA NA NA NA NA 379 676 0 196 NA NA NA NA NA 275 917 213 188 NA NA NA NA NA 319 962 306 251 NA NA NA NA 
1760734800.0 1325.91 NA 260 448 0 135 NA NA NA NA NA 382 640 0 197 NA NA NA NA NA 258 1000 196 175 NA NA NA NA NA 259 1174 297 216 NA NA NA NA 
1760734800.0 1326.0 NA 230 437 0 NA NA NA NA NA NA 351 654 0 NA NA NA NA NA NA 211 871 171 NA NA NA NA NA NA 246 903 195 NA NA NA NA NA 
1760734800.0 1327.0 NA 250 467 0 NA NA NA NA NA NA 354 654 0 NA NA NA NA NA NA 258 1113 212 NA NA NA NA NA NA 323 1174 269 NA NA NA NA NA 
1760734800.0 1328.0 NA 240 444 0 NA NA NA NA NA NA 359 637 0 NA NA NA NA NA NA 227 869 204 NA NA NA NA NA NA 272 812 221 NA NA NA NA NA 
1760734800.0 1329.0 NA 235 468 0 178 NA NA NA NA NA 354 631 0 274 NA NA NA NA NA 221 877 197 210 NA NA NA NA NA 256 853 222 225 NA NA NA NA 
1760734800.0 133.0 151 180 396 NA NA NA NA NA NA 248 265 558 NA NA NA NA NA NA 1086 231 946 NA NA NA NA NA NA 534 215 826 NA NA NA NA NA NA 
1760734800.0 1330.0 NA 234 489 0 165 NA NA NA NA NA 345 666 0 270 NA NA NA NA NA 221 950 197 260 NA NA NA NA NA 265 1005 221 353 NA NA NA NA 
1760734800.0 1331.0 NA 246 463 0 180 NA NA NA NA NA 351 637 0 269 NA NA NA NA NA 196 850 193 214 NA NA NA NA NA 217 882 209 237 NA NA NA NA 
1760734800.0 1332.0 NA 251 470 0 NA NA NA NA NA NA 353 639 0 NA NA NA NA NA NA 276 1177 200 NA NA NA NA NA NA 294 1167 225 NA NA NA NA NA 
1760734800.0 1333.0 NA 248 461 0 NA NA NA NA NA NA 345 657 0 NA NA NA NA NA NA 276 1016 202 NA NA NA NA NA NA 377 1080 257 NA NA NA NA NA 
1760734800.0 1334.0 NA 252 471 0 NA NA NA NA NA NA 347 659 0 NA NA NA NA NA NA 272 1188 196 NA NA NA NA NA NA 284 1272 245 NA NA NA NA NA 
1760734800.0 1335.0 NA 248 463 0 NA NA NA NA NA NA 341 647 0 NA NA NA NA NA NA 270 1132 186 NA NA NA NA NA NA 299 1130 214 NA NA NA NA NA 
1760734800.0 1336.0 NA 241 456 0 NA NA NA NA NA NA 355 636 0 NA NA NA NA NA NA 252 1283 201 NA NA NA NA NA NA 293 1290 242 NA NA NA NA NA 
1760734800.0 1337.0 NA 249 461 0 NA NA NA NA NA NA 358 660 0 NA NA NA NA NA NA 236 1183 197 NA NA NA NA NA NA 202 1189 242 NA NA NA NA NA 
1760734800.0 1338.0 NA 250 447 0 167 NA NA NA NA NA 351 662 0 263 NA NA NA NA NA 215 1001 207 276 NA NA NA NA NA 270 1094 232 339 NA NA NA NA 
1760734800.0 1339.0 NA 238 455 0 NA NA NA NA NA NA 362 661 0 NA NA NA NA NA NA 239 1092 199 NA NA NA NA NA NA 268 1173 222 NA NA NA NA NA 
1760734800.0 134.0 NA 413 86 0 NA NA NA NA NA NA 564 149 0 NA NA NA NA NA NA 2011 85 31 NA NA NA NA NA NA 1475 106 43 NA NA NA NA NA 
1760734800.0 134.701 NA 103 432 0 NA NA NA NA NA NA 184 594 0 NA NA NA NA NA NA 119 2202 202 NA NA NA NA NA NA 143 1482 227 NA NA NA NA NA 
1760734800.0 134.702 NA 105 434 0 NA NA NA NA NA NA 184 630 0 NA NA NA NA NA NA 121 2563 169 NA NA NA NA NA NA 181 1337 183 NA NA NA NA NA 
1760734800.0 134.703 NA 107 435 0 NA NA NA NA NA NA 192 617 0 NA NA NA NA NA NA 118 2847 182 NA NA NA NA NA NA 171 1451 199 NA NA NA NA NA 
1760734800.0 134.704 NA 106 442 0 NA NA NA NA NA NA 183 637 0 NA NA NA NA NA NA 115 2409 170 NA NA NA NA NA NA 169 1296 194 NA NA NA NA NA 
1760734800.0 134.705 NA 107 441 0 NA NA NA NA NA NA 193 618 0 NA NA NA NA NA NA 131 2826 163 NA NA NA NA NA NA 185 1415 181 NA NA NA NA NA 
1760734800.0 134.706 NA 115 435 0 NA NA NA NA NA NA 188 604 0 NA NA NA NA NA NA 97 2897 170 NA NA NA NA NA NA 120 1509 186 NA NA NA NA NA 
1760734800.0 134.707 NA 106 435 0 NA NA NA NA NA NA 185 613 0 NA NA NA NA NA NA 120 2321 185 NA NA NA NA NA NA 176 1241 202 NA NA NA NA NA 
1760734800.0 134.708 NA 106 431 0 NA NA NA NA NA NA 189 616 0 NA NA NA NA NA NA 120 2529 187 NA NA NA NA NA NA 154 1283 229 NA NA NA NA NA 
1760734800.0 134.709 NA 110 604 0 NA NA NA NA NA NA 188 878 0 NA NA NA NA NA NA 107 2315 182 NA NA NA NA NA NA 158 1206 251 NA NA NA NA NA 
1760734800.0 134.71 NA 103 422 0 NA NA NA NA NA NA 179 606 0 NA NA NA NA NA NA 113 1995 212 NA NA NA NA NA NA 167 1439 230 NA NA NA NA NA 
1760734800.0 134.801 NA 105 427 0 NA NA NA NA NA NA 186 629 0 NA NA NA NA NA NA 104 2096 213 NA NA NA NA NA NA 135 1712 233 NA NA NA NA NA 
1760734800.0 134.802 NA 106 434 0 NA NA NA NA NA NA 183 637 0 NA NA NA NA NA NA 118 3153 156 NA NA NA NA NA NA 197 1598 176 NA NA NA NA NA 
1760734800.0 134.803 NA 105 431 0 NA NA NA NA NA NA 187 623 0 NA NA NA NA NA NA 125 2937 198 NA NA NA NA NA NA 175 1439 218 NA NA NA NA NA 
1760734800.0 134.804 NA 112 446 0 NA NA NA NA NA NA 189 617 0 NA NA NA NA NA NA 103 3096 172 NA NA NA NA NA NA 167 1455 197 NA NA NA NA NA 
1760734800.0 134.805 NA 107 452 0 NA NA NA NA NA NA 181 638 0 NA NA NA NA NA NA 119 3250 186 NA NA NA NA NA NA 174 1554 201 NA NA NA NA NA 
1760734800.0 134.806 NA 114 460 0 NA NA NA NA NA NA 187 634 0 NA NA NA NA NA NA 107 3138 173 NA NA NA NA NA NA 123 1415 194 NA NA NA NA NA 
1760734800.0 134.807 NA 213 500 0 NA NA NA NA NA NA 300 670 0 NA NA NA NA NA NA 290 2944 215 NA NA NA NA NA NA 249 1382 261 NA NA NA NA NA 
1760734800.0 134.808 NA 213 502 0 NA NA NA NA NA NA 297 685 0 NA NA NA NA NA NA 284 3097 190 NA NA NA NA NA NA 207 1425 214 NA NA NA NA NA 
1760734800.0 134.809 NA 105 431 0 NA NA NA NA NA NA 189 626 0 NA NA NA NA NA NA 120 3026 186 NA NA NA NA NA NA 148 1470 201 NA NA NA NA NA 
1760734800.0 134.81 NA 105 432 0 NA NA NA NA NA NA 181 627 0 NA NA NA NA NA NA 111 3126 165 NA NA NA NA NA NA 140 1542 217 NA NA NA NA NA 
1760734800.0 134.811 NA 109 443 0 NA NA NA NA NA NA 188 645 0 NA NA NA NA NA NA 106 3101 171 NA NA NA NA NA NA 134 1502 187 NA NA NA NA NA 
1760734800.0 134.812 NA 102 403 0 NA NA NA NA NA NA 182 621 0 NA NA NA NA NA NA 102 2172 178 NA NA NA NA NA NA 121 1522 197 NA NA NA NA NA 
1760734800.0 134.813 NA 269 129 0 NA NA NA NA NA NA 424 204 0 NA NA NA NA NA NA 642 133 118 NA NA NA NA NA NA 398 163 139 NA NA NA NA NA 
1760734800.0 134.901 NA 106 431 0 NA NA NA NA NA NA 185 619 0 NA NA NA NA NA NA 100 1992 165 NA NA NA NA NA NA 154 1327 192 NA NA NA NA NA 
1760734800.0 134.902 NA 106 436 0 NA NA NA NA NA NA 198 627 0 NA NA NA NA NA NA 120 2698 184 NA NA NA NA NA NA 155 1470 203 NA NA NA NA NA 
1760734800.0 134.903 NA 109 433 0 NA NA NA NA NA NA 189 616 0 NA NA NA NA NA NA 115 2404 182 NA NA NA NA NA NA 129 1377 202 NA NA NA NA NA 
1760734800.0 134.904 NA 110 435 0 NA NA NA NA NA NA 188 633 0 NA NA NA NA NA NA 105 2792 192 NA NA NA NA NA NA 118 1423 222 NA NA NA NA NA 
1760734800.0 134.905 NA 110 426 0 NA NA NA NA NA NA 186 600 0 NA NA NA NA NA NA 115 2428 189 NA NA NA NA NA NA 148 1322 204 NA NA NA NA NA 
1760734800.0 134.906 NA 106 433 0 NA NA NA NA NA NA 189 616 0 NA NA NA NA NA NA 112 2835 190 NA NA NA NA NA NA 168 1547 203 NA NA NA NA NA 
1760734800.0 134.907 NA 166 461 0 NA NA NA NA NA NA 294 685 0 NA NA NA NA NA NA 263 2847 200 NA NA NA NA NA NA 358 1516 214 NA NA NA NA NA 
1760734800.0 134.908 NA 166 458 0 NA NA NA NA NA NA 308 678 0 NA NA NA NA NA NA 267 2472 217 NA NA NA NA NA NA 351 1242 233 NA NA NA NA NA 
1760734800.0 134.909 NA 107 429 0 NA NA NA NA NA NA 187 615 0 NA NA NA NA NA NA 117 2457 182 NA NA NA NA NA NA 155 1343 199 NA NA NA NA NA 
1760734800.0 134.91 NA 106 426 0 NA NA NA NA NA NA 192 618 0 NA NA NA NA NA NA 117 2313 168 NA NA NA NA NA NA 184 1273 209 NA NA NA NA NA 
1760734800.0 134.911 NA 106 435 0 NA NA NA NA NA NA 186 616 0 NA NA NA NA NA NA 103 2669 206 NA NA NA NA NA NA 133 1415 233 NA NA NA NA NA 
1760734800.0 134.912 NA 103 420 0 NA NA NA NA NA NA 179 603 0 NA NA NA NA NA NA 93 1901 191 NA NA NA NA NA NA 126 1281 222 NA NA NA NA NA 
1760734800.0 134.99601 NA 114 454 0 NA NA NA NA NA NA 181 632 0 NA NA NA NA NA NA 115 3280 154 NA NA NA NA NA NA 128 1485 172 NA NA NA NA NA 
1760734800.0 134.99602 NA 108 426 0 NA NA NA NA NA NA 193 623 0 NA NA NA NA NA NA 106 2044 182 NA NA NA NA NA NA 136 1190 226 NA NA NA NA NA 
1760734800.0 134.99603 NA 107 443 0 NA NA NA NA NA NA 187 642 0 NA NA NA NA NA NA 117 2735 169 NA NA NA NA NA NA 151 1413 227 NA NA NA NA NA 
1760734800.0 134.99901 NA 106 429 0 NA NA NA NA NA NA 193 619 0 NA NA NA NA NA NA 113 2376 184 NA NA NA NA NA NA 148 1336 206 NA NA NA NA NA 
1760734800.0 1340.0 NA 228 434 0 NA NA NA NA NA NA 343 645 0 NA NA NA NA NA NA 229 883 199 NA NA NA NA NA NA 229 939 219 NA NA NA NA NA 
1760734800.0 1341.0 NA 242 461 0 NA NA NA NA NA NA 364 653 0 NA NA NA NA NA NA 234 1211 213 NA NA NA NA NA NA 253 1029 299 NA NA NA NA NA 
1760734800.0 1343.0 NA 235 447 0 NA NA NA NA NA NA 343 648 0 NA NA NA NA NA NA 237 894 188 NA NA NA NA NA NA 228 827 204 NA NA NA NA NA 
1760734800.0 13434.0 NA 763 0 NA NA NA NA NA NA NA 1133 0 NA NA NA NA NA NA NA 3413 203 NA NA NA NA NA NA NA 1602 221 NA NA NA NA NA NA 
1760734800.0 1344.0 NA 233 443 0 NA NA NA NA NA NA 362 644 0 NA NA NA NA NA NA 223 951 199 NA NA NA NA NA NA 234 1086 259 NA NA NA NA NA 
1760734800.0 1345.0 NA 234 446 0 NA NA NA NA NA NA 349 653 0 NA NA NA NA NA NA 226 872 199 NA NA NA NA NA NA 297 846 214 NA NA NA NA NA 
1760734800.0 1347.0 NA 255 468 0 NA NA NA NA NA NA 349 623 0 NA NA NA NA NA NA 265 1186 210 NA NA NA NA NA NA 255 1248 233 NA NA NA NA NA 
1760734800.0 1348.0 NA 249 417 0 NA NA NA NA NA NA 338 657 0 NA NA NA NA NA NA 251 1136 177 NA NA NA NA NA NA 272 1172 199 NA NA NA NA NA 
1760734800.0 1349.0 NA 235 437 0 NA NA NA NA NA NA 349 645 0 NA NA NA NA NA NA 226 919 192 NA NA NA NA NA NA 269 1206 208 NA NA NA NA NA 
1760734800.0 135.1 448 0 237 176 NA NA NA NA NA 620 0 336 261 NA NA NA NA NA 584 146 374 288 NA NA NA NA NA 553 184 419 351 NA NA NA NA NA 
1760734800.0 135.11 415 0 238 164 NA NA NA NA NA 612 0 356 264 NA NA NA NA NA 688 127 401 250 NA NA NA NA NA 644 165 455 319 NA NA NA NA NA 
1760734800.0 135.12 443 0 235 173 NA NA NA NA NA 603 0 341 265 NA NA NA NA NA 640 169 351 315 NA NA NA NA NA 656 196 414 381 NA NA NA NA NA 
1760734800.0 135.13 457 0 NA NA NA NA NA NA NA 604 0 NA NA NA NA NA NA NA 521 160 NA NA NA NA NA NA NA 505 189 NA NA NA NA NA NA NA 
1760734800.0 135.14 448 0 240 175 NA NA NA NA NA 601 0 345 273 NA NA NA NA NA 557 128 320 211 NA NA NA NA NA 513 162 307 263 NA NA NA NA NA 
1760734800.0 135.2 363 0 228 175 NA NA NA NA NA 500 0 328 262 NA NA NA NA NA 473 119 287 210 NA NA NA NA NA 641 146 297 261 NA NA NA NA NA 
1760734800.0 135.3 366 0 231 174 NA NA NA NA NA 500 0 335 263 NA NA NA NA NA 514 148 335 298 NA NA NA NA NA 679 183 409 360 NA NA NA NA NA 
1760734800.0 135.4 401 0 222 161 NA NA NA NA NA 595 0 326 261 NA NA NA NA NA 489 125 342 233 NA NA NA NA NA 522 168 431 336 NA NA NA NA NA 
1760734800.0 135.5 405 0 219 165 NA NA NA NA NA 610 0 332 262 NA NA NA NA NA 557 108 314 233 NA NA NA NA NA 644 124 404 329 NA NA NA NA NA 
1760734800.0 135.6 446 0 238 174 NA NA NA NA NA 611 0 340 268 NA NA NA NA NA 660 125 364 292 NA NA NA NA NA 673 189 441 362 NA NA NA NA NA 
1760734800.0 135.7 407 0 234 167 NA NA NA NA NA 612 0 349 262 NA NA NA NA NA 565 144 354 242 NA NA NA NA NA 693 193 447 369 NA NA NA NA NA 
1760734800.0 135.8 193 NA NA NA NA NA NA NA NA 291 NA NA NA NA NA NA NA NA 536 NA NA NA NA NA NA NA NA 325 NA NA NA NA NA NA NA NA 
1760734800.0 135.9 442 0 235 174 NA NA NA NA NA 577 0 334 260 NA NA NA NA NA 554 153 348 274 NA NA NA NA NA 630 194 385 332 NA NA NA NA NA 
1760734800.0 1350.0 NA 235 442 0 NA NA NA NA NA NA 331 637 0 NA NA NA NA NA NA 216 919 189 NA NA NA NA NA NA 259 965 206 NA NA NA NA NA 
1760734800.0 1351.0 NA 250 463 0 NA NA NA NA NA NA 355 633 0 NA NA NA NA NA NA 261 1139 211 NA NA NA NA NA NA 262 1150 235 NA NA NA NA NA 
1760734800.0 1352.0 NA 238 442 0 NA NA NA NA NA NA 338 641 0 NA NA NA NA NA NA 207 911 179 NA NA NA NA NA NA 238 913 194 NA NA NA NA NA 
1760734800.0 1353.0 NA 251 472 0 NA NA NA NA NA NA 345 654 0 NA NA NA NA NA NA 262 1215 204 NA NA NA NA NA NA 292 1216 236 NA NA NA NA NA 
1760734800.0 1354.0 NA 251 474 0 NA NA NA NA NA NA 347 655 0 NA NA NA NA NA NA 235 1156 207 NA NA NA NA NA NA 285 1144 234 NA NA NA NA NA 
1760734800.0 1355.0 NA 242 446 0 NA NA NA NA NA NA 350 637 0 NA NA NA NA NA NA 242 992 180 NA NA NA NA NA NA 225 1167 197 NA NA NA NA NA 
1760734800.0 1356.0 154 242 496 0 270 NA NA NA NA 221 341 697 0 393 NA NA NA NA 757 209 969 189 320 NA NA NA NA 403 226 1011 208 329 NA NA NA NA 
1760734800.0 136.721 NA 189 476 0 NA NA NA NA NA NA 266 668 0 NA NA NA NA NA NA 205 3165 170 NA NA NA NA NA NA 307 1536 185 NA NA NA NA NA 
1760734800.0 136.722 NA 190 466 0 NA NA NA NA NA NA 264 643 0 NA NA NA NA NA NA 223 3011 126 NA NA NA NA NA NA 202 1476 150 NA NA NA NA NA 
1760734800.0 136.723 NA 193 488 0 NA NA NA NA NA NA 270 676 0 NA NA NA NA NA NA 220 3038 164 NA NA NA NA NA NA 194 1415 189 NA NA NA NA NA 
1760734800.0 136.724 NA 192 472 0 NA NA NA NA NA NA 273 647 0 NA NA NA NA NA NA 216 3450 118 NA NA NA NA NA NA 207 1543 144 NA NA NA NA NA 
1760734800.0 136.725 NA 192 467 0 NA NA NA NA NA NA 269 660 0 NA NA NA NA NA NA 219 2858 118 NA NA NA NA NA NA 186 1405 141 NA NA NA NA NA 
1760734800.0 136.726 NA 184 420 0 NA NA NA NA NA NA 268 601 0 NA NA NA NA NA NA 228 3151 111 NA NA NA NA NA NA 221 1492 128 NA NA NA NA NA 
1760734800.0 136.727 NA 293 533 0 NA NA NA NA NA NA 396 724 0 NA NA NA NA NA NA 377 2999 171 NA NA NA NA NA NA 276 1477 193 NA NA NA NA NA 
1760734800.0 136.728 NA 293 522 0 NA NA NA NA NA NA 403 720 0 NA NA NA NA NA NA 402 3188 166 NA NA NA NA NA NA 441 1469 191 NA NA NA NA NA 
1760734800.0 136.729 NA 192 491 0 NA NA NA NA NA NA 267 683 0 NA NA NA NA NA NA 211 3329 136 NA NA NA NA NA NA 202 1510 163 NA NA NA NA NA 
1760734800.0 136.73 NA 189 495 0 NA NA NA NA NA NA 272 706 0 NA NA NA NA NA NA 212 3171 134 NA NA NA NA NA NA 266 1610 158 NA NA NA NA NA 
1760734800.0 136.731 NA 186 473 0 NA NA NA NA NA NA 270 684 0 NA NA NA NA NA NA 205 3049 128 NA NA NA NA NA NA 216 1496 155 NA NA NA NA NA 
1760734800.0 136.732 NA 187 515 0 NA NA NA NA NA NA 271 716 0 NA NA NA NA NA NA 194 2714 169 NA NA NA NA NA NA 232 1410 186 NA NA NA NA NA 
1760734800.0 136.733 NA 281 137 0 NA NA NA NA NA NA 429 212 0 NA NA NA NA NA NA 629 188 115 NA NA NA NA NA NA 556 265 134 NA NA NA NA NA 
1760734800.0 136.734 NA 191 422 0 NA NA NA NA NA NA 267 609 0 NA NA NA NA NA NA 226 3062 132 NA NA NA NA NA NA 204 1522 158 NA NA NA NA NA 
1760734800.0 136.735 NA 184 402 0 NA NA NA NA NA NA 271 595 0 NA NA NA NA NA NA 189 1379 129 NA NA NA NA NA NA 237 1300 163 NA NA NA NA NA 
1760734800.0 136.736 NA 192 500 0 NA NA NA NA NA NA 269 688 0 NA NA NA NA NA NA 193 4634 153 NA NA NA NA NA NA 179 1974 176 NA NA NA NA NA 
1760734800.0 136.737 NA 192 441 0 NA NA NA NA NA NA 265 668 0 NA NA NA NA NA NA 185 4191 96 NA NA NA NA NA NA 169 1659 108 NA NA NA NA NA 
1760734800.0 136.738 NA 191 505 0 NA NA NA NA NA NA 274 708 0 NA NA NA NA NA NA 188 4135 136 NA NA NA NA NA NA 150 1550 151 NA NA NA NA NA 
1760734800.0 136.739 NA 190 487 0 NA NA NA NA NA NA 264 708 0 NA NA NA NA NA NA 181 4999 95 NA NA NA NA NA NA 147 1913 114 NA NA NA NA NA 
1760734800.0 136.74 NA 192 451 0 NA NA NA NA NA NA 274 694 0 NA NA NA NA NA NA 179 4179 93 NA NA NA NA NA NA 175 1658 118 NA NA NA NA NA 
1760734800.0 136.741 NA 190 432 0 NA NA NA NA NA NA 269 611 0 NA NA NA NA NA NA 181 4107 87 NA NA NA NA NA NA 151 1635 100 NA NA NA NA NA 
1760734800.0 136.742 NA 190 505 0 NA NA NA NA NA NA 266 709 0 NA NA NA NA NA NA 189 4745 130 NA NA NA NA NA NA 212 1952 148 NA NA NA NA NA 
1760734800.0 136.743 NA 191 554 0 NA NA NA NA NA NA 262 735 0 NA NA NA NA NA NA 202 4262 138 NA NA NA NA NA NA 192 1734 157 NA NA NA NA NA 
1760734800.0 136.744 NA 191 485 0 NA NA NA NA NA NA 268 678 0 NA NA NA NA NA NA 176 4133 97 NA NA NA NA NA NA 154 1641 113 NA NA NA NA NA 
1760734800.0 136.745 NA 190 544 0 NA NA NA NA NA NA 272 738 0 NA NA NA NA NA NA 233 3396 163 NA NA NA NA NA NA 211 1516 187 NA NA NA NA NA 
1760734800.0 136.746 NA 190 432 0 NA NA NA NA NA NA 269 617 0 NA NA NA NA NA NA 185 3878 104 NA NA NA NA NA NA 145 1578 119 NA NA NA NA NA 
1760734800.0 136.747 NA 193 512 0 NA NA NA NA NA NA 280 701 0 NA NA NA NA NA NA 246 4319 158 NA NA NA NA NA NA 195 1797 179 NA NA NA NA NA 
1760734800.0 136.748 NA 192 428 0 NA NA NA NA NA NA 270 619 0 NA NA NA NA NA NA 169 3729 98 NA NA NA NA NA NA 135 1519 109 NA NA NA NA NA 
1760734800.0 136.749 NA 192 514 0 NA NA NA NA NA NA 268 712 0 NA NA NA NA NA NA 185 4293 137 NA NA NA NA NA NA 172 1623 151 NA NA NA NA NA 
1760734800.0 136.75 NA 182 492 0 NA NA NA NA NA NA 263 690 0 NA NA NA NA NA NA 187 5201 95 NA NA NA NA NA NA 211 1947 135 NA NA NA NA NA 
1760734800.0 136.751 NA 191 489 0 NA NA NA NA NA NA 271 707 0 NA NA NA NA NA NA 178 5152 93 NA NA NA NA NA NA 142 1920 139 NA NA NA NA NA 
1760734800.0 136.752 NA 193 435 0 NA NA NA NA NA NA 271 620 0 NA NA NA NA NA NA 177 4130 88 NA NA NA NA NA NA 157 1737 100 NA NA NA NA NA 
1760734800.0 136.753 NA 190 511 0 NA NA NA NA NA NA 267 706 0 NA NA NA NA NA NA 189 4961 134 NA NA NA NA NA NA 203 1988 158 NA NA NA NA NA 
1760734800.0 136.754 NA 196 564 0 NA NA NA NA NA NA 283 771 0 NA NA NA NA NA NA 197 4222 131 NA NA NA NA NA NA 190 1801 150 NA NA NA NA NA 
1760734800.0 136.755 NA 191 474 0 NA NA NA NA NA NA 269 709 0 NA NA NA NA NA NA 180 4677 96 NA NA NA NA NA NA 148 1806 116 NA NA NA NA NA 
1760734800.0 136.756 NA 192 550 0 NA NA NA NA NA NA 276 761 0 NA NA NA NA NA NA 213 3266 172 NA NA NA NA NA NA 266 1570 196 NA NA NA NA NA 
1760734800.0 136.757 NA 193 441 0 NA NA NA NA NA NA 277 605 0 NA NA NA NA NA NA 188 3772 101 NA NA NA NA NA NA 168 1531 115 NA NA NA NA NA 
1760734800.0 136.758 NA 191 520 0 NA NA NA NA NA NA 273 718 0 NA NA NA NA NA NA 180 4948 136 NA NA NA NA NA NA 179 1807 159 NA NA NA NA NA 
1760734800.0 136.759 NA 191 492 0 NA NA NA NA NA NA 263 700 0 NA NA NA NA NA NA 181 5442 99 NA NA NA NA NA NA 151 2012 117 NA NA NA NA NA 
1760734800.0 136.76 NA 191 532 0 NA NA NA NA NA NA 272 729 0 NA NA NA NA NA NA 192 6057 138 NA NA NA NA NA NA 151 2151 154 NA NA NA NA NA 
1760734800.0 136.761 NA 191 495 0 NA NA NA NA NA NA 269 736 0 NA NA NA NA NA NA 196 6500 96 NA NA NA NA NA NA 245 2327 113 NA NA NA NA NA 
1760734800.0 136.762 NA 190 475 0 NA NA NA NA NA NA 266 678 0 NA NA NA NA NA NA 198 7027 96 NA NA NA NA NA NA 167 2357 119 NA NA NA NA NA 
1760734800.0 136.763 NA 192 444 0 NA NA NA NA NA NA 270 646 0 NA NA NA NA NA NA 188 5819 88 NA NA NA NA NA NA 147 2079 97 NA NA NA NA NA 
1760734800.0 136.764 NA 191 519 0 NA NA NA NA NA NA 266 722 0 NA NA NA NA NA NA 177 5719 110 NA NA NA NA NA NA 142 2065 122 NA NA NA NA NA 
1760734800.0 136.765 NA 191 563 0 NA NA NA NA NA NA 264 781 0 NA NA NA NA NA NA 182 4887 117 NA NA NA NA NA NA 150 1801 136 NA NA NA NA NA 
1760734800.0 136.766 NA 184 478 0 NA NA NA NA NA NA 265 712 0 NA NA NA NA NA NA 190 5692 100 NA NA NA NA NA NA 189 2092 118 NA NA NA NA NA 
1760734800.0 136.767 NA 191 559 0 NA NA NA NA NA NA 263 761 0 NA NA NA NA NA NA 174 3986 136 NA NA NA NA NA NA 167 1634 151 NA NA NA NA NA 
1760734800.0 136.768 NA 180 449 0 NA NA NA NA NA NA 270 634 0 NA NA NA NA NA NA 197 5373 102 NA NA NA NA NA NA 214 2001 119 NA NA NA NA NA 
1760734800.0 136.769 NA 193 504 0 NA NA NA NA NA NA 274 711 0 NA NA NA NA NA NA 178 4505 173 NA NA NA NA NA NA 153 1939 200 NA NA NA NA NA 
1760734800.0 136.77 NA 191 486 0 NA NA NA NA NA NA 271 661 0 NA NA NA NA NA NA 166 3904 94 NA NA NA NA NA NA 183 1539 104 NA NA NA NA NA 
1760734800.0 136.771 NA 194 512 0 NA NA NA NA NA NA 277 693 0 NA NA NA NA NA NA 234 4311 164 NA NA NA NA NA NA 183 1758 191 NA NA NA NA NA 
1760734800.0 136.772 NA 193 482 0 NA NA NA NA NA NA 277 700 0 NA NA NA NA NA NA 173 4648 94 NA NA NA NA NA NA 143 1787 130 NA NA NA NA NA 
1760734800.0 136.773 NA 192 491 0 NA NA NA NA NA NA 270 686 0 NA NA NA NA NA NA 169 3862 95 NA NA NA NA NA NA 151 1558 114 NA NA NA NA NA 
1760734800.0 136.774 NA 193 436 0 NA NA NA NA NA NA 274 619 0 NA NA NA NA NA NA 172 3912 89 NA NA NA NA NA NA 148 1583 102 NA NA NA NA NA 
1760734800.0 136.775 NA 191 514 0 NA NA NA NA NA NA 271 708 0 NA NA NA NA NA NA 173 4222 134 NA NA NA NA NA NA 165 1723 160 NA NA NA NA NA 
1760734800.0 136.776 NA 194 551 0 NA NA NA NA NA NA 267 743 0 NA NA NA NA NA NA 238 4073 135 NA NA NA NA NA NA 191 1754 155 NA NA NA NA NA 
1760734800.0 136.777 NA 191 484 0 NA NA NA NA NA NA 272 662 0 NA NA NA NA NA NA 172 4074 95 NA NA NA NA NA NA 176 1643 109 NA NA NA NA NA 
1760734800.0 136.778 NA 194 547 0 NA NA NA NA NA NA 279 730 0 NA NA NA NA NA NA 214 3117 163 NA NA NA NA NA NA 219 1434 185 NA NA NA NA NA 
1760734800.0 136.779 NA 192 392 0 NA NA NA NA NA NA 271 614 0 NA NA NA NA NA NA 177 3671 99 NA NA NA NA NA NA 139 1501 109 NA NA NA NA NA 
1760734800.0 136.78 NA 212 596 0 NA NA NA NA NA NA 294 862 0 NA NA NA NA NA NA 167 5023 148 NA NA NA NA NA NA 142 1882 159 NA NA NA NA NA 
1760734800.0 136.7801 NA 192 0 NA NA NA NA NA NA NA 276 0 NA NA NA NA NA NA NA 385 92 NA NA NA NA NA NA NA 459 108 NA NA NA NA NA NA 
1760734800.0 136.7802 NA 140 0 NA NA NA NA NA NA NA 210 0 NA NA NA NA NA NA NA 241 85 NA NA NA NA NA NA NA 352 104 NA NA NA NA NA NA 
1760734800.0 136.7803 NA 198 0 NA NA NA NA NA NA NA 282 0 NA NA NA NA NA NA NA 450 82 NA NA NA NA NA NA NA 705 101 NA NA NA NA NA NA 
1760734800.0 136.781 NA 213 516 0 NA NA NA NA NA NA 294 750 0 NA NA NA NA NA NA 167 5126 113 NA NA NA NA NA NA 186 1935 127 NA NA NA NA NA 
1760734800.0 136.782 NA 208 600 0 NA NA NA NA NA NA 298 836 0 NA NA NA NA NA NA 186 5711 163 NA NA NA NA NA NA 174 2066 191 NA NA NA NA NA 
1760734800.0 136.783 NA 213 534 0 NA NA NA NA NA NA 291 789 0 NA NA NA NA NA NA 193 6152 117 NA NA NA NA NA NA 232 2148 139 NA NA NA NA NA 
1760734800.0 136.784 NA 215 491 0 NA NA NA NA NA NA 305 697 0 NA NA NA NA NA NA 164 4890 113 NA NA NA NA NA NA 148 1880 129 NA NA NA NA NA 
1760734800.0 136.785 NA 205 488 0 NA NA NA NA NA NA 301 700 0 NA NA NA NA NA NA 185 5587 107 NA NA NA NA NA NA 205 2061 131 NA NA NA NA NA 
1760734800.0 136.786 NA 212 603 0 NA NA NA NA NA NA 292 816 0 NA NA NA NA NA NA 178 5450 131 NA NA NA NA NA NA 206 2022 146 NA NA NA NA NA 
1760734800.0 136.787 NA 215 683 0 NA NA NA NA NA NA 290 946 0 NA NA NA NA NA NA 168 5151 137 NA NA NA NA NA NA 153 1976 160 NA NA NA NA NA 
1760734800.0 136.788 NA 214 523 0 NA NA NA NA NA NA 304 759 0 NA NA NA NA NA NA 187 5856 114 NA NA NA NA NA NA 201 2119 129 NA NA NA NA NA 
1760734800.0 136.789 NA 214 655 0 NA NA NA NA NA NA 300 905 0 NA NA NA NA NA NA 162 4718 148 NA NA NA NA NA NA 193 1810 164 NA NA NA NA NA 
1760734800.0 136.79 NA 219 479 0 NA NA NA NA NA NA 306 695 0 NA NA NA NA NA NA 207 3687 139 NA NA NA NA NA NA 217 1720 158 NA NA NA NA NA 
1760734800.0 136.791 NA 218 512 0 NA NA NA NA NA NA 307 736 0 NA NA NA NA NA NA 196 1376 147 NA NA NA NA NA NA 193 1139 167 NA NA NA NA NA 
1760734800.0 136.792 NA 217 602 0 NA NA NA NA NA NA 304 814 0 NA NA NA NA NA NA 160 4097 149 NA NA NA NA NA NA 149 1628 165 NA NA NA NA NA 
1760734800.0 136.793 NA 214 529 0 NA NA NA NA NA NA 296 778 0 NA NA NA NA NA NA 164 3868 115 NA NA NA NA NA NA 200 1616 130 NA NA NA NA NA 
1760734800.0 136.794 NA 214 598 0 NA NA NA NA NA NA 293 816 0 NA NA NA NA NA NA 175 4411 148 NA NA NA NA NA NA 150 1689 162 NA NA NA NA NA 
1760734800.0 136.795 NA 216 538 0 NA NA NA NA NA NA 299 773 0 NA NA NA NA NA NA 166 4635 113 NA NA NA NA NA NA 179 1830 130 NA NA NA NA NA 
1760734800.0 136.796 NA 214 490 0 NA NA NA NA NA NA 293 703 0 NA NA NA NA NA NA 164 3928 112 NA NA NA NA NA NA 161 1653 125 NA NA NA NA NA 
1760734800.0 136.797 NA 216 480 0 NA NA NA NA NA NA 305 667 0 NA NA NA NA NA NA 174 4518 104 NA NA NA NA NA NA 148 1789 126 NA NA NA NA NA 
1760734800.0 136.798 NA 207 581 0 NA NA NA NA NA NA 294 817 0 NA NA NA NA NA NA 170 4211 132 NA NA NA NA NA NA 204 1650 144 NA NA NA NA NA 
1760734800.0 136.799 NA 213 699 0 NA NA NA NA NA NA 298 939 0 NA NA NA NA NA NA 172 4375 130 NA NA NA NA NA NA 203 1809 140 NA NA NA NA NA 
1760734800.0 136.8 NA 216 537 0 NA NA NA NA NA NA 290 787 0 NA NA NA NA NA NA 166 4534 113 NA NA NA NA NA NA 146 1822 125 NA NA NA NA NA 
1760734800.0 136.801 NA 213 649 0 NA NA NA NA NA NA 286 855 0 NA NA NA NA NA NA 211 3303 173 NA NA NA NA NA NA 227 1529 194 NA NA NA NA NA 
1760734800.0 136.802 NA 215 478 0 NA NA NA NA NA NA 292 717 0 NA NA NA NA NA NA 172 3745 120 NA NA NA NA NA NA 160 1667 132 NA NA NA NA NA 
1760734800.0 136.803 NA 216 515 0 NA NA NA NA NA NA 308 725 0 NA NA NA NA NA NA 184 1473 143 NA NA NA NA NA NA 219 1244 165 NA NA NA NA NA 
1760734800.0 136.804 NA 213 582 0 NA NA NA NA NA NA 293 820 0 NA NA NA NA NA NA 166 4047 149 NA NA NA NA NA NA 179 1633 160 NA NA NA NA NA 
1760734800.0 136.805 NA 214 526 0 NA NA NA NA NA NA 297 791 0 NA NA NA NA NA NA 164 4357 114 NA NA NA NA NA NA 153 1740 125 NA NA NA NA NA 
1760734800.0 136.806 NA 208 587 0 NA NA NA NA NA NA 304 809 0 NA NA NA NA NA NA 177 4003 152 NA NA NA NA NA NA 199 1593 168 NA NA NA NA NA 
1760734800.0 136.807 NA 215 526 0 NA NA NA NA NA NA 293 764 0 NA NA NA NA NA NA 166 4648 110 NA NA NA NA NA NA 147 1826 124 NA NA NA NA NA 
1760734800.0 136.808 NA 214 533 0 NA NA NA NA NA NA 303 758 0 NA NA NA NA NA NA 163 4089 111 NA NA NA NA NA NA 165 1741 123 NA NA NA NA NA 
1760734800.0 136.809 NA 216 472 0 NA NA NA NA NA NA 296 657 0 NA NA NA NA NA NA 172 4010 104 NA NA NA NA NA NA 176 1617 118 NA NA NA NA NA 
1760734800.0 136.81 NA 214 584 0 NA NA NA NA NA NA 306 808 0 NA NA NA NA NA NA 160 3990 127 NA NA NA NA NA NA 276 1659 139 NA NA NA NA NA 
1760734800.0 136.811 NA 215 667 0 NA NA NA NA NA NA 299 924 0 NA NA NA NA NA NA 165 4291 132 NA NA NA NA NA NA 146 1794 146 NA NA NA NA NA 
1760734800.0 136.812 NA 215 526 0 NA NA NA NA NA NA 297 759 0 NA NA NA NA NA NA 168 4749 117 NA NA NA NA NA NA 184 1879 151 NA NA NA NA NA 
1760734800.0 136.813 NA 215 634 0 NA NA NA NA NA NA 305 873 0 NA NA NA NA NA NA 218 3466 192 NA NA NA NA NA NA 216 1589 215 NA NA NA NA NA 
1760734800.0 136.814 NA 215 485 0 NA NA NA NA NA NA 300 696 0 NA NA NA NA NA NA 173 3851 120 NA NA NA NA NA NA 157 1583 136 NA NA NA NA NA 
1760734800.0 136.815 NA 206 492 0 NA NA NA NA NA NA 299 738 0 NA NA NA NA NA NA 194 1417 148 NA NA NA NA NA NA 226 1202 172 NA NA NA NA NA 
1760734800.0 136.816 NA 214 609 0 NA NA NA NA NA NA 298 918 0 NA NA NA NA NA NA 185 6307 158 NA NA NA NA NA NA 183 2348 194 NA NA NA NA NA 
1760734800.0 136.817 NA 206 534 0 NA NA NA NA NA NA 297 776 0 NA NA NA NA NA NA 171 5476 116 NA NA NA NA NA NA 196 2049 156 NA NA NA NA NA 
1760734800.0 136.818 NA 215 611 0 NA NA NA NA NA NA 301 878 0 NA NA NA NA NA NA 179 5770 163 NA NA NA NA NA NA 148 2073 181 NA NA NA NA NA 
1760734800.0 136.819 NA 215 536 0 NA NA NA NA NA NA 299 795 0 NA NA NA NA NA NA 187 6356 114 NA NA NA NA NA NA 178 2316 126 NA NA NA NA NA 
1760734800.0 136.82 NA 215 499 0 NA NA NA NA NA NA 298 722 0 NA NA NA NA NA NA 190 5974 112 NA NA NA NA NA NA 210 2177 126 NA NA NA NA NA 
1760734800.0 136.821 NA 217 482 0 NA NA NA NA NA NA 301 706 0 NA NA NA NA NA NA 175 5596 104 NA NA NA NA NA NA 152 2065 122 NA NA NA NA NA 
1760734800.0 136.822 NA 212 600 0 NA NA NA NA NA NA 294 854 0 NA NA NA NA NA NA 162 5540 128 NA NA NA NA NA NA 145 2000 143 NA NA NA NA NA 
1760734800.0 136.823 NA 213 691 0 NA NA NA NA NA NA 293 959 0 NA NA NA NA NA NA 173 5289 130 NA NA NA NA NA NA 150 2103 139 NA NA NA NA NA 
1760734800.0 136.824 NA 214 552 0 NA NA NA NA NA NA 292 827 0 NA NA NA NA NA NA 193 6648 118 NA NA NA NA NA NA 204 2313 131 NA NA NA NA NA 
1760734800.0 136.825 NA 214 667 0 NA NA NA NA NA NA 296 923 0 NA NA NA NA NA NA 153 3624 151 NA NA NA NA NA NA 147 1517 169 NA NA NA NA NA 
1760734800.0 136.826 NA 214 493 0 NA NA NA NA NA NA 297 719 0 NA NA NA NA NA NA 180 5476 122 NA NA NA NA NA NA 164 2025 137 NA NA NA NA NA 
1760734800.0 136.827 NA 219 512 0 NA NA NA NA NA NA 304 717 0 NA NA NA NA NA NA 176 1440 154 NA NA NA NA NA NA 221 1200 180 NA NA NA NA NA 
1760734800.0 136.828 NA 214 637 0 NA NA NA NA NA NA 306 907 0 NA NA NA NA NA NA 191 6436 161 NA NA NA NA NA NA 195 2233 198 NA NA NA NA NA 
1760734800.0 136.829 NA 213 531 0 NA NA NA NA NA NA 297 814 0 NA NA NA NA NA NA 186 6261 128 NA NA NA NA NA NA 196 2327 144 NA NA NA NA NA 
1760734800.0 136.83 NA 215 607 0 NA NA NA NA NA NA 298 855 0 NA NA NA NA NA NA 200 6398 160 NA NA NA NA NA NA 213 2413 176 NA NA NA NA NA 
1760734800.0 136.831 NA 215 537 0 NA NA NA NA NA NA 307 794 0 NA NA NA NA NA NA 194 6719 112 NA NA NA NA NA NA 198 2332 127 NA NA NA NA NA 
1760734800.0 136.832 NA 215 569 0 NA NA NA NA NA NA 292 816 0 NA NA NA NA NA NA 236 8782 138 NA NA NA NA NA NA 192 3257 162 NA NA NA NA NA 
1760734800.0 136.833 NA 215 495 0 NA NA NA NA NA NA 304 717 0 NA NA NA NA NA NA 203 6474 107 NA NA NA NA NA NA 229 2267 138 NA NA NA NA NA 
1760734800.0 136.834 NA 214 612 0 NA NA NA NA NA NA 304 853 0 NA NA NA NA NA NA 189 6236 132 NA NA NA NA NA NA 218 2232 146 NA NA NA NA NA 
1760734800.0 136.835 NA 216 700 0 NA NA NA NA NA NA 299 973 0 NA NA NA NA NA NA 197 5770 149 NA NA NA NA NA NA 204 2120 179 NA NA NA NA NA 
1760734800.0 136.836 NA 214 512 0 NA NA NA NA NA NA 289 842 0 NA NA NA NA NA NA 226 7926 135 NA NA NA NA NA NA 239 3083 158 NA NA NA NA NA 
1760734800.0 136.837 NA 213 679 0 NA NA NA NA NA NA 306 943 0 NA NA NA NA NA NA 163 4955 157 NA NA NA NA NA NA 166 1875 172 NA NA NA NA NA 
1760734800.0 136.838 NA 216 499 0 NA NA NA NA NA NA 301 739 0 NA NA NA NA NA NA 196 5841 121 NA NA NA NA NA NA 238 2124 143 NA NA NA NA NA 
1760734800.0 136.839 NA 223 517 0 NA NA NA NA NA NA 319 716 0 NA NA NA NA NA NA 202 1469 152 NA NA NA NA NA NA 203 1123 188 NA NA NA NA NA 
1760734800.0 136.8391 NA 254 635 0 NA NA NA NA NA NA 372 855 0 NA NA NA NA NA NA 449 5608 133 NA NA NA NA NA NA 463 2005 150 NA NA NA NA NA 
1760734800.0 136.84 NA 214 493 0 NA NA NA NA NA NA 303 689 0 NA NA NA NA NA NA 173 5103 107 NA NA NA NA NA NA 158 1976 140 NA NA NA NA NA 
1760734800.0 136.841 NA 217 484 0 NA NA NA NA NA NA 302 697 0 NA NA NA NA NA NA 170 5221 106 NA NA NA NA NA NA 149 2041 129 NA NA NA NA NA 
1760734800.0 136.842 NA 216 499 0 NA NA NA NA NA NA 301 750 0 NA NA NA NA NA NA 194 6538 113 NA NA NA NA NA NA 222 2257 129 NA NA NA NA NA 
1760734800.0 136.843 NA 211 500 0 NA NA NA NA NA NA 299 747 0 NA NA NA NA NA NA 252 8801 143 NA NA NA NA NA NA 314 3074 169 NA NA NA NA NA 
1760734800.0 136.844 NA 210 488 0 NA NA NA NA NA NA 297 719 0 NA NA NA NA NA NA 182 4610 107 NA NA NA NA NA NA 187 1835 130 NA NA NA NA NA 
1760734800.0 136.845 NA 214 475 0 NA NA NA NA NA NA 296 688 0 NA NA NA NA NA NA 171 3774 102 NA NA NA NA NA NA 189 1552 113 NA NA NA NA NA 
1760734800.0 136.846 NA 214 454 0 NA NA NA NA NA NA 298 664 0 NA NA NA NA NA NA 169 3570 102 NA NA NA NA NA NA 136 1479 116 NA NA NA NA NA 
1760734800.0 136.847 NA 214 488 0 NA NA NA NA NA NA 293 691 0 NA NA NA NA NA NA 183 5620 105 NA NA NA NA NA NA 146 2088 138 NA NA NA NA NA 
1760734800.0 136.848 NA 214 497 0 NA NA NA NA NA NA 302 705 0 NA NA NA NA NA NA 207 6659 104 NA NA NA NA NA NA 207 2408 120 NA NA NA NA NA 
1760734800.0 136.849 NA 206 585 0 NA NA NA NA NA NA 296 794 0 NA NA NA NA NA NA 170 4007 153 NA NA NA NA NA NA 192 1580 168 NA NA NA NA NA 
1760734800.0 136.85 NA 213 583 0 NA NA NA NA NA NA 294 792 0 NA NA NA NA NA NA 164 4420 113 NA NA NA NA NA NA 147 1826 123 NA NA NA NA NA 
1760734800.0 136.8501 NA 214 483 0 NA NA NA NA NA NA 295 700 0 NA NA NA NA NA NA 176 4684 105 NA NA NA NA NA NA 162 1868 123 NA NA NA NA NA 
1760734800.0 136.851 NA 208 587 0 NA NA NA NA NA NA 296 812 0 NA NA NA NA NA NA 181 4537 150 NA NA NA NA NA NA 215 1746 162 NA NA NA NA NA 
1760734800.0 136.852 NA 215 541 0 NA NA NA NA NA NA 296 776 0 NA NA NA NA NA NA 168 5113 114 NA NA NA NA NA NA 157 1989 130 NA NA NA NA NA 
1760734800.0 136.853 NA 214 538 0 NA NA NA NA NA NA 304 798 0 NA NA NA NA NA NA 168 4258 111 NA NA NA NA NA NA 140 1745 124 NA NA NA NA NA 
1760734800.0 136.854 NA 214 482 0 NA NA NA NA NA NA 302 681 0 NA NA NA NA NA NA 174 4702 106 NA NA NA NA NA NA 187 1851 131 NA NA NA NA NA 
1760734800.0 136.855 NA 208 675 0 NA NA NA NA NA NA 288 931 0 NA NA NA NA NA NA 174 4321 134 NA NA NA NA NA NA 179 1851 148 NA NA NA NA NA 
1760734800.0 136.856 NA 215 659 0 NA NA NA NA NA NA 298 923 0 NA NA NA NA NA NA 150 3098 154 NA NA NA NA NA NA 169 1469 167 NA NA NA NA NA 
1760734800.0 136.8561 NA 190 475 0 NA NA NA NA NA NA 287 713 0 NA NA NA NA NA NA 180 1250 176 NA NA NA NA NA NA 174 1409 199 NA NA NA NA NA 
1760734800.0 136.8562 NA 188 459 0 NA NA NA NA NA NA 282 691 0 NA NA NA NA NA NA 189 1186 176 NA NA NA NA NA NA 241 1157 195 NA NA NA NA NA 
1760734800.0 136.857 NA 214 478 0 NA NA NA NA NA NA 300 727 0 NA NA NA NA NA NA 178 4043 122 NA NA NA NA NA NA 160 1672 142 NA NA NA NA NA 
1760734800.0 136.858 NA 218 506 0 NA NA NA NA NA NA 289 701 0 NA NA NA NA NA NA 189 1579 147 NA NA NA NA NA NA 222 1260 174 NA NA NA NA NA 
1760734800.0 136.859 NA 217 496 0 NA NA NA NA NA NA 301 724 0 NA NA NA NA NA NA 169 5708 107 NA NA NA NA NA NA 146 2121 138 NA NA NA NA NA 
1760734800.0 136.86 NA 215 486 0 NA NA NA NA NA NA 295 685 0 NA NA NA NA NA NA 175 4040 106 NA NA NA NA NA NA 170 1694 124 NA NA NA NA NA 
1760734800.0 136.861 NA 215 604 0 NA NA NA NA NA NA 300 856 0 NA NA NA NA NA NA 184 5790 158 NA NA NA NA NA NA 153 2124 173 NA NA NA NA NA 
1760734800.0 136.862 NA 214 553 0 NA NA NA NA NA NA 297 843 0 NA NA NA NA NA NA 188 6040 119 NA NA NA NA NA NA 227 2353 137 NA NA NA NA NA 
1760734800.0 136.863 NA 214 598 0 NA NA NA NA NA NA 302 838 0 NA NA NA NA NA NA 195 6121 163 NA NA NA NA NA NA 180 2342 196 NA NA NA NA NA 
1760734800.0 136.864 NA 213 538 0 NA NA NA NA NA NA 291 844 0 NA NA NA NA NA NA 223 7955 138 NA NA NA NA NA NA 234 2987 160 NA NA NA NA NA 
1760734800.0 136.8642 NA 214 547 0 NA NA NA NA NA NA 297 786 0 NA NA NA NA NA NA 200 6745 115 NA NA NA NA NA NA 189 2358 139 NA NA NA NA NA 
1760734800.0 136.865 NA 215 572 0 NA NA NA NA NA NA 292 828 0 NA NA NA NA NA NA 190 6269 115 NA NA NA NA NA NA 227 2290 131 NA NA NA NA NA 
1760734800.0 136.866 NA 213 493 0 NA NA NA NA NA NA 298 745 0 NA NA NA NA NA NA 197 6082 105 NA NA NA NA NA NA 201 2304 123 NA NA NA NA NA 
1760734800.0 136.867 NA 214 678 0 NA NA NA NA NA NA 285 926 0 NA NA NA NA NA NA 188 5806 136 NA NA NA NA NA NA 230 2310 160 NA NA NA NA NA 
1760734800.0 136.868 NA 213 685 0 NA NA NA NA NA NA 293 899 0 NA NA NA NA NA NA 172 4838 164 NA NA NA NA NA NA 189 2013 183 NA NA NA NA NA 
1760734800.0 136.869 NA 214 510 0 NA NA NA NA NA NA 301 740 0 NA NA NA NA NA NA 205 5975 120 NA NA NA NA NA NA 231 2272 152 NA NA NA NA NA 
1760734800.0 136.87 NA 212 511 0 NA NA NA NA NA NA 309 713 0 NA NA NA NA NA NA 190 1511 159 NA NA NA NA NA NA 233 1232 186 NA NA NA NA NA 
1760734800.0 136.871 NA 208 506 0 NA NA NA NA NA NA 299 765 0 NA NA NA NA NA NA 237 8514 127 NA NA NA NA NA NA 320 2990 151 NA NA NA NA NA 
1760734800.0 136.872 NA 213 520 0 NA NA NA NA NA NA 298 733 0 NA NA NA NA NA NA 197 5772 117 NA NA NA NA NA NA 156 2143 137 NA NA NA NA NA 
1760734800.0 136.873 NA 213 594 0 NA NA NA NA NA NA 297 821 0 NA NA NA NA NA NA 173 5399 172 NA NA NA NA NA NA 150 2003 192 NA NA NA NA NA 
1760734800.0 136.874 NA 203 602 0 NA NA NA NA NA NA 291 875 0 NA NA NA NA NA NA 177 5307 117 NA NA NA NA NA NA 204 2028 133 NA NA NA NA NA 
1760734800.0 136.875 NA 215 602 0 NA NA NA NA NA NA 303 870 0 NA NA NA NA NA NA 187 5416 166 NA NA NA NA NA NA 193 1959 197 NA NA NA NA NA 
1760734800.0 136.876 NA 215 556 0 NA NA NA NA NA NA 298 809 0 NA NA NA NA NA NA 191 6036 119 NA NA NA NA NA NA 188 2128 154 NA NA NA NA NA 
1760734800.0 136.877 NA 214 538 0 NA NA NA NA NA NA 304 771 0 NA NA NA NA NA NA 168 5313 113 NA NA NA NA NA NA 138 2052 135 NA NA NA NA NA 
1760734800.0 136.878 NA 214 495 0 NA NA NA NA NA NA 297 706 0 NA NA NA NA NA NA 179 5586 105 NA NA NA NA NA NA 172 2107 127 NA NA NA NA NA 
1760734800.0 136.879 NA 216 693 0 NA NA NA NA NA NA 294 970 0 NA NA NA NA NA NA 171 5291 136 NA NA NA NA NA NA 149 2110 154 NA NA NA NA NA 
1760734800.0 136.88 NA 212 670 0 NA NA NA NA NA NA 298 915 0 NA NA NA NA NA NA 175 4250 154 NA NA NA NA NA NA 209 1855 171 NA NA NA NA NA 
1760734800.0 136.881 NA 215 493 0 NA NA NA NA NA NA 297 699 0 NA NA NA NA NA NA 184 4821 119 NA NA NA NA NA NA 144 1915 131 NA NA NA NA NA 
1760734800.0 136.882 NA 220 555 0 NA NA NA NA NA NA 303 750 0 NA NA NA NA NA NA 185 1886 178 NA NA NA NA NA NA 209 1431 204 NA NA NA NA NA 
1760734800.0 136.883 NA 215 509 0 NA NA NA NA NA NA 300 734 0 NA NA NA NA NA NA 198 6452 104 NA NA NA NA NA NA 179 2257 116 NA NA NA NA NA 
1760734800.0 136.884 NA 213 499 0 NA NA NA NA NA NA 299 691 0 NA NA NA NA NA NA 181 4956 106 NA NA NA NA NA NA 146 1935 121 NA NA NA NA NA 
1760734800.0 136.885 NA 214 602 0 NA NA NA NA NA NA 296 837 0 NA NA NA NA NA NA 171 5274 151 NA NA NA NA NA NA 135 2014 167 NA NA NA NA NA 
1760734800.0 136.8855 NA 214 159 0 NA NA NA NA NA NA 304 316 0 NA NA NA NA NA NA 221 396 74 NA NA NA NA NA NA 233 539 88 NA NA NA NA NA 
1760734800.0 136.886 NA 215 539 0 NA NA NA NA NA NA 301 796 0 NA NA NA NA NA NA 162 5282 115 NA NA NA NA NA NA 147 2028 129 NA NA NA NA NA 
1760734800.0 136.8861 NA 216 551 0 NA NA NA NA NA NA 309 819 0 NA NA NA NA NA NA 212 4651 129 NA NA NA NA NA NA 330 1993 145 NA NA NA NA NA 
1760734800.0 136.8862 NA 215 547 0 NA NA NA NA NA NA 296 774 0 NA NA NA NA NA NA 189 5509 118 NA NA NA NA NA NA 264 2119 133 NA NA NA NA NA 
1760734800.0 136.887 NA 202 593 0 NA NA NA NA NA NA 302 824 0 NA NA NA NA NA NA 193 5142 162 NA NA NA NA NA NA 210 1896 179 NA NA NA NA NA 
1760734800.0 136.888 NA 214 561 0 NA NA NA NA NA NA 295 808 0 NA NA NA NA NA NA 189 6013 113 NA NA NA NA NA NA 183 2213 129 NA NA NA NA NA 
1760734800.0 136.8885 NA 214 158 0 NA NA NA NA NA NA 298 307 0 NA NA NA NA NA NA 265 384 87 NA NA NA NA NA NA 240 518 104 NA NA NA NA NA 
1760734800.0 136.889 NA 214 537 0 NA NA NA NA NA NA 306 800 0 NA NA NA NA NA NA 182 5871 115 NA NA NA NA NA NA 169 2290 135 NA NA NA NA NA 
1760734800.0 136.89 NA 215 493 0 NA NA NA NA NA NA 304 748 0 NA NA NA NA NA NA 176 5385 107 NA NA NA NA NA NA 135 2101 127 NA NA NA NA NA 
1760734800.0 136.891 NA 215 686 0 NA NA NA NA NA NA 298 945 0 NA NA NA NA NA NA 174 5104 135 NA NA NA NA NA NA 154 1999 147 NA NA NA NA NA 
1760734800.0 136.892 NA 213 680 0 NA NA NA NA NA NA 303 912 0 NA NA NA NA NA NA 178 4805 175 NA NA NA NA NA NA 229 1966 192 NA NA NA NA NA 
1760734800.0 136.893 NA 215 495 0 NA NA NA NA NA NA 303 747 0 NA NA NA NA NA NA 185 5300 122 NA NA NA NA NA NA 204 1996 135 NA NA NA NA NA 
1760734800.0 136.894 NA 220 573 0 NA NA NA NA NA NA 301 784 0 NA NA NA NA NA NA 218 2850 161 NA NA NA NA NA NA 217 1511 188 NA NA NA NA NA 
1760734800.0 136.895 NA 215 499 0 NA NA NA NA NA NA 302 746 0 NA NA NA NA NA NA 202 6188 106 NA NA NA NA NA NA 261 2302 120 NA NA NA NA NA 
1760734800.0 136.896 NA 213 503 0 NA NA NA NA NA NA 301 714 0 NA NA NA NA NA NA 179 5066 105 NA NA NA NA NA NA 146 1977 116 NA NA NA NA NA 
1760734800.0 136.897 NA 325 156 0 NA NA NA NA NA NA 501 251 0 NA NA NA NA NA NA 640 187 176 NA NA NA NA NA NA 422 267 218 NA NA NA NA NA 
1760734800.0 136.898 NA 207 526 0 NA NA NA NA NA NA 294 778 0 NA NA NA NA NA NA 187 5347 104 NA NA NA NA NA NA 212 2080 117 NA NA NA NA NA 
1760734800.0 136.899 NA 340 169 0 NA NA NA NA NA NA 540 286 0 NA NA NA NA NA NA 797 197 161 NA NA NA NA NA NA 429 280 195 NA NA NA NA NA 
1760734800.0 136.901 NA 312 291 343 185 303 303 185 NA NA 489 431 464 256 456 444 284 NA NA 3805 622 760 281 379 505 220 NA NA 1723 500 557 217 366 453 246 NA 
1760734800.0 136.902 NA 316 279 337 181 304 302 185 NA NA 487 420 470 245 453 450 289 NA NA 3353 585 802 250 386 535 227 NA NA 1689 436 595 168 381 526 250 NA 
1760734800.0 136.903 NA 358 338 418 202 319 317 170 NA NA 572 525 614 304 494 465 283 NA NA 5143 2206 2377 1069 729 744 245 NA NA 2086 972 1155 532 624 658 349 NA 
1760734800.0 136.904 NA 351 336 416 191 321 322 190 NA NA 569 492 575 274 513 468 281 NA NA 5106 1352 1882 671 613 632 247 NA NA 3483 779 906 336 642 548 263 NA 
1760734800.0 136.905 NA 365 345 410 206 347 324 195 NA NA 577 484 559 288 491 455 294 NA NA 4405 798 1640 397 420 535 227 NA NA 1697 445 880 219 450 442 258 NA 
1760734800.0 136.906 NA 355 332 373 195 330 308 192 NA NA 550 467 494 276 479 483 294 NA NA 5558 621 1068 277 354 503 240 NA NA 2195 454 770 184 322 499 267 NA 
1760734800.0 1360.0 138 234 464 0 NA NA NA NA NA 201 324 641 0 NA NA NA NA NA 1154 154 809 182 NA NA NA NA NA 705 161 759 202 NA NA NA NA NA 
1760734800.0 1361.0 156 248 470 0 NA NA NA NA NA 232 336 647 0 NA NA NA NA NA 3239 178 782 165 NA NA NA NA NA 1085 206 735 193 NA NA NA NA NA 
1760734800.0 1361.17 139 318 541 0 180 NA NA NA NA 204 413 758 0 283 NA NA NA NA 3501 551 780 194 192 NA NA NA NA 1349 265 739 212 208 NA NA NA NA 
1760734800.0 1361.18 138 310 543 0 179 NA NA NA NA 207 405 785 0 284 NA NA NA NA 3515 548 787 192 184 NA NA NA NA 1309 274 725 209 193 NA NA NA NA 
1760734800.0 1361.181 140 309 545 0 182 NA NA NA NA 207 399 764 0 279 NA NA NA NA 3569 560 778 200 191 NA NA NA NA 1342 262 698 216 213 NA NA NA NA 
1760734800.0 1362.0 160 244 468 0 NA NA NA NA NA 232 333 648 0 NA NA NA NA NA 4330 186 780 165 NA NA NA NA NA 1547 174 710 203 NA NA NA NA NA 
1760734800.0 1362.17 139 321 539 0 180 NA NA NA NA 205 417 773 0 282 NA NA NA NA 5223 674 1038 221 240 NA NA NA NA 2238 315 939 244 329 NA NA NA NA 
1760734800.0 1362.18 143 309 541 0 180 NA NA NA NA 210 414 744 0 281 NA NA NA NA 5064 704 989 231 263 NA NA NA NA 1833 332 933 263 300 NA NA NA NA 
1760734800.0 1363.0 162 242 471 0 NA NA NA NA NA 240 329 660 0 NA NA NA NA NA 4497 183 796 166 NA NA NA NA NA 1828 197 715 186 NA NA NA NA NA 
1760734800.0 1363.17 138 317 544 0 180 NA NA NA NA 202 411 775 0 280 NA NA NA NA 4955 610 974 225 246 NA NA NA NA 1692 285 928 250 321 NA NA NA NA 
1760734800.0 1363.18 141 310 549 0 180 NA NA NA NA 209 408 752 0 281 NA NA NA NA 5320 705 1007 238 228 NA NA NA NA 2103 314 886 274 299 NA NA NA NA 
1760734800.0 1364.0 NA 252 464 0 NA NA NA NA NA NA 352 636 0 NA NA NA NA NA NA 280 1162 208 NA NA NA NA NA NA 290 1159 245 NA NA NA NA NA 
1760734800.0 1365.0 NA 236 443 0 NA NA NA NA NA NA 347 648 0 NA NA NA NA NA NA 218 841 191 NA NA NA NA NA NA 280 826 263 NA NA NA NA NA 
1760734800.0 1366.0 NA 251 465 0 NA NA NA NA NA NA 346 639 0 NA NA NA NA NA NA 274 1165 203 NA NA NA NA NA NA 291 1278 229 NA NA NA NA NA 
1760734800.0 137.8 NA 205 509 NA 201 501 0 NA NA NA 295 871 NA 294 817 0 NA NA NA 211 6553 NA 211 6123 165 NA NA NA 353 3020 NA 239 2598 193 NA NA 
1760734800.0 1370.0 66 156 245 469 0 179 NA NA NA 99 226 336 652 0 280 NA NA NA 32 961 231 924 180 240 NA NA NA 106 460 197 860 205 312 NA NA NA 
1760734800.0 1370.17 67 133 313 545 0 179 NA NA NA 99 196 402 780 0 280 NA NA NA 24 893 555 767 193 186 NA NA NA 61 453 283 686 213 205 NA NA NA 
1760734800.0 1370.18 67 134 310 542 0 179 NA NA NA 99 199 410 771 0 272 NA NA NA 24 1005 548 800 192 183 NA NA NA 61 455 280 707 215 199 NA NA NA 
1760734800.0 138.1 NA 318 147 0 NA NA NA NA NA NA 526 257 0 NA NA NA NA NA NA 520 142 156 NA NA NA NA NA NA 400 182 182 NA NA NA NA NA 
1760734800.0 138.2 NA 334 157 0 NA NA NA NA NA NA 512 254 0 NA NA NA NA NA NA 676 202 149 NA NA NA NA NA NA 514 259 190 NA NA NA NA NA 
1760734800.0 138.3 NA 75 478 0 NA NA NA NA NA NA 121 704 0 NA NA NA NA NA NA 31 2005 145 NA NA NA NA NA NA 160 1816 164 NA NA NA NA NA 
1760734800.0 138.4 NA 431 0 NA NA NA NA NA NA NA 623 0 NA NA NA NA NA NA NA 948 231 NA NA NA NA NA NA NA 750 266 NA NA NA NA NA NA 
1760734800.0 138.5 NA 439 215 0 NA NA NA NA NA NA 650 335 0 NA NA NA NA NA NA 1293 237 200 NA NA NA NA NA NA 2039 261 272 NA NA NA NA NA 
1760734800.0 139.001 NA 219 487 0 NA NA NA NA NA NA 307 697 0 NA NA NA NA NA NA 158 1430 145 NA NA NA NA NA NA 116 1518 169 NA NA NA NA NA 
1760734800.0 139.002 NA 213 568 0 NA NA NA NA NA NA 301 797 0 NA NA NA NA NA NA 186 1810 180 NA NA NA NA NA NA 143 1760 200 NA NA NA NA NA 
1760734800.0 139.003 NA 216 386 0 NA NA NA NA NA NA 302 558 0 NA NA NA NA NA NA 171 1231 82 NA NA NA NA NA NA 123 1327 100 NA NA NA NA NA 
1760734800.0 139.004 NA 214 498 0 NA NA NA NA NA NA 310 707 0 NA NA NA NA NA NA 195 1300 191 NA NA NA NA NA NA 120 1060 235 NA NA NA NA NA 
1760734800.0 139.005 NA 162 135 NA NA NA NA NA NA NA 275 269 NA NA NA NA NA NA NA 8006 7027 NA NA NA NA NA NA NA 5371 2470 NA NA NA NA NA NA 
1760734800.0 139901.0 NA 235 442 0 NA NA NA NA NA NA 344 631 0 NA NA NA NA NA NA 256 973 210 NA NA NA NA NA NA 253 959 226 NA NA NA NA NA 
1760734800.0 139902.0 NA 242 451 0 NA NA NA NA NA NA 356 649 0 NA NA NA NA NA NA 234 1010 187 NA NA NA NA NA NA 231 1193 211 NA NA NA NA NA 
1760734800.0 13992501.0 NA 429 732 0 NA NA NA NA NA NA 573 971 0 NA NA NA NA NA NA 1111 1448 208 NA NA NA NA NA NA 682 1012 266 NA NA NA NA NA 
1760734800.0 13992502.0 NA 445 704 0 NA NA NA NA NA NA 614 945 0 NA NA NA NA NA NA 1042 1678 204 NA NA NA NA NA NA 567 1121 242 NA NA NA NA NA 
1760734800.0 14.0 NA 219 428 0 NA NA NA NA NA NA 322 605 0 NA NA NA NA NA NA 921 2549 229 NA NA NA NA NA NA 388 1293 244 NA NA NA NA NA 
1760734800.0 140.001 NA 203 493 0 NA NA NA NA NA NA 292 741 0 NA NA NA NA NA NA 194 1326 172 NA NA NA NA NA NA 168 1178 210 NA NA NA NA NA 
1760734800.0 140.002 NA 220 505 0 NA NA NA NA NA NA 318 775 0 NA NA NA NA NA NA 216 1620 180 NA NA NA NA NA NA 130 1156 202 NA NA NA NA NA 
1760734800.0 140.003 NA 207 533 0 NA NA NA NA NA NA 305 803 0 NA NA NA NA NA NA 175 1275 178 NA NA NA NA NA NA 189 1440 195 NA NA NA NA NA 
1760734800.0 140.004 NA 0 0 0 NA NA NA NA NA NA 0 0 0 NA NA NA NA NA NA 87 1394 273 NA NA NA NA NA NA 153 1556 354 NA NA NA NA NA 
1760734800.0 140.005 NA 206 498 0 NA NA NA NA NA NA 311 762 0 NA NA NA NA NA NA 202 1403 190 NA NA NA NA NA NA 161 1229 207 NA NA NA NA NA 
1760734800.0 140.006 NA 0 0 0 NA NA NA NA NA NA 0 0 0 NA NA NA NA NA NA 94 1099 304 NA NA NA NA NA NA 107 1285 344 NA NA NA NA NA 
1760734800.0 140.007 NA 205 550 0 NA NA NA NA NA NA 296 775 0 NA NA NA NA NA NA 123 1625 264 NA NA NA NA NA NA 135 1513 300 NA NA NA NA NA 
1760734800.0 140.008 NA 196 491 0 NA NA NA NA NA NA 285 759 0 NA NA NA NA NA NA 94 1440 255 NA NA NA NA NA NA 109 1354 317 NA NA NA NA NA 
1760734800.0 140.009 NA 0 0 0 NA NA NA NA NA NA 0 0 0 NA NA NA NA NA NA 91 1412 280 NA NA NA NA NA NA 134 1651 357 NA NA NA NA NA 
1760734800.0 140.01 NA 215 511 0 NA NA NA NA NA NA 314 781 0 NA NA NA NA NA NA 238 1959 180 NA NA NA NA NA NA 151 1238 231 NA NA NA NA NA 
1760734800.0 140.011 NA 0 0 0 NA NA NA NA NA NA 0 0 0 NA NA NA NA NA NA 81 1312 256 NA NA NA NA NA NA 90 1201 297 NA NA NA NA NA 
1760734800.0 140.021 NA 0 0 0 NA NA NA NA NA NA 0 0 0 NA NA NA NA NA NA 90 1348 274 NA NA NA NA NA NA 136 1257 314 NA NA NA NA NA 
1760734800.0 140.022 NA 215 589 0 NA NA NA NA NA NA 300 902 0 NA NA NA NA NA NA 194 4161 137 NA NA NA NA NA NA 126 1629 151 NA NA NA NA NA 
1760734800.0 140.023 NA 216 620 0 NA NA NA NA NA NA 293 878 0 NA NA NA NA NA NA 214 3145 163 NA NA NA NA NA NA 135 1547 186 NA NA NA NA NA 
1760734800.0 140.024 NA 214 631 0 NA NA NA NA NA NA 305 901 0 NA NA NA NA NA NA 203 5340 136 NA NA NA NA NA NA 136 1964 152 NA NA NA NA NA 
1760734800.0 140.025 NA 215 593 0 NA NA NA NA NA NA 300 902 0 NA NA NA NA NA NA 203 5328 146 NA NA NA NA NA NA 155 2070 162 NA NA NA NA NA 
1760734800.0 140.026 NA 217 651 0 NA NA NA NA NA NA 306 913 0 NA NA NA NA NA NA 226 5686 154 NA NA NA NA NA NA 177 2020 174 NA NA NA NA NA 
1760734800.0 140.027 NA 215 633 0 NA NA NA NA NA NA 308 908 0 NA NA NA NA NA NA 193 4849 140 NA NA NA NA NA NA 142 1810 189 NA NA NA NA NA 
1760734800.0 140.028 NA 216 593 0 NA NA NA NA NA NA 297 850 0 NA NA NA NA NA NA 191 4327 136 NA NA NA NA NA NA 144 1648 153 NA NA NA NA NA 
1760734800.0 140.029 NA 216 626 0 NA NA NA NA NA NA 303 866 0 NA NA NA NA NA NA 194 4697 137 NA NA NA NA NA NA 154 1844 167 NA NA NA NA NA 
1760734800.0 140.03 NA 217 592 0 NA NA NA NA NA NA 303 880 0 NA NA NA NA NA NA 197 4217 138 NA NA NA NA NA NA 129 1672 154 NA NA NA NA NA 
1760734800.0 140.031 NA 216 628 0 NA NA NA NA NA NA 304 908 0 NA NA NA NA NA NA 205 4931 137 NA NA NA NA NA NA 128 1855 150 NA NA NA NA NA 
1760734800.0 140.042 NA 217 639 0 NA NA NA NA NA NA 294 892 0 NA NA NA NA NA NA 214 5481 149 NA NA NA NA NA NA 134 1967 198 NA NA NA NA NA 
1760734800.0 140.043 NA 219 640 0 NA NA NA NA NA NA 299 870 0 NA NA NA NA NA NA 231 3873 174 NA NA NA NA NA NA 159 1675 196 NA NA NA NA NA 
1760734800.0 140.044 NA 217 650 0 NA NA NA NA NA NA 301 900 0 NA NA NA NA NA NA 227 6158 136 NA NA NA NA NA NA 188 2191 149 NA NA NA NA NA 
1760734800.0 140.045 NA 217 651 0 NA NA NA NA NA NA 301 931 0 NA NA NA NA NA NA 239 6528 136 NA NA NA NA NA NA 151 2465 152 NA NA NA NA NA 
1760734800.0 140.046 NA 216 643 0 NA NA NA NA NA NA 295 935 0 NA NA NA NA NA NA 255 7212 152 NA NA NA NA NA NA 156 2518 171 NA NA NA NA NA 
1760734800.0 140.047 NA 214 639 0 NA NA NA NA NA NA 302 880 0 NA NA NA NA NA NA 235 6171 137 NA NA NA NA NA NA 141 2234 153 NA NA NA NA NA 
1760734800.0 140.048 NA 216 634 0 NA NA NA NA NA NA 290 881 0 NA NA NA NA NA NA 222 5781 135 NA NA NA NA NA NA 153 2201 148 NA NA NA NA NA 
1760734800.0 140.049 NA 217 625 0 NA NA NA NA NA NA 312 883 0 NA NA NA NA NA NA 210 6114 145 NA NA NA NA NA NA 133 2357 159 NA NA NA NA NA 
1760734800.0 140.05 NA 215 601 0 NA NA NA NA NA NA 299 894 0 NA NA NA NA NA NA 222 5658 149 NA NA NA NA NA NA 129 2190 194 NA NA NA NA NA 
1760734800.0 140.051 NA 216 631 0 NA NA NA NA NA NA 299 884 0 NA NA NA NA NA NA 228 5813 134 NA NA NA NA NA NA 132 2113 147 NA NA NA NA NA 
1760734800.0 140.062 NA 215 614 0 NA NA NA NA NA NA 296 908 0 NA NA NA NA NA NA 251 6400 146 NA NA NA NA NA NA 193 2474 165 NA NA NA NA NA 
1760734800.0 140.063 NA 212 641 0 NA NA NA NA NA NA 294 885 0 NA NA NA NA NA NA 217 3996 140 NA NA NA NA NA NA 175 1598 156 NA NA NA NA NA 
1760734800.0 140.064 NA 214 653 0 NA NA NA NA NA NA 296 921 0 NA NA NA NA NA NA 253 6650 145 NA NA NA NA NA NA 164 2237 162 NA NA NA NA NA 
1760734800.0 140.065 NA 215 642 0 NA NA NA NA NA NA 298 917 0 NA NA NA NA NA NA 315 8156 176 NA NA NA NA NA NA 168 2926 200 NA NA NA NA NA 
1760734800.0 140.066 NA 215 666 0 NA NA NA NA NA NA 308 963 0 NA NA NA NA NA NA 335 9772 177 NA NA NA NA NA NA 273 3336 201 NA NA NA NA NA 
1760734800.0 140.067 NA 214 649 0 NA NA NA NA NA NA 299 922 0 NA NA NA NA NA NA 255 6629 141 NA NA NA NA NA NA 252 2334 157 NA NA NA NA NA 
1760734800.0 140.068 NA 215 650 0 NA NA NA NA NA NA 299 885 0 NA NA NA NA NA NA 256 6492 154 NA NA NA NA NA NA 156 2364 174 NA NA NA NA NA 
1760734800.0 140.069 NA 216 598 0 NA NA NA NA NA NA 300 899 0 NA NA NA NA NA NA 257 6303 137 NA NA NA NA NA NA 189 2321 153 NA NA NA NA NA 
1760734800.0 140.071 NA 218 615 0 NA NA NA NA NA NA 301 853 0 NA NA NA NA NA NA 295 4636 166 NA NA NA NA NA NA 203 1893 190 NA NA NA NA NA 
1760734800.0 140.072 NA 216 617 0 NA NA NA NA NA NA 294 843 0 NA NA NA NA NA NA 215 3106 169 NA NA NA NA NA NA 180 1552 193 NA NA NA NA NA 
1760734800.0 140.073 NA 217 622 0 NA NA NA NA NA NA 297 865 0 NA NA NA NA NA NA 203 4544 137 NA NA NA NA NA NA 163 1750 157 NA NA NA NA NA 
1760734800.0 140.074 NA 217 623 0 NA NA NA NA NA NA 305 851 0 NA NA NA NA NA NA 194 4881 140 NA NA NA NA NA NA 153 1853 194 NA NA NA NA NA 
1760734800.0 140.075 NA 216 620 0 NA NA NA NA NA NA 298 860 0 NA NA NA NA NA NA 204 4868 142 NA NA NA NA NA NA 126 1808 176 NA NA NA NA NA 
1760734800.0 140.076 NA 216 617 0 NA NA NA NA NA NA 295 853 0 NA NA NA NA NA NA 197 3986 137 NA NA NA NA NA NA 142 1575 151 NA NA NA NA NA 
1760734800.0 140.077 NA 216 601 0 NA NA NA NA NA NA 307 862 0 NA NA NA NA NA NA 235 4570 162 NA NA NA NA NA NA 177 1922 186 NA NA NA NA NA 
1760734800.0 140.078 NA 215 613 0 NA NA NA NA NA NA 310 865 0 NA NA NA NA NA NA 217 4085 137 NA NA NA NA NA NA 194 1603 154 NA NA NA NA NA 
1760734800.0 140.101 NA 215 682 0 NA NA NA NA NA NA 301 966 0 NA NA NA NA NA NA 191 4416 139 NA NA NA NA NA NA 146 1800 152 NA NA NA NA NA 
1760734800.0 140.102 NA 215 632 0 NA NA NA NA NA NA 298 933 0 NA NA NA NA NA NA 258 6519 148 NA NA NA NA NA NA 216 2300 165 NA NA NA NA NA 
1760734800.0 140.103 NA 214 633 0 NA NA NA NA NA NA 292 970 0 NA NA NA NA NA NA 300 7896 163 NA NA NA NA NA NA 292 2844 182 NA NA NA NA NA 
1760734800.0 140.104 NA 209 684 0 NA NA NA NA NA NA 304 971 0 NA NA NA NA NA NA 321 9731 168 NA NA NA NA NA NA 324 3509 196 NA NA NA NA NA 
1760734800.0 140.105 NA 214 658 0 NA NA NA NA NA NA 302 1003 0 NA NA NA NA NA NA 285 7655 167 NA NA NA NA NA NA 195 2997 189 NA NA NA NA NA 
1760734800.0 140.106 NA 218 622 0 NA NA NA NA NA NA 303 960 0 NA NA NA NA NA NA 258 6301 146 NA NA NA NA NA NA 182 2266 164 NA NA NA NA NA 
1760734800.0 140.107 NA 213 657 0 NA NA NA NA NA NA 291 942 0 NA NA NA NA NA NA 247 6354 143 NA NA NA NA NA NA 187 2358 198 NA NA NA NA NA 
1760734800.0 140.108 NA 213 651 0 NA NA NA NA NA NA 300 915 0 NA NA NA NA NA NA 258 6209 148 NA NA NA NA NA NA 236 2348 170 NA NA NA NA NA 
1760734800.0 140.109 NA 217 637 0 NA NA NA NA NA NA 296 877 0 NA NA NA NA NA NA 238 3311 163 NA NA NA NA NA NA 148 1594 187 NA NA NA NA NA 
1760734800.0 140.11 NA 214 632 0 NA NA NA NA NA NA 296 920 0 NA NA NA NA NA NA 239 6011 134 NA NA NA NA NA NA 191 2373 146 NA NA NA NA NA 
1760734800.0 140.111 NA 214 618 0 NA NA NA NA NA NA 301 923 0 NA NA NA NA NA NA 256 6228 148 NA NA NA NA NA NA 155 2333 169 NA NA NA NA NA 
1760734800.0 140.112 NA 216 649 0 NA NA NA NA NA NA 303 934 0 NA NA NA NA NA NA 247 6163 150 NA NA NA NA NA NA 169 2207 173 NA NA NA NA NA 
1760734800.0 140.113 NA 0 0 0 NA NA NA NA NA NA 0 0 0 NA NA NA NA NA NA 93 991 499 NA NA NA NA NA NA 208 1580 542 NA NA NA NA NA 
1760734800.0 140.56 NA 827 0 NA NA NA NA NA NA NA 1309 0 NA NA NA NA NA NA NA 5894 146 NA NA NA NA NA NA NA 2136 161 NA NA NA NA NA NA 
1760734800.0 140.5611 NA 273 0 NA NA NA NA NA NA NA 379 0 NA NA NA NA NA NA NA 1529 82 NA NA NA NA NA NA NA 869 101 NA NA NA NA NA NA 
1760734800.0 140.57 NA 575 0 NA NA NA NA NA NA NA 810 0 NA NA NA NA NA NA NA 1593 190 NA NA NA NA NA NA NA 1161 223 NA NA NA NA NA NA 
1760734800.0 140.58 NA 114 814 0 NA NA NA NA NA NA 174 1226 0 NA NA NA NA NA NA 82 5800 149 NA NA NA NA NA NA 147 2022 167 NA NA NA NA NA 
1760734800.0 140.6 NA 99 438 0 NA NA NA NA NA NA 145 628 0 NA NA NA NA NA NA 76 688 160 NA NA NA NA NA NA 121 653 198 NA NA NA NA NA 
1760734800.0 140.61 NA 448 0 NA NA NA NA NA NA NA 626 0 NA NA NA NA NA NA NA 1101 178 NA NA NA NA NA NA NA 677 204 NA NA NA NA NA NA 
1760734800.0 14034.0 NA 665 0 NA NA NA NA NA NA NA 892 0 NA NA NA NA NA NA NA 3161 198 NA NA NA NA NA NA NA 1618 222 NA NA NA NA NA NA 
1760734800.0 141.001 NA 215 646 0 NA NA NA NA NA NA 298 890 0 NA NA NA NA NA NA 243 6318 135 NA NA NA NA NA NA 226 2180 152 NA NA NA NA NA 
1760734800.0 141.002 NA 216 641 0 NA NA NA NA NA NA 307 875 0 NA NA NA NA NA NA 223 4093 185 NA NA NA NA NA NA 166 1692 210 NA NA NA NA NA 
1760734800.0 141.003 NA 215 648 0 NA NA NA NA NA NA 302 898 0 NA NA NA NA NA NA 220 6107 134 NA NA NA NA NA NA 163 2275 146 NA NA NA NA NA 
1760734800.0 141.004 NA 207 558 0 NA NA NA NA NA NA 306 857 0 NA NA NA NA NA NA 229 2112 173 NA NA NA NA NA NA 189 1534 191 NA NA NA NA NA 
1760734800.0 141.005 NA 220 607 0 NA NA NA NA NA NA 305 853 0 NA NA NA NA NA NA 251 3984 163 NA NA NA NA NA NA 145 1696 184 NA NA NA NA NA 
1760734800.0 141.006 NA 216 599 0 NA NA NA NA NA NA 307 806 0 NA NA NA NA NA NA 253 4463 161 NA NA NA NA NA NA 153 1863 183 NA NA NA NA NA 
1760734800.0 141.007 NA 220 627 0 NA NA NA NA NA NA 305 857 0 NA NA NA NA NA NA 192 4619 150 NA NA NA NA NA NA 137 1779 161 NA NA NA NA NA 
1760734800.0 141.008 NA 215 624 0 NA NA NA NA NA NA 298 909 0 NA NA NA NA NA NA 317 8376 163 NA NA NA NA NA NA 210 3062 183 NA NA NA NA NA 
1760734800.0 141.008405 NA 217 165 0 NA NA NA NA NA NA 300 249 0 NA NA NA NA NA NA 337 599 85 NA NA NA NA NA NA 243 357 102 NA NA NA NA NA 
1760734800.0 141.008411 NA 214 149 0 NA NA NA NA NA NA 293 236 0 NA NA NA NA NA NA 352 321 96 NA NA NA NA NA NA 220 309 112 NA NA NA NA NA 
1760734800.0 141.008421 NA 215 153 0 NA NA NA NA NA NA 295 232 0 NA NA NA NA NA NA 354 374 93 NA NA NA NA NA NA 215 302 108 NA NA NA NA NA 
1760734800.0 141.009 NA 0 0 0 NA NA NA NA NA NA 0 0 0 NA NA NA NA NA NA 72 1487 396 NA NA NA NA NA NA 93 1532 448 NA NA NA NA NA 
1760734800.0 141.01 NA 215 627 0 NA NA NA NA NA NA 296 925 0 NA NA NA NA NA NA 276 8531 168 NA NA NA NA NA NA 202 3050 190 NA NA NA NA NA 
1760734800.0 141.011 NA 215 627 0 NA NA NA NA NA NA 299 912 0 NA NA NA NA NA NA 223 6043 148 NA NA NA NA NA NA 187 2145 164 NA NA NA NA NA 
1760734800.0 141.012 NA 217 621 0 NA NA NA NA NA NA 305 883 0 NA NA NA NA NA NA 187 4164 135 NA NA NA NA NA NA 126 1611 150 NA NA NA NA NA 
1760734800.0 141.013 NA 215 649 0 NA NA NA NA NA NA 305 902 0 NA NA NA NA NA NA 228 6233 136 NA NA NA NA NA NA 136 2278 151 NA NA NA NA NA 
1760734800.0 141.031 NA 214 660 0 NA NA NA NA NA NA 283 899 0 NA NA NA NA NA NA 258 6760 152 NA NA NA NA NA NA 179 2266 169 NA NA NA NA NA 
1760734800.0 141.032 NA 215 657 0 NA NA NA NA NA NA 289 913 0 NA NA NA NA NA NA 184 4397 136 NA NA NA NA NA NA 131 1680 151 NA NA NA NA NA 
1760734800.0 141.033 NA 217 649 0 NA NA NA NA NA NA 306 962 0 NA NA NA NA NA NA 308 9330 166 NA NA NA NA NA NA 208 3155 193 NA NA NA NA NA 
1760734800.0 141.034 NA 214 619 0 NA NA NA NA NA NA 302 926 0 NA NA NA NA NA NA 274 8901 163 NA NA NA NA NA NA 231 3115 188 NA NA NA NA NA 
1760734800.0 141.035 NA 205 659 0 NA NA NA NA NA NA 296 935 0 NA NA NA NA NA NA 308 9550 166 NA NA NA NA NA NA 285 3346 189 NA NA NA NA NA 
1760734800.0 141.036 NA 209 556 0 NA NA NA NA NA NA 300 835 0 NA NA NA NA NA NA 221 2943 186 NA NA NA NA NA NA 171 1480 205 NA NA NA NA NA 
1760734800.0 141.037 NA 216 661 0 NA NA NA NA NA NA 301 919 0 NA NA NA NA NA NA 226 6267 137 NA NA NA NA NA NA 178 2195 153 NA NA NA NA NA 
1760734800.0 141.038 NA 215 655 0 NA NA NA NA NA NA 304 962 0 NA NA NA NA NA NA 305 8973 163 NA NA NA NA NA NA 170 3174 186 NA NA NA NA NA 
1760734800.0 141.039 NA 215 653 0 NA NA NA NA NA NA 301 892 0 NA NA NA NA NA NA 255 6738 149 NA NA NA NA NA NA 224 2247 170 NA NA NA NA NA 
1760734800.0 141.041 NA 209 672 0 NA NA NA NA NA NA 294 982 0 NA NA NA NA NA NA 314 11588 170 NA NA NA NA NA NA 320 3919 198 NA NA NA NA NA 
1760734800.0 141.042 NA 214 662 0 NA NA NA NA NA NA 297 897 0 NA NA NA NA NA NA 205 5625 147 NA NA NA NA NA NA 183 2068 163 NA NA NA NA NA 
1760734800.0 141.043 NA 209 682 0 NA NA NA NA NA NA 307 992 0 NA NA NA NA NA NA 343 13771 171 NA NA NA NA NA NA 329 4450 196 NA NA NA NA NA 
1760734800.0 141.044 NA 210 656 0 NA NA NA NA NA NA 295 963 0 NA NA NA NA NA NA 299 12115 166 NA NA NA NA NA NA 274 4115 193 NA NA NA NA NA 
1760734800.0 141.045 NA 215 698 0 NA NA NA NA NA NA 301 969 0 NA NA NA NA NA NA 289 14899 181 NA NA NA NA NA NA 240 5126 207 NA NA NA NA NA 
1760734800.0 141.046 NA 206 660 0 NA NA NA NA NA NA 295 952 0 NA NA NA NA NA NA 311 11023 166 NA NA NA NA NA NA 322 3808 193 NA NA NA NA NA 
1760734800.0 141.047 NA 209 680 0 NA NA NA NA NA NA 301 966 0 NA NA NA NA NA NA 331 12637 171 NA NA NA NA NA NA 381 4167 204 NA NA NA NA NA 
1760734800.0 141.048 NA 207 669 0 NA NA NA NA NA NA 307 971 0 NA NA NA NA NA NA 318 12586 166 NA NA NA NA NA NA 358 4242 195 NA NA NA NA NA 
1760734800.0 141.049 NA 215 647 0 NA NA NA NA NA NA 305 893 0 NA NA NA NA NA NA 263 7064 149 NA NA NA NA NA NA 154 2456 171 NA NA NA NA NA 
1760734800.0 141.101 NA 216 692 0 NA NA NA NA NA NA 299 958 0 NA NA NA NA NA NA 190 4601 137 NA NA NA NA NA NA 140 1886 151 NA NA NA NA NA 
1760734800.0 141.102 NA 216 645 0 NA NA NA NA NA NA 302 936 0 NA NA NA NA NA NA 328 8676 168 NA NA NA NA NA NA 202 3243 194 NA NA NA NA NA 
1760734800.0 141.103 NA 215 684 0 NA NA NA NA NA NA 304 1051 0 NA NA NA NA NA NA 276 9364 159 NA NA NA NA NA NA 262 3259 185 NA NA NA NA NA 
1760734800.0 141.104 NA 209 674 0 NA NA NA NA NA NA 297 962 0 NA NA NA NA NA NA 310 9473 181 NA NA NA NA NA NA 242 3415 208 NA NA NA NA NA 
1760734800.0 141.105 NA 219 608 0 NA NA NA NA NA NA 304 888 0 NA NA NA NA NA NA 221 2973 179 NA NA NA NA NA NA 145 1706 204 NA NA NA NA NA 
1760734800.0 141.106 NA 215 660 0 NA NA NA NA NA NA 300 933 0 NA NA NA NA NA NA 233 6242 140 NA NA NA NA NA NA 144 2394 156 NA NA NA NA NA 
1760734800.0 141.107 NA 214 666 0 NA NA NA NA NA NA 296 980 0 NA NA NA NA NA NA 267 7001 150 NA NA NA NA NA NA 170 2629 184 NA NA NA NA NA 
1760734800.0 141.108 NA 214 656 0 NA NA NA NA NA NA 304 945 0 NA NA NA NA NA NA 267 7914 172 NA NA NA NA NA NA 223 2871 194 NA NA NA NA NA 
1760734800.0 141.109 NA 218 662 0 NA NA NA NA NA NA 297 967 0 NA NA NA NA NA NA 189 3902 134 NA NA NA NA NA NA 144 1660 173 NA NA NA NA NA 
1760734800.0 141.11 NA 215 663 0 NA NA NA NA NA NA 299 932 0 NA NA NA NA NA NA 336 9813 161 NA NA NA NA NA NA 269 3319 185 NA NA NA NA NA 
1760734800.0 141.111 NA 214 667 0 NA NA NA NA NA NA 300 968 0 NA NA NA NA NA NA 306 8028 172 NA NA NA NA NA NA 169 2984 201 NA NA NA NA NA 
1760734800.0 141.112 NA 213 668 0 NA NA NA NA NA NA 296 947 0 NA NA NA NA NA NA 291 9195 163 NA NA NA NA NA NA 229 3223 188 NA NA NA NA NA 
1760734800.0 141.113 NA 0 0 0 NA NA NA NA NA NA 0 0 0 NA NA NA NA NA NA 99 716 351 NA NA NA NA NA NA 122 811 433 NA NA NA NA NA 
1760734800.0 141.114 NA 214 651 0 NA NA NA NA NA NA 299 948 0 NA NA NA NA NA NA 313 7974 163 NA NA NA NA NA NA 178 3044 186 NA NA NA NA NA 
1760734800.0 141.901 NA 571 0 NA NA NA NA NA NA NA 852 0 NA NA NA NA NA NA NA 4105 148 NA NA NA NA NA NA NA 1654 170 NA NA NA NA NA NA 
1760734800.0 141.902 NA 482 0 NA NA NA NA NA NA NA 715 0 NA NA NA NA NA NA NA 3633 195 NA NA NA NA NA NA NA 1571 215 NA NA NA NA NA NA 
1760734800.0 142.0 NA 435 896 0 NA NA NA NA NA NA 647 1377 0 NA NA NA NA NA NA 1395 12695 187 NA NA NA NA NA NA 797 4192 215 NA NA NA NA NA 
1760734800.0 142.901 NA 494 0 NA NA NA NA NA NA NA 743 0 NA NA NA NA NA NA NA 3816 146 NA NA NA NA NA NA NA 1567 170 NA NA NA NA NA NA 
1760734800.0 142.902 NA 502 0 NA NA NA NA NA NA NA 715 0 NA NA NA NA NA NA NA 3631 149 NA NA NA NA NA NA NA 1430 177 NA NA NA NA NA NA 
1760734800.0 142.903 NA 413 0 NA NA NA NA NA NA NA 599 0 NA NA NA NA NA NA NA 1632 132 NA NA NA NA NA NA NA 1280 153 NA NA NA NA NA NA 
1760734800.0 14234.0 NA 774 0 NA NA NA NA NA NA NA 1112 0 NA NA NA NA NA NA NA 4073 175 NA NA NA NA NA NA NA 1837 195 NA NA NA NA NA NA 
1760734800.0 143.201 131 321 566 0 NA NA NA NA NA 178 525 777 0 NA NA NA NA NA 1165 329 1311 282 NA NA NA NA NA 1827 634 2618 368 NA NA NA NA NA 
1760734800.0 143.202 129 326 130 545 0 NA NA NA NA 179 488 169 760 0 NA NA NA NA 759 211 78 753 228 NA NA NA NA 541 211 99 816 249 NA NA NA NA 
1760734800.0 143.901 NA 495 0 NA NA NA NA NA NA NA 731 0 NA NA NA NA NA NA NA 4173 173 NA NA NA NA NA NA NA 1733 210 NA NA NA NA NA NA 
1760734800.0 143.902 NA 503 0 NA NA NA NA NA NA NA 688 0 NA NA NA NA NA NA NA 3903 151 NA NA NA NA NA NA NA 1586 178 NA NA NA NA NA NA 
1760734800.0 143.911 NA 506 0 NA NA NA NA NA NA NA 724 0 NA NA NA NA NA NA NA 4020 145 NA NA NA NA NA NA NA 1629 172 NA NA NA NA NA NA 
1760734800.0 143.912 NA 492 0 NA NA NA NA NA NA NA 734 0 NA NA NA NA NA NA NA 4281 200 NA NA NA NA NA NA NA 1962 221 NA NA NA NA NA NA 
1760734800.0 143.921 NA 575 0 NA NA NA NA NA NA NA 797 0 NA NA NA NA NA NA NA 3868 139 NA NA NA NA NA NA NA 1603 161 NA NA NA NA NA NA 
1760734800.0 144.6 NA 410 NA NA NA NA NA NA NA NA 567 NA NA NA NA NA NA NA NA 1880 NA NA NA NA NA NA NA NA 1866 NA NA NA NA NA NA NA 
1760734800.0 145.415 215 613 0 NA NA NA NA NA NA 324 857 0 NA NA NA NA NA NA 130 1999 166 NA NA NA NA NA NA 143 1874 187 NA NA NA NA NA NA 
1760734800.0 146.101 NA 208 740 0 NA NA NA NA NA NA 314 1030 0 NA NA NA NA NA NA 268 8433 187 NA NA NA NA NA NA 297 3486 219 NA NA NA NA NA 
1760734800.0 146.102 NA 215 726 0 NA NA NA NA NA NA 325 1024 0 NA NA NA NA NA NA 335 13015 186 NA NA NA NA NA NA 393 5465 236 NA NA NA NA NA 
1760734800.0 146.103 NA 205 798 0 NA NA NA NA NA NA 314 1187 0 NA NA NA NA NA NA 293 15136 183 NA NA NA NA NA NA 398 6094 246 NA NA NA NA NA 
1760734800.0 146.104 NA 206 709 0 NA NA NA NA NA NA 322 1082 0 NA NA NA NA NA NA 327 14142 175 NA NA NA NA NA NA 401 5738 280 NA NA NA NA NA 
1760734800.0 146.105 NA 203 690 0 NA NA NA NA NA NA 312 1071 0 NA NA NA NA NA NA 338 12075 177 NA NA NA NA NA NA 506 5146 205 NA NA NA NA NA 
1760734800.0 146.106 NA 204 684 0 NA NA NA NA NA NA 314 1028 0 NA NA NA NA NA NA 343 12156 172 NA NA NA NA NA NA 466 5099 198 NA NA NA NA NA 
1760734800.0 146.107 NA 202 695 0 NA NA NA NA NA NA 324 1025 0 NA NA NA NA NA NA 362 12699 179 NA NA NA NA NA NA 473 5420 244 NA NA NA NA NA 
1760734800.0 146.108 NA 215 724 0 NA NA NA NA NA NA 327 1076 0 NA NA NA NA NA NA 331 12469 181 NA NA NA NA NA NA 351 5163 208 NA NA NA NA NA 
1760734800.0 146.109 NA 215 686 0 NA NA NA NA NA NA 334 1037 0 NA NA NA NA NA NA 285 10027 171 NA NA NA NA NA NA 287 4117 193 NA NA NA NA NA 
1760734800.0 146.11 NA 207 723 0 NA NA NA NA NA NA 316 1003 0 NA NA NA NA NA NA 344 12400 187 NA NA NA NA NA NA 357 4396 213 NA NA NA NA NA 
1760734800.0 146.111 NA 213 701 0 NA NA NA NA NA NA 317 1027 0 NA NA NA NA NA NA 343 12404 174 NA NA NA NA NA NA 345 4671 203 NA NA NA NA NA 
1760734800.0 148.0 118 269 500 0 NA NA NA NA NA 166 359 720 0 NA NA NA NA NA 669 284 853 218 NA NA NA NA NA 428 304 955 251 NA NA NA NA NA 
1760734800.0 149.0 131 283 514 0 NA NA NA NA NA 187 374 703 0 NA NA NA NA NA 456 367 814 237 NA NA NA NA NA 410 270 828 272 NA NA NA NA NA 
1760734800.0 149.1 137 257 520 0 NA NA NA NA NA 184 361 732 0 NA NA NA NA NA 585 169 768 215 NA NA NA NA NA 571 166 776 262 NA NA NA NA NA 
1760734800.0 15.0 NA 191 380 0 NA NA NA NA NA NA 275 571 0 NA NA NA NA NA NA 664 1199 201 NA NA NA NA NA NA 295 965 244 NA NA NA NA NA 
1760734800.0 158.0 125 235 503 129 0 NA NA NA NA 175 337 678 197 0 NA NA NA NA 872 134 694 152 207 NA NA NA NA 671 156 692 228 226 NA NA NA NA 
1760734800.0 158.1 NA 290 529 0 NA NA NA NA NA NA 396 735 0 NA NA NA NA NA NA 290 1112 310 NA NA NA NA NA NA 295 1053 358 NA NA NA NA NA 
1760734800.0 158.2 NA 271 495 0 NA NA NA NA NA NA 389 715 0 NA NA NA NA NA NA 248 939 236 NA NA NA NA NA NA 262 1156 279 NA NA NA NA NA 
1760734800.0 158.3 NA 270 499 0 NA NA NA NA NA NA 393 699 0 NA NA NA NA NA NA 270 949 242 NA NA NA NA NA NA 315 1194 270 NA NA NA NA NA 
1760734800.0 158.5 118 232 492 132 0 NA NA NA NA 168 331 693 194 0 NA NA NA NA 909 140 763 149 195 NA NA NA NA 554 194 780 223 211 NA NA NA NA 
1760734800.0 159.0 135 238 479 135 0 NA NA NA NA 184 327 691 201 0 NA NA NA NA 982 121 611 124 196 NA NA NA NA 777 117 655 150 212 NA NA NA NA 
1760734800.0 159.01 NA 235 0 NA NA NA NA NA NA NA 327 0 NA NA NA NA NA NA NA 1122 91 NA NA NA NA NA NA NA 893 134 NA NA NA NA NA NA 
1760734800.0 159.02 133 239 122 463 135 0 NA NA NA 174 330 167 700 201 0 NA NA NA 1040 118 83 618 118 196 NA NA NA 916 129 144 735 129 212 NA NA NA 
1760734800.0 159.03 120 216 106 263 207 NA NA NA NA 168 318 157 421 312 NA NA NA NA 893 149 102 278 214 NA NA NA NA 651 164 170 332 216 NA NA NA NA 
1760734800.0 159.1 141 268 482 0 NA NA NA NA NA 192 376 712 0 NA NA NA NA NA 1265 221 851 213 NA NA NA NA NA 719 174 897 269 NA NA NA NA NA 
1760734800.0 159.2 135 264 476 0 NA NA NA NA NA 190 372 685 0 NA NA NA NA NA 1034 228 848 223 NA NA NA NA NA 712 159 981 298 NA NA NA NA NA 
1760734800.0 159.3 137 271 482 0 NA NA NA NA NA 187 383 714 0 NA NA NA NA NA 1067 265 827 229 NA NA NA NA NA 667 203 935 330 NA NA NA NA NA 
1760734800.0 159.4 136 274 486 0 NA NA NA NA NA 187 369 695 0 NA NA NA NA NA 1123 220 825 225 NA NA NA NA NA 863 186 931 299 NA NA NA NA NA 
1760734800.0 16.0 NA 200 393 0 NA NA NA NA NA NA 293 591 0 NA NA NA NA NA NA 624 1119 200 NA NA NA NA NA NA 276 809 244 NA NA NA NA NA 
1760734800.0 160.0 131 246 479 136 0 NA NA NA NA 177 349 684 204 0 NA NA NA NA 987 149 592 125 199 NA NA NA NA 851 139 677 163 220 NA NA NA NA 
1760734800.0 160.02 133 234 123 466 134 0 NA NA NA 172 343 172 689 200 0 NA NA NA 1035 148 81 622 130 194 NA NA NA 844 180 116 715 185 208 NA NA NA 
1760734800.0 160.03 121 228 106 285 184 NA NA NA NA 169 335 155 452 307 NA NA NA NA 929 154 98 295 207 NA NA NA NA 860 167 152 355 233 NA NA NA NA 
1760734800.0 160.1 137 296 496 0 NA NA NA NA NA 186 417 692 0 NA NA NA NA NA 1048 396 884 214 NA NA NA NA NA 719 201 795 233 NA NA NA NA NA 
1760734800.0 160.2 135 293 487 0 NA NA NA NA NA 186 404 720 0 NA NA NA NA NA 834 376 912 232 NA NA NA NA NA 1196 198 813 246 NA NA NA NA NA 
1760734800.0 160.3 141 302 511 0 NA NA NA NA NA 186 410 729 0 NA NA NA NA NA 741 302 752 211 NA NA NA NA NA 586 166 769 231 NA NA NA NA NA 
1760734800.0 160.4 106 289 489 0 NA NA NA NA NA 183 397 701 0 NA NA NA NA NA 887 342 890 271 NA NA NA NA NA 1212 189 828 293 NA NA NA NA NA 
1760734800.0 160.401 126 240 115 481 198 NA NA NA NA 169 326 157 646 267 NA NA NA NA 962 154 87 598 200 NA NA NA NA 751 141 125 567 215 NA NA NA NA 
1760734800.0 161.0 133 341 533 136 0 NA NA NA NA 180 514 730 198 0 NA NA NA NA 1060 214 736 131 239 NA NA NA NA 831 190 761 167 268 NA NA NA NA 
1760734800.0 161.02 133 343 141 542 136 0 NA NA NA 178 503 181 793 195 0 NA NA NA 1079 311 109 924 147 248 NA NA NA 979 284 146 949 171 285 NA NA NA 
1760734800.0 161.03 119 320 123 284 230 NA NA NA NA 169 503 168 461 313 NA NA NA NA 1036 260 97 286 217 NA NA NA NA 1556 240 132 339 218 NA NA NA NA 
1760734800.0 161.1 141 404 573 0 NA NA NA NA NA 185 543 758 0 NA NA NA NA NA 1003 450 1092 265 NA NA NA NA NA 761 308 1127 295 NA NA NA NA NA 
1760734800.0 161.2 139 404 573 0 NA NA NA NA NA 186 567 789 0 NA NA NA NA NA 815 374 931 243 NA NA NA NA NA 573 253 841 264 NA NA NA NA NA 
1760734800.0 161.3 140 392 575 0 NA NA NA NA NA 183 552 783 0 NA NA NA NA NA 633 378 898 249 NA NA NA NA NA 488 299 820 278 NA NA NA NA NA 
1760734800.0 161.4 139 401 563 0 NA NA NA NA NA 184 595 798 0 NA NA NA NA NA 877 396 886 250 NA NA NA NA NA 633 254 848 276 NA NA NA NA NA 
1760734800.0 162.0 137 257 518 132 0 NA NA NA NA 190 366 721 199 0 NA NA NA NA 1063 142 722 129 231 NA NA NA NA 1021 136 787 172 251 NA NA NA NA 
1760734800.0 162.02 132 257 121 523 134 0 NA NA NA 176 380 161 735 202 0 NA NA NA 1049 143 76 769 131 224 NA NA NA 857 132 109 737 177 241 NA NA NA 
1760734800.0 162.03 123 234 103 254 223 NA NA NA NA 168 349 157 445 309 NA NA NA NA 918 182 98 288 224 NA NA NA NA 1421 189 181 358 252 NA NA NA NA 
1760734800.0 162.1 143 314 559 0 NA NA NA NA NA 188 422 786 0 NA NA NA NA NA 1045 321 892 238 NA NA NA NA NA 590 193 779 263 NA NA NA NA NA 
1760734800.0 162.2 139 309 556 0 NA NA NA NA NA 184 415 785 0 NA NA NA NA NA 863 332 955 269 NA NA NA NA NA 636 213 971 329 NA NA NA NA NA 
1760734800.0 162.3 141 306 548 0 NA NA NA NA NA 183 402 748 0 NA NA NA NA NA 744 332 856 257 NA NA NA NA NA 582 188 788 299 NA NA NA NA NA 
1760734800.0 162.4 138 310 553 0 NA NA NA NA NA 191 424 767 0 NA NA NA NA NA 888 321 831 262 NA NA NA NA NA 645 189 771 298 NA NA NA NA NA 
1760734800.0 16434.0 NA 663 0 NA NA NA NA NA NA NA 896 0 NA NA NA NA NA NA NA 3258 177 NA NA NA NA NA NA NA 1726 218 NA NA NA NA NA NA 
1760734800.0 16634.0 NA 765 0 NA NA NA NA NA NA NA 1054 0 NA NA NA NA NA NA NA 3070 173 NA NA NA NA NA NA NA 1503 191 NA NA NA NA NA NA 
1760734800.0 16834.0 NA 499 691 0 204 NA NA NA NA NA 619 951 0 321 NA NA NA NA NA 528 1268 291 180 NA NA NA NA NA 399 1092 359 198 NA NA NA NA 
1760734800.0 17.0 NA 200 385 0 NA NA NA NA NA NA 288 582 0 NA NA NA NA NA NA 693 1236 242 NA NA NA NA NA NA 329 952 277 NA NA NA NA NA 
1760734800.0 17034.0 NA 817 0 NA NA NA NA NA NA NA 1152 0 NA NA NA NA NA NA NA 2781 0 NA NA NA NA NA NA NA 1737 0 NA NA NA NA NA NA 
1760734800.0 18.0 NA 189 370 0 NA NA NA NA NA NA 284 571 0 NA NA NA NA NA NA 694 1172 208 NA NA NA NA NA NA 289 965 227 NA NA NA NA NA 
1760734800.0 180.0 130 302 530 137 0 NA NA NA NA 179 402 736 201 0 NA NA NA NA 607 300 793 142 236 NA NA NA NA 571 152 814 161 297 NA NA NA NA 
1760734800.0 180.1 133 302 535 136 0 NA NA NA NA 202 393 729 199 0 NA NA NA NA 3097 250 706 108 175 NA NA NA NA 1322 134 674 119 188 NA NA NA NA 
1760734800.0 18034.0 NA 624 0 NA NA NA NA NA NA NA 884 0 NA NA NA NA NA NA NA 3435 188 NA NA NA NA NA NA NA 1668 222 NA NA NA NA NA NA 
1760734800.0 181.0 129 379 585 137 0 NA NA NA NA 186 534 805 197 0 NA NA NA NA 464 284 907 126 232 NA NA NA NA 401 197 892 143 293 NA NA NA NA 
1760734800.0 181.1 103 374 585 136 0 NA NA NA NA 200 492 794 208 0 NA NA NA NA 3432 305 1169 138 239 NA NA NA NA 1433 240 1261 159 256 NA NA NA NA 
1760734800.0 182.0 129 311 584 136 0 NA NA NA NA 175 425 814 208 0 NA NA NA NA 452 282 891 114 212 NA NA NA NA 411 157 856 127 226 NA NA NA NA 
1760734800.0 182.1 133 305 581 136 0 NA NA NA NA 204 414 830 206 0 NA NA NA NA 3200 266 863 114 205 NA NA NA NA 1312 150 872 133 219 NA NA NA NA 
1760734800.0 18234.0 NA 771 0 NA NA NA NA NA NA NA 1104 0 NA NA NA NA NA NA NA 3429 176 NA NA NA NA NA NA NA 1657 193 NA NA NA NA NA NA 
1760734800.0 19.0 NA 186 383 0 NA NA NA NA NA NA 273 538 0 NA NA NA NA NA NA 704 1230 208 NA NA NA NA NA NA 320 1001 226 NA NA NA NA NA 
1760734800.0 2.0 157 190 334 NA NA NA NA NA NA 248 267 471 NA NA NA NA NA NA 1357 277 822 NA NA NA NA NA NA 672 261 961 NA NA NA NA NA NA 
1760734800.0 20.0 NA 189 384 0 NA NA NA NA NA NA 281 544 0 NA NA NA NA NA NA 625 1061 200 NA NA NA NA NA NA 281 780 231 NA NA NA NA NA 
1760734800.0 200.0 NA 255 468 0 NA NA NA NA NA NA 392 665 0 NA NA NA NA NA NA 408 1203 200 NA NA NA NA NA NA 434 1181 218 NA NA NA NA NA 
1760734800.0 2017.1 519 0 243 176 NA NA NA NA NA 696 0 340 270 NA NA NA NA NA 686 173 403 292 NA NA NA NA NA 700 205 451 352 NA NA NA NA NA 
1760734800.0 2017.11 526 0 245 177 NA NA NA NA NA 697 0 341 274 NA NA NA NA NA 725 149 434 281 NA NA NA NA NA 662 229 415 335 NA NA NA NA NA 
1760734800.0 2017.12 466 0 234 171 NA NA NA NA NA 682 0 344 265 NA NA NA NA NA 692 134 358 234 NA NA NA NA NA 893 161 453 351 NA NA NA NA NA 
1760734800.0 2017.13 537 0 NA NA NA NA NA NA NA 699 0 NA NA NA NA NA NA NA 557 219 NA NA NA NA NA NA NA 497 259 NA NA NA NA NA NA NA 
1760734800.0 2017.2 431 0 228 175 NA NA NA NA NA 572 0 331 263 NA NA NA NA NA 516 161 325 304 NA NA NA NA NA 565 215 417 381 NA NA NA NA NA 
1760734800.0 2017.3 432 0 231 174 NA NA NA NA NA 572 0 335 269 NA NA NA NA NA 581 162 349 301 NA NA NA NA NA 648 229 379 356 NA NA NA NA NA 
1760734800.0 2017.4 518 0 237 175 NA NA NA NA NA 671 0 332 263 NA NA NA NA NA 567 146 337 282 NA NA NA NA NA 629 195 444 337 NA NA NA NA NA 
1760734800.0 2017.5 515 0 234 175 NA NA NA NA NA 645 0 331 268 NA NA NA NA NA 662 179 342 299 NA NA NA NA NA 736 236 423 369 NA NA NA NA NA 
1760734800.0 2017.6 515 0 242 174 NA NA NA NA NA 655 0 343 268 NA NA NA NA NA 714 160 387 294 NA NA NA NA NA 815 243 413 353 NA NA NA NA NA 
1760734800.0 2017.7 487 0 239 174 NA NA NA NA NA 673 0 328 271 NA NA NA NA NA 695 157 339 301 NA NA NA NA NA 754 205 419 363 NA NA NA NA NA 
1760734800.0 2017.8 227 NA NA NA NA NA NA NA NA 335 NA NA NA NA NA NA NA NA 579 NA NA NA NA NA NA NA NA 345 NA NA NA NA NA NA NA NA 
1760734800.0 2017.9 515 0 233 174 NA NA NA NA NA 672 0 343 271 NA NA NA NA NA 598 171 333 290 NA NA NA NA NA 680 219 360 352 NA NA NA NA NA 
1760734800.0 2018.1 474 0 226 169 NA NA NA NA NA 666 0 333 273 NA NA NA NA NA 651 140 382 226 NA NA NA NA NA 786 172 484 260 NA NA NA NA NA 
1760734800.0 2018.11 533 0 244 177 NA NA NA NA NA 680 0 336 274 NA NA NA NA NA 790 183 496 316 NA NA NA NA NA 589 268 456 374 NA NA NA NA NA 
1760734800.0 2018.12 514 0 235 175 NA NA NA NA NA 693 0 334 263 NA NA NA NA NA 699 155 325 261 NA NA NA NA NA 587 203 395 313 NA NA NA NA NA 
1760734800.0 2018.13 537 0 NA NA NA NA NA NA NA 711 0 NA NA NA NA NA NA NA 585 220 NA NA NA NA NA NA NA 570 268 NA NA NA NA NA NA NA 
1760734800.0 2018.2 434 0 229 173 NA NA NA NA NA 572 0 322 265 NA NA NA NA NA 605 159 317 286 NA NA NA NA NA 687 209 413 346 NA NA NA NA NA 
1760734800.0 2018.3 425 0 224 168 NA NA NA NA NA 573 0 317 265 NA NA NA NA NA 551 127 316 239 NA NA NA NA NA 721 227 409 342 NA NA NA NA NA 
1760734800.0 2018.4 510 0 233 175 NA NA NA NA NA 640 0 338 268 NA NA NA NA NA 634 189 352 291 NA NA NA NA NA 518 210 427 358 NA NA NA NA NA 
1760734800.0 2018.5 509 0 232 175 NA NA NA NA NA 669 0 330 264 NA NA NA NA NA 691 170 332 295 NA NA NA NA NA 844 238 408 349 NA NA NA NA NA 
1760734800.0 2018.6 513 0 245 175 NA NA NA NA NA 684 0 337 265 NA NA NA NA NA 746 184 359 291 NA NA NA NA NA 746 242 414 354 NA NA NA NA NA 
1760734800.0 2018.7 512 0 232 175 NA NA NA NA NA 659 0 344 261 NA NA NA NA NA 651 164 390 293 NA NA NA NA NA 556 203 441 369 NA NA NA NA NA 
1760734800.0 2018.8 226 NA NA NA NA NA NA NA NA 333 NA NA NA NA NA NA NA NA 502 NA NA NA NA NA NA NA NA 288 NA NA NA NA NA NA NA NA 
1760734800.0 2018.9 511 0 231 174 NA NA NA NA NA 668 0 335 264 NA NA NA NA NA 613 171 385 280 NA NA NA NA NA 506 245 443 350 NA NA NA NA NA 
1760734800.0 202.0 NA 247 464 0 NA NA NA NA NA NA 370 674 0 NA NA NA NA NA NA 346 1174 207 NA NA NA NA NA NA 443 1210 294 NA NA NA NA NA 
1760734800.0 2022.0000001 NA 194 485 0 NA NA NA NA NA NA 289 716 0 NA NA NA NA NA NA 185 1214 162 NA NA NA NA NA NA 177 1446 178 NA NA NA NA NA 
1760734800.0 2022.0010001 NA 197 488 0 NA NA NA NA NA NA 285 724 0 NA NA NA NA NA NA 126 1179 170 NA NA NA NA NA NA 147 1187 210 NA NA NA NA NA 
1760734800.0 2022.0020001 NA 224 605 0 NA NA NA NA NA NA 322 838 0 NA NA NA NA NA NA 187 3611 181 NA NA NA NA NA NA 129 1522 213 NA NA NA NA NA 
1760734800.0 2022.0030001 NA 218 572 0 NA NA NA NA NA NA 298 874 0 NA NA NA NA NA NA 185 4267 133 NA NA NA NA NA NA 155 1664 149 NA NA NA NA NA 
1760734800.0 2023.0000001 NA 216 557 0 NA NA NA NA NA NA 303 767 0 NA NA NA NA NA NA 202 2765 157 NA NA NA NA NA NA 197 1393 183 NA NA NA NA NA 
1760734800.0 2023.0010001 NA 216 594 0 NA NA NA NA NA NA 291 846 0 NA NA NA NA NA NA 191 4310 137 NA NA NA NA NA NA 145 1653 153 NA NA NA NA NA 
1760734800.0 2023.0020001 NA 181 472 0 NA NA NA NA NA NA 284 729 0 NA NA NA NA NA NA 95 971 170 NA NA NA NA NA NA 137 1259 197 NA NA NA NA NA 
1760734800.0 2024.0000001 NA 209 538 0 NA NA NA NA NA NA 323 772 0 NA NA NA NA NA NA 163 1853 176 NA NA NA NA NA NA 170 1889 202 NA NA NA NA NA 
1760734800.0 2024.0010001 NA 216 616 0 NA NA NA NA NA NA 314 876 0 NA NA NA NA NA NA 218 5194 153 NA NA NA NA NA NA 160 2299 172 NA NA NA NA NA 
1760734800.0 2024.0020001 NA 203 547 0 NA NA NA NA NA NA 312 739 0 NA NA NA NA NA NA 187 2036 170 NA NA NA NA NA NA 169 1863 195 NA NA NA NA NA 
1760734800.0 2024.0030001 NA 191 515 0 NA NA NA NA NA NA 299 753 0 NA NA NA NA NA NA 112 1491 165 NA NA NA NA NA NA 139 1625 187 NA NA NA NA NA 
1760734800.0 2024.0040001 NA 214 678 0 NA NA NA NA NA NA 308 970 0 NA NA NA NA NA NA 310 11860 178 NA NA NA NA NA NA 297 4508 201 NA NA NA NA NA 
1760734800.0 2024.0050001 NA 223 617 0 NA NA NA NA NA NA 321 882 0 NA NA NA NA NA NA 188 4556 183 NA NA NA NA NA NA 121 2072 200 NA NA NA NA NA 
1760734800.0 2024.0060001 NA 211 562 0 NA NA NA NA NA NA 319 788 0 NA NA NA NA NA NA 207 2076 157 NA NA NA NA NA NA 151 1820 181 NA NA NA NA NA 
1760734800.0 2024.0070001 NA 224 592 0 NA NA NA NA NA NA 322 809 0 NA NA NA NA NA NA 158 2701 170 NA NA NA NA NA NA 131 1705 208 NA NA NA NA NA 
1760734800.0 2025.0000001 NA 348 587 0 NA NA NA NA NA NA 488 777 0 NA NA NA NA NA NA 382 1522 164 NA NA NA NA NA NA 390 1336 192 NA NA NA NA NA 
1760734800.0 2025.0010001 NA 432 613 0 NA NA NA NA NA NA 578 790 0 NA NA NA NA NA NA 563 1774 181 NA NA NA NA NA NA 524 1561 197 NA NA NA NA NA 
1760734800.0 2025.0020001 NA 421 684 0 NA NA NA NA NA NA 616 970 0 NA NA NA NA NA NA 1290 6257 218 NA NA NA NA NA NA 878 2880 270 NA NA NA NA NA 
1760734800.0 203.0 NA 256 460 0 NA NA NA NA NA NA 380 661 0 NA NA NA NA NA NA 408 1199 206 NA NA NA NA NA NA 453 1300 224 NA NA NA NA NA 
1760734800.0 204.0 154 268 494 0 NA NA NA NA NA 246 380 634 0 NA NA NA NA NA 767 370 1141 204 NA NA NA NA NA 385 361 963 225 NA NA NA NA NA 
1760734800.0 205.0 NA 235 455 0 NA NA NA NA NA NA 349 644 0 NA NA NA NA NA NA 362 1142 200 NA NA NA NA NA NA 451 1207 219 NA NA NA NA NA 
1760734800.0 21.0 NA 184 381 0 NA NA NA NA NA NA 276 562 0 NA NA NA NA NA NA 720 1366 191 NA NA NA NA NA NA 316 973 208 NA NA NA NA NA 
1760734800.0 22.0 NA 194 391 0 NA NA NA NA NA NA 291 578 0 NA NA NA NA NA NA 749 1525 203 NA NA NA NA NA NA 317 1059 225 NA NA NA NA NA 
1760734800.0 23.0 NA 207 413 0 NA NA NA NA NA NA 314 570 0 NA NA NA NA NA NA 755 1521 264 NA NA NA NA NA NA 342 988 282 NA NA NA NA NA 
1760734800.0 23634.0 NA 648 707 0 271 NA NA NA NA NA 854 953 0 372 NA NA NA NA NA 1125 1621 261 595 NA NA NA NA NA 902 1560 281 592 NA NA NA NA 
1760734800.0 24.0 NA 214 421 0 NA NA NA NA NA NA 327 581 0 NA NA NA NA NA NA 942 2148 263 NA NA NA NA NA NA 395 1188 280 NA NA NA NA NA 
1760734800.0 24034.0 NA 544 678 0 258 NA NA NA NA NA 713 884 0 375 NA NA NA NA NA 889 1277 237 518 NA NA NA NA NA 627 1098 254 573 NA NA NA NA 
1760734800.0 24834.0 NA 651 721 0 274 NA NA NA NA NA 872 1006 0 376 NA NA NA NA NA 1354 1777 299 568 NA NA NA NA NA 1236 1922 343 534 NA NA NA NA 
1760734800.0 25.0 NA 221 466 0 139 NA NA NA NA NA 329 618 0 210 NA NA NA NA NA 910 2043 225 179 NA NA NA NA NA 397 1224 250 228 NA NA NA NA 
1760734800.0 2500.0001 NA 269 0 NA NA NA NA NA NA NA 455 0 NA NA NA NA NA NA NA 31582 93 NA NA NA NA NA NA NA 18920 126 NA NA NA NA NA NA 
1760734800.0 2500.0002 NA 274 0 NA NA NA NA NA NA NA 448 0 NA NA NA NA NA NA NA 30690 72 NA NA NA NA NA NA NA 18843 93 NA NA NA NA NA NA 
1760734800.0 2500.0003 NA 311 0 NA NA NA NA NA NA NA 546 0 NA NA NA NA NA NA NA 33555 88 NA NA NA NA NA NA NA 19762 134 NA NA NA NA NA NA 
1760734800.0 2500.0004 NA 315 0 NA NA NA NA NA NA NA 512 0 NA NA NA NA NA NA NA 31632 87 NA NA NA NA NA NA NA 9838 102 NA NA NA NA NA NA 
1760734800.0 2500.0101 NA 283 0 NA NA NA NA NA NA NA 430 0 NA NA NA NA NA NA NA 19016 70 NA NA NA NA NA NA NA 5846 114 NA NA NA NA NA NA 
1760734800.0 2500.0102 NA 297 0 NA NA NA NA NA NA NA 441 0 NA NA NA NA NA NA NA 28096 87 NA NA NA NA NA NA NA 17588 116 NA NA NA NA NA NA 
1760734800.0 2500.0103 NA 292 0 NA NA NA NA NA NA NA 456 0 NA NA NA NA NA NA NA 25776 75 NA NA NA NA NA NA NA 9132 100 NA NA NA NA NA NA 
1760734800.0 2500.0201 NA 272 182 0 NA NA NA NA NA NA 427 293 0 NA NA NA NA NA NA 1095 389 80 NA NA NA NA NA NA 946 404 94 NA NA NA NA NA 
1760734800.0 2500.0202 NA 311 196 0 NA NA NA NA NA NA 417 300 0 NA NA NA NA NA NA 1313 472 86 NA NA NA NA NA NA 1015 514 102 NA NA NA NA NA 
1760734800.0 2500.0203 NA 327 199 0 NA NA NA NA NA NA 443 287 0 NA NA NA NA NA NA 1460 507 87 NA NA NA NA NA NA 1000 669 106 NA NA NA NA NA 
1760734800.0 2500.0204 NA 332 199 0 NA NA NA NA NA NA 440 293 0 NA NA NA NA NA NA 1449 495 79 NA NA NA NA NA NA 1027 622 96 NA NA NA NA NA 
1760734800.0 2500.0301 NA 294 182 0 NA NA NA NA NA NA 424 258 0 NA NA NA NA NA NA 1079 365 71 NA NA NA NA NA NA 669 412 89 NA NA NA NA NA 
1760734800.0 2500.0302 NA 304 184 0 NA NA NA NA NA NA 433 255 0 NA NA NA NA NA NA 1320 431 85 NA NA NA NA NA NA 930 526 103 NA NA NA NA NA 
1760734800.0 2500.0303 NA 311 187 0 NA NA NA NA NA NA 425 255 0 NA NA NA NA NA NA 1442 409 79 NA NA NA NA NA NA 974 528 94 NA NA NA NA NA 
1760734800.0 2500.0304 NA 311 187 0 NA NA NA NA NA NA 417 254 0 NA NA NA NA NA NA 1389 437 90 NA NA NA NA NA NA 944 502 110 NA NA NA NA NA 
1760734800.0 2500.0401 NA 224 194 0 NA NA NA NA NA NA 311 298 0 NA NA NA NA NA NA 550 479 108 NA NA NA NA NA NA 378 464 131 NA NA NA NA NA 
1760734800.0 2500.0402 NA 225 195 0 NA NA NA NA NA NA 316 299 0 NA NA NA NA NA NA 564 442 97 NA NA NA NA NA NA 375 441 124 NA NA NA NA NA 
1760734800.0 2500.0403 NA 227 199 0 NA NA NA NA NA NA 311 298 0 NA NA NA NA NA NA 590 483 106 NA NA NA NA NA NA 374 465 140 NA NA NA NA NA 
1760734800.0 2500.0404 NA 229 198 0 NA NA NA NA NA NA 333 291 0 NA NA NA NA NA NA 566 506 99 NA NA NA NA NA NA 372 480 116 NA NA NA NA NA 
1760734800.0 2500.0501 NA 216 183 0 NA NA NA NA NA NA 318 253 0 NA NA NA NA NA NA 440 437 74 NA NA NA NA NA NA 298 459 106 NA NA NA NA NA 
1760734800.0 2500.0502 NA 222 188 0 NA NA NA NA NA NA 310 262 0 NA NA NA NA NA NA 514 444 92 NA NA NA NA NA NA 362 459 131 NA NA NA NA NA 
1760734800.0 2500.0503 NA 222 187 0 NA NA NA NA NA NA 319 262 0 NA NA NA NA NA NA 487 455 82 NA NA NA NA NA NA 310 500 113 NA NA NA NA NA 
1760734800.0 2500.1001 NA 311 0 NA NA NA NA NA NA NA 545 0 NA NA NA NA NA NA NA 27238 73 NA NA NA NA NA NA NA 17196 95 NA NA NA NA NA NA 
1760734800.0 2500.1101 NA 282 0 NA NA NA NA NA NA NA 431 0 NA NA NA NA NA NA NA 17676 84 NA NA NA NA NA NA NA 5894 101 NA NA NA NA NA NA 
1760734800.0 2500.1201 NA 219 203 0 NA NA NA NA NA NA 306 305 0 NA NA NA NA NA NA 551 410 110 NA NA NA NA NA NA 319 367 156 NA NA NA NA NA 
1760734800.0 2500.1301 NA 248 189 0 NA NA NA NA NA NA 330 258 0 NA NA NA NA NA NA 473 434 89 NA NA NA NA NA NA 275 454 131 NA NA NA NA NA 
1760734800.0 2500.1501 NA 171 NA NA NA NA NA NA NA NA 275 NA NA NA NA NA NA NA NA 3992 NA NA NA NA NA NA NA NA 1403 NA NA NA NA NA NA NA 
1760734800.0 2500.1502 NA 158 NA NA NA NA NA NA NA NA 250 NA NA NA NA NA NA NA NA 8922 NA NA NA NA NA NA NA NA 6188 NA NA NA NA NA NA NA 
1760734800.0 2500.1503 NA 169 NA NA NA NA NA NA NA NA 278 NA NA NA NA NA NA NA NA 5757 NA NA NA NA NA NA NA NA 1909 NA NA NA NA NA NA NA 
1760734800.0 2500.1504 NA 158 NA NA NA NA NA NA NA NA 252 NA NA NA NA NA NA NA NA 11814 NA NA NA NA NA NA NA NA 7518 NA NA NA NA NA NA NA 
1760734800.0 2500.2201 NA 240 NA NA NA NA NA NA NA NA 381 NA NA NA NA NA NA NA NA 2560 NA NA NA NA NA NA NA NA 1095 NA NA NA NA NA NA NA 
1760734800.0 2500.2202 NA 280 NA NA NA NA NA NA NA NA 420 NA NA NA NA NA NA NA NA 3869 NA NA NA NA NA NA NA NA 1534 NA NA NA NA NA NA NA 
1760734800.0 2500.2203 NA 302 NA NA NA NA NA NA NA NA 427 NA NA NA NA NA NA NA NA 5421 NA NA NA NA NA NA NA NA 2204 NA NA NA NA NA NA NA 
1760734800.0 2500.2204 NA 293 NA NA NA NA NA NA NA NA 451 NA NA NA NA NA NA NA NA 9165 NA NA NA NA NA NA NA NA 3097 NA NA NA NA NA NA NA 
1760734800.0 2500.2206 NA 279 NA NA NA NA NA NA NA NA 432 NA NA NA NA NA NA NA NA 3696 NA NA NA NA NA NA NA NA 1475 NA NA NA NA NA NA NA 
1760734800.0 2500.2207 NA 190 NA NA NA NA NA NA NA NA 312 NA NA NA NA NA NA NA NA 6487 NA NA NA NA NA NA NA NA 2354 NA NA NA NA NA NA NA 
1760734800.0 2500.2208 NA 285 NA NA NA NA NA NA NA NA 496 NA NA NA NA NA NA NA NA 31499 NA NA NA NA NA NA NA NA 19177 NA NA NA NA NA NA NA 
1760734800.0 2500.2301 NA 270 NA NA NA NA NA NA NA NA 376 NA NA NA NA NA NA NA NA 1691 NA NA NA NA NA NA NA NA 747 NA NA NA NA NA NA NA 
1760734800.0 2500.2302 NA 314 NA NA NA NA NA NA NA NA 419 NA NA NA NA NA NA NA NA 2693 NA NA NA NA NA NA NA NA 1147 NA NA NA NA NA NA NA 
1760734800.0 2500.2303 NA 332 NA NA NA NA NA NA NA NA 454 NA NA NA NA NA NA NA NA 4097 NA NA NA NA NA NA NA NA 1614 NA NA NA NA NA NA NA 
1760734800.0 2500.2304 NA 322 NA NA NA NA NA NA NA NA 452 NA NA NA NA NA NA NA NA 7454 NA NA NA NA NA NA NA NA 2287 NA NA NA NA NA NA NA 
1760734800.0 2500.2306 NA 311 NA NA NA NA NA NA NA NA 429 NA NA NA NA NA NA NA NA 2782 NA NA NA NA NA NA NA NA 1205 NA NA NA NA NA NA NA 
1760734800.0 2500.2307 NA 168 NA NA NA NA NA NA NA NA 257 NA NA NA NA NA NA NA NA 4757 NA NA NA NA NA NA NA NA 1563 NA NA NA NA NA NA NA 
1760734800.0 2500.2308 NA 314 NA NA NA NA NA NA NA NA 513 NA NA NA NA NA NA NA NA 25341 NA NA NA NA NA NA NA NA 8613 NA NA NA NA NA NA NA 
1760734800.0 2500.2309 NA 319 NA NA NA NA NA NA NA NA 515 NA NA NA NA NA NA NA NA 25840 NA NA NA NA NA NA NA NA 8923 NA NA NA NA NA NA NA 
1760734800.0 2500.231 NA 100 NA NA NA NA NA NA NA NA 170 NA NA NA NA NA NA NA NA 4286 NA NA NA NA NA NA NA NA 2465 NA NA NA NA NA NA NA 
1760734800.0 2500.2311 NA 85 NA NA NA NA NA NA NA NA 167 NA NA NA NA NA NA NA NA 472 NA NA NA NA NA NA NA NA 295 NA NA NA NA NA NA NA 
1760734800.0 2500.2401 NA 224 NA NA NA NA NA NA NA NA 375 NA NA NA NA NA NA NA NA 432 NA NA NA NA NA NA NA NA 433 NA NA NA NA NA NA NA 
1760734800.0 2500.2402 NA 177 NA NA NA NA NA NA NA NA 257 NA NA NA NA NA NA NA NA 939 NA NA NA NA NA NA NA NA 464 NA NA NA NA NA NA NA 
1760734800.0 2500.2403 NA 128 NA NA NA NA NA NA NA NA 200 NA NA NA NA NA NA NA NA 177 NA NA NA NA NA NA NA NA 213 NA NA NA NA NA NA NA 
1760734800.0 2500.2404 NA 189 NA NA NA NA NA NA NA NA 286 NA NA NA NA NA NA NA NA 1472 NA NA NA NA NA NA NA NA 754 NA NA NA NA NA NA NA 
1760734800.0 2500.2405 NA 190 NA NA NA NA NA NA NA NA 284 NA NA NA NA NA NA NA NA 1155 NA NA NA NA NA NA NA NA 536 NA NA NA NA NA NA NA 
1760734800.0 2500.2501 NA 194 NA NA NA NA NA NA NA NA 291 NA NA NA NA NA NA NA NA 1065 NA NA NA NA NA NA NA NA 548 NA NA NA NA NA NA NA 
1760734800.0 2500.2601 NA 324 204 0 NA NA NA NA NA NA 435 308 0 NA NA NA NA NA NA 1440 475 86 NA NA NA NA NA NA 901 557 104 NA NA NA NA NA 
1760734800.0 2500.2701 NA 300 193 0 NA NA NA NA NA NA 399 263 0 NA NA NA NA NA NA 1257 363 86 NA NA NA NA NA NA 869 365 104 NA NA NA NA NA 
1760734800.0 2500.3001 NA 283 0 NA NA NA NA NA NA NA 423 0 NA NA NA NA NA NA NA 6008 67 NA NA NA NA NA NA NA 2200 81 NA NA NA NA NA NA 
1760734800.0 2500.3101 NA 259 0 NA NA NA NA NA NA NA 422 0 NA NA NA NA NA NA NA 3569 83 NA NA NA NA NA NA NA 1598 115 NA NA NA NA NA NA 
1760734800.0 2500.3102 NA 265 0 NA NA NA NA NA NA NA 361 0 NA NA NA NA NA NA NA 810 85 NA NA NA NA NA NA NA 618 104 NA NA NA NA NA NA 
1760734800.0 2500.3201 NA 269 NA NA NA NA NA NA NA NA 390 NA NA NA NA NA NA NA NA 887 NA NA NA NA NA NA NA NA 479 NA NA NA NA NA NA NA 
1760734800.0 2500.3202 NA 283 NA NA NA NA NA NA NA NA 392 NA NA NA NA NA NA NA NA 1049 NA NA NA NA NA NA NA NA 592 NA NA NA NA NA NA NA 
1760734800.0 2500.3203 NA 308 NA NA NA NA NA NA NA NA 444 NA NA NA NA NA NA NA NA 2478 NA NA NA NA NA NA NA NA 1003 NA NA NA NA NA NA NA 
1760734800.0 2500.3204 NA 311 NA NA NA NA NA NA NA NA 436 NA NA NA NA NA NA NA NA 7114 NA NA NA NA NA NA NA NA 2082 NA NA NA NA NA NA NA 
1760734800.0 2500.3205 NA 340 NA NA NA NA NA NA NA NA 480 NA NA NA NA NA NA NA NA 8070 NA NA NA NA NA NA NA NA 2763 NA NA NA NA NA NA NA 
1760734800.0 2500.3206 NA 282 NA NA NA NA NA NA NA NA 391 NA NA NA NA NA NA NA NA 962 NA NA NA NA NA NA NA NA 539 NA NA NA NA NA NA NA 
1760734800.0 2500.3207 NA 246 NA NA NA NA NA NA NA NA 374 NA NA NA NA NA NA NA NA 5800 NA NA NA NA NA NA NA NA 1944 NA NA NA NA NA NA NA 
1760734800.0 2500.3208 NA 309 NA NA NA NA NA NA NA NA 457 NA NA NA NA NA NA NA NA 11228 NA NA NA NA NA NA NA NA 5896 NA NA NA NA NA NA NA 
1760734800.0 2500.3209 NA 293 NA NA NA NA NA NA NA NA 453 NA NA NA NA NA NA NA NA 6325 NA NA NA NA NA NA NA NA 2245 NA NA NA NA NA NA NA 
1760734800.0 2500.3301 NA 244 NA NA NA NA NA NA NA NA 340 NA NA NA NA NA NA NA NA 701 NA NA NA NA NA NA NA NA 476 NA NA NA NA NA NA NA 
1760734800.0 2500.3302 NA 257 NA NA NA NA NA NA NA NA 359 NA NA NA NA NA NA NA NA 819 NA NA NA NA NA NA NA NA 625 NA NA NA NA NA NA NA 
1760734800.0 2500.3303 NA 282 NA NA NA NA NA NA NA NA 382 NA NA NA NA NA NA NA NA 2091 NA NA NA NA NA NA NA NA 844 NA NA NA NA NA NA NA 
1760734800.0 2500.3304 NA 270 NA NA NA NA NA NA NA NA 384 NA NA NA NA NA NA NA NA 6550 NA NA NA NA NA NA NA NA 2084 NA NA NA NA NA NA NA 
1760734800.0 2500.3305 NA 311 NA NA NA NA NA NA NA NA 424 NA NA NA NA NA NA NA NA 6650 NA NA NA NA NA NA NA NA 1947 NA NA NA NA NA NA NA 
1760734800.0 2500.3306 NA 254 NA NA NA NA NA NA NA NA 342 NA NA NA NA NA NA NA NA 749 NA NA NA NA NA NA NA NA 648 NA NA NA NA NA NA NA 
1760734800.0 2500.3307 NA 170 NA NA NA NA NA NA NA NA 269 NA NA NA NA NA NA NA NA 4515 NA NA NA NA NA NA NA NA 1540 NA NA NA NA NA NA NA 
1760734800.0 2500.3308 NA 242 NA NA NA NA NA NA NA NA 384 NA NA NA NA NA NA NA NA 5256 NA NA NA NA NA NA NA NA 2183 NA NA NA NA NA NA NA 
1760734800.0 2500.3309 NA 269 NA NA NA NA NA NA NA NA 412 NA NA NA NA NA NA NA NA 6405 NA NA NA NA NA NA NA NA 2204 NA NA NA NA NA NA NA 
1760734800.0 2500.331 NA 266 NA NA NA NA NA NA NA NA 421 NA NA NA NA NA NA NA NA 4045 NA NA NA NA NA NA NA NA 1838 NA NA NA NA NA NA NA 
1760734800.0 2500.9001 NA 190 NA NA NA NA NA NA NA NA 294 NA NA NA NA NA NA NA NA 675 NA NA NA NA NA NA NA NA 530 NA NA NA NA NA NA NA 
1760734800.0 2500.9002 NA 149 NA NA NA NA NA NA NA NA 254 NA NA NA NA NA NA NA NA 597 NA NA NA NA NA NA NA NA 409 NA NA NA NA NA NA NA 
1760734800.0 2500.9101 92 110 NA NA NA NA NA NA NA 122 191 NA NA NA NA NA NA NA 149 147 NA NA NA NA NA NA NA 165 183 NA NA NA NA NA NA NA 
1760734800.0 2500.9102 66 94 110 NA NA NA NA NA NA 106 126 192 NA NA NA NA NA NA 5065 149 142 NA NA NA NA NA NA 6283 147 167 NA NA NA NA NA NA 
1760734800.0 2500.9103 66 94 110 NA NA NA NA NA NA 108 130 198 NA NA NA NA NA NA 580 149 159 NA NA NA NA NA NA 209 130 175 NA NA NA NA NA NA 
1760734800.0 250199.0 383 NA NA NA NA NA NA NA NA 535 NA NA NA NA NA NA NA NA 1345 NA NA NA NA NA NA NA NA 814 NA NA NA NA NA NA NA NA 
1760734800.0 250199.17 386 NA NA NA NA NA NA NA NA 545 NA NA NA NA NA NA NA NA 1491 NA NA NA NA NA NA NA NA 875 NA NA NA NA NA NA NA NA 
1760734800.0 250199.18 458 NA NA NA NA NA NA NA NA 630 NA NA NA NA NA NA NA NA 2229 NA NA NA NA NA NA NA NA 1102 NA NA NA NA NA NA NA NA 
1760734800.0 250200.0 NA 472 544 0 NA NA NA NA NA NA 670 729 0 NA NA NA NA NA NA 2638 1219 197 NA NA NA NA NA NA 1002 897 236 NA NA NA NA NA 
1760734800.0 250200.1 141 416 344 NA NA NA NA NA NA 217 589 529 NA NA NA NA NA NA 735 394 1005 NA NA NA NA NA NA 450 397 950 NA NA NA NA NA NA 
1760734800.0 250200.117 128 503 363 NA NA NA NA NA NA 192 712 558 NA NA NA NA NA NA 831 1057 963 NA NA NA NA NA NA 522 538 732 NA NA NA NA NA NA 
1760734800.0 250200.118 127 539 436 179 NA NA NA NA NA 187 765 589 274 NA NA NA NA NA 847 1028 1099 260 NA NA NA NA NA 491 525 790 287 NA NA NA NA NA 
1760734800.0 250200.17 NA 532 619 0 NA NA NA NA NA NA 754 864 0 NA NA NA NA NA NA 2681 1118 220 NA NA NA NA NA NA 1260 855 255 NA NA NA NA NA 
1760734800.0 250200.18 NA 608 655 0 NA NA NA NA NA NA 857 907 0 NA NA NA NA NA NA 3539 1458 212 NA NA NA NA NA NA 1493 1059 234 NA NA NA NA NA 
1760734800.0 250200.182 135 591 682 0 NA NA NA NA NA 188 783 948 0 NA NA NA NA NA 657 779 1332 205 NA NA NA NA NA 407 427 881 253 NA NA NA NA NA 
1760734800.0 250202.0 NA 464 567 0 NA NA NA NA NA NA 641 759 0 NA NA NA NA NA NA 2202 1094 163 NA NA NA NA NA NA 861 786 178 NA NA NA NA NA 
1760734800.0 250202.1 NA 383 444 568 0 NA NA NA NA NA 535 617 751 0 NA NA NA NA NA 919 2028 1138 162 NA NA NA NA NA 537 686 798 175 NA NA NA NA 
1760734800.0 250202.118 137 569 452 180 NA NA NA NA NA 190 783 603 279 NA NA NA NA NA 1297 854 1050 219 NA NA NA NA NA 538 480 658 239 NA NA NA NA NA 
1760734800.0 250202.17 NA 545 632 0 NA NA NA NA NA NA 737 896 0 NA NA NA NA NA NA 2733 1326 215 NA NA NA NA NA NA 984 963 258 NA NA NA NA NA 
1760734800.0 250202.171 NA 398 539 629 0 NA NA NA NA NA 547 716 866 0 NA NA NA NA NA 1065 2584 1188 211 NA NA NA NA NA 656 832 874 247 NA NA NA NA 
1760734800.0 250202.172 NA 554 642 0 NA NA NA NA NA NA 750 859 0 NA NA NA NA NA NA 2827 1343 218 NA NA NA NA NA NA 1162 1049 261 NA NA NA NA NA 
1760734800.0 250202.18 NA 597 681 0 NA NA NA NA NA NA 883 957 0 NA NA NA NA NA NA 3696 1575 217 NA NA NA NA NA NA 1522 992 234 NA NA NA NA NA 
1760734800.0 250202.181 NA 469 596 676 0 NA NA NA NA NA 642 839 912 0 NA NA NA NA NA 1797 3647 1567 244 NA NA NA NA NA 906 1336 974 303 NA NA NA NA 
1760734800.0 250202.182 139 608 695 0 NA NA NA NA NA 197 814 939 0 NA NA NA NA NA 1082 803 1588 211 NA NA NA NA NA 451 444 987 238 NA NA NA NA NA 
1760734800.0 250202.183 139 590 689 0 NA NA NA NA NA 198 797 945 0 NA NA NA NA NA 1160 837 1780 279 NA NA NA NA NA 568 503 1141 302 NA NA NA NA NA 
1760734800.0 250202.184 NA 431 597 674 0 NA NA NA NA NA 606 837 885 0 NA NA NA NA NA 1702 4389 1646 232 NA NA NA NA NA 1065 1533 1190 260 NA NA NA NA 
1760734800.0 250202.185 NA 435 615 676 0 NA NA NA NA NA 612 886 946 0 NA NA NA NA NA 1719 3907 1767 234 NA NA NA NA NA 1105 1433 1143 276 NA NA NA NA 
1760734800.0 250202.2 NA 472 525 0 NA NA NA NA NA NA 660 717 0 NA NA NA NA NA NA 4190 1115 172 NA NA NA NA NA NA 1383 962 187 NA NA NA NA NA 
1760734800.0 250202.3 NA 382 460 560 0 NA NA NA NA NA 514 624 722 0 NA NA NA NA NA 1006 4013 1156 174 NA NA NA NA NA 619 1204 841 186 NA NA NA NA 
1760734800.0 250202.4 NA 471 558 0 NA NA NA NA NA NA 659 707 0 NA NA NA NA NA NA 4262 1124 179 NA NA NA NA NA NA 1376 829 196 NA NA NA NA NA 
1760734800.0 250202.5 NA 376 452 559 0 NA NA NA NA NA 536 637 767 0 NA NA NA NA NA 1021 4042 1130 177 NA NA NA NA NA 624 1243 850 193 NA NA NA NA 
1760734800.0 250203.0 NA 456 541 0 NA NA NA NA NA NA 649 740 0 NA NA NA NA NA NA 2120 1048 156 NA NA NA NA NA NA 813 794 166 NA NA NA NA NA 
1760734800.0 250203.17 NA 545 628 0 NA NA NA NA NA NA 759 852 0 NA NA NA NA NA NA 2861 1205 218 NA NA NA NA NA NA 1167 901 237 NA NA NA NA NA 
1760734800.0 250203.18 NA 592 655 0 NA NA NA NA NA NA 836 919 0 NA NA NA NA NA NA 3532 1417 209 NA NA NA NA NA NA 1397 961 226 NA NA NA NA NA 
1760734800.0 250204.0 NA 462 549 0 NA NA NA NA NA NA 665 765 0 NA NA NA NA NA NA 2742 1243 206 NA NA NA NA NA NA 1054 898 263 NA NA NA NA NA 
1760734800.0 250204.17 NA 526 635 0 NA NA NA NA NA NA 737 858 0 NA NA NA NA NA NA 2732 1188 215 NA NA NA NA NA NA 1269 905 231 NA NA NA NA NA 
1760734800.0 250204.18 NA 587 662 0 NA NA NA NA NA NA 817 927 0 NA NA NA NA NA NA 3620 1445 220 NA NA NA NA NA NA 1551 956 240 NA NA NA NA NA 
1760734800.0 250205.0 NA 454 555 0 NA NA NA NA NA NA 647 748 0 NA NA NA NA NA NA 2592 1128 189 NA NA NA NA NA NA 1128 833 211 NA NA NA NA NA 
1760734800.0 250205.17 NA 543 623 0 NA NA NA NA NA NA 718 875 0 NA NA NA NA NA NA 2606 1114 214 NA NA NA NA NA NA 1121 1016 233 NA NA NA NA NA 
1760734800.0 250205.18 NA 587 658 0 NA NA NA NA NA NA 823 919 0 NA NA NA NA NA NA 3524 1533 218 NA NA NA NA NA NA 1513 1022 239 NA NA NA NA NA 
1760734800.0 250206.0 NA 476 544 0 NA NA NA NA NA NA 659 729 0 NA NA NA NA NA NA 2152 1084 164 NA NA NA NA NA NA 867 778 188 NA NA NA NA NA 
1760734800.0 250206.118 90 524 434 166 NA NA NA NA NA 186 744 587 266 NA NA NA NA NA 563 1005 1015 268 NA NA NA NA NA 913 515 696 292 NA NA NA NA NA 
1760734800.0 250206.17 NA 538 617 0 NA NA NA NA NA NA 721 876 0 NA NA NA NA NA NA 2629 1203 214 NA NA NA NA NA NA 994 963 234 NA NA NA NA NA 
1760734800.0 250206.18 NA 590 728 0 NA NA NA NA NA NA 843 1022 0 NA NA NA NA NA NA 3557 1650 217 NA NA NA NA NA NA 1376 1116 235 NA NA NA NA NA 
1760734800.0 250206.181 NA 469 594 731 0 NA NA NA NA NA 674 880 1007 0 NA NA NA NA NA 1759 3725 1591 256 NA NA NA NA NA 1069 1423 1107 310 NA NA NA NA 
1760734800.0 250206.182 133 557 726 0 NA NA NA NA NA 187 731 992 0 NA NA NA NA NA 464 846 1292 226 NA NA NA NA NA 366 614 964 256 NA NA NA NA NA 
1760734800.0 250207.0 NA 447 538 0 NA NA NA NA NA NA 647 718 0 NA NA NA NA NA NA 2544 1150 178 NA NA NA NA NA NA 1162 911 200 NA NA NA NA NA 
1760734800.0 250207.17 NA 530 600 0 NA NA NA NA NA NA 727 844 0 NA NA NA NA NA NA 2476 1114 197 NA NA NA NA NA NA 1094 925 212 NA NA NA NA NA 
1760734800.0 250207.18 NA 582 645 0 NA NA NA NA NA NA 822 935 0 NA NA NA NA NA NA 3317 1246 203 NA NA NA NA NA NA 1232 898 221 NA NA NA NA NA 
1760734800.0 250208.17 NA 509 650 0 NA NA NA NA NA NA 738 924 0 NA NA NA NA NA NA 2826 1700 228 NA NA NA NA NA NA 1014 1107 273 NA NA NA NA NA 
1760734800.0 250208.18 NA 602 696 0 NA NA NA NA NA NA 836 970 0 NA NA NA NA NA NA 3955 1795 207 NA NA NA NA NA NA 1627 945 220 NA NA NA NA NA 
1760734800.0 250399.0 305 NA NA NA NA NA NA NA NA 420 NA NA NA NA NA NA NA NA 476 NA NA NA NA NA NA NA NA 497 NA NA NA NA NA NA NA NA 
1760734800.0 250399.17 366 NA NA NA NA NA NA NA NA 504 NA NA NA NA NA NA NA NA 573 NA NA NA NA NA NA NA NA 483 NA NA NA NA NA NA NA NA 
1760734800.0 250399.18 363 NA NA NA NA NA NA NA NA 492 NA NA NA NA NA NA NA NA 644 NA NA NA NA NA NA NA NA 545 NA NA NA NA NA NA NA NA 
1760734800.0 250400.0 438 0 228 NA NA NA NA NA NA 616 0 338 NA NA NA NA NA NA 563 117 358 NA NA NA NA NA NA 705 143 439 NA NA NA NA NA NA 
1760734800.0 250400.17 558 0 247 NA NA NA NA NA NA 737 0 353 NA NA NA NA NA NA 781 178 456 NA NA NA NA NA NA 880 228 540 NA NA NA NA NA NA 
1760734800.0 250400.18 565 0 245 NA NA NA NA NA NA 732 0 350 NA NA NA NA NA NA 747 172 441 NA NA NA NA NA NA 837 213 474 NA NA NA NA NA NA 
1760734800.0 250402.0 495 0 252 NA NA NA NA NA NA 654 0 351 NA NA NA NA NA NA 755 160 480 NA NA NA NA NA NA 712 185 468 NA NA NA NA NA NA 
1760734800.0 250402.1 311 467 0 NA NA NA NA NA NA 429 608 0 NA NA NA NA NA NA 506 579 143 NA NA NA NA NA NA 491 512 165 NA NA NA NA NA NA 
1760734800.0 250402.17 563 0 254 NA NA NA NA NA NA 726 0 351 NA NA NA NA NA NA 789 147 465 NA NA NA NA NA NA 769 208 517 NA NA NA NA NA NA 
1760734800.0 250402.171 367 561 0 NA NA NA NA NA NA 486 703 0 NA NA NA NA NA NA 666 772 131 NA NA NA NA NA NA 571 579 148 NA NA NA NA NA NA 
1760734800.0 250402.18 516 0 244 NA NA NA NA NA NA 724 0 346 NA NA NA NA NA NA 773 134 398 NA NA NA NA NA NA 837 190 391 NA NA NA NA NA NA 
1760734800.0 250402.181 363 561 0 NA NA NA NA NA NA 486 708 0 NA NA NA NA NA NA 628 763 163 NA NA NA NA NA NA 558 610 194 NA NA NA NA NA NA 
1760734800.0 250403.0 484 0 239 NA NA NA NA NA NA 640 0 338 NA NA NA NA NA NA 668 144 387 NA NA NA NA NA NA 665 185 457 NA NA NA NA NA NA 
1760734800.0 250403.17 536 0 248 NA NA NA NA NA NA 705 0 354 NA NA NA NA NA NA 819 177 459 NA NA NA NA NA NA 871 225 491 NA NA NA NA NA NA 
1760734800.0 250403.18 512 0 231 NA NA NA NA NA NA 735 0 349 NA NA NA NA NA NA 699 152 356 NA NA NA NA NA NA 785 189 385 NA NA NA NA NA NA 
1760734800.0 250405.0 480 0 235 NA NA NA NA NA NA 639 0 346 NA NA NA NA NA NA 618 159 398 NA NA NA NA NA NA 634 237 431 NA NA NA NA NA NA 
1760734800.0 250405.17 559 0 249 NA NA NA NA NA NA 722 0 354 NA NA NA NA NA NA 784 180 461 NA NA NA NA NA NA 812 247 487 NA NA NA NA NA NA 
1760734800.0 250405.18 564 0 240 NA NA NA NA NA NA 717 0 340 NA NA NA NA NA NA 788 172 447 NA NA NA NA NA NA 733 226 532 NA NA NA NA NA NA 
1760734800.0 250406.0 423 0 227 NA NA NA NA NA NA 635 0 339 NA NA NA NA NA NA 557 117 332 NA NA NA NA NA NA 773 135 384 NA NA NA NA NA NA 
1760734800.0 250406.17 555 0 249 NA NA NA NA NA NA 730 0 347 NA NA NA NA NA NA 614 136 406 NA NA NA NA NA NA 780 164 438 NA NA NA NA NA NA 
1760734800.0 250406.18 562 0 242 NA NA NA NA NA NA 728 0 341 NA NA NA NA NA NA 717 178 413 NA NA NA NA NA NA 851 225 491 NA NA NA NA NA NA 
1760734800.0 250407.0 405 0 232 NA NA NA NA NA NA 553 0 340 NA NA NA NA NA NA 587 126 418 NA NA NA NA NA NA 763 180 446 NA NA NA NA NA NA 
1760734800.0 250407.17 482 0 241 NA NA NA NA NA NA 624 0 332 NA NA NA NA NA NA 626 129 434 NA NA NA NA NA NA 656 176 442 NA NA NA NA NA NA 
1760734800.0 250407.18 491 0 236 NA NA NA NA NA NA 638 0 343 NA NA NA NA NA NA 684 128 425 NA NA NA NA NA NA 814 171 472 NA NA NA NA NA NA 
1760734800.0 250408.0 488 0 242 NA NA NA NA NA NA 635 0 349 NA NA NA NA NA NA 722 117 421 NA NA NA NA NA NA 787 154 468 NA NA NA NA NA NA 
1760734800.0 250408.17 560 0 253 NA NA NA NA NA NA 708 0 362 NA NA NA NA NA NA 863 150 445 NA NA NA NA NA NA 962 230 492 NA NA NA NA NA NA 
1760734800.0 250408.18 563 0 251 NA NA NA NA NA NA 746 0 359 NA NA NA NA NA NA 876 141 488 NA NA NA NA NA NA 880 208 508 NA NA NA NA NA NA 
1760734800.0 250409.0 447 0 241 NA NA NA NA NA NA 666 0 353 NA NA NA NA NA NA 735 141 457 NA NA NA NA NA NA 800 222 404 NA NA NA NA NA NA 
1760734800.0 250409.17 522 0 255 NA NA NA NA NA NA 737 0 358 NA NA NA NA NA NA 874 137 435 NA NA NA NA NA NA 722 188 396 NA NA NA NA NA NA 
1760734800.0 250409.18 552 0 262 NA NA NA NA NA NA 716 0 357 NA NA NA NA NA NA 1055 161 555 NA NA NA NA NA NA 964 226 488 NA NA NA NA NA NA 
1760734800.0 25200.0 NA 449 699 0 173 NA NA NA NA NA 624 994 0 271 NA NA NA NA NA 877 1254 161 195 NA NA NA NA NA 489 947 179 257 NA NA NA NA 
1760734800.0 25202.0 NA 443 700 0 169 NA NA NA NA NA 606 963 0 279 NA NA NA NA NA 888 1342 170 196 NA NA NA NA NA 493 994 189 260 NA NA NA NA 
1760734800.0 25202.1 NA 473 708 0 NA NA NA NA NA NA 667 956 0 NA NA NA NA NA NA 1267 1412 197 NA NA NA NA NA NA 678 1056 221 NA NA NA NA NA 
1760734800.0 25202.15 NA 454 725 0 190 NA NA NA NA NA 598 970 0 292 NA NA NA NA NA 864 1346 168 259 NA NA NA NA NA 471 941 199 267 NA NA NA NA 
1760734800.0 25202.2 NA 462 703 0 NA NA NA NA NA NA 665 1004 0 NA NA NA NA NA NA 1185 1492 198 NA NA NA NA NA NA 600 1121 222 NA NA NA NA NA 
1760734800.0 25203.0 NA 454 743 0 180 NA NA NA NA NA 620 1039 0 271 NA NA NA NA NA 934 1386 172 215 NA NA NA NA NA 590 963 191 277 NA NA NA NA 
1760734800.0 25204.0 NA 452 714 0 NA NA NA NA NA NA 616 955 0 NA NA NA NA NA NA 1069 1607 192 NA NA NA NA NA NA 554 1121 215 NA NA NA NA NA 
1760734800.0 25205.0 NA 452 694 0 179 NA NA NA NA NA 609 977 0 272 NA NA NA NA NA 1044 1472 190 234 NA NA NA NA NA 610 1040 213 251 NA NA NA NA 
1760734800.0 25206.0 NA 467 779 0 181 NA NA NA NA NA 641 1041 0 271 NA NA NA NA NA 871 1316 162 189 NA NA NA NA NA 469 937 179 224 NA NA NA NA 
1760734800.0 25207.0 NA 442 714 0 NA NA NA NA NA NA 608 996 0 NA NA NA NA NA NA 959 1426 181 NA NA NA NA NA NA 518 1083 204 NA NA NA NA NA 
1760734800.0 25208.0 NA 466 747 0 NA NA NA NA NA NA 633 1049 0 NA NA NA NA NA NA 971 1754 203 NA NA NA NA NA NA 516 1231 227 NA NA NA NA NA 
1760734800.0 25209.0 NA 466 747 0 179 NA NA NA NA NA 628 997 0 276 NA NA NA NA NA 1156 1517 200 214 NA NA NA NA NA 604 1297 220 247 NA NA NA NA 
1760734800.0 25210.0 145 373 635 0 NA NA NA NA NA 219 525 844 0 NA NA NA NA NA 1038 341 919 170 NA NA NA NA NA 555 317 867 187 NA NA NA NA NA 
1760734800.0 25211.0 163 442 706 0 NA NA NA NA NA 241 613 987 0 NA NA NA NA NA 3574 870 1191 165 NA NA NA NA NA 1262 475 873 185 NA NA NA NA NA 
1760734800.0 25211.17 139 501 783 0 NA NA NA NA NA 207 677 1066 0 NA NA NA NA NA 3671 1731 1721 239 NA NA NA NA NA 1276 833 1220 258 NA NA NA NA NA 
1760734800.0 25211.18 130 568 867 0 NA NA NA NA NA 200 776 1201 0 NA NA NA NA NA 3719 2355 2254 260 NA NA NA NA NA 2664 1081 1394 303 NA NA NA NA NA 
1760734800.0 25212.0 164 454 750 0 NA NA NA NA NA 234 622 1026 0 NA NA NA NA NA 5117 918 1528 196 NA NA NA NA NA 1999 490 1072 212 NA NA NA NA NA 
1760734800.0 25212.17 136 505 767 0 NA NA NA NA NA 203 677 1081 0 NA NA NA NA NA 5024 1748 1686 237 NA NA NA NA NA 2122 858 1331 289 NA NA NA NA NA 
1760734800.0 25212.18 140 591 900 0 NA NA NA NA NA 204 810 1248 0 NA NA NA NA NA 5518 2282 2137 228 NA NA NA NA NA 2730 1006 1414 260 NA NA NA NA NA 
1760734800.0 25213.0 158 433 704 0 NA NA NA NA NA 233 646 1000 0 NA NA NA NA NA 5088 1016 1493 201 NA NA NA NA NA 1956 593 1097 236 NA NA NA NA NA 
1760734800.0 25213.17 129 483 759 0 NA NA NA NA NA 207 672 1068 0 NA NA NA NA NA 5087 1595 1802 246 NA NA NA NA NA 2054 866 1321 274 NA NA NA NA NA 
1760734800.0 25213.18 136 561 853 0 NA NA NA NA NA 201 754 1209 0 NA NA NA NA NA 5255 2119 2226 267 NA NA NA NA NA 2906 1012 1464 318 NA NA NA NA NA 
1760734800.0 25214.0 NA 435 723 0 NA NA NA NA NA NA 591 941 0 NA NA NA NA NA NA 1023 1621 208 NA NA NA NA NA NA 701 1107 230 NA NA NA NA NA 
1760734800.0 25215.0 67 161 445 709 0 NA NA NA NA 98 230 624 963 0 NA NA NA NA 23 927 894 1267 158 NA NA NA NA 59 417 528 878 170 NA NA NA NA 
1760734800.0 25215.17 67 95 503 779 0 NA NA NA NA 99 192 656 1120 0 NA NA NA NA 24 835 1241 1412 201 NA NA NA NA 63 408 591 1034 224 NA NA NA NA 
1760734800.0 25215.18 67 143 579 877 0 NA NA NA NA 99 203 796 1142 0 NA NA NA NA 22 867 1775 1753 203 NA NA NA NA 51 404 771 1134 218 NA NA NA NA 
1760734800.0 25234.0 178 649 682 0 272 NA NA NA NA 235 841 957 0 366 NA NA NA NA 2347 1220 1763 282 572 NA NA NA NA 1348 997 1817 303 655 NA NA NA NA 
1760734800.0 25400.0 579 0 258 NA NA NA NA NA NA 749 0 362 NA NA NA NA NA NA 1198 131 428 NA NA NA NA NA NA 966 179 473 NA NA NA NA NA NA 
1760734800.0 25400.17 687 0 273 NA NA NA NA NA NA 895 0 398 NA NA NA NA NA NA 2697 196 464 NA NA NA NA NA NA 1437 286 494 NA NA NA NA NA NA 
1760734800.0 25400.18 694 0 268 NA NA NA NA NA NA 955 0 377 NA NA NA NA NA NA 2277 194 445 NA NA NA NA NA NA 1227 283 498 NA NA NA NA NA NA 
1760734800.0 25402.0 590 0 267 NA NA NA NA NA NA 756 0 382 NA NA NA NA NA NA 1302 180 469 NA NA NA NA NA NA 843 263 491 NA NA NA NA NA NA 
1760734800.0 25402.17 694 0 276 NA NA NA NA NA NA 895 0 393 NA NA NA NA NA NA 2861 202 462 NA NA NA NA NA NA 1554 246 467 NA NA NA NA NA NA 
1760734800.0 25402.18 696 0 275 NA NA NA NA NA NA 891 0 376 NA NA NA NA NA NA 2329 169 500 NA NA NA NA NA NA 1213 213 503 NA NA NA NA NA NA 
1760734800.0 25403.0 488 0 245 NA NA NA NA NA NA 772 0 367 NA NA NA NA NA NA 1121 121 378 NA NA NA NA NA NA 833 193 383 NA NA NA NA NA NA 
1760734800.0 25403.17 675 0 271 NA NA NA NA NA NA 878 0 375 NA NA NA NA NA NA 2517 188 468 NA NA NA NA NA NA 1418 246 527 NA NA NA NA NA NA 
1760734800.0 25403.18 691 0 274 NA NA NA NA NA NA 912 0 388 NA NA NA NA NA NA 2572 167 476 NA NA NA NA NA NA 1371 258 501 NA NA NA NA NA NA 
1760734800.0 25405.0 582 0 256 NA NA NA NA NA NA 769 0 364 NA NA NA NA NA NA 1308 164 481 NA NA NA NA NA NA 1076 213 576 NA NA NA NA NA NA 
1760734800.0 25405.17 679 0 274 NA NA NA NA NA NA 868 0 391 NA NA NA NA NA NA 2431 184 489 NA NA NA NA NA NA 1455 237 534 NA NA NA NA NA NA 
1760734800.0 25405.18 638 0 251 NA NA NA NA NA NA 872 0 384 NA NA NA NA NA NA 1716 142 368 NA NA NA NA NA NA 928 167 489 NA NA NA NA NA NA 
1760734800.0 25406.0 525 0 240 NA NA NA NA NA NA 743 0 358 NA NA NA NA NA NA 1006 124 364 NA NA NA NA NA NA 1049 193 403 NA NA NA NA NA NA 
1760734800.0 25406.17 687 0 273 NA NA NA NA NA NA 889 0 371 NA NA NA NA NA NA 1911 154 444 NA NA NA NA NA NA 1345 206 492 NA NA NA NA NA NA 
1760734800.0 25406.18 615 0 256 NA NA NA NA NA NA 865 0 372 NA NA NA NA NA NA 1382 132 372 NA NA NA NA NA NA 1002 183 412 NA NA NA NA NA NA 
1760734800.0 25407.0 504 0 252 NA NA NA NA NA NA 674 0 361 NA NA NA NA NA NA 1205 162 455 NA NA NA NA NA NA 1005 213 555 NA NA NA NA NA NA 
1760734800.0 25407.17 612 0 265 NA NA NA NA NA NA 817 0 375 NA NA NA NA NA NA 2148 177 471 NA NA NA NA NA NA 1210 219 496 NA NA NA NA NA NA 
1760734800.0 25407.18 606 0 267 NA NA NA NA NA NA 759 0 372 NA NA NA NA NA NA 2034 191 452 NA NA NA NA NA NA 1110 273 507 NA NA NA NA NA NA 
1760734800.0 25408.0 598 0 270 NA NA NA NA NA NA 774 0 371 NA NA NA NA NA NA 1417 190 474 NA NA NA NA NA NA 876 284 468 NA NA NA NA NA NA 
1760734800.0 25408.17 658 0 267 NA NA NA NA NA NA 918 0 399 NA NA NA NA NA NA 2039 147 454 NA NA NA NA NA NA 1025 186 434 NA NA NA NA NA NA 
1760734800.0 25408.18 693 0 272 NA NA NA NA NA NA 940 0 394 NA NA NA NA NA NA 1907 147 477 NA NA NA NA NA NA 942 197 394 NA NA NA NA NA NA 
1760734800.0 25409.0 586 0 263 NA NA NA NA NA NA 773 0 369 NA NA NA NA NA NA 1424 141 487 NA NA NA NA NA NA 990 182 547 NA NA NA NA NA NA 
1760734800.0 25409.17 695 0 279 NA NA NA NA NA NA 891 0 397 NA NA NA NA NA NA 2582 192 492 NA NA NA NA NA NA 1292 262 508 NA NA NA NA NA NA 
1760734800.0 25409.18 683 0 274 NA NA NA NA NA NA 896 0 390 NA NA NA NA NA NA 2391 180 443 NA NA NA NA NA NA 1203 271 474 NA NA NA NA NA NA 
1760734800.0 25634.0 164 617 686 0 265 NA NA NA NA 221 852 966 0 372 NA NA NA NA 2565 1377 2063 334 683 NA NA NA NA 1466 1028 2226 423 782 NA NA NA NA 
1760734800.0 26.0 NA 210 414 0 NA NA NA NA NA NA 307 615 0 NA NA NA NA NA NA 815 1500 233 NA NA NA NA NA NA 340 1091 249 NA NA NA NA NA 
1760734800.0 26034.0 176 623 686 0 262 NA NA NA NA 237 840 974 0 386 NA NA NA NA 2782 1283 1995 332 621 NA NA NA NA 2350 1005 1966 526 644 NA NA NA NA 
1760734800.0 26434.0 167 624 678 0 261 NA NA NA NA 230 874 926 0 385 NA NA NA NA 2600 1611 2040 293 652 NA NA NA NA 1316 1264 2286 315 786 NA NA NA NA 
1760734800.0 26834.0 173 657 694 0 272 NA NA NA NA 232 870 959 0 365 NA NA NA NA 2238 1210 1563 245 540 NA NA NA NA 1055 887 1571 278 589 NA NA NA NA 
1760734800.0 27.0 NA 210 414 0 NA NA NA NA NA NA 313 637 0 NA NA NA NA NA NA 743 1383 208 NA NA NA NA NA NA 354 984 228 NA NA NA NA NA 
1760734800.0 27234.0 183 658 679 0 274 NA NA NA NA 250 853 928 0 378 NA NA NA NA 2675 1245 1800 279 573 NA NA NA NA 1615 923 1805 295 609 NA NA NA NA 
1760734800.0 27634.0 127 656 699 0 272 NA NA NA NA 228 866 964 0 382 NA NA NA NA 2211 1250 1711 291 588 NA NA NA NA 1104 801 1615 323 704 NA NA NA NA 
1760734800.0 28.0 NA 221 422 0 NA NA NA NA NA NA 331 591 0 NA NA NA NA NA NA 862 1833 254 NA NA NA NA NA NA 359 1143 273 NA NA NA NA NA 
1760734800.0 280.0 147 190 396 0 NA NA NA NA NA 230 265 560 0 NA NA NA NA NA 712 184 904 192 NA NA NA NA NA 392 233 744 219 NA NA NA NA NA 
1760734800.0 28034.0 179 659 674 0 274 NA NA NA NA 233 850 914 0 372 NA NA NA NA 2157 1221 1697 255 512 NA NA NA NA 1023 875 1833 354 554 NA NA NA NA 
1760734800.0 281.0 132 253 485 0 NA NA NA NA NA 206 343 662 0 NA NA NA NA NA 702 217 767 207 NA NA NA NA NA 400 229 740 244 NA NA NA NA NA 
1760734800.0 28434.0 169 654 707 0 272 NA NA NA NA 223 865 978 0 385 NA NA NA NA 2519 1283 1689 297 563 NA NA NA NA 1416 875 1673 333 562 NA NA NA NA 
1760734800.0 28834.0 174 645 719 0 273 NA NA NA NA 237 853 936 0 372 NA NA NA NA 2304 1199 1447 241 501 NA NA NA NA 965 850 1272 259 543 NA NA NA NA 
1760734800.0 29.0 NA 206 424 0 NA NA NA NA NA NA 309 601 0 NA NA NA NA NA NA 774 1508 226 NA NA NA NA NA NA 359 1110 241 NA NA NA NA NA 
1760734800.0 29234.0 180 645 726 0 273 NA NA NA NA 234 853 957 0 372 NA NA NA NA 2131 1157 1636 257 527 NA NA NA NA 1228 822 1728 305 570 NA NA NA NA 
1760734800.0 29634.0 NA 645 684 0 276 NA NA NA NA NA 885 947 0 391 NA NA NA NA NA 1360 1715 272 578 NA NA NA NA NA 1235 1859 290 561 NA NA NA NA 
1760734800.0 29634.21 NA 609 369 301 NA NA NA NA NA NA 832 513 408 NA NA NA NA NA NA 1473 731 591 NA NA NA NA NA NA 932 642 542 NA NA NA NA NA 
1760734800.0 29634.402 NA 644 347 0 NA NA NA NA NA NA 980 577 0 NA NA NA NA NA NA 1363 745 128 NA NA NA NA NA NA 1224 881 146 NA NA NA NA NA 
1760734800.0 29634.5 NA 632 256 0 NA NA NA NA NA NA 871 413 0 NA NA NA NA NA NA 1365 637 122 NA NA NA NA NA NA 1542 743 138 NA NA NA NA NA 
1760734800.0 29634.702 NA 654 766 0 274 NA NA NA NA NA 865 932 0 391 NA NA NA NA NA 1314 1625 290 586 NA NA NA NA NA 1180 1495 336 578 NA NA NA NA 
1760734800.0 29634.703 NA 637 336 0 NA NA NA NA NA NA 861 571 0 NA NA NA NA NA NA 1416 740 164 NA NA NA NA NA NA 1812 746 181 NA NA NA NA NA 
1760734800.0 29634.75 NA 691 0 NA NA NA NA NA NA NA 895 0 NA NA NA NA NA NA NA 1678 123 NA NA NA NA NA NA NA 1185 144 NA NA NA NA NA NA 
1760734800.0 29634.7501 NA 580 0 NA NA NA NA NA NA NA 765 0 NA NA NA NA NA NA NA 1362 88 NA NA NA NA NA NA NA 897 103 NA NA NA NA NA NA 
1760734800.0 29634.751 NA 646 0 NA NA NA NA NA NA NA 894 0 NA NA NA NA NA NA NA 1748 99 NA NA NA NA NA NA NA 1111 117 NA NA NA NA NA NA 
1760734800.0 29634.752 NA 758 0 NA NA NA NA NA NA NA 1063 0 NA NA NA NA NA NA NA 1875 122 NA NA NA NA NA NA NA 1375 163 NA NA NA NA NA NA 
1760734800.0 29634.753 NA 681 0 NA NA NA NA NA NA NA 909 0 NA NA NA NA NA NA NA 1805 101 NA NA NA NA NA NA NA 1518 117 NA NA NA NA NA NA 
1760734800.0 29634.754 NA 697 0 NA NA NA NA NA NA NA 986 0 NA NA NA NA NA NA NA 1792 116 NA NA NA NA NA NA NA 1357 136 NA NA NA NA NA NA 
1760734800.0 29634.755 NA 694 0 NA NA NA NA NA NA NA 964 0 NA NA NA NA NA NA NA 1850 119 NA NA NA NA NA NA NA 1321 137 NA NA NA NA NA NA 
1760734800.0 29634.756 NA 690 0 NA NA NA NA NA NA NA 903 0 NA NA NA NA NA NA NA 1462 119 NA NA NA NA NA NA NA 1079 140 NA NA NA NA NA NA 
1760734800.0 29634.7561 NA 682 0 NA NA NA NA NA NA NA 983 0 NA NA NA NA NA NA NA 1717 124 NA NA NA NA NA NA NA 1254 141 NA NA NA NA NA NA 
1760734800.0 29634.7562 NA 682 0 NA NA NA NA NA NA NA 967 0 NA NA NA NA NA NA NA 1737 125 NA NA NA NA NA NA NA 1234 142 NA NA NA NA NA NA 
1760734800.0 29634.757 NA 698 0 NA NA NA NA NA NA NA 959 0 NA NA NA NA NA NA NA 1459 105 NA NA NA NA NA NA NA 1074 122 NA NA NA NA NA NA 
1760734800.0 29634.758 NA 684 0 NA NA NA NA NA NA NA 869 0 NA NA NA NA NA NA NA 1689 122 NA NA NA NA NA NA NA 1199 141 NA NA NA NA NA NA 
1760734800.0 29634.759 NA 674 NA NA NA NA NA NA NA NA 895 NA NA NA NA NA NA NA NA 1606 NA NA NA NA NA NA NA NA 1067 NA NA NA NA NA NA NA 
1760734800.0 29634.77 NA 676 0 NA NA NA NA NA NA NA 866 0 NA NA NA NA NA NA NA 1771 104 NA NA NA NA NA NA NA 1245 122 NA NA NA NA NA NA 
1760734800.0 29634.771 NA 745 0 NA NA NA NA NA NA NA 999 0 NA NA NA NA NA NA NA 1477 110 NA NA NA NA NA NA NA 1017 130 NA NA NA NA NA NA 
1760734800.0 29634.772 NA 656 NA NA NA NA NA NA NA NA 880 NA NA NA NA NA NA NA NA 1659 NA NA NA NA NA NA NA NA 1275 NA NA NA NA NA NA NA 
1760734800.0 29634.773 NA 697 NA NA NA NA NA NA NA NA 895 NA NA NA NA NA NA NA NA 1876 NA NA NA NA NA NA NA NA 1269 NA NA NA NA NA NA NA 
1760734800.0 29634.9 NA 659 723 0 274 NA NA NA NA NA 842 975 0 385 NA NA NA NA NA 1200 1766 289 574 NA NA NA NA NA 1097 1701 319 554 NA NA NA NA 
1760734800.0 29634.911 178 579 692 0 265 NA NA NA NA 237 863 978 0 387 NA NA NA NA 5173 3518 3458 1026 622 NA NA NA NA 6339 4892 4869 1896 718 NA NA NA NA 
1760734800.0 29661.0 NA 611 648 0 258 NA NA NA NA NA 788 797 0 357 NA NA NA NA NA 1135 1416 246 528 NA NA NA NA NA 1149 1742 266 550 NA NA NA NA 
1760734800.0 29696.0 NA 608 615 0 259 NA NA NA NA NA 805 825 0 373 NA NA NA NA NA 1212 1365 240 531 NA NA NA NA NA 1146 1524 258 543 NA NA NA NA 
1760734800.0 29700.0 NA 608 649 0 258 NA NA NA NA NA 825 829 0 361 NA NA NA NA NA 1197 1272 239 534 NA NA NA NA NA 1159 1239 261 545 NA NA NA NA 
1760734800.0 29751.85 NA 891 1118 0 267 NA NA NA NA NA 1287 1897 0 382 NA NA NA NA NA 3038 108028 332 610 NA NA NA NA NA 5697 38651 367 725 NA NA NA NA 
1760734800.0 29834.114 NA 1458 2242 0 NA NA NA NA NA NA 2203 3240 0 NA NA NA NA NA NA 7190 10094 377 NA NA NA NA NA NA 6492 3903 467 NA NA NA NA NA 
1760734800.0 29834.21 NA 1262 817 349 NA NA NA NA NA NA 1921 1235 472 NA NA NA NA NA NA 8015 4063 771 NA NA NA NA NA NA 5176 1420 505 NA NA NA NA NA 
1760734800.0 29834.703 NA 1454 761 0 NA NA NA NA NA NA 2157 1194 0 NA NA NA NA NA NA 7381 2151 145 NA NA NA NA NA NA 5017 968 169 NA NA NA NA NA 
1760734800.0 29834.99 NA 1061 1439 1387 0 NA NA NA NA NA 1649 2133 1933 0 NA NA NA NA NA 4817 3586 8306 350 NA NA NA NA NA 4350 1877 3239 457 NA NA NA NA 
1760734800.0 29834.9921 NA 881 1246 837 344 NA NA NA NA NA 1355 1814 1185 447 NA NA NA NA NA 4298 2437 4577 806 NA NA NA NA NA 3540 931 1497 527 NA NA NA NA 
1760734800.0 29834.999 NA 577 935 852 0 NA NA NA NA NA 786 1238 1172 0 NA NA NA NA NA 1742 1628 2899 296 NA NA NA NA NA 1631 917 1974 334 NA NA NA NA 
1760734800.0 29861.97 1121 NA NA NA NA NA NA NA NA 1649 NA NA NA NA NA NA NA NA 4369 NA NA NA NA NA NA NA NA 2377 NA NA NA NA NA NA NA NA 
1760734800.0 3.0 146 187 336 NA NA NA NA NA NA 238 264 487 NA NA NA NA NA NA 1930 176 772 NA NA NA NA NA NA 1101 229 761 NA NA NA NA NA NA 
1760734800.0 30.0 NA 220 414 0 NA NA NA NA NA NA 304 586 0 NA NA NA NA NA NA 798 1544 274 NA NA NA NA NA NA 349 1003 294 NA NA NA NA NA 
1760734800.0 300.0 140 267 518 0 NA NA NA NA NA 205 380 728 0 NA NA NA NA NA 632 187 730 234 NA NA NA NA NA 518 369 801 269 NA NA NA NA NA 
1760734800.0 30034.0 179 657 689 0 273 NA NA NA NA 242 877 938 0 376 NA NA NA NA 2669 1293 1635 309 579 NA NA NA NA 1209 854 1585 337 623 NA NA NA NA 
1760734800.0 301.0 139 262 525 0 NA NA NA NA NA 209 380 713 0 NA NA NA NA NA 725 202 758 236 NA NA NA NA NA 473 368 766 260 NA NA NA NA NA 
1760734800.0 302.0 142 282 517 0 NA NA NA NA NA 216 375 715 0 NA NA NA NA NA 645 201 733 214 NA NA NA NA NA 513 313 831 260 NA NA NA NA NA 
1760734800.0 30434.0 172 652 732 0 274 NA NA NA NA 239 853 971 0 379 NA NA NA NA 2845 1127 1753 289 591 NA NA NA NA 2593 940 1510 324 579 NA NA NA NA 
1760734800.0 30834.0 179 661 689 0 274 NA NA NA NA 235 884 961 0 387 NA NA NA NA 2649 1198 1753 283 612 NA NA NA NA 1524 890 1844 301 711 NA NA NA NA 
1760734800.0 31.0 NA 209 404 0 NA NA NA NA NA NA 307 600 0 NA NA NA NA NA NA 758 1462 226 NA NA NA NA NA NA 344 1114 243 NA NA NA NA NA 
1760734800.0 310.0 152 270 512 0 NA NA NA NA NA 214 383 715 0 NA NA NA NA NA 823 186 687 225 NA NA NA NA NA 667 286 771 248 NA NA NA NA NA 
1760734800.0 311.0 149 272 516 0 NA NA NA NA NA 217 378 699 0 NA NA NA NA NA 941 185 693 239 NA NA NA NA NA 726 243 704 276 NA NA NA NA NA 
1760734800.0 312.0 147 271 514 0 NA NA NA NA NA 215 384 747 0 NA NA NA NA NA 830 199 717 225 NA NA NA NA NA 713 254 749 273 NA NA NA NA NA 
1760734800.0 31234.0 172 655 695 0 274 NA NA NA NA 231 854 975 0 371 NA NA NA NA 2097 1193 1601 258 541 NA NA NA NA 1092 842 1600 301 582 NA NA NA NA 
1760734800.0 32.0 NA 218 418 0 NA NA NA NA NA NA 318 583 0 NA NA NA NA NA NA 785 1566 219 NA NA NA NA NA NA 333 982 237 NA NA NA NA NA 
1760734800.0 320.0 165 284 522 0 NA NA NA NA NA 236 389 746 0 NA NA NA NA NA 1043 206 729 195 NA NA NA NA NA 779 287 752 212 NA NA NA NA NA 
1760734800.0 32034.0 174 641 725 0 267 NA NA NA NA 238 876 1024 0 378 NA NA NA NA 3531 1594 1995 384 716 NA NA NA NA 1635 1422 2284 479 788 NA NA NA NA 
1760734800.0 321.0 165 274 499 0 NA NA NA NA NA 227 372 710 0 NA NA NA NA NA 1199 211 683 254 NA NA NA NA NA 809 275 758 300 NA NA NA NA NA 
1760734800.0 322.0 166 291 528 0 NA NA NA NA NA 229 393 748 0 NA NA NA NA NA 1072 229 737 235 NA NA NA NA NA 794 258 782 279 NA NA NA NA NA 
1760734800.0 32434.0 180 657 728 0 266 NA NA NA NA 232 872 946 0 378 NA NA NA NA 2602 1303 1806 286 585 NA NA NA NA 1188 887 1907 302 615 NA NA NA NA 
1760734800.0 32834.0 173 620 682 0 266 NA NA NA NA 233 854 957 0 372 NA NA NA NA 2980 1542 1907 368 685 NA NA NA NA 1702 1480 2305 399 831 NA NA NA NA 
1760734800.0 33.0 NA 211 405 0 NA NA NA NA NA NA 304 591 0 NA NA NA NA NA NA 703 1372 212 NA NA NA NA NA NA 322 1019 227 NA NA NA NA NA 
1760734800.0 330.0 173 450 681 0 NA NA NA NA NA 250 641 899 0 NA NA NA NA NA 833 343 1112 239 NA NA NA NA NA 719 348 972 270 NA NA NA NA NA 
1760734800.0 331.0 183 452 684 0 NA NA NA NA NA 256 613 892 0 NA NA NA NA NA 1092 358 1069 235 NA NA NA NA NA 718 379 877 254 NA NA NA NA NA 
1760734800.0 332.0 182 446 670 0 NA NA NA NA NA 254 622 872 0 NA NA NA NA NA 1014 374 1034 232 NA NA NA NA NA 700 371 977 282 NA NA NA NA NA 
1760734800.0 33234.0 175 625 683 0 261 NA NA NA NA 238 860 933 0 391 NA NA NA NA 2659 1321 1757 326 643 NA NA NA NA 1274 988 1608 363 719 NA NA NA NA 
1760734800.0 33634.0 150 651 696 0 273 NA NA NA NA 233 854 961 0 388 NA NA NA NA 2446 1285 1725 296 554 NA NA NA NA 1252 851 1658 331 540 NA NA NA NA 
1760734800.0 34.0 140 179 388 0 NA NA NA NA NA 247 276 574 0 NA NA NA NA NA 789 204 914 212 NA NA NA NA NA 408 189 835 227 NA NA NA NA NA 
1760734800.0 34034.0 195 653 736 0 281 NA NA NA NA 252 829 962 0 423 NA NA NA NA 2405 1168 1727 299 609 NA NA NA NA 1381 829 1932 355 597 NA NA NA NA 
1760734800.0 34434.0 180 646 706 0 264 NA NA NA NA 239 882 950 0 378 NA NA NA NA 2597 1199 1736 287 585 NA NA NA NA 1554 848 1440 335 594 NA NA NA NA 
1760734800.0 34834.0 148 659 721 0 278 NA NA NA NA 253 853 970 0 439 NA NA NA NA 2112 1153 1700 265 542 NA NA NA NA 1018 870 1897 298 671 NA NA NA NA 
1760734800.0 35.0 NA 209 415 0 NA NA NA NA NA NA 315 608 0 NA NA NA NA NA NA 767 1598 214 NA NA NA NA NA NA 332 995 232 NA NA NA NA NA 
1760734800.0 35234.0 193 663 744 0 281 NA NA NA NA 258 864 981 0 385 NA NA NA NA 2287 1200 1733 240 509 NA NA NA NA 1038 893 1668 259 529 NA NA NA NA 
1760734800.0 36.0 NA 213 443 0 NA NA NA NA NA NA 302 629 0 NA NA NA NA NA NA 860 4192 207 NA NA NA NA NA NA 345 1770 224 NA NA NA NA NA 
1760734800.0 37.0 NA 218 427 0 NA NA NA NA NA NA 316 584 0 NA NA NA NA NA NA 815 2393 292 NA NA NA NA NA NA 362 1346 348 NA NA NA NA NA 
1760734800.0 38.0 NA 216 421 0 NA NA NA NA NA NA 326 619 0 NA NA NA NA NA NA 804 2067 225 NA NA NA NA NA NA 348 1114 239 NA NA NA NA NA 
1760734800.0 39.0 NA 222 446 0 NA NA NA NA NA NA 327 587 0 NA NA NA NA NA NA 876 2871 250 NA NA NA NA NA NA 371 1367 298 NA NA NA NA NA 
1760734800.0 4.17 NA 111 412 0 207 NA NA NA NA NA 173 559 0 286 NA NA NA NA NA 104 1592 159 339 NA NA NA NA NA 114 1304 200 365 NA NA NA NA 
1760734800.0 4.22 NA 211 132 138 0 NA NA NA NA NA 349 202 219 0 NA NA NA NA NA 582 200 166 109 NA NA NA NA NA 493 272 248 131 NA NA NA NA 
1760734800.0 4.23 NA 133 421 0 NA NA NA NA NA NA 208 555 0 NA NA NA NA NA NA 130 1491 209 NA NA NA NA NA NA 183 1256 259 NA NA NA NA NA 
1760734800.0 4.24 NA 122 395 0 NA NA NA NA NA NA 197 583 0 NA NA NA NA NA NA 138 1681 163 NA NA NA NA NA NA 230 1565 208 NA NA NA NA NA 
1760734800.0 4.25 NA 121 392 0 NA NA NA NA NA NA 201 557 0 NA NA NA NA NA NA 136 1640 163 NA NA NA NA NA NA 218 1489 182 NA NA NA NA NA 
1760734800.0 4.26 NA 128 421 0 NA NA NA NA NA NA 198 565 0 NA NA NA NA NA NA 134 1741 176 NA NA NA NA NA NA 168 1194 194 NA NA NA NA NA 
1760734800.0 4.27 NA 133 420 0 NA NA NA NA NA NA 202 580 0 NA NA NA NA NA NA 141 1747 233 NA NA NA NA NA NA 175 1218 286 NA NA NA NA NA 
1760734800.0 4.28 NA 137 401 0 NA NA NA NA NA NA 216 549 0 NA NA NA NA NA NA 111 1449 705 NA NA NA NA NA NA 259 1513 735 NA NA NA NA NA 
1760734800.0 4.29 NA 112 417 0 209 NA NA NA NA NA 184 567 0 283 NA NA NA NA NA 95 1716 156 363 NA NA NA NA NA 112 1280 201 364 NA NA NA NA 
1760734800.0 4.34 NA 137 424 0 NA NA NA NA NA NA 210 565 0 NA NA NA NA NA NA 138 1744 210 NA NA NA NA NA NA 195 1305 234 NA NA NA NA NA 
1760734800.0 4.36 NA 126 403 0 NA NA NA NA NA NA 208 555 0 NA NA NA NA NA NA 140 1868 159 NA NA NA NA NA NA 206 1366 179 NA NA NA NA NA 
1760734800.0 4.37 NA 124 411 0 NA NA NA NA NA NA 199 556 0 NA NA NA NA NA NA 153 2032 198 NA NA NA NA NA NA 245 1354 220 NA NA NA NA NA 
1760734800.0 4.4 NA 106 469 0 NA NA NA NA NA NA 184 771 0 NA NA NA NA NA NA 106 1999 214 NA NA NA NA NA NA 181 1482 233 NA NA NA NA NA 
1760734800.0 4.41 NA 104 481 0 NA NA NA NA NA NA 188 766 0 NA NA NA NA NA NA 132 2698 187 NA NA NA NA NA NA 190 1502 209 NA NA NA NA NA 
1760734800.0 4.42 NA 107 489 0 NA NA NA NA NA NA 182 766 0 NA NA NA NA NA NA 95 2549 213 NA NA NA NA NA NA 167 1333 247 NA NA NA NA NA 
1760734800.0 4.43 NA 113 484 0 NA NA NA NA NA NA 192 761 0 NA NA NA NA NA NA 83 1878 155 NA NA NA NA NA NA 142 1304 176 NA NA NA NA NA 
1760734800.0 4.44 NA 104 473 0 NA NA NA NA NA NA 185 767 0 NA NA NA NA NA NA 109 2249 179 NA NA NA NA NA NA 181 1332 201 NA NA NA NA NA 
1760734800.0 4.45 NA 105 485 0 NA NA NA NA NA NA 183 767 0 NA NA NA NA NA NA 100 3043 177 NA NA NA NA NA NA 189 1546 192 NA NA NA NA NA 
1760734800.0 4.51 NA 111 489 0 NA NA NA NA NA NA 179 779 0 NA NA NA NA NA NA 97 2564 172 NA NA NA NA NA NA 160 1414 187 NA NA NA NA NA 
1760734800.0 4.52 NA 110 497 0 NA NA NA NA NA NA 181 777 0 NA NA NA NA NA NA 106 2900 157 NA NA NA NA NA NA 113 1459 179 NA NA NA NA NA 
1760734800.0 4.53 NA 102 484 0 NA NA NA NA NA NA 184 769 0 NA NA NA NA NA NA 102 2925 174 NA NA NA NA NA NA 181 1585 190 NA NA NA NA NA 
1760734800.0 4.54 NA 102 485 0 NA NA NA NA NA NA 180 762 0 NA NA NA NA NA NA 108 2941 182 NA NA NA NA NA NA 234 1458 198 NA NA NA NA NA 
1760734800.0 4.55 NA 111 503 0 NA NA NA NA NA NA 182 778 0 NA NA NA NA NA NA 100 3365 170 NA NA NA NA NA NA 174 1526 196 NA NA NA NA NA 
1760734800.0 4.57 NA 129 509 0 NA NA NA NA NA NA 197 775 0 NA NA NA NA NA NA 143 3141 165 NA NA NA NA NA NA 182 1486 191 NA NA NA NA NA 
1760734800.0 4.58 NA 104 480 0 NA NA NA NA NA NA 179 756 0 NA NA NA NA NA NA 118 2167 213 NA NA NA NA NA NA 163 1339 243 NA NA NA NA NA 
1760734800.0 4.6 NA 405 0 NA NA NA NA NA NA NA 572 0 NA NA NA NA NA NA NA 1580 236 NA NA NA NA NA NA NA 1358 265 NA NA NA NA NA NA 
1760734800.0 4.61 NA 103 488 0 NA NA NA NA NA NA 189 785 0 NA NA NA NA NA NA 98 2997 171 NA NA NA NA NA NA 178 1493 190 NA NA NA NA NA 
1760734800.0 4.62 NA 109 484 0 NA NA NA NA NA NA 184 786 0 NA NA NA NA NA NA 98 2962 173 NA NA NA NA NA NA 152 1531 188 NA NA NA NA NA 
1760734800.0 4.63 NA 109 498 0 NA NA NA NA NA NA 185 790 0 NA NA NA NA NA NA 105 2996 157 NA NA NA NA NA NA 181 1494 177 NA NA NA NA NA 
1760734800.0 4.64 NA 102 489 0 NA NA NA NA NA NA 183 768 0 NA NA NA NA NA NA 105 2961 161 NA NA NA NA NA NA 235 1491 176 NA NA NA NA NA 
1760734800.0 4.65 NA 110 518 0 NA NA NA NA NA NA 184 795 0 NA NA NA NA NA NA 116 4033 177 NA NA NA NA NA NA 117 1704 203 NA NA NA NA NA 
1760734800.0 4.67 NA 128 506 0 NA NA NA NA NA NA 197 791 0 NA NA NA NA NA NA 135 3259 169 NA NA NA NA NA NA 181 1575 194 NA NA NA NA NA 
1760734800.0 4.68 NA 103 495 0 NA NA NA NA NA NA 187 782 0 NA NA NA NA NA NA 113 2388 171 NA NA NA NA NA NA 173 1227 187 NA NA NA NA NA 
1760734800.0 4.71 NA 103 483 0 NA NA NA NA NA NA 180 754 0 NA NA NA NA NA NA 122 2460 177 NA NA NA NA NA NA 185 1315 194 NA NA NA NA NA 
1760734800.0 4.72 NA 104 487 0 NA NA NA NA NA NA 178 781 0 NA NA NA NA NA NA 106 2820 205 NA NA NA NA NA NA 205 1434 229 NA NA NA NA NA 
1760734800.0 4.73 NA 112 502 0 NA NA NA NA NA NA 188 762 0 NA NA NA NA NA NA 113 2929 164 NA NA NA NA NA NA 135 1384 187 NA NA NA NA NA 
1760734800.0 4.74 NA 105 480 0 NA NA NA NA NA NA 182 778 0 NA NA NA NA NA NA 109 2425 161 NA NA NA NA NA NA 160 1252 177 NA NA NA NA NA 
1760734800.0 4.75 NA 108 486 0 NA NA NA NA NA NA 181 751 0 NA NA NA NA NA NA 106 3234 173 NA NA NA NA NA NA 237 1518 191 NA NA NA NA NA 
1760734800.0 4.76 NA 130 503 0 NA NA NA NA NA NA 197 782 0 NA NA NA NA NA NA 142 3079 171 NA NA NA NA NA NA 184 1522 196 NA NA NA NA NA 
1760734800.0 4.77 NA 126 508 0 NA NA NA NA NA NA 199 790 0 NA NA NA NA NA NA 149 3108 168 NA NA NA NA NA NA 216 1518 191 NA NA NA NA NA 
1760734800.0 4.78 NA 114 504 0 NA NA NA NA NA NA 187 776 0 NA NA NA NA NA NA 102 2844 153 NA NA NA NA NA NA 202 1424 176 NA NA NA NA NA 
1760734800.0 4000.0 NA 207 435 NA NA NA NA NA NA NA 312 587 NA NA NA NA NA NA NA 852 2393 NA NA NA NA NA NA NA 447 1311 NA NA NA NA NA NA 
1760734800.0 4001.0 NA 244 455 NA NA NA NA NA NA NA 355 668 NA NA NA NA NA NA NA 404 1161 NA NA NA NA NA NA NA 441 1109 NA NA NA NA NA NA 
1760734800.0 4002.0 NA 221 430 NA NA NA NA NA NA NA 305 607 NA NA NA NA NA NA NA 949 1694 NA NA NA NA NA NA NA 474 1427 NA NA NA NA NA NA 
1760734800.0 4003.0 NA 224 431 NA NA NA NA NA NA NA 316 594 NA NA NA NA NA NA NA 952 2030 NA NA NA NA NA NA NA 477 1646 NA NA NA NA NA NA 
1760734800.0 4006.0 92 263 475 NA NA NA NA NA NA 182 364 669 NA NA NA NA NA NA 387 335 982 NA NA NA NA NA NA 371 305 915 NA NA NA NA NA NA 
1760734800.0 4007.0 114 189 398 NA NA NA NA NA NA 192 291 591 NA NA NA NA NA NA 334 185 824 NA NA NA NA NA NA 326 360 992 NA NA NA NA NA NA 
1760734800.0 4008.0 119 185 393 NA NA NA NA NA NA 196 297 574 NA NA NA NA NA NA 372 174 822 NA NA NA NA NA NA 427 339 933 NA NA NA NA NA NA 
1760734800.0 43.0 NA 207 416 0 NA NA NA NA NA NA 313 588 0 NA NA NA NA NA NA 784 1983 239 NA NA NA NA NA NA 352 1113 265 NA NA NA NA NA 
1760734800.0 44.0 NA 216 416 0 NA NA NA NA NA NA 312 597 0 NA NA NA NA NA NA 735 1661 224 NA NA NA NA NA NA 325 1099 247 NA NA NA NA NA 
1760734800.0 45.0 NA 222 425 0 NA NA NA NA NA NA 311 589 0 NA NA NA NA NA NA 831 1512 190 NA NA NA NA NA NA 375 945 204 NA NA NA NA NA 
1760734800.0 5.1 416 0 NA NA NA NA NA NA NA 562 0 NA NA NA NA NA NA NA 505 124 NA NA NA NA NA NA NA 494 143 NA NA NA NA NA NA NA 
1760734800.0 5.2 330 0 NA NA NA NA NA NA NA 438 0 NA NA NA NA NA NA NA 421 114 NA NA NA NA NA NA NA 488 129 NA NA NA NA NA NA NA 
1760734800.0 5.3 332 0 NA NA NA NA NA NA NA 458 0 NA NA NA NA NA NA NA 500 119 NA NA NA NA NA NA NA 532 133 NA NA NA NA NA NA NA 
1760734800.0 5.4 420 0 NA NA NA NA NA NA NA 561 0 NA NA NA NA NA NA NA 550 141 NA NA NA NA NA NA NA 535 266 NA NA NA NA NA NA NA 
1760734800.0 5.5 406 0 NA NA NA NA NA NA NA 539 0 NA NA NA NA NA NA NA 508 129 NA NA NA NA NA NA NA 509 149 NA NA NA NA NA NA NA 
1760734800.0 5.6 415 0 NA NA NA NA NA NA NA 548 0 NA NA NA NA NA NA NA 524 137 NA NA NA NA NA NA NA 517 152 NA NA NA NA NA NA NA 
1760734800.0 5.7 410 0 NA NA NA NA NA NA NA 541 0 NA NA NA NA NA NA NA 521 130 NA NA NA NA NA NA NA 538 150 NA NA NA NA NA NA NA 
1760734800.0 500199.0 288 NA NA NA NA NA NA NA NA 403 NA NA NA NA NA NA NA NA 833 NA NA NA NA NA NA NA NA 667 NA NA NA NA NA NA NA NA 
1760734800.0 500200.0 NA 315 463 0 NA NA NA NA NA NA 448 629 0 NA NA NA NA NA NA 1700 1156 197 NA NA NA NA NA NA 704 921 227 NA NA NA NA NA 
1760734800.0 500200.1 139 274 344 NA NA NA NA NA NA 219 405 489 NA NA NA NA NA NA 720 296 1029 NA NA NA NA NA NA 462 365 989 NA NA NA NA NA NA 
1760734800.0 500202.0 NA 318 473 0 NA NA NA NA NA NA 448 649 0 NA NA NA NA NA NA 1689 1181 251 NA NA NA NA NA NA 703 870 310 NA NA NA NA NA 
1760734800.0 500203.0 NA 312 466 0 NA NA NA NA NA NA 437 639 0 NA NA NA NA NA NA 1575 1259 200 NA NA NA NA NA NA 684 921 228 NA NA NA NA NA 
1760734800.0 500204.0 NA 312 478 0 NA NA NA NA NA NA 448 649 0 NA NA NA NA NA NA 1559 1264 232 NA NA NA NA NA NA 727 935 279 NA NA NA NA NA 
1760734800.0 500205.0 NA 314 455 0 NA NA NA NA NA NA 453 630 0 NA NA NA NA NA NA 1541 1112 197 NA NA NA NA NA NA 691 904 225 NA NA NA NA NA 
1760734800.0 500206.0 NA 308 466 0 NA NA NA NA NA NA 427 635 0 NA NA NA NA NA NA 1534 1185 212 NA NA NA NA NA NA 663 905 269 NA NA NA NA NA 
1760734800.0 500207.0 NA 304 455 0 NA NA NA NA NA NA 430 613 0 NA NA NA NA NA NA 1539 1052 195 NA NA NA NA NA NA 680 891 234 NA NA NA NA NA 
1760734800.0 50200.0 NA 331 590 0 NA NA NA NA NA NA 450 783 0 NA NA NA NA NA NA 586 1254 195 NA NA NA NA NA NA 421 926 224 NA NA NA NA NA 
1760734800.0 50202.0 NA 324 571 0 NA NA NA NA NA NA 461 776 0 NA NA NA NA NA NA 602 1386 199 NA NA NA NA NA NA 441 975 226 NA NA NA NA NA 
1760734800.0 50203.0 NA 333 583 0 NA NA NA NA NA NA 441 790 0 NA NA NA NA NA NA 622 1401 201 NA NA NA NA NA NA 412 1064 226 NA NA NA NA NA 
1760734800.0 50204.0 NA 314 561 0 NA NA NA NA NA NA 440 767 0 NA NA NA NA NA NA 559 1217 220 NA NA NA NA NA NA 423 1042 243 NA NA NA NA NA 
1760734800.0 50205.0 NA 328 568 0 NA NA NA NA NA NA 461 758 0 NA NA NA NA NA NA 629 1296 205 NA NA NA NA NA NA 464 1036 234 NA NA NA NA NA 
1760734800.0 50206.0 NA 340 588 0 NA NA NA NA NA NA 466 794 0 NA NA NA NA NA NA 605 1437 228 NA NA NA NA NA NA 414 1119 276 NA NA NA NA NA 
1760734800.0 50207.0 NA 319 551 0 NA NA NA NA NA NA 452 755 0 NA NA NA NA NA NA 602 1332 214 NA NA NA NA NA NA 404 1169 237 NA NA NA NA NA 
1760734800.0 50208.0 NA 345 605 0 NA NA NA NA NA NA 460 780 0 NA NA NA NA NA NA 639 1690 243 NA NA NA NA NA NA 422 1192 272 NA NA NA NA NA 
1760734800.0 503.0 87 0 NA NA NA NA NA NA NA 119 0 NA NA NA NA NA NA NA 1245 75 NA NA NA NA NA NA NA 793 94 NA NA NA NA NA NA NA 
1760734800.0 504.0 92 0 NA NA NA NA NA NA NA 121 0 NA NA NA NA NA NA NA 153 73 NA NA NA NA NA NA NA 165 90 NA NA NA NA NA NA NA 
1760734800.0 505.0 92 0 NA NA NA NA NA NA NA 121 0 NA NA NA NA NA NA NA 137 83 NA NA NA NA NA NA NA 158 102 NA NA NA NA NA NA NA 
1760734800.0 506.0 92 0 NA NA NA NA NA NA NA 121 0 NA NA NA NA NA NA NA 105 75 NA NA NA NA NA NA NA 104 94 NA NA NA NA NA NA NA 
1760734800.0 507.0 86 0 NA NA NA NA NA NA NA 116 0 NA NA NA NA NA NA NA 653 75 NA NA NA NA NA NA NA 390 91 NA NA NA NA NA NA NA 
1760734800.0 508.0 90 0 NA NA NA NA NA NA NA 118 0 NA NA NA NA NA NA NA 106 89 NA NA NA NA NA NA NA 120 105 NA NA NA NA NA NA NA 
1760734800.0 509.0 84 0 NA NA NA NA NA NA NA 114 0 NA NA NA NA NA NA NA 118 77 NA NA NA NA NA NA NA 125 93 NA NA NA NA NA NA NA 
1760734800.0 510.0 87 0 NA NA NA NA NA NA NA 118 0 NA NA NA NA NA NA NA 1253 87 NA NA NA NA NA NA NA 810 104 NA NA NA NA NA NA NA 
1760734800.0 511.0 90 0 NA NA NA NA NA NA NA 125 0 NA NA NA NA NA NA NA 3215 83 NA NA NA NA NA NA NA 8100 128 NA NA NA NA NA NA NA 
1760734800.0 512.0 65 89 0 NA NA NA NA NA NA 106 125 0 NA NA NA NA NA NA 4306 127 81 NA NA NA NA NA NA 4202 167 104 NA NA NA NA NA NA 
1760734800.0 513.0 68 93 0 NA NA NA NA NA NA 106 128 0 NA NA NA NA NA NA 1300 141 80 NA NA NA NA NA NA 581 133 99 NA NA NA NA NA NA 
1760734800.0 514.0 66 94 0 NA NA NA NA NA NA 106 133 0 NA NA NA NA NA NA 609 131 70 NA NA NA NA NA NA 247 133 86 NA NA NA NA NA NA 
1760734800.0 515.0 66 89 0 NA NA NA NA NA NA 107 128 0 NA NA NA NA NA NA 4238 101 79 NA NA NA NA NA NA 4416 110 96 NA NA NA NA NA NA 
1760734800.0 516.0 66 89 0 NA NA NA NA NA NA 107 121 0 NA NA NA NA NA NA 5075 101 76 NA NA NA NA NA NA 6013 137 95 NA NA NA NA NA NA 
1760734800.0 517.0 66 94 0 NA NA NA NA NA NA 106 132 0 NA NA NA NA NA NA 665 125 81 NA NA NA NA NA NA 268 136 97 NA NA NA NA NA NA 
1760734800.0 518.0 65 94 0 NA NA NA NA NA NA 107 125 0 NA NA NA NA NA NA 4265 114 95 NA NA NA NA NA NA 4118 134 119 NA NA NA NA NA NA 
1760734800.0 519.0 67 89 0 NA NA NA NA NA NA 106 121 0 NA NA NA NA NA NA 4382 97 67 NA NA NA NA NA NA 3629 97 80 NA NA NA NA NA NA 
1760734800.0 520.0 66 94 0 NA NA NA NA NA NA 107 132 0 NA NA NA NA NA NA 708 130 84 NA NA NA NA NA NA 286 134 100 NA NA NA NA NA NA 
1760734800.0 521.0 67 87 0 NA NA NA NA NA NA 107 121 0 NA NA NA NA NA NA 4486 77 74 NA NA NA NA NA NA 3395 109 100 NA NA NA NA NA NA 
1760734800.0 522.0 67 88 0 NA NA NA NA NA NA 107 121 0 NA NA NA NA NA NA 1304 111 75 NA NA NA NA NA NA 616 152 90 NA NA NA NA NA NA 
1760734800.0 523.0 67 90 0 NA NA NA NA NA NA 107 120 0 NA NA NA NA NA NA 1596 104 80 NA NA NA NA NA NA 728 116 100 NA NA NA NA NA NA 
1760734800.0 524.0 66 88 0 NA NA NA NA NA NA 106 122 0 NA NA NA NA NA NA 837 94 79 NA NA NA NA NA NA 307 130 96 NA NA NA NA NA NA 
1760734800.0 525.0 67 87 0 NA NA NA NA NA NA 107 121 0 NA NA NA NA NA NA 4437 77 77 NA NA NA NA NA NA 3631 88 133 NA NA NA NA NA NA 
1760734800.0 526.0 66 86 0 NA NA NA NA NA NA 106 116 0 NA NA NA NA NA NA 4257 79 74 NA NA NA NA NA NA 4121 104 91 NA NA NA NA NA NA 
1760734800.0 527.0 66 88 0 NA NA NA NA NA NA 106 122 0 NA NA NA NA NA NA 846 103 73 NA NA NA NA NA NA 363 124 88 NA NA NA NA NA NA 
1760734800.0 528.0 67 88 0 NA NA NA NA NA NA 108 118 0 NA NA NA NA NA NA 4361 79 69 NA NA NA NA NA NA 3608 94 92 NA NA NA NA NA NA 
1760734800.0 529.0 65 85 0 NA NA NA NA NA NA 106 119 0 NA NA NA NA NA NA 5034 87 80 NA NA NA NA NA NA 7437 102 100 NA NA NA NA NA NA 
1760734800.0 530.0 66 89 0 NA NA NA NA NA NA 106 123 0 NA NA NA NA NA NA 807 107 82 NA NA NA NA NA NA 284 125 99 NA NA NA NA NA NA 
1760734800.0 531.0 110 0 NA NA NA NA NA NA NA 225 0 NA NA NA NA NA NA NA 108 76 NA NA NA NA NA NA NA 134 105 NA NA NA NA NA NA NA 
1760734800.0 534.0 233 0 NA NA NA NA NA NA NA 294 0 NA NA NA NA NA NA NA 750 68 NA NA NA NA NA NA NA 1809 87 NA NA NA NA NA NA NA 
1760734800.0 535.0 98 0 NA NA NA NA NA NA NA 140 0 NA NA NA NA NA NA NA 728 81 NA NA NA NA NA NA NA 507 101 NA NA NA NA NA NA NA 
1760734800.0 536.0 98 0 NA NA NA NA NA NA NA 141 0 NA NA NA NA NA NA NA 172 82 NA NA NA NA NA NA NA 309 99 NA NA NA NA NA NA NA 
1760734800.0 537.0 97 0 NA NA NA NA NA NA NA 142 0 NA NA NA NA NA NA NA 2036 77 NA NA NA NA NA NA NA 885 93 NA NA NA NA NA NA NA 
1760734800.0 538.0 59 0 NA NA NA NA NA NA NA 140 0 NA NA NA NA NA NA NA 5982 71 NA NA NA NA NA NA NA 11783 113 NA NA NA NA NA NA NA 
1760734800.0 539.0 76 0 NA NA NA NA NA NA NA 131 0 NA NA NA NA NA NA NA 13229 79 NA NA NA NA NA NA NA 25097 100 NA NA NA NA NA NA NA 
1760734800.0 541.0 87 0 NA NA NA NA NA NA NA 120 0 NA NA NA NA NA NA NA 123 83 NA NA NA NA NA NA NA 170 101 NA NA NA NA NA NA NA 
1760734800.0 545.0 86 0 NA NA NA NA NA NA NA 118 0 NA NA NA NA NA NA NA 112 79 NA NA NA NA NA NA NA 141 97 NA NA NA NA NA NA NA 
1760734800.0 551.0 66 94 0 NA NA NA NA NA NA 106 127 0 NA NA NA NA NA NA 1629 177 74 NA NA NA NA NA NA 611 146 92 NA NA NA NA NA NA 
1760734800.0 552.0 67 94 0 NA NA NA NA NA NA 107 129 0 NA NA NA NA NA NA 796 139 76 NA NA NA NA NA NA 340 154 90 NA NA NA NA NA NA 
1760734800.0 554.0 65 94 0 NA NA NA NA NA NA 105 131 0 NA NA NA NA NA NA 3503 134 76 NA NA NA NA NA NA 1036 130 93 NA NA NA NA NA NA 
1760734800.0 555.0 66 94 0 NA NA NA NA NA NA 106 132 0 NA NA NA NA NA NA 1809 127 80 NA NA NA NA NA NA 579 150 96 NA NA NA NA NA NA 
1760734800.0 556.0 66 95 0 NA NA NA NA NA NA 105 130 0 NA NA NA NA NA NA 555 177 72 NA NA NA NA NA NA 205 151 87 NA NA NA NA NA NA 
1760734800.0 560.0 92 0 NA NA NA NA NA NA NA 122 0 NA NA NA NA NA NA NA 140 82 NA NA NA NA NA NA NA 128 99 NA NA NA NA NA NA NA 
1760734800.0 561.0 92 0 NA NA NA NA NA NA NA 121 0 NA NA NA NA NA NA NA 108 84 NA NA NA NA NA NA NA 133 104 NA NA NA NA NA NA NA 
1760734800.0 562.0 66 94 0 NA NA NA NA NA NA 107 130 0 NA NA NA NA NA NA 676 144 75 NA NA NA NA NA NA 316 143 92 NA NA NA NA NA NA 
1760734800.0 570.0 81 0 NA NA NA NA NA NA NA 112 0 NA NA NA NA NA NA NA 187 75 NA NA NA NA NA NA NA 148 91 NA NA NA NA NA NA NA 
1760734800.0 571.0 80 0 NA NA NA NA NA NA NA 111 0 NA NA NA NA NA NA NA 222 86 NA NA NA NA NA NA NA 186 102 NA NA NA NA NA NA NA 
1760734800.0 572.0 80 0 NA NA NA NA NA NA NA 108 0 NA NA NA NA NA NA NA 195 74 NA NA NA NA NA NA NA 192 87 NA NA NA NA NA NA NA 
1760734800.0 573.0 82 0 NA NA NA NA NA NA NA 110 0 NA NA NA NA NA NA NA 416 81 NA NA NA NA NA NA NA 304 100 NA NA NA NA NA NA NA 
1760734800.0 574.0 82 0 NA NA NA NA NA NA NA 110 0 NA NA NA NA NA NA NA 521 69 NA NA NA NA NA NA NA 295 82 NA NA NA NA NA NA NA 
1760734800.0 575.0 80 0 NA NA NA NA NA NA NA 108 0 NA NA NA NA NA NA NA 805 78 NA NA NA NA NA NA NA 658 94 NA NA NA NA NA NA NA 
1760734800.0 576.0 82 0 NA NA NA NA NA NA NA 109 0 NA NA NA NA NA NA NA 129 78 NA NA NA NA NA NA NA 127 97 NA NA NA NA NA NA NA 
1760734800.0 577.0 81 0 NA NA NA NA NA NA NA 109 0 NA NA NA NA NA NA NA 136 75 NA NA NA NA NA NA NA 145 91 NA NA NA NA NA NA NA 
1760734800.0 6.0 NA 181 373 0 NA NA NA NA NA NA 280 523 0 NA NA NA NA NA NA 776 1111 225 NA NA NA NA NA NA 331 946 243 NA NA NA NA NA 
1760734800.0 7.0 117 175 200 120 0 NA NA NA NA 171 249 323 181 0 NA NA NA NA 395 153 249 191 105 NA NA NA NA 489 217 360 285 120 NA NA NA NA 
1760734800.0 7.1 106 162 189 113 0 NA NA NA NA 169 242 320 186 0 NA NA NA NA 543 128 265 132 103 NA NA NA NA 533 191 309 179 123 NA NA NA NA 
1760734800.0 7.2 119 281 318 126 0 NA NA NA NA 168 378 505 193 0 NA NA NA NA 405 538 364 202 135 NA NA NA NA 389 401 491 293 149 NA NA NA NA 
1760734800.0 7.21 119 273 312 126 0 NA NA NA NA 168 369 496 194 0 NA NA NA NA 398 455 339 193 123 NA NA NA NA 405 374 470 286 137 NA NA NA NA 
1760734800.0 7.22 113 204 256 123 0 NA NA NA NA 168 315 404 193 0 NA NA NA NA 335 140 320 168 106 NA NA NA NA 349 209 457 228 121 NA NA NA NA 
1760734800.0 7.23 122 220 298 118 0 NA NA NA NA 171 321 483 195 0 NA NA NA NA 517 143 355 134 151 NA NA NA NA 527 132 470 187 174 NA NA NA NA 
1760734800.0 7.24 121 225 304 121 0 NA NA NA NA 174 324 469 190 0 NA NA NA NA 671 151 374 155 155 NA NA NA NA 622 143 431 188 177 NA NA NA NA 
1760734800.0 7.25 128 331 229 126 0 NA NA NA NA 185 454 362 194 0 NA NA NA NA 567 411 351 145 67 NA NA NA NA 499 410 426 186 85 NA NA NA NA 
1760734800.0 7.3 108 247 286 120 0 NA NA NA NA 170 348 496 195 0 NA NA NA NA 536 275 369 166 157 NA NA NA NA 478 335 523 240 178 NA NA NA NA 
1760734800.0 7.4 113 253 298 122 0 NA NA NA NA 170 359 500 194 0 NA NA NA NA 320 363 355 157 122 NA NA NA NA 347 303 467 241 151 NA NA NA NA 
1760734800.0 7.5 133 378 224 NA NA NA NA NA NA 176 599 339 NA NA NA NA NA NA 751 497 397 NA NA NA NA NA NA 647 407 382 NA NA NA NA NA NA 
1760734800.0 77.0 151 NA NA NA NA NA NA NA NA 436 NA NA NA NA NA NA NA NA 181 NA NA NA NA NA NA NA NA 196 NA NA NA NA NA NA NA NA 
1760734800.0 8.0 NA 191 206 105 0 NA NA NA NA NA 285 323 167 0 NA NA NA NA NA 709 334 104 109 NA NA NA NA NA 349 344 124 127 NA NA NA NA 
1760734800.0 8.1 119 293 324 103 0 NA NA NA NA 170 372 529 168 0 NA NA NA NA 328 826 410 128 129 NA NA NA NA 412 462 528 157 145 NA NA NA NA 
1760734800.0 8.2 121 239 309 98 0 NA NA NA NA 168 352 482 168 0 NA NA NA NA 546 199 325 129 115 NA NA NA NA 757 156 359 177 148 NA NA NA NA 
1760734800.0 9.0 NA 212 420 0 NA NA NA NA NA NA 325 617 0 NA NA NA NA NA NA 802 2427 272 NA NA NA NA NA NA 337 1335 323 NA NA NA NA NA 
