Timestamp WorkflowId PeakValueRss1 PeakValueRss2 PeakValueRss3 PeakValueRss4 PeakValueRss5 PeakValueRss6 PeakValueRss7 PeakValueRss8 PeakValueRss9 PeakValueVsize1 PeakValueVsize2 PeakValueVsize3 PeakValueVsize4 PeakValueVsize5 PeakValueVsize6 PeakValueVsize7 PeakValueVsize8 PeakValueVsize9 TotalJobCPU1 TotalJobCPU2 TotalJobCPU3 TotalJobCPU4 TotalJobCPU5 TotalJobCPU6 TotalJobCPU7 TotalJobCPU8 TotalJobCPU9 TotalJobTime1 TotalJobTime2 TotalJobTime3 TotalJobTime4 TotalJobTime5 TotalJobTime6 TotalJobTime7 TotalJobTime8 TotalJobTime9 
1735941600.0 1.0 155 203 312 NA NA NA NA NA NA 239 283 439 NA NA NA NA NA NA 884 355 655 NA NA NA NA NA NA 519 338 715 NA NA NA NA NA NA 
1735941600.0 10.0 NA 242 446 0 NA NA NA NA NA NA 334 605 0 NA NA NA NA NA NA 781 1457 170 NA NA NA NA NA NA 451 1022 187 NA NA NA NA NA 
1735941600.0 1000.0 NA 399 269 0 115 NA NA NA NA NA 569 376 0 176 NA NA NA NA NA 1774 733 180 180 NA NA NA NA NA 1394 918 216 184 NA NA NA NA 
1735941600.0 10007.0 NA 335 536 0 189 186 NA NA NA NA 439 748 0 303 282 NA NA NA NA 888 818 175 171 246 NA NA NA NA 397 812 188 209 271 NA NA NA 
1735941600.0 10008.0 NA 333 541 0 190 187 NA NA NA NA 451 748 0 304 283 NA NA NA NA 914 823 174 169 246 NA NA NA NA 407 797 187 204 277 NA NA NA 
1735941600.0 1001.0 NA 349 194 0 0 0 0 0 0 NA 495 270 0 0 0 0 0 0 NA 1546 307 61 43 62 109 67 95 NA 1249 342 113 94 154 175 84 109 
1735941600.0 1001.2 NA 575 244 0 0 0 0 NA NA NA 811 376 0 0 0 0 NA NA NA 5479 407 57 82 64 74 NA NA NA 2098 290 71 123 79 85 NA NA 
1735941600.0 1001.3 NA 554 217 0 NA NA NA NA NA NA 794 335 0 NA NA NA NA NA NA 4616 251 119 NA NA NA NA NA NA 2799 270 157 NA NA NA NA NA 
1735941600.0 1001.4 NA 553 188 0 0 0 NA NA NA NA 786 302 0 0 0 NA NA NA NA 4638 220 53 54 68 NA NA NA NA 2799 313 66 73 86 NA NA NA 
1735941600.0 1002.0 NA 396 147 NA NA NA NA NA NA NA 540 191 NA NA NA NA NA NA NA 1661 155 NA NA NA NA NA NA NA 1550 176 NA NA NA NA NA NA 
1735941600.0 1002.3 NA 538 236 0 NA NA NA NA NA NA 757 358 0 NA NA NA NA NA NA 3278 378 128 NA NA NA NA NA NA 1694 349 170 NA NA NA NA NA 
1735941600.0 1002.4 NA 558 0 NA NA NA NA NA NA NA 781 0 NA NA NA NA NA NA NA 5159 227 NA NA NA NA NA NA NA 2344 247 NA NA NA NA NA NA 
1735941600.0 1002.5 NA 132 139 0 0 NA NA NA NA NA 206 212 0 0 NA NA NA NA NA 118 117 101 52 NA NA NA NA NA 179 150 132 68 NA NA NA NA 
1735941600.0 10024.1 NA 340 336 0 NA NA NA NA NA NA 445 483 0 NA NA NA NA NA NA 1163 624 301 NA NA NA NA NA NA 583 672 378 NA NA NA NA NA 
1735941600.0 10024.2 NA 344 549 0 NA NA NA NA NA NA 458 749 0 NA NA NA NA NA NA 882 903 183 NA NA NA NA NA NA 426 980 203 NA NA NA NA NA 
1735941600.0 10024.3 NA 342 308 0 NA NA NA NA NA NA 445 445 0 NA NA NA NA NA NA 1240 582 232 NA NA NA NA NA NA 692 644 269 NA NA NA NA NA 
1735941600.0 10024.4 NA 347 542 0 NA NA NA NA NA NA 461 751 0 NA NA NA NA NA NA 906 888 179 NA NA NA NA NA NA 444 1059 194 NA NA NA NA NA 
1735941600.0 10025.0 NA 338 542 0 160 187 NA NA NA NA 445 739 0 228 286 NA NA NA NA 864 822 184 162 245 NA NA NA NA 409 796 196 185 262 NA NA NA 
1735941600.0 10026.0 NA 346 565 0 163 189 NA NA NA NA 442 761 0 231 274 NA NA NA NA 916 1005 195 167 246 NA NA NA NA 409 874 210 198 271 NA NA NA 
1735941600.0 1003.0 NA 415 0 NA NA NA NA NA NA NA 678 0 NA NA NA NA NA NA NA 1793 175 NA NA NA NA NA NA NA 1528 213 NA NA NA NA NA NA 
1735941600.0 10042.0 NA 341 545 0 194 186 NA NA NA NA 443 750 0 308 283 NA NA NA NA 877 845 189 168 245 NA NA NA NA 416 790 214 192 266 NA NA NA 
1735941600.0 1005.0 NA 217 166 0 0 NA NA NA NA NA 382 264 0 0 NA NA NA NA NA 235 107 38 57 NA NA NA NA NA 247 168 57 102 NA NA NA NA 
1735941600.0 10059.0 NA 348 565 0 163 190 NA NA NA NA 449 775 0 239 280 NA NA NA NA 923 1187 196 167 255 NA NA NA NA 432 918 208 198 285 NA NA NA 
1735941600.0 10071.0 NA 343 551 0 163 188 NA NA NA NA 446 751 0 233 284 NA NA NA NA 923 888 193 167 247 NA NA NA NA 421 807 210 195 277 NA NA NA 
1735941600.0 101.0 182 NA NA NA NA NA NA NA NA 311 NA NA NA NA NA NA NA NA 468 NA NA NA NA NA NA NA NA 421 NA NA NA NA NA NA NA NA 
1735941600.0 1010.0 NA 91 109 0 NA NA NA NA NA NA 158 176 0 NA NA NA NA NA NA 89 141 90 NA NA NA NA NA NA 153 174 119 NA NA NA NA NA 
1735941600.0 102.0 184 NA NA NA NA NA NA NA NA 310 NA NA NA NA NA NA NA NA 420 NA NA NA NA NA NA NA NA 408 NA NA NA NA NA NA NA NA 
1735941600.0 1020.0 NA 98 86 0 95 NA NA NA NA NA 172 158 0 171 NA NA NA NA NA 121 99 31 110 NA NA NA NA NA 195 152 53 179 NA NA NA NA 
1735941600.0 10224.0 NA 528 808 0 187 NA NA NA NA NA 712 1117 0 284 NA NA NA NA NA 1833 1814 251 281 NA NA NA NA NA 1194 1383 286 308 NA NA NA NA 
1735941600.0 10224.15 NA 524 818 0 208 NA NA NA NA NA 658 1052 0 295 NA NA NA NA NA 2069 1873 247 361 NA NA NA NA NA 998 1396 272 352 NA NA NA NA 
1735941600.0 10225.0 NA 506 794 0 186 NA NA NA NA NA 671 1084 0 274 NA NA NA NA NA 1832 1982 206 264 NA NA NA NA NA 1081 1517 221 287 NA NA NA NA 
1735941600.0 103.0 118 0 0 NA NA NA NA NA NA 170 0 0 NA NA NA NA NA NA 215 145 665 NA NA NA NA NA NA 217 153 857 NA NA NA NA NA NA 
1735941600.0 1040.0 NA 523 88 0 NA NA NA NA NA NA 742 149 0 NA NA NA NA NA NA 3974 64 45 NA NA NA NA NA NA 1579 76 53 NA NA NA NA NA 
1735941600.0 1040.1 NA 135 88 0 NA NA NA NA NA NA 218 146 0 NA NA NA NA NA NA 258 120 70 NA NA NA NA NA NA 356 162 113 NA NA NA NA NA 
1735941600.0 1041.0 NA 133 95 0 NA NA NA NA NA NA 216 157 0 NA NA NA NA NA NA 174 94 45 NA NA NA NA NA NA 239 125 68 NA NA NA NA NA 
1735941600.0 1042.0 NA 135 91 0 NA NA NA NA NA NA 223 153 0 NA NA NA NA NA NA 320 109 44 NA NA NA NA NA NA 461 130 73 NA NA NA NA NA 
1735941600.0 10424.0 NA 298 544 0 NA NA NA NA NA NA 399 753 0 NA NA NA NA NA NA 268 879 189 NA NA NA NA NA NA 255 998 205 NA NA NA NA NA 
1735941600.0 1046.0 NA 107 94 0 NA NA NA NA NA NA 181 162 0 NA NA NA NA NA NA 146 107 40 NA NA NA NA NA NA 154 135 67 NA NA NA NA NA 
1735941600.0 1047.0 NA 110 113 0 NA NA NA NA NA NA 186 181 0 NA NA NA NA NA NA 187 130 47 NA NA NA NA NA NA 218 131 73 NA NA NA NA NA 
1735941600.0 1048.0 NA 107 106 0 NA NA NA NA NA NA 183 178 0 NA NA NA NA NA NA 203 128 39 NA NA NA NA NA NA 240 146 67 NA NA NA NA NA 
1735941600.0 1049.0 NA 120 0 NA NA NA NA NA NA NA 199 0 NA NA NA NA NA NA NA 717 57 NA NA NA NA NA NA NA 730 68 NA NA NA NA NA NA 
1735941600.0 105.0 147 207 120 NA NA NA NA NA NA 227 284 178 NA NA NA NA NA NA 608 252 172 NA NA NA NA NA NA 461 283 219 NA NA NA NA NA NA 
1735941600.0 1052.0 NA 218 163 0 NA NA NA NA NA NA 377 264 0 NA NA NA NA NA NA 303 153 43 NA NA NA NA NA NA 447 190 60 NA NA NA NA NA 
1735941600.0 1052.1 NA 151 0 NA NA NA NA NA NA NA 251 0 NA NA NA NA NA NA NA 149 45 NA NA NA NA NA NA NA 196 63 NA NA NA NA NA NA 
1735941600.0 106.0 116 0 0 NA NA NA NA NA NA 171 0 0 NA NA NA NA NA NA 310 218 1022 NA NA NA NA NA NA 354 355 1251 NA NA NA NA NA NA 
1735941600.0 107.0 156 214 413 NA NA NA NA NA NA 242 300 557 NA NA NA NA NA NA 845 260 800 NA NA NA NA NA NA 479 288 908 NA NA NA NA NA NA 
1735941600.0 108.0 155 210 414 NA NA NA NA NA NA 244 289 567 NA NA NA NA NA NA 881 259 809 NA NA NA NA NA NA 437 241 834 NA NA NA NA NA NA 
1735941600.0 10804.0 NA 324 535 0 160 189 NA NA NA NA 421 740 0 231 284 NA NA NA NA 934 806 173 165 246 NA NA NA NA 417 802 191 200 271 NA NA NA 
1735941600.0 10807.0 NA 325 536 0 188 189 NA NA NA NA 413 720 0 308 283 NA NA NA NA 896 824 176 168 246 NA NA NA NA 409 811 190 193 273 NA NA NA 
1735941600.0 10809.0 NA 328 538 0 190 191 NA NA NA NA 418 758 0 312 287 NA NA NA NA 883 839 177 170 250 NA NA NA NA 399 797 191 204 278 NA NA NA 
1735941600.0 10824.0 NA 332 554 0 190 190 NA NA NA NA 423 776 0 308 288 NA NA NA NA 900 888 194 171 250 NA NA NA NA 408 788 207 192 270 NA NA NA 
1735941600.0 10824.1 NA 333 332 0 NA NA NA NA NA NA 438 464 0 NA NA NA NA NA NA 1161 625 230 NA NA NA NA NA NA 570 729 302 NA NA NA NA NA 
1735941600.0 10826.0 NA 338 560 0 164 192 NA NA NA NA 441 774 0 236 283 NA NA NA NA 895 958 194 165 249 NA NA NA NA 449 822 216 192 268 NA NA NA 
1735941600.0 10842.0 NA 335 543 0 191 194 NA NA NA NA 448 776 0 311 279 NA NA NA NA 882 853 191 169 246 NA NA NA NA 417 785 221 191 268 NA NA NA 
1735941600.0 10871.0 NA 333 551 0 163 191 NA NA NA NA 411 731 0 229 279 NA NA NA NA 909 909 195 166 252 NA NA NA NA 411 825 208 188 279 NA NA NA 
1735941600.0 109.0 159 212 415 NA NA NA NA NA NA 240 291 582 NA NA NA NA NA NA 938 264 823 NA NA NA NA NA NA 458 281 842 NA NA NA NA NA NA 
1735941600.0 11.0 NA 226 401 0 134 NA NA NA NA NA 315 550 0 197 NA NA NA NA NA 682 875 182 138 NA NA NA NA NA 352 740 232 186 NA NA NA NA 
1735941600.0 110.0 122 204 404 NA NA NA NA NA NA 171 286 561 NA NA NA NA NA NA 226 244 750 NA NA NA NA NA NA 263 232 893 NA NA NA NA NA NA 
1735941600.0 11024.0 NA 562 891 0 192 NA NA NA NA NA 788 1158 0 281 NA NA NA NA NA 2274 2311 259 294 NA NA NA NA NA 1193 1527 304 316 NA NA NA NA 
1735941600.0 11024.15 NA 604 896 0 203 NA NA NA NA NA 800 1179 0 306 NA NA NA NA NA 3024 2946 347 476 NA NA NA NA NA 1287 2248 414 499 NA NA NA NA 
1735941600.0 11024.2 NA 588 870 0 185 NA NA NA NA NA 770 1174 0 286 NA NA NA NA NA 2107 1797 208 199 NA NA NA NA NA 1108 1391 246 218 NA NA NA NA 
1735941600.0 11024.6 NA 579 885 0 192 NA NA NA NA NA 773 1205 0 282 NA NA NA NA NA 2093 1771 207 258 NA NA NA NA NA 1023 1253 229 316 NA NA NA NA 
1735941600.0 11025.0 NA 573 881 0 190 NA NA NA NA NA 772 1170 0 281 NA NA NA NA NA 2081 1732 201 253 NA NA NA NA NA 1111 1118 220 302 NA NA NA NA 
1735941600.0 111.0 124 198 389 NA NA NA NA NA NA 185 277 558 NA NA NA NA NA NA 256 202 740 NA NA NA NA NA NA 305 227 871 NA NA NA NA NA NA 
1735941600.0 112.0 156 208 403 NA NA NA NA NA NA 249 286 575 NA NA NA NA NA NA 597 257 767 NA NA NA NA NA NA 320 311 847 NA NA NA NA NA NA 
1735941600.0 11224.0 NA 299 547 0 NA NA NA NA NA NA 393 752 0 NA NA NA NA NA NA 283 900 193 NA NA NA NA NA NA 260 845 212 NA NA NA NA NA 
1735941600.0 11224.6 NA 300 547 0 NA NA NA NA NA NA 382 732 0 NA NA NA NA NA NA 280 900 195 NA NA NA NA NA NA 266 822 215 NA NA NA NA NA 
1735941600.0 113.0 153 211 408 NA NA NA NA NA NA 243 295 562 NA NA NA NA NA NA 697 259 782 NA NA NA NA NA NA 364 293 900 NA NA NA NA NA NA 
1735941600.0 114.0 159 212 407 NA NA NA NA NA NA 238 292 553 NA NA NA NA NA NA 682 261 778 NA NA NA NA NA NA 342 258 808 NA NA NA NA NA NA 
1735941600.0 115.0 159 211 411 NA NA NA NA NA NA 243 290 562 NA NA NA NA NA NA 768 263 797 NA NA NA NA NA NA 366 267 868 NA NA NA NA NA NA 
1735941600.0 116.0 155 213 411 NA NA NA NA NA NA 242 297 559 NA NA NA NA NA NA 767 255 804 NA NA NA NA NA NA 356 230 838 NA NA NA NA NA NA 
1735941600.0 11603.0 NA 340 579 0 161 NA NA NA NA NA 444 811 0 235 NA NA NA NA NA 836 881 177 140 NA NA NA NA NA 382 855 206 154 NA NA NA NA 
1735941600.0 11634.1 NA 348 337 0 NA NA NA NA NA NA 458 467 0 NA NA NA NA NA NA 873 403 185 NA NA NA NA NA NA 353 401 243 NA NA NA NA NA 
1735941600.0 11634.24 NA 271 506 0 150 NA NA NA NA NA 370 734 0 215 NA NA NA NA NA 501 1348 224 207 NA NA NA NA NA 687 1898 248 225 NA NA NA NA 
1735941600.0 11634.5 NA 347 191 0 NA NA NA NA NA NA 456 347 0 NA NA NA NA NA NA 856 286 77 NA NA NA NA NA NA 351 329 90 NA NA NA NA NA 
1735941600.0 11634.601 NA 333 130 595 0 NA NA NA NA NA 437 194 829 0 NA NA NA NA NA 737 145 962 196 NA NA NA NA NA 298 169 882 214 NA NA NA NA 
1735941600.0 11634.7 NA 350 599 0 NA NA NA NA NA NA 467 817 0 NA NA NA NA NA NA 857 972 199 NA NA NA NA NA NA 378 924 225 NA NA NA NA NA 
1735941600.0 117.0 163 213 413 NA NA NA NA NA NA 245 296 551 NA NA NA NA NA NA 841 265 812 NA NA NA NA NA NA 415 251 897 NA NA NA NA NA NA 
1735941600.0 11723.17 NA 350 607 0 NA NA NA NA NA NA 463 830 0 NA NA NA NA NA NA 844 1116 197 NA NA NA NA NA NA 385 924 211 NA NA NA NA NA 
1735941600.0 118.0 163 216 415 NA NA NA NA NA NA 244 300 550 NA NA NA NA NA NA 938 262 829 NA NA NA NA NA NA 477 255 878 NA NA NA NA NA NA 
1735941600.0 11834.0 NA 641 1085 0 NA NA NA NA NA NA 921 1423 0 NA NA NA NA NA NA 3355 4046 303 NA NA NA NA NA NA 1488 2239 336 NA NA NA NA NA 
1735941600.0 11834.13 NA 655 1114 0 NA NA NA NA NA NA 918 1572 0 NA NA NA NA NA NA 2339 2629 215 NA NA NA NA NA NA 1215 1477 251 NA NA NA NA NA 
1735941600.0 11834.24 NA 278 557 0 NA NA NA NA NA NA 384 785 0 NA NA NA NA NA NA 339 844 183 NA NA NA NA NA NA 377 901 200 NA NA NA NA NA 
1735941600.0 11846.0 NA 684 1084 0 NA NA NA NA NA NA 935 1510 0 NA NA NA NA NA NA 2453 2577 207 NA NA NA NA NA NA 1206 1469 218 NA NA NA NA NA 
1735941600.0 119.0 156 209 406 NA NA NA NA NA NA 249 284 566 NA NA NA NA NA NA 556 251 778 NA NA NA NA NA NA 347 228 920 NA NA NA NA NA NA 
1735941600.0 120.0 122 205 396 NA NA NA NA NA NA 175 278 570 NA NA NA NA NA NA 202 248 745 NA NA NA NA NA NA 208 295 874 NA NA NA NA NA NA 
1735941600.0 12034.0 NA 313 589 0 NA NA NA NA NA NA 410 831 0 NA NA NA NA NA NA 275 940 195 NA NA NA NA NA NA 236 839 214 NA NA NA NA NA 
1735941600.0 121.0 156 218 419 NA NA NA NA NA NA 238 305 586 NA NA NA NA NA NA 1069 265 844 NA NA NA NA NA NA 470 242 908 NA NA NA NA NA NA 
1735941600.0 122.0 128 199 392 NA NA NA NA NA NA 197 284 553 NA NA NA NA NA NA 256 203 730 NA NA NA NA NA NA 244 211 796 NA NA NA NA NA NA 
1735941600.0 123.1 418 NA NA NA NA NA NA NA NA 530 NA NA NA NA NA NA NA NA 562 NA NA NA NA NA NA NA NA 622 NA NA NA NA NA NA NA NA 
1735941600.0 123.2 421 NA NA NA NA NA NA NA NA 549 NA NA NA NA NA NA NA NA 619 NA NA NA NA NA NA NA NA 629 NA NA NA NA NA NA NA NA 
1735941600.0 123.3 337 NA NA NA NA NA NA NA NA 445 NA NA NA NA NA NA NA NA 471 NA NA NA NA NA NA NA NA 546 NA NA NA NA NA NA NA NA 
1735941600.0 124.1 400 NA NA NA NA NA NA NA NA 533 NA NA NA NA NA NA NA NA 517 NA NA NA NA NA NA NA NA 591 NA NA NA NA NA NA NA NA 
1735941600.0 124.2 404 NA NA NA NA NA NA NA NA 532 NA NA NA NA NA NA NA NA 539 NA NA NA NA NA NA NA NA 631 NA NA NA NA NA NA NA NA 
1735941600.0 124.4 399 NA NA NA NA NA NA NA NA 529 NA NA NA NA NA NA NA NA 502 NA NA NA NA NA NA NA NA 638 NA NA NA NA NA NA NA NA 
1735941600.0 124.5 399 NA NA NA NA NA NA NA NA 510 NA NA NA NA NA NA NA NA 503 NA NA NA NA NA NA NA NA 617 NA NA NA NA NA NA NA NA 
1735941600.0 124.6 329 NA NA NA NA NA NA NA NA 443 NA NA NA NA NA NA NA NA 501 NA NA NA NA NA NA NA NA 549 NA NA NA NA NA NA NA NA 
1735941600.0 12434.0 NA 348 600 0 197 NA NA NA NA NA 453 833 0 323 NA NA NA NA NA 1116 976 195 151 NA NA NA NA NA 430 866 208 157 NA NA NA NA 
1735941600.0 12434.505 NA 348 196 0 NA NA NA NA NA NA 452 341 0 NA NA NA NA NA NA 1116 289 93 NA NA NA NA NA NA 438 312 109 NA NA NA NA NA 
1735941600.0 12434.511 NA 347 167 0 NA NA NA NA NA NA 450 253 0 NA NA NA NA NA NA 1104 256 66 NA NA NA NA NA NA 431 347 78 NA NA NA NA NA 
1735941600.0 12434.521 NA 346 164 0 NA NA NA NA NA NA 446 240 0 NA NA NA NA NA NA 1119 254 68 NA NA NA NA NA NA 444 323 85 NA NA NA NA NA 
1735941600.0 12450.501 NA 347 192 0 NA NA NA NA NA NA 461 334 0 NA NA NA NA NA NA 1097 290 85 NA NA NA NA NA NA 450 328 103 NA NA NA NA NA 
1735941600.0 12450.505 NA 341 192 0 NA NA NA NA NA NA 456 350 0 NA NA NA NA NA NA 1144 285 86 NA NA NA NA NA NA 429 332 100 NA NA NA NA NA 
1735941600.0 125.0 158 212 410 NA NA NA NA NA NA 241 296 565 NA NA NA NA NA NA 820 254 786 NA NA NA NA NA NA 460 232 809 NA NA NA NA NA NA 
1735941600.0 126.0 126 206 400 NA NA NA NA NA NA 185 285 569 NA NA NA NA NA NA 391 243 749 NA NA NA NA NA NA 281 251 790 NA NA NA NA NA NA 
1735941600.0 12634.0 NA 690 1124 0 NA NA NA NA NA NA 957 1509 0 NA NA NA NA NA NA 2774 2926 214 NA NA NA NA NA NA 1240 1487 228 NA NA NA NA NA 
1735941600.0 127.0 124 206 399 NA NA NA NA NA NA 176 282 569 NA NA NA NA NA NA 291 243 761 NA NA NA NA NA NA 262 225 901 NA NA NA NA NA NA 
1735941600.0 128.0 121 207 394 NA NA NA NA NA NA 171 277 546 NA NA NA NA NA NA 194 245 750 NA NA NA NA NA NA 193 227 856 NA NA NA NA NA NA 
1735941600.0 12834.0 NA 342 597 0 194 NA NA NA NA NA 448 850 0 318 NA NA NA NA NA 400 988 198 150 NA NA NA NA NA 243 997 213 154 NA NA NA NA 
1735941600.0 12834.402 NA 339 182 0 NA NA NA NA NA NA 453 268 0 NA NA NA NA NA NA 597 398 129 NA NA NA NA NA NA 459 417 150 NA NA NA NA NA 
1735941600.0 12834.412 NA 344 171 0 NA NA NA NA NA NA 445 250 0 NA NA NA NA NA NA 563 390 103 NA NA NA NA NA NA 437 411 117 NA NA NA NA NA 
1735941600.0 12834.7 NA 339 593 0 NA NA NA NA NA NA 461 823 0 NA NA NA NA NA NA 634 1508 304 NA NA NA NA NA NA 459 1576 347 NA NA NA NA NA 
1735941600.0 12846.0 NA 336 586 0 163 NA NA NA NA NA 450 848 0 236 NA NA NA NA NA 452 1277 220 194 NA NA NA NA NA 323 1328 248 215 NA NA NA NA 
1735941600.0 12861.0 NA 331 553 0 157 NA NA NA NA NA 450 788 0 231 NA NA NA NA NA 610 1384 267 226 NA NA NA NA NA 485 1368 289 325 NA NA NA NA 
1735941600.0 129.0 121 206 397 NA NA NA NA NA NA 173 276 547 NA NA NA NA NA NA 197 245 739 NA NA NA NA NA NA 193 234 811 NA NA NA NA NA NA 
1735941600.0 13.0 NA 218 417 0 NA NA NA NA NA NA 303 566 0 NA NA NA NA NA NA 232 970 157 NA NA NA NA NA NA 220 848 181 NA NA NA NA NA 
1735941600.0 130.0 122 206 395 NA NA NA NA NA NA 174 279 528 NA NA NA NA NA NA 208 249 741 NA NA NA NA NA NA 196 244 837 NA NA NA NA NA NA 
1735941600.0 1301.0 152 256 339 NA NA NA NA NA NA 217 347 505 NA NA NA NA NA NA 867 370 650 NA NA NA NA NA NA 520 339 737 NA NA NA NA NA NA 
1735941600.0 1301.17 133 326 361 NA NA NA NA NA NA 188 419 524 NA NA NA NA NA NA 660 876 465 NA NA NA NA NA NA 397 518 552 NA NA NA NA NA NA 
1735941600.0 1302.0 159 266 349 NA NA NA NA NA NA 237 345 518 NA NA NA NA NA NA 1368 405 733 NA NA NA NA NA NA 569 361 662 NA NA NA NA NA NA 
1735941600.0 1302.17 138 333 375 NA NA NA NA NA NA 198 422 557 NA NA NA NA NA NA 990 902 531 NA NA NA NA NA NA 437 542 575 NA NA NA NA NA NA 
1735941600.0 1302.18 133 327 308 239 183 NA NA NA NA 191 418 487 333 279 NA NA NA NA 1000 908 333 281 194 NA NA NA NA 492 446 367 323 233 NA NA NA NA 
1735941600.0 1302.181 133 330 307 240 186 NA NA NA NA 192 423 493 333 279 NA NA NA NA 1044 932 344 281 196 NA NA NA NA 448 409 375 344 235 NA NA NA NA 
1735941600.0 1303.0 156 265 354 NA NA NA NA NA NA 223 360 522 NA NA NA NA NA NA 1675 249 579 NA NA NA NA NA NA 776 272 539 NA NA NA NA NA NA 
1735941600.0 1303.17 143 328 380 NA NA NA NA NA NA 204 445 582 NA NA NA NA NA NA 1657 869 624 NA NA NA NA NA NA 721 549 599 NA NA NA NA NA NA 
1735941600.0 13034.0 NA 612 1074 0 NA NA NA NA NA NA 918 1508 0 NA NA NA NA NA NA 3244 4571 260 NA NA NA NA NA NA 1358 2363 281 NA NA NA NA NA 
1735941600.0 13034.21 NA 577 392 247 186 NA NA NA NA NA 726 568 334 277 NA NA NA NA NA 1641 1100 267 163 NA NA NA NA NA 748 575 259 170 NA NA NA NA 
1735941600.0 13034.99 NA 571 748 823 0 NA NA NA NA NA 795 1016 1079 0 NA NA NA NA NA 1956 690 2507 211 NA NA NA NA NA 1184 386 1241 224 NA NA NA NA 
1735941600.0 1304.18 132 323 302 240 183 NA NA NA NA 190 421 442 340 279 NA NA NA NA 717 890 299 268 195 NA NA NA NA 346 401 355 311 233 NA NA NA NA 
1735941600.0 1304.181 132 319 304 236 184 NA NA NA NA 191 411 475 344 281 NA NA NA NA 751 895 306 267 191 NA NA NA NA 448 452 345 312 227 NA NA NA NA 
1735941600.0 1304.182 130 320 300 247 NA NA NA NA NA 191 412 430 333 NA NA NA NA NA 1088 1144 416 375 NA NA NA NA NA 621 524 424 470 NA NA NA NA NA 
1735941600.0 1306.0 NA 265 460 0 NA NA NA NA NA NA 362 620 0 NA NA NA NA NA NA 250 763 139 NA NA NA NA NA NA 266 933 157 NA NA NA NA NA 
1735941600.0 1307.0 NA 260 292 107 0 NA NA NA NA NA 357 427 171 0 NA NA NA NA NA 250 359 84 79 NA NA NA NA NA 240 345 98 89 NA NA NA NA 
1735941600.0 1308.0 NA 257 288 106 0 NA NA NA NA NA 348 429 170 0 NA NA NA NA NA 242 301 84 82 NA NA NA NA NA 233 357 99 100 NA NA NA NA 
1735941600.0 1309.0 NA 274 480 0 NA NA NA NA NA NA 379 646 0 NA NA NA NA NA NA 269 841 154 NA NA NA NA NA NA 273 916 180 NA NA NA NA NA 
1735941600.0 131.0 125 207 402 NA NA NA NA NA NA 181 283 564 NA NA NA NA NA NA 329 246 766 NA NA NA NA NA NA 307 224 903 NA NA NA NA NA NA 
1735941600.0 1310.0 NA 272 476 0 NA NA NA NA NA NA 362 665 0 NA NA NA NA NA NA 266 800 152 NA NA NA NA NA NA 266 745 172 NA NA NA NA NA 
1735941600.0 1311.0 NA 267 456 0 135 NA NA NA NA NA 358 637 0 200 NA NA NA NA NA 256 643 158 138 NA NA NA NA NA 272 665 184 191 NA NA NA NA 
1735941600.0 1312.0 NA 271 477 0 NA NA NA NA NA NA 363 629 0 NA NA NA NA NA NA 263 841 154 NA NA NA NA NA NA 258 973 174 NA NA NA NA NA 
1735941600.0 1313.0 NA 276 488 0 NA NA NA NA NA NA 366 647 0 NA NA NA NA NA NA 241 938 150 NA NA NA NA NA NA 235 993 166 NA NA NA NA NA 
1735941600.0 1314.0 NA 273 474 0 NA NA NA NA NA NA 369 627 0 NA NA NA NA NA NA 262 822 149 NA NA NA NA NA NA 273 941 167 NA NA NA NA NA 
1735941600.0 1315.0 NA 263 463 0 NA NA NA NA NA NA 355 628 0 NA NA NA NA NA NA 246 761 137 NA NA NA NA NA NA 240 883 153 NA NA NA NA NA 
1735941600.0 1316.0 NA 264 462 0 NA NA NA NA NA NA 360 620 0 NA NA NA NA NA NA 249 781 138 NA NA NA NA NA NA 248 933 151 NA NA NA NA NA 
1735941600.0 1317.0 NA 263 450 0 175 NA NA NA NA NA 363 641 0 269 NA NA NA NA NA 392 1166 188 267 NA NA NA NA NA 431 1315 208 325 NA NA NA NA 
1735941600.0 1318.0 NA 264 442 0 173 NA NA NA NA NA 375 638 0 273 NA NA NA NA NA 373 1241 190 269 NA NA NA NA NA 470 1557 215 329 NA NA NA NA 
1735941600.0 1319.0 NA 263 460 0 NA NA NA NA NA NA 364 636 0 NA NA NA NA NA NA 251 781 137 NA NA NA NA NA NA 259 983 154 NA NA NA NA NA 
1735941600.0 132.0 156 213 415 NA NA NA NA NA NA 239 292 571 NA NA NA NA NA NA 794 260 804 NA NA NA NA NA NA 388 246 826 NA NA NA NA NA NA 
1735941600.0 1320.0 NA 265 471 0 181 NA NA NA NA NA 364 626 0 272 NA NA NA NA NA 260 770 140 190 NA NA NA NA NA 310 737 161 217 NA NA NA NA 
1735941600.0 1321.0 NA 266 462 0 179 NA NA NA NA NA 357 603 0 273 NA NA NA NA NA 256 795 142 192 NA NA NA NA NA 245 864 158 228 NA NA NA NA 
1735941600.0 1322.0 NA 264 456 0 172 NA NA NA NA NA 364 630 0 260 NA NA NA NA NA 405 1148 207 309 NA NA NA NA NA 529 1748 222 945 NA NA NA NA 
1735941600.0 1323.0 NA 262 456 0 NA NA NA NA NA NA 363 626 0 NA NA NA NA NA NA 249 755 134 NA NA NA NA NA NA 257 909 150 NA NA NA NA NA 
1735941600.0 13234.0 NA 660 0 NA NA NA NA NA NA NA 850 0 NA NA NA NA NA NA NA 2663 174 NA NA NA NA NA NA NA 1292 201 NA NA NA NA NA NA 
1735941600.0 1324.0 NA 262 481 0 NA NA NA NA NA NA 380 646 0 NA NA NA NA NA NA 436 1330 239 NA NA NA NA NA NA 590 1348 335 NA NA NA NA NA 
1735941600.0 1325.0 NA 273 473 0 139 181 NA NA NA NA 366 645 0 208 268 NA NA NA NA 340 1140 187 190 204 NA NA NA NA 335 1129 207 250 224 NA NA NA 
1735941600.0 1325.1 NA 274 277 0 NA NA NA NA NA NA 375 411 0 NA NA NA NA NA NA 266 382 142 NA NA NA NA NA NA 267 470 156 NA NA NA NA NA 
1735941600.0 1325.2 NA 276 476 0 NA NA NA NA NA NA 385 657 0 NA NA NA NA NA NA 261 838 153 NA NA NA NA NA NA 240 930 170 NA NA NA NA NA 
1735941600.0 1325.3 NA 274 268 0 NA NA NA NA NA NA 369 398 0 NA NA NA NA NA NA 270 370 136 NA NA NA NA NA NA 299 395 149 NA NA NA NA NA 
1735941600.0 1325.4 NA 276 480 0 NA NA NA NA NA NA 378 636 0 NA NA NA NA NA NA 263 849 154 NA NA NA NA NA NA 241 979 172 NA NA NA NA NA 
1735941600.0 1325.9 NA 296 478 0 134 NA NA NA NA NA 402 676 0 209 NA NA NA NA NA 434 1289 215 241 NA NA NA NA NA 799 1670 238 838 NA NA NA NA 
1735941600.0 1325.91 NA 298 482 0 139 NA NA NA NA NA 394 671 0 200 NA NA NA NA NA 286 844 156 143 NA NA NA NA NA 237 769 183 184 NA NA NA NA 
1735941600.0 1326.0 NA 270 468 0 NA NA NA NA NA NA 375 629 0 NA NA NA NA NA NA 260 796 147 NA NA NA NA NA NA 254 920 167 NA NA NA NA NA 
1735941600.0 1327.0 NA 270 474 0 NA NA NA NA NA NA 375 624 0 NA NA NA NA NA NA 261 790 147 NA NA NA NA NA NA 276 900 159 NA NA NA NA NA 
1735941600.0 1328.0 NA 275 480 0 NA NA NA NA NA NA 369 633 0 NA NA NA NA NA NA 366 1254 239 NA NA NA NA NA NA 404 1614 315 NA NA NA NA NA 
1735941600.0 1329.0 NA 268 472 0 176 NA NA NA NA NA 365 648 0 266 NA NA NA NA NA 383 1256 188 273 NA NA NA NA NA 760 1699 206 360 NA NA NA NA 
1735941600.0 1330.0 NA 271 515 0 174 NA NA NA NA NA 375 695 0 270 NA NA NA NA NA 412 1267 201 294 NA NA NA NA NA 602 1906 221 357 NA NA NA NA 
1735941600.0 1331.0 NA 268 471 0 183 NA NA NA NA NA 376 624 0 271 NA NA NA NA NA 266 799 148 192 NA NA NA NA NA 237 852 167 226 NA NA NA NA 
1735941600.0 1332.0 NA 274 472 0 NA NA NA NA NA NA 381 647 0 NA NA NA NA NA NA 262 811 149 NA NA NA NA NA NA 267 872 164 NA NA NA NA NA 
1735941600.0 1333.0 NA 266 466 0 NA NA NA NA NA NA 375 641 0 NA NA NA NA NA NA 259 782 146 NA NA NA NA NA NA 267 918 165 NA NA NA NA NA 
1735941600.0 1334.0 NA 272 475 0 NA NA NA NA NA NA 369 669 0 NA NA NA NA NA NA 265 822 150 NA NA NA NA NA NA 327 930 169 NA NA NA NA NA 
1735941600.0 1335.0 NA 267 467 0 NA NA NA NA NA NA 358 636 0 NA NA NA NA NA NA 413 1201 203 NA NA NA NA NA NA 443 1477 250 NA NA NA NA NA 
1735941600.0 1336.0 NA 273 486 0 NA NA NA NA NA NA 374 669 0 NA NA NA NA NA NA 269 1170 154 NA NA NA NA NA NA 262 1119 174 NA NA NA NA NA 
1735941600.0 1337.0 NA 286 485 0 NA NA NA NA NA NA 392 656 0 NA NA NA NA NA NA 400 1601 260 NA NA NA NA NA NA 1119 1391 602 NA NA NA NA NA 
1735941600.0 1338.0 NA 273 480 0 182 NA NA NA NA NA 371 658 0 273 NA NA NA NA NA 275 848 154 192 NA NA NA NA NA 345 832 175 217 NA NA NA NA 
1735941600.0 1339.0 NA 276 483 0 NA NA NA NA NA NA 376 663 0 NA NA NA NA NA NA 268 933 153 NA NA NA NA NA NA 250 851 169 NA NA NA NA NA 
1735941600.0 134.0 NA 402 90 0 NA NA NA NA NA NA 558 153 0 NA NA NA NA NA NA 1251 66 26 NA NA NA NA NA NA 875 76 34 NA NA NA NA NA 
1735941600.0 134.701 NA 133 451 0 NA NA NA NA NA NA 202 605 0 NA NA NA NA NA NA 240 2649 185 NA NA NA NA NA NA 280 2077 207 NA NA NA NA NA 
1735941600.0 134.702 NA 136 450 0 NA NA NA NA NA NA 213 632 0 NA NA NA NA NA NA 162 2215 124 NA NA NA NA NA NA 163 1203 141 NA NA NA NA NA 
1735941600.0 134.703 NA 141 464 0 NA NA NA NA NA NA 216 618 0 NA NA NA NA NA NA 168 2247 132 NA NA NA NA NA NA 217 1207 152 NA NA NA NA NA 
1735941600.0 134.707 NA 138 452 0 NA NA NA NA NA NA 214 630 0 NA NA NA NA NA NA 163 2136 127 NA NA NA NA NA NA 157 1168 146 NA NA NA NA NA 
1735941600.0 134.71 NA 132 445 0 NA NA NA NA NA NA 201 613 0 NA NA NA NA NA NA 159 1616 126 NA NA NA NA NA NA 157 1154 139 NA NA NA NA NA 
1735941600.0 134.801 NA 133 447 0 NA NA NA NA NA NA 208 644 0 NA NA NA NA NA NA 234 2547 183 NA NA NA NA NA NA 322 2109 215 NA NA NA NA NA 
1735941600.0 134.802 NA 136 460 0 NA NA NA NA NA NA 211 656 0 NA NA NA NA NA NA 168 2563 125 NA NA NA NA NA NA 174 1297 141 NA NA NA NA NA 
1735941600.0 134.804 NA 138 470 0 NA NA NA NA NA NA 217 666 0 NA NA NA NA NA NA 170 2602 128 NA NA NA NA NA NA 173 1302 142 NA NA NA NA NA 
1735941600.0 134.805 NA 135 470 0 NA NA NA NA NA NA 212 644 0 NA NA NA NA NA NA 171 2594 131 NA NA NA NA NA NA 200 1340 146 NA NA NA NA NA 
1735941600.0 134.809 NA 138 459 0 NA NA NA NA NA NA 216 640 0 NA NA NA NA NA NA 169 2429 129 NA NA NA NA NA NA 180 1215 148 NA NA NA NA NA 
1735941600.0 134.811 NA 140 466 0 NA NA NA NA NA NA 221 641 0 NA NA NA NA NA NA 174 2555 130 NA NA NA NA NA NA 185 1298 146 NA NA NA NA NA 
1735941600.0 134.812 NA 132 452 0 NA NA NA NA NA NA 205 610 0 NA NA NA NA NA NA 165 1681 126 NA NA NA NA NA NA 199 1172 141 NA NA NA NA NA 
1735941600.0 134.813 NA 287 131 0 NA NA NA NA NA NA 436 203 0 NA NA NA NA NA NA 554 103 81 NA NA NA NA NA NA 328 137 101 NA NA NA NA NA 
1735941600.0 134.901 NA 132 448 0 NA NA NA NA NA NA 210 617 0 NA NA NA NA NA NA 232 2619 184 NA NA NA NA NA NA 235 2244 199 NA NA NA NA NA 
1735941600.0 134.903 NA 137 454 0 NA NA NA NA NA NA 214 607 0 NA NA NA NA NA NA 164 1959 129 NA NA NA NA NA NA 155 1103 146 NA NA NA NA NA 
1735941600.0 134.905 NA 136 455 0 NA NA NA NA NA NA 213 640 0 NA NA NA NA NA NA 164 1951 127 NA NA NA NA NA NA 158 1200 141 NA NA NA NA NA 
1735941600.0 134.908 NA 245 491 0 NA NA NA NA NA NA 347 650 0 NA NA NA NA NA NA 289 2183 135 NA NA NA NA NA NA 268 1199 150 NA NA NA NA NA 
1735941600.0 134.909 NA 138 450 0 NA NA NA NA NA NA 216 630 0 NA NA NA NA NA NA 163 2021 126 NA NA NA NA NA NA 162 1156 139 NA NA NA NA NA 
1735941600.0 134.91 NA 140 450 0 NA NA NA NA NA NA 222 635 0 NA NA NA NA NA NA 165 1917 129 NA NA NA NA NA NA 175 1221 147 NA NA NA NA NA 
1735941600.0 134.911 NA 136 454 0 NA NA NA NA NA NA 209 614 0 NA NA NA NA NA NA 163 1998 125 NA NA NA NA NA NA 155 1112 144 NA NA NA NA NA 
1735941600.0 134.912 NA 133 438 0 NA NA NA NA NA NA 210 604 0 NA NA NA NA NA NA 223 2470 178 NA NA NA NA NA NA 220 1923 196 NA NA NA NA NA 
1735941600.0 134.99601 NA 139 465 0 NA NA NA NA NA NA 216 627 0 NA NA NA NA NA NA 175 2955 129 NA NA NA NA NA NA 184 1331 143 NA NA NA NA NA 
1735941600.0 134.99602 NA 135 446 0 NA NA NA NA NA NA 211 620 0 NA NA NA NA NA NA 248 2712 181 NA NA NA NA NA NA 330 2007 227 NA NA NA NA NA 
1735941600.0 134.99901 NA 138 441 0 NA NA NA NA NA NA 212 602 0 NA NA NA NA NA NA 265 2897 171 NA NA NA NA NA NA 267 1913 187 NA NA NA NA NA 
1735941600.0 1340.0 NA 266 464 0 NA NA NA NA NA NA 368 653 0 NA NA NA NA NA NA 254 783 143 NA NA NA NA NA NA 249 930 164 NA NA NA NA NA 
1735941600.0 1341.0 NA 274 479 0 NA NA NA NA NA NA 377 657 0 NA NA NA NA NA NA 412 1584 242 NA NA NA NA NA NA 418 1536 305 NA NA NA NA NA 
1735941600.0 1343.0 NA 272 475 0 NA NA NA NA NA NA 362 648 0 NA NA NA NA NA NA 269 830 152 NA NA NA NA NA NA 278 786 164 NA NA NA NA NA 
1735941600.0 13434.0 NA 808 0 NA NA NA NA NA NA NA 1065 0 NA NA NA NA NA NA NA 2363 124 NA NA NA NA NA NA NA 1147 142 NA NA NA NA NA NA 
1735941600.0 1344.0 NA 270 476 0 NA NA NA NA NA NA 375 640 0 NA NA NA NA NA NA 261 835 150 NA NA NA NA NA NA 243 896 166 NA NA NA NA NA 
1735941600.0 1345.0 NA 271 478 0 NA NA NA NA NA NA 360 660 0 NA NA NA NA NA NA 265 809 151 NA NA NA NA NA NA 292 769 169 NA NA NA NA NA 
1735941600.0 1347.0 NA 273 474 0 NA NA NA NA NA NA 377 660 0 NA NA NA NA NA NA 262 817 151 NA NA NA NA NA NA 264 939 172 NA NA NA NA NA 
1735941600.0 1348.0 NA 268 465 0 NA NA NA NA NA NA 359 650 0 NA NA NA NA NA NA 256 788 148 NA NA NA NA NA NA 252 893 169 NA NA NA NA NA 
1735941600.0 1349.0 NA 271 472 0 NA NA NA NA NA NA 370 626 0 NA NA NA NA NA NA 262 796 147 NA NA NA NA NA NA 245 928 165 NA NA NA NA NA 
1735941600.0 135.1 447 0 223 177 NA NA NA NA NA 608 0 324 275 NA NA NA NA NA 388 98 273 185 NA NA NA NA NA 320 143 325 217 NA NA NA NA NA 
1735941600.0 135.11 454 0 227 177 NA NA NA NA NA 608 0 325 266 NA NA NA NA NA 662 127 476 248 NA NA NA NA NA 580 194 530 274 NA NA NA NA NA 
1735941600.0 135.12 445 0 222 173 NA NA NA NA NA 603 0 316 266 NA NA NA NA NA 587 113 388 263 NA NA NA NA NA 574 138 517 305 NA NA NA NA NA 
1735941600.0 135.13 453 0 NA NA NA NA NA NA NA 600 0 NA NA NA NA NA NA NA 561 186 NA NA NA NA NA NA NA 567 254 NA NA NA NA NA NA NA 
1735941600.0 135.14 444 0 226 176 NA NA NA NA NA 607 0 317 271 NA NA NA NA NA 494 123 326 285 NA NA NA NA NA 502 147 378 349 NA NA NA NA NA 
1735941600.0 135.2 369 0 216 174 NA NA NA NA NA 507 0 306 270 NA NA NA NA NA 425 106 324 204 NA NA NA NA NA 440 171 401 244 NA NA NA NA NA 
1735941600.0 135.3 377 0 222 174 NA NA NA NA NA 514 0 320 269 NA NA NA NA NA 405 116 400 209 NA NA NA NA NA 389 149 406 242 NA NA NA NA NA 
1735941600.0 135.4 435 0 219 176 NA NA NA NA NA 572 0 311 260 NA NA NA NA NA 466 121 391 208 NA NA NA NA NA 429 154 439 235 NA NA NA NA NA 
1735941600.0 135.5 438 0 217 175 NA NA NA NA NA 572 0 309 261 NA NA NA NA NA 505 125 394 239 NA NA NA NA NA 567 163 527 269 NA NA NA NA NA 
1735941600.0 135.6 444 0 221 177 NA NA NA NA NA 588 0 315 275 NA NA NA NA NA 564 152 408 287 NA NA NA NA NA 568 187 509 324 NA NA NA NA NA 
1735941600.0 135.7 444 0 230 175 NA NA NA NA NA 571 0 328 269 NA NA NA NA NA 366 91 260 184 NA NA NA NA NA 304 125 297 220 NA NA NA NA NA 
1735941600.0 135.8 192 NA NA NA NA NA NA NA NA 291 NA NA NA NA NA NA NA NA 509 NA NA NA NA NA NA NA NA 330 NA NA NA NA NA NA NA NA 
1735941600.0 135.9 442 0 225 175 NA NA NA NA NA 590 0 314 268 NA NA NA NA NA 488 133 378 233 NA NA NA NA NA 565 163 469 265 NA NA NA NA NA 
1735941600.0 1350.0 NA 271 466 0 NA NA NA NA NA NA 361 620 0 NA NA NA NA NA NA 261 795 151 NA NA NA NA NA NA 263 880 170 NA NA NA NA NA 
1735941600.0 1351.0 NA 272 469 0 NA NA NA NA NA NA 363 628 0 NA NA NA NA NA NA 256 791 148 NA NA NA NA NA NA 240 928 168 NA NA NA NA NA 
1735941600.0 1352.0 NA 269 468 0 NA NA NA NA NA NA 375 650 0 NA NA NA NA NA NA 395 1156 227 NA NA NA NA NA NA 474 1442 279 NA NA NA NA NA 
1735941600.0 1353.0 NA 269 478 0 NA NA NA NA NA NA 377 639 0 NA NA NA NA NA NA 413 1312 227 NA NA NA NA NA NA 694 1393 323 NA NA NA NA NA 
1735941600.0 1354.0 NA 272 477 0 NA NA NA NA NA NA 360 644 0 NA NA NA NA NA NA 263 836 151 NA NA NA NA NA NA 275 1001 172 NA NA NA NA NA 
1735941600.0 1355.0 NA 277 483 0 NA NA NA NA NA NA 370 638 0 NA NA NA NA NA NA 270 836 150 NA NA NA NA NA NA 284 839 173 NA NA NA NA NA 
1735941600.0 1356.0 158 263 506 0 241 NA NA NA NA 226 352 675 0 339 NA NA NA NA 711 254 835 145 267 NA NA NA NA 366 237 797 157 256 NA NA NA NA 
1735941600.0 136.732 NA 212 548 0 NA NA NA NA NA NA 294 736 0 NA NA NA NA NA NA 252 2216 130 NA NA NA NA NA NA 242 1224 146 NA NA NA NA NA 
1735941600.0 136.733 NA 295 133 0 NA NA NA NA NA NA 437 211 0 NA NA NA NA NA NA 777 207 130 NA NA NA NA NA NA 882 853 211 NA NA NA NA NA 
1735941600.0 136.735 NA 215 432 0 NA NA NA NA NA NA 296 598 0 NA NA NA NA NA NA 374 1763 140 NA NA NA NA NA NA 473 1906 157 NA NA NA NA NA 
1735941600.0 136.738 NA 211 513 0 NA NA NA NA NA NA 298 707 0 NA NA NA NA NA NA 307 4309 133 NA NA NA NA NA NA 361 1686 147 NA NA NA NA NA 
1735941600.0 136.742 NA 211 517 0 NA NA NA NA NA NA 290 702 0 NA NA NA NA NA NA 288 4043 109 NA NA NA NA NA NA 334 1648 123 NA NA NA NA NA 
1735941600.0 136.746 NA 210 442 0 NA NA NA NA NA NA 290 616 0 NA NA NA NA NA NA 301 4020 99 NA NA NA NA NA NA 299 1696 111 NA NA NA NA NA 
1735941600.0 136.747 NA 217 525 0 NA NA NA NA NA NA 315 730 0 NA NA NA NA NA NA 288 3944 129 NA NA NA NA NA NA 282 1579 140 NA NA NA NA NA 
1735941600.0 136.752 NA 211 448 0 NA NA NA NA NA NA 292 635 0 NA NA NA NA NA NA 295 4208 84 NA NA NA NA NA NA 280 1762 94 NA NA NA NA NA 
1735941600.0 136.753 NA 212 525 0 NA NA NA NA NA NA 297 732 0 NA NA NA NA NA NA 297 4177 109 NA NA NA NA NA NA 345 1649 119 NA NA NA NA NA 
1735941600.0 136.754 NA 213 577 0 NA NA NA NA NA NA 315 758 0 NA NA NA NA NA NA 294 3596 111 NA NA NA NA NA NA 373 1533 127 NA NA NA NA NA 
1735941600.0 136.759 NA 210 505 0 NA NA NA NA NA NA 300 713 0 NA NA NA NA NA NA 394 6150 147 NA NA NA NA NA NA 469 2392 162 NA NA NA NA NA 
1735941600.0 136.76 NA 211 540 0 NA NA NA NA NA NA 305 770 0 NA NA NA NA NA NA 308 5809 136 NA NA NA NA NA NA 334 2191 152 NA NA NA NA NA 
1735941600.0 136.761 NA 212 511 0 NA NA NA NA NA NA 288 731 0 NA NA NA NA NA NA 303 6494 92 NA NA NA NA NA NA 309 2369 110 NA NA NA NA NA 
1735941600.0 136.762 NA 209 471 0 NA NA NA NA NA NA 284 679 0 NA NA NA NA NA NA 459 8922 122 NA NA NA NA NA NA 495 3281 145 NA NA NA NA NA 
1735941600.0 136.763 NA 211 453 0 NA NA NA NA NA NA 287 641 0 NA NA NA NA NA NA 305 5657 84 NA NA NA NA NA NA 315 2064 94 NA NA NA NA NA 
1735941600.0 136.764 NA 211 529 0 NA NA NA NA NA NA 282 731 0 NA NA NA NA NA NA 292 5544 107 NA NA NA NA NA NA 289 2029 118 NA NA NA NA NA 
1735941600.0 136.767 NA 210 563 0 NA NA NA NA NA NA 291 780 0 NA NA NA NA NA NA 292 4105 134 NA NA NA NA NA NA 341 1656 148 NA NA NA NA NA 
1735941600.0 136.77 NA 210 494 0 NA NA NA NA NA NA 289 660 0 NA NA NA NA NA NA 281 4023 97 NA NA NA NA NA NA 315 1652 115 NA NA NA NA NA 
1735941600.0 136.773 NA 214 498 0 NA NA NA NA NA NA 292 681 0 NA NA NA NA NA NA 287 3997 89 NA NA NA NA NA NA 304 1663 101 NA NA NA NA NA 
1735941600.0 136.774 NA 214 453 0 NA NA NA NA NA NA 296 631 0 NA NA NA NA NA NA 285 4082 83 NA NA NA NA NA NA 277 1668 95 NA NA NA NA NA 
1735941600.0 136.776 NA 210 561 0 NA NA NA NA NA NA 287 759 0 NA NA NA NA NA NA 278 3643 111 NA NA NA NA NA NA 297 1550 122 NA NA NA NA NA 
1735941600.0 136.7801 NA 205 0 NA NA NA NA NA NA NA 281 0 NA NA NA NA NA NA NA 434 107 NA NA NA NA NA NA NA 596 144 NA NA NA NA NA NA 
1735941600.0 136.7802 NA 134 0 NA NA NA NA NA NA NA 209 0 NA NA NA NA NA NA NA 231 96 NA NA NA NA NA NA NA 320 135 NA NA NA NA NA NA 
1735941600.0 136.7803 NA 209 0 NA NA NA NA NA NA NA 296 0 NA NA NA NA NA NA NA 370 60 NA NA NA NA NA NA NA 503 72 NA NA NA NA NA NA 
1735941600.0 136.781 NA 234 525 0 NA NA NA NA NA NA 307 793 0 NA NA NA NA NA NA 359 5978 139 NA NA NA NA NA NA 421 2245 166 NA NA NA NA NA 
1735941600.0 136.782 NA 233 608 0 NA NA NA NA NA NA 320 857 0 NA NA NA NA NA NA 378 5890 226 NA NA NA NA NA NA 366 2261 246 NA NA NA NA NA 
1735941600.0 136.783 NA 233 535 0 NA NA NA NA NA NA 318 800 0 NA NA NA NA NA NA 284 6337 113 NA NA NA NA NA NA 290 2505 135 NA NA NA NA NA 
1735941600.0 136.786 NA 233 614 0 NA NA NA NA NA NA 316 852 0 NA NA NA NA NA NA 396 5935 150 NA NA NA NA NA NA 524 2287 182 NA NA NA NA NA 
1735941600.0 136.787 NA 233 695 0 NA NA NA NA NA NA 311 936 0 NA NA NA NA NA NA 365 6103 150 NA NA NA NA NA NA 404 2500 173 NA NA NA NA NA 
1735941600.0 136.788 NA 232 533 0 NA NA NA NA NA NA 320 779 0 NA NA NA NA NA NA 395 7661 151 NA NA NA NA NA NA 507 2969 169 NA NA NA NA NA 
1735941600.0 136.791 NA 229 505 0 NA NA NA NA NA NA 328 712 0 NA NA NA NA NA NA 401 1997 165 NA NA NA NA NA NA 646 1931 181 NA NA NA NA NA 
1735941600.0 136.803 NA 237 527 0 NA NA NA NA NA NA 320 713 0 NA NA NA NA NA NA 320 1665 137 NA NA NA NA NA NA 304 1435 155 NA NA NA NA NA 
1735941600.0 136.804 NA 235 599 0 NA NA NA NA NA NA 312 813 0 NA NA NA NA NA NA 273 4076 152 NA NA NA NA NA NA 338 1647 165 NA NA NA NA NA 
1735941600.0 136.815 NA 238 522 0 NA NA NA NA NA NA 327 732 0 NA NA NA NA NA NA 256 1311 124 NA NA NA NA NA NA 263 1036 142 NA NA NA NA NA 
1735941600.0 136.816 NA 234 612 0 NA NA NA NA NA NA 326 885 0 NA NA NA NA NA NA 362 7540 196 NA NA NA NA NA NA 499 3006 215 NA NA NA NA NA 
1735941600.0 136.818 NA 233 619 0 NA NA NA NA NA NA 317 877 0 NA NA NA NA NA NA 363 6356 205 NA NA NA NA NA NA 333 2425 221 NA NA NA NA NA 
1735941600.0 136.82 NA 233 508 0 NA NA NA NA NA NA 310 740 0 NA NA NA NA NA NA 280 6074 112 NA NA NA NA NA NA 305 2348 131 NA NA NA NA NA 
1735941600.0 136.822 NA 233 607 0 NA NA NA NA NA NA 315 863 0 NA NA NA NA NA NA 337 6011 148 NA NA NA NA NA NA 423 2311 164 NA NA NA NA NA 
1735941600.0 136.823 NA 234 699 0 NA NA NA NA NA NA 312 971 0 NA NA NA NA NA NA 281 5160 132 NA NA NA NA NA NA 322 2007 143 NA NA NA NA NA 
1735941600.0 136.824 NA 233 540 0 NA NA NA NA NA NA 306 821 0 NA NA NA NA NA NA 384 8587 154 NA NA NA NA NA NA 483 3407 176 NA NA NA NA NA 
1735941600.0 136.825 NA 235 680 0 NA NA NA NA NA NA 312 926 0 NA NA NA NA NA NA 268 3775 149 NA NA NA NA NA NA 310 1574 162 NA NA NA NA NA 
1735941600.0 136.826 NA 233 505 0 NA NA NA NA NA NA 313 717 0 NA NA NA NA NA NA 289 5376 121 NA NA NA NA NA NA 300 2104 131 NA NA NA NA NA 
1735941600.0 136.827 NA 237 514 0 NA NA NA NA NA NA 313 733 0 NA NA NA NA NA NA 339 2028 163 NA NA NA NA NA NA 576 2078 178 NA NA NA NA NA 
1735941600.0 136.828 NA 233 640 0 NA NA NA NA NA NA 311 881 0 NA NA NA NA NA NA 288 6531 149 NA NA NA NA NA NA 295 2399 167 NA NA NA NA NA 
1735941600.0 136.83 NA 234 612 0 NA NA NA NA NA NA 318 890 0 NA NA NA NA NA NA 446 7963 186 NA NA NA NA NA NA 472 3249 211 NA NA NA NA NA 
1735941600.0 136.831 NA 234 558 0 NA NA NA NA NA NA 308 810 0 NA NA NA NA NA NA 286 6950 112 NA NA NA NA NA NA 345 2681 132 NA NA NA NA NA 
1735941600.0 136.832 NA 235 573 0 NA NA NA NA NA NA 311 848 0 NA NA NA NA NA NA 290 7517 112 NA NA NA NA NA NA 352 2751 137 NA NA NA NA NA 
1735941600.0 136.833 NA 238 508 0 NA NA NA NA NA NA 329 756 0 NA NA NA NA NA NA 293 6629 104 NA NA NA NA NA NA 313 2418 118 NA NA NA NA NA 
1735941600.0 136.834 NA 233 621 0 NA NA NA NA NA NA 313 877 0 NA NA NA NA NA NA 373 7864 158 NA NA NA NA NA NA 443 3005 182 NA NA NA NA NA 
1735941600.0 136.835 NA 234 708 0 NA NA NA NA NA NA 321 937 0 NA NA NA NA NA NA 289 5917 132 NA NA NA NA NA NA 299 2360 141 NA NA NA NA NA 
1735941600.0 136.836 NA 234 554 0 NA NA NA NA NA NA 321 817 0 NA NA NA NA NA NA 391 8398 130 NA NA NA NA NA NA 510 3121 144 NA NA NA NA NA 
1735941600.0 136.837 NA 236 680 0 NA NA NA NA NA NA 320 923 0 NA NA NA NA NA NA 334 6321 197 NA NA NA NA NA NA 369 2617 213 NA NA NA NA NA 
1735941600.0 136.838 NA 235 519 0 NA NA NA NA NA NA 318 718 0 NA NA NA NA NA NA 295 6004 118 NA NA NA NA NA NA 310 2259 128 NA NA NA NA NA 
1735941600.0 136.839 NA 243 516 0 NA NA NA NA NA NA 331 741 0 NA NA NA NA NA NA 251 1382 124 NA NA NA NA NA NA 235 1214 138 NA NA NA NA NA 
1735941600.0 136.84 NA 235 503 0 NA NA NA NA NA NA 334 698 0 NA NA NA NA NA NA 335 5891 113 NA NA NA NA NA NA 480 2288 126 NA NA NA NA NA 
1735941600.0 136.842 NA 237 504 0 NA NA NA NA NA NA 316 736 0 NA NA NA NA NA NA 285 6781 104 NA NA NA NA NA NA 290 2483 120 NA NA NA NA NA 
1735941600.0 136.843 NA 233 508 0 NA NA NA NA NA NA 326 817 0 NA NA NA NA NA NA 404 9922 121 NA NA NA NA NA NA 486 3567 138 NA NA NA NA NA 
1735941600.0 136.845 NA 234 483 0 NA NA NA NA NA NA 315 676 0 NA NA NA NA NA NA 285 3894 102 NA NA NA NA NA NA 279 1654 117 NA NA NA NA NA 
1735941600.0 136.848 NA 233 507 0 NA NA NA NA NA NA 316 723 0 NA NA NA NA NA NA 303 6534 104 NA NA NA NA NA NA 326 2328 120 NA NA NA NA NA 
1735941600.0 136.852 NA 234 550 0 NA NA NA NA NA NA 312 791 0 NA NA NA NA NA NA 265 4943 110 NA NA NA NA NA NA 356 1916 121 NA NA NA NA NA 
1735941600.0 136.856 NA 235 674 0 NA NA NA NA NA NA 328 909 0 NA NA NA NA NA NA 239 3246 151 NA NA NA NA NA NA 304 1582 162 NA NA NA NA NA 
1735941600.0 136.8561 NA 223 503 0 NA NA NA NA NA NA 310 686 0 NA NA NA NA NA NA 216 1068 136 NA NA NA NA NA NA 241 908 149 NA NA NA NA NA 
1735941600.0 136.8562 NA 219 493 0 NA NA NA NA NA NA 302 704 0 NA NA NA NA NA NA 210 1001 129 NA NA NA NA NA NA 296 936 145 NA NA NA NA NA 
1735941600.0 136.858 NA 236 506 0 NA NA NA NA NA NA 326 715 0 NA NA NA NA NA NA 329 1910 189 NA NA NA NA NA NA 595 2114 206 NA NA NA NA NA 
1735941600.0 136.859 NA 232 506 0 NA NA NA NA NA NA 307 723 0 NA NA NA NA NA NA 358 5901 124 NA NA NA NA NA NA 452 2233 139 NA NA NA NA NA 
1735941600.0 136.861 NA 231 617 0 NA NA NA NA NA NA 306 858 0 NA NA NA NA NA NA 265 5539 150 NA NA NA NA NA NA 318 2084 163 NA NA NA NA NA 
1735941600.0 136.862 NA 233 560 0 NA NA NA NA NA NA 307 784 0 NA NA NA NA NA NA 262 5767 115 NA NA NA NA NA NA 312 2172 128 NA NA NA NA NA 
1735941600.0 136.863 NA 232 613 0 NA NA NA NA NA NA 308 899 0 NA NA NA NA NA NA 389 6355 198 NA NA NA NA NA NA 378 2285 215 NA NA NA NA NA 
1735941600.0 136.864 NA 233 554 0 NA NA NA NA NA NA 307 826 0 NA NA NA NA NA NA 267 6876 112 NA NA NA NA NA NA 300 2586 127 NA NA NA NA NA 
1735941600.0 136.8642 NA 235 553 0 NA NA NA NA NA NA 308 820 0 NA NA NA NA NA NA 273 6857 113 NA NA NA NA NA NA 297 2618 131 NA NA NA NA NA 
1735941600.0 136.865 NA 233 553 0 NA NA NA NA NA NA 327 798 0 NA NA NA NA NA NA 404 9041 146 NA NA NA NA NA NA 560 3876 167 NA NA NA NA NA 
1735941600.0 136.866 NA 233 513 0 NA NA NA NA NA NA 321 723 0 NA NA NA NA NA NA 274 5861 105 NA NA NA NA NA NA 295 2192 131 NA NA NA NA NA 
1735941600.0 136.867 NA 234 700 0 NA NA NA NA NA NA 306 928 0 NA NA NA NA NA NA 271 5834 133 NA NA NA NA NA NA 373 2299 145 NA NA NA NA NA 
1735941600.0 136.869 NA 234 524 0 NA NA NA NA NA NA 328 725 0 NA NA NA NA NA NA 284 6026 120 NA NA NA NA NA NA 317 2395 155 NA NA NA NA NA 
1735941600.0 136.87 NA 240 524 0 NA NA NA NA NA NA 319 713 0 NA NA NA NA NA NA 238 1368 124 NA NA NA NA NA NA 214 1163 136 NA NA NA NA NA 
1735941600.0 136.871 NA 233 517 0 NA NA NA NA NA NA 311 810 0 NA NA NA NA NA NA 380 8912 153 NA NA NA NA NA NA 439 3300 169 NA NA NA NA NA 
1735941600.0 136.872 NA 232 528 0 NA NA NA NA NA NA 313 749 0 NA NA NA NA NA NA 281 5801 102 NA NA NA NA NA NA 307 2130 114 NA NA NA NA NA 
1735941600.0 136.873 NA 232 600 0 NA NA NA NA NA NA 316 839 0 NA NA NA NA NA NA 325 6444 206 NA NA NA NA NA NA 411 2558 223 NA NA NA NA NA 
1735941600.0 136.874 NA 234 612 0 NA NA NA NA NA NA 312 833 0 NA NA NA NA NA NA 261 5160 115 NA NA NA NA NA NA 372 2045 127 NA NA NA NA NA 
1735941600.0 136.875 NA 233 605 0 NA NA NA NA NA NA 310 846 0 NA NA NA NA NA NA 350 6662 171 NA NA NA NA NA NA 425 2674 187 NA NA NA NA NA 
1735941600.0 136.876 NA 234 560 0 NA NA NA NA NA NA 309 850 0 NA NA NA NA NA NA 273 6257 111 NA NA NA NA NA NA 355 2362 122 NA NA NA NA NA 
1735941600.0 136.877 NA 234 539 0 NA NA NA NA NA NA 310 776 0 NA NA NA NA NA NA 263 5211 113 NA NA NA NA NA NA 343 2069 128 NA NA NA NA NA 
1735941600.0 136.878 NA 233 501 0 NA NA NA NA NA NA 325 738 0 NA NA NA NA NA NA 371 6411 120 NA NA NA NA NA NA 381 2502 134 NA NA NA NA NA 
1735941600.0 136.882 NA 239 568 0 NA NA NA NA NA NA 320 775 0 NA NA NA NA NA NA 241 1634 130 NA NA NA NA NA NA 219 1129 162 NA NA NA NA NA 
1735941600.0 136.885 NA 232 608 0 NA NA NA NA NA NA 305 809 0 NA NA NA NA NA NA 363 6358 232 NA NA NA NA NA NA 436 2729 249 NA NA NA NA NA 
1735941600.0 136.8855 NA 231 179 0 NA NA NA NA NA NA 310 326 0 NA NA NA NA NA NA 408 532 90 NA NA NA NA NA NA 591 930 121 NA NA NA NA NA 
1735941600.0 136.8861 NA 242 557 0 NA NA NA NA NA NA 337 796 0 NA NA NA NA NA NA 289 4527 127 NA NA NA NA NA NA 379 1983 142 NA NA NA NA NA 
1735941600.0 136.8862 NA 237 557 0 NA NA NA NA NA NA 325 767 0 NA NA NA NA NA NA 260 5409 114 NA NA NA NA NA NA 306 2057 127 NA NA NA NA NA 
1735941600.0 136.888 NA 233 574 0 NA NA NA NA NA NA 319 781 0 NA NA NA NA NA NA 265 5996 113 NA NA NA NA NA NA 327 2236 137 NA NA NA NA NA 
1735941600.0 136.8885 NA 235 180 0 NA NA NA NA NA NA 325 324 0 NA NA NA NA NA NA 323 496 85 NA NA NA NA NA NA 334 698 105 NA NA NA NA NA 
1735941600.0 136.889 NA 232 553 0 NA NA NA NA NA NA 320 795 0 NA NA NA NA NA NA 264 5577 112 NA NA NA NA NA NA 340 2103 125 NA NA NA NA NA 
1735941600.0 136.89 NA 233 507 0 NA NA NA NA NA NA 315 765 0 NA NA NA NA NA NA 358 6139 138 NA NA NA NA NA NA 418 2442 153 NA NA NA NA NA 
1735941600.0 136.891 NA 233 691 0 NA NA NA NA NA NA 309 953 0 NA NA NA NA NA NA 358 6275 183 NA NA NA NA NA NA 396 2512 201 NA NA NA NA NA 
1735941600.0 136.892 NA 234 691 0 NA NA NA NA NA NA 313 909 0 NA NA NA NA NA NA 255 4709 156 NA NA NA NA NA NA 296 1978 168 NA NA NA NA NA 
1735941600.0 136.893 NA 234 512 0 NA NA NA NA NA NA 310 736 0 NA NA NA NA NA NA 346 5829 137 NA NA NA NA NA NA 478 2360 151 NA NA NA NA NA 
1735941600.0 136.895 NA 233 508 0 NA NA NA NA NA NA 326 751 0 NA NA NA NA NA NA 267 6080 105 NA NA NA NA NA NA 323 2461 135 NA NA NA NA NA 
1735941600.0 136.897 NA 340 132 0 NA NA NA NA NA NA 515 207 0 NA NA NA NA NA NA 484 105 107 NA NA NA NA NA NA 355 141 125 NA NA NA NA NA 
1735941600.0 136.899 NA 356 173 0 NA NA NA NA NA NA 535 289 0 NA NA NA NA NA NA 582 118 107 NA NA NA NA NA NA 377 161 123 NA NA NA NA NA 
1735941600.0 136.901 NA 272 258 271 171 260 269 NA NA NA 423 387 360 240 397 395 NA NA NA 4207 902 751 325 453 631 NA NA NA 5357 1361 1057 476 736 922 NA NA 
1735941600.0 136.902 NA 278 254 262 170 258 269 NA NA NA 406 389 361 240 397 384 NA NA NA 3712 862 853 331 426 668 NA NA NA 4668 1376 1243 480 635 1037 NA NA 
1735941600.0 136.903 NA 307 299 340 179 299 288 NA NA NA 490 430 446 248 443 416 NA NA NA 5425 2699 2433 583 804 980 NA NA NA 7347 3932 3152 712 1117 1329 NA NA 
1735941600.0 136.904 NA 310 291 322 176 295 287 NA NA NA 490 430 439 244 443 417 NA NA NA 5045 1727 1586 426 611 848 NA NA NA 6831 2719 2196 534 906 1147 NA NA 
1735941600.0 1360.0 147 266 485 0 NA NA NA NA NA 223 357 644 0 NA NA NA NA NA 1304 231 793 150 NA NA NA NA NA 587 248 784 162 NA NA NA NA NA 
1735941600.0 1361.0 153 266 477 0 NA NA NA NA NA 232 357 665 0 NA NA NA NA NA 3836 320 1185 188 NA NA NA NA NA 1687 294 1187 205 NA NA NA NA NA 
1735941600.0 1361.18 140 330 550 0 185 NA NA NA NA 206 425 775 0 278 NA NA NA NA 3363 892 884 191 197 NA NA NA NA 1438 407 823 203 224 NA NA NA NA 
1735941600.0 1361.181 137 330 550 0 185 NA NA NA NA 205 406 761 0 280 NA NA NA NA 3300 919 887 193 201 NA NA NA NA 1272 427 816 203 226 NA NA NA NA 
1735941600.0 1362.0 153 270 482 0 NA NA NA NA NA 230 350 631 0 NA NA NA NA NA 4248 265 832 154 NA NA NA NA NA 1822 240 774 170 NA NA NA NA NA 
1735941600.0 1362.18 138 330 551 0 184 NA NA NA NA 208 420 762 0 283 NA NA NA NA 4295 918 897 193 200 NA NA NA NA 1463 422 831 208 230 NA NA NA NA 
1735941600.0 1363.0 160 267 474 0 NA NA NA NA NA 240 371 639 0 NA NA NA NA NA 4460 359 1167 180 NA NA NA NA NA 1723 390 1094 197 NA NA NA NA NA 
1735941600.0 1364.0 NA 269 470 0 NA NA NA NA NA NA 376 645 0 NA NA NA NA NA NA 260 795 148 NA NA NA NA NA NA 258 892 163 NA NA NA NA NA 
1735941600.0 1365.0 NA 272 473 0 NA NA NA NA NA NA 367 631 0 NA NA NA NA NA NA 359 1198 226 NA NA NA NA NA NA 423 1499 282 NA NA NA NA NA 
1735941600.0 1366.0 NA 272 469 0 NA NA NA NA NA NA 372 627 0 NA NA NA NA NA NA 259 787 151 NA NA NA NA NA NA 257 763 172 NA NA NA NA NA 
1735941600.0 137.8 NA 240 591 NA 240 540 0 NA NA NA 321 839 NA 330 824 0 NA NA NA 344 7319 NA 349 6958 218 NA NA NA 366 3021 NA 373 3036 245 NA NA 
1735941600.0 1370.0 67 160 266 478 0 183 NA NA NA 98 238 356 633 0 284 NA NA NA 21 953 266 823 149 193 NA NA NA 54 456 240 776 159 210 NA NA NA 
1735941600.0 138.1 NA 350 158 0 NA NA NA NA NA NA 531 258 0 NA NA NA NA NA NA 500 117 108 NA NA NA NA NA NA 338 147 129 NA NA NA NA NA 
1735941600.0 138.2 NA 352 159 0 NA NA NA NA NA NA 534 252 0 NA NA NA NA NA NA 496 116 108 NA NA NA NA NA NA 332 137 129 NA NA NA NA NA 
1735941600.0 138.3 NA 75 539 0 NA NA NA NA NA NA 126 752 0 NA NA NA NA NA NA 39 22257 192 NA NA NA NA NA NA 196 12462 256 NA NA NA NA NA 
1735941600.0 138.4 NA 431 0 NA NA NA NA NA NA NA 641 0 NA NA NA NA NA NA NA 642 143 NA NA NA NA NA NA NA 559 161 NA NA NA NA NA NA 
1735941600.0 138.5 NA 471 221 0 NA NA NA NA NA NA 668 340 0 NA NA NA NA NA NA 1040 169 146 NA NA NA NA NA NA 836 189 162 NA NA NA NA NA 
1735941600.0 139.001 NA 238 496 0 NA NA NA NA NA NA 323 716 0 NA NA NA NA NA NA 226 1367 111 NA NA NA NA NA NA 179 1402 127 NA NA NA NA NA 
1735941600.0 139.002 NA 234 580 0 NA NA NA NA NA NA 319 759 0 NA NA NA NA NA NA 224 1476 151 NA NA NA NA NA NA 190 1315 162 NA NA NA NA NA 
1735941600.0 139.003 NA 239 384 0 NA NA NA NA NA NA 323 579 0 NA NA NA NA NA NA 342 1602 93 NA NA NA NA NA NA 407 1723 111 NA NA NA NA NA 
1735941600.0 139.004 NA 238 506 0 NA NA NA NA NA NA 316 716 0 NA NA NA NA NA NA 305 1781 182 NA NA NA NA NA NA 245 1501 210 NA NA NA NA NA 
1735941600.0 139901.0 NA 271 477 0 NA NA NA NA NA NA 372 636 0 NA NA NA NA NA NA 267 826 151 NA NA NA NA NA NA 275 948 171 NA NA NA NA NA 
1735941600.0 139902.0 NA 277 482 0 NA NA NA NA NA NA 374 630 0 NA NA NA NA NA NA 269 842 154 NA NA NA NA NA NA 261 788 167 NA NA NA NA NA 
1735941600.0 13992501.0 NA 465 707 0 NA NA NA NA NA NA 610 898 0 NA NA NA NA NA NA 932 1375 163 NA NA NA NA NA NA 585 1121 187 NA NA NA NA NA 
1735941600.0 13992502.0 NA 461 733 0 NA NA NA NA NA NA 618 971 0 NA NA NA NA NA NA 945 1469 162 NA NA NA NA NA NA 645 1068 177 NA NA NA NA NA 
1735941600.0 140.001 NA 236 552 0 NA NA NA NA NA NA 325 768 0 NA NA NA NA NA NA 376 1771 188 NA NA NA NA NA NA 324 1705 204 NA NA NA NA NA 
1735941600.0 140.002 NA 240 565 0 NA NA NA NA NA NA 335 762 0 NA NA NA NA NA NA 268 1468 129 NA NA NA NA NA NA 251 992 141 NA NA NA NA NA 
1735941600.0 140.003 NA 234 570 0 NA NA NA NA NA NA 322 783 0 NA NA NA NA NA NA 234 1106 126 NA NA NA NA NA NA 210 938 142 NA NA NA NA NA 
1735941600.0 140.004 NA 0 0 0 NA NA NA NA NA NA 0 0 0 NA NA NA NA NA NA 151 1060 216 NA NA NA NA NA NA 174 1221 237 NA NA NA NA NA 
1735941600.0 140.005 NA 236 559 0 NA NA NA NA NA NA 327 738 0 NA NA NA NA NA NA 235 1213 126 NA NA NA NA NA NA 228 953 138 NA NA NA NA NA 
1735941600.0 140.006 NA 0 0 0 NA NA NA NA NA NA 0 0 0 NA NA NA NA NA NA 151 1076 217 NA NA NA NA NA NA 173 1120 241 NA NA NA NA NA 
1735941600.0 140.007 NA 225 556 0 NA NA NA NA NA NA 302 784 0 NA NA NA NA NA NA 182 1302 218 NA NA NA NA NA NA 166 1326 229 NA NA NA NA NA 
1735941600.0 140.008 NA 211 543 0 NA NA NA NA NA NA 289 772 0 NA NA NA NA NA NA 194 1544 231 NA NA NA NA NA NA 220 1594 244 NA NA NA NA NA 
1735941600.0 140.009 NA 0 0 0 NA NA NA NA NA NA 0 0 0 NA NA NA NA NA NA 149 1083 221 NA NA NA NA NA NA 156 1139 244 NA NA NA NA NA 
1735941600.0 140.01 NA 241 566 0 NA NA NA NA NA NA 331 775 0 NA NA NA NA NA NA 290 1664 144 NA NA NA NA NA NA 253 1062 160 NA NA NA NA NA 
1735941600.0 140.011 NA 0 0 0 NA NA NA NA NA NA 0 0 0 NA NA NA NA NA NA 152 1046 218 NA NA NA NA NA NA 164 1042 236 NA NA NA NA NA 
1735941600.0 140.021 NA 0 0 0 NA NA NA NA NA NA 0 0 0 NA NA NA NA NA NA 190 1474 234 NA NA NA NA NA NA 195 1613 250 NA NA NA NA NA 
1735941600.0 140.022 NA 235 630 0 NA NA NA NA NA NA 329 831 0 NA NA NA NA NA NA 310 4304 136 NA NA NA NA NA NA 293 1720 147 NA NA NA NA NA 
1735941600.0 140.026 NA 233 640 0 NA NA NA NA NA NA 325 952 0 NA NA NA NA NA NA 424 7153 185 NA NA NA NA NA NA 424 3039 203 NA NA NA NA NA 
1735941600.0 140.03 NA 236 638 0 NA NA NA NA NA NA 320 867 0 NA NA NA NA NA NA 308 4305 137 NA NA NA NA NA NA 311 1702 151 NA NA NA NA NA 
1735941600.0 140.042 NA 235 641 0 NA NA NA NA NA NA 318 863 0 NA NA NA NA NA NA 407 7025 202 NA NA NA NA NA NA 352 2622 221 NA NA NA NA NA 
1735941600.0 140.043 NA 235 643 0 NA NA NA NA NA NA 314 844 0 NA NA NA NA NA NA 286 3305 138 NA NA NA NA NA NA 304 1421 153 NA NA NA NA NA 
1735941600.0 140.044 NA 236 651 0 NA NA NA NA NA NA 315 880 0 NA NA NA NA NA NA 404 7068 171 NA NA NA NA NA NA 402 2703 208 NA NA NA NA NA 
1735941600.0 140.045 NA 235 661 0 NA NA NA NA NA NA 305 930 0 NA NA NA NA NA NA 342 6510 136 NA NA NA NA NA NA 284 2359 148 NA NA NA NA NA 
1735941600.0 140.046 NA 234 651 0 NA NA NA NA NA NA 316 921 0 NA NA NA NA NA NA 451 8470 159 NA NA NA NA NA NA 467 3053 179 NA NA NA NA NA 
1735941600.0 140.047 NA 235 643 0 NA NA NA NA NA NA 334 890 0 NA NA NA NA NA NA 332 6307 137 NA NA NA NA NA NA 287 2445 148 NA NA NA NA NA 
1735941600.0 140.048 NA 233 642 0 NA NA NA NA NA NA 316 875 0 NA NA NA NA NA NA 421 7214 162 NA NA NA NA NA NA 428 3088 181 NA NA NA NA NA 
1735941600.0 140.049 NA 235 642 0 NA NA NA NA NA NA 324 874 0 NA NA NA NA NA NA 450 6938 178 NA NA NA NA NA NA 400 2771 196 NA NA NA NA NA 
1735941600.0 140.051 NA 237 635 0 NA NA NA NA NA NA 319 892 0 NA NA NA NA NA NA 429 7508 178 NA NA NA NA NA NA 324 2803 194 NA NA NA NA NA 
1735941600.0 140.062 NA 234 647 0 NA NA NA NA NA NA 313 893 0 NA NA NA NA NA NA 361 6451 136 NA NA NA NA NA NA 378 2428 151 NA NA NA NA NA 
1735941600.0 140.063 NA 234 647 0 NA NA NA NA NA NA 324 876 0 NA NA NA NA NA NA 303 4177 137 NA NA NA NA NA NA 303 1693 150 NA NA NA NA NA 
1735941600.0 140.064 NA 232 656 0 NA NA NA NA NA NA 313 943 0 NA NA NA NA NA NA 377 6786 137 NA NA NA NA NA NA 365 2517 151 NA NA NA NA NA 
1735941600.0 140.065 NA 232 652 0 NA NA NA NA NA NA 318 895 0 NA NA NA NA NA NA 375 7077 134 NA NA NA NA NA NA 360 2558 165 NA NA NA NA NA 
1735941600.0 140.066 NA 234 670 0 NA NA NA NA NA NA 333 950 0 NA NA NA NA NA NA 366 8306 138 NA NA NA NA NA NA 276 2995 151 NA NA NA NA NA 
1735941600.0 140.067 NA 233 647 0 NA NA NA NA NA NA 319 916 0 NA NA NA NA NA NA 518 8442 157 NA NA NA NA NA NA 524 3257 178 NA NA NA NA NA 
1735941600.0 140.068 NA 231 668 0 NA NA NA NA NA NA 315 917 0 NA NA NA NA NA NA 352 6596 138 NA NA NA NA NA NA 371 2564 149 NA NA NA NA NA 
1735941600.0 140.069 NA 235 653 0 NA NA NA NA NA NA 328 927 0 NA NA NA NA NA NA 355 6383 135 NA NA NA NA NA NA 288 2356 147 NA NA NA NA NA 
1735941600.0 140.071 NA 237 620 0 NA NA NA NA NA NA 318 861 0 NA NA NA NA NA NA 310 4006 134 NA NA NA NA NA NA 293 1600 146 NA NA NA NA NA 
1735941600.0 140.076 NA 237 624 0 NA NA NA NA NA NA 323 825 0 NA NA NA NA NA NA 299 4136 134 NA NA NA NA NA NA 297 1709 145 NA NA NA NA NA 
1735941600.0 140.077 NA 234 620 0 NA NA NA NA NA NA 330 833 0 NA NA NA NA NA NA 297 3939 134 NA NA NA NA NA NA 316 1616 145 NA NA NA NA NA 
1735941600.0 140.078 NA 236 620 0 NA NA NA NA NA NA 321 818 0 NA NA NA NA NA NA 312 4223 136 NA NA NA NA NA NA 269 1677 150 NA NA NA NA NA 
1735941600.0 140.102 NA 232 659 0 NA NA NA NA NA NA 313 959 0 NA NA NA NA NA NA 366 6644 138 NA NA NA NA NA NA 331 2508 153 NA NA NA NA NA 
1735941600.0 140.103 NA 233 665 0 NA NA NA NA NA NA 309 956 0 NA NA NA NA NA NA 439 8788 165 NA NA NA NA NA NA 443 3463 184 NA NA NA NA NA 
1735941600.0 140.105 NA 233 690 0 NA NA NA NA NA NA 313 988 0 NA NA NA NA NA NA 344 6573 136 NA NA NA NA NA NA 284 2673 149 NA NA NA NA NA 
1735941600.0 140.106 NA 235 670 0 NA NA NA NA NA NA 316 929 0 NA NA NA NA NA NA 347 6455 140 NA NA NA NA NA NA 323 2665 157 NA NA NA NA NA 
1735941600.0 140.107 NA 234 639 0 NA NA NA NA NA NA 319 986 0 NA NA NA NA NA NA 474 7979 160 NA NA NA NA NA NA 390 3181 182 NA NA NA NA NA 
1735941600.0 140.108 NA 234 652 0 NA NA NA NA NA NA 325 915 0 NA NA NA NA NA NA 359 6220 137 NA NA NA NA NA NA 331 2326 154 NA NA NA NA NA 
1735941600.0 140.109 NA 238 645 0 NA NA NA NA NA NA 316 891 0 NA NA NA NA NA NA 284 2898 132 NA NA NA NA NA NA 216 1419 144 NA NA NA NA NA 
1735941600.0 140.11 NA 234 647 0 NA NA NA NA NA NA 323 912 0 NA NA NA NA NA NA 369 5823 138 NA NA NA NA NA NA 299 2226 152 NA NA NA NA NA 
1735941600.0 140.111 NA 233 647 0 NA NA NA NA NA NA 319 934 0 NA NA NA NA NA NA 358 6224 134 NA NA NA NA NA NA 391 2429 149 NA NA NA NA NA 
1735941600.0 140.112 NA 233 652 0 NA NA NA NA NA NA 318 934 0 NA NA NA NA NA NA 359 6382 136 NA NA NA NA NA NA 309 2391 149 NA NA NA NA NA 
1735941600.0 140.113 NA 0 0 0 NA NA NA NA NA NA 0 0 0 NA NA NA NA NA NA 239 1387 544 NA NA NA NA NA NA 250 1611 629 NA NA NA NA NA 
1735941600.0 140.56 NA 912 0 NA NA NA NA NA NA NA 1351 0 NA NA NA NA NA NA NA 6633 185 NA NA NA NA NA NA NA 3329 205 NA NA NA NA NA NA 
1735941600.0 140.5611 NA 259 0 NA NA NA NA NA NA NA 376 0 NA NA NA NA NA NA NA 1503 88 NA NA NA NA NA NA NA 855 104 NA NA NA NA NA NA 
1735941600.0 140.57 NA 552 0 NA NA NA NA NA NA NA 817 0 NA NA NA NA NA NA NA 1668 180 NA NA NA NA NA NA NA 1574 199 NA NA NA NA NA NA 
1735941600.0 140.6 NA 100 435 0 NA NA NA NA NA NA 146 635 0 NA NA NA NA NA NA 45 383 119 NA NA NA NA NA NA 69 336 137 NA NA NA NA NA 
1735941600.0 140.61 NA 449 0 NA NA NA NA NA NA NA 646 0 NA NA NA NA NA NA NA 1130 189 NA NA NA NA NA NA NA 926 260 NA NA NA NA NA NA 
1735941600.0 14034.0 NA 654 0 NA NA NA NA NA NA NA 867 0 NA NA NA NA NA NA NA 3106 176 NA NA NA NA NA NA NA 1450 203 NA NA NA NA NA NA 
1735941600.0 141.001 NA 236 648 0 NA NA NA NA NA NA 322 904 0 NA NA NA NA NA NA 344 6432 135 NA NA NA NA NA NA 296 2402 147 NA NA NA NA NA 
1735941600.0 141.002 NA 234 650 0 NA NA NA NA NA NA 320 874 0 NA NA NA NA NA NA 286 3486 138 NA NA NA NA NA NA 343 1494 153 NA NA NA NA NA 
1735941600.0 141.003 NA 233 651 0 NA NA NA NA NA NA 318 906 0 NA NA NA NA NA NA 339 6181 137 NA NA NA NA NA NA 272 2446 157 NA NA NA NA NA 
1735941600.0 141.004 NA 231 602 0 NA NA NA NA NA NA 324 839 0 NA NA NA NA NA NA 397 2702 189 NA NA NA NA NA NA 443 1756 205 NA NA NA NA NA 
1735941600.0 141.008 NA 234 659 0 NA NA NA NA NA NA 330 905 0 NA NA NA NA NA NA 348 7380 135 NA NA NA NA NA NA 268 2609 146 NA NA NA NA NA 
1735941600.0 141.008505 NA 232 194 0 NA NA NA NA NA NA 318 330 0 NA NA NA NA NA NA 521 717 108 NA NA NA NA NA NA 373 560 363 NA NA NA NA NA 
1735941600.0 141.008511 NA 232 162 0 NA NA NA NA NA NA 315 255 0 NA NA NA NA NA NA 351 320 65 NA NA NA NA NA NA 262 384 79 NA NA NA NA NA 
1735941600.0 141.008521 NA 233 168 0 NA NA NA NA NA NA 316 243 0 NA NA NA NA NA NA 353 317 63 NA NA NA NA NA NA 248 322 77 NA NA NA NA NA 
1735941600.0 141.009 NA 0 0 0 NA NA NA NA NA NA 0 0 0 NA NA NA NA NA NA 162 1610 361 NA NA NA NA NA NA 213 2020 375 NA NA NA NA NA 
1735941600.0 141.01 NA 231 653 0 NA NA NA NA NA NA 315 917 0 NA NA NA NA NA NA 423 8587 159 NA NA NA NA NA NA 357 3283 176 NA NA NA NA NA 
1735941600.0 141.011 NA 233 653 0 NA NA NA NA NA NA 316 901 0 NA NA NA NA NA NA 315 6191 139 NA NA NA NA NA NA 323 2222 161 NA NA NA NA NA 
1735941600.0 141.012 NA 234 627 0 NA NA NA NA NA NA 327 840 0 NA NA NA NA NA NA 302 4319 134 NA NA NA NA NA NA 319 1709 148 NA NA NA NA NA 
1735941600.0 141.013 NA 233 654 0 NA NA NA NA NA NA 329 916 0 NA NA NA NA NA NA 337 6284 136 NA NA NA NA NA NA 321 2446 151 NA NA NA NA NA 
1735941600.0 141.031 NA 234 656 0 NA NA NA NA NA NA 319 931 0 NA NA NA NA NA NA 448 8471 152 NA NA NA NA NA NA 354 3124 172 NA NA NA NA NA 
1735941600.0 141.033 NA 232 652 0 NA NA NA NA NA NA 324 925 0 NA NA NA NA NA NA 358 7489 136 NA NA NA NA NA NA 354 2647 147 NA NA NA NA NA 
1735941600.0 141.034 NA 232 660 0 NA NA NA NA NA NA 325 942 0 NA NA NA NA NA NA 427 9508 166 NA NA NA NA NA NA 348 3485 180 NA NA NA NA NA 
1735941600.0 141.037 NA 233 656 0 NA NA NA NA NA NA 325 901 0 NA NA NA NA NA NA 341 6386 138 NA NA NA NA NA NA 335 2351 151 NA NA NA NA NA 
1735941600.0 141.038 NA 232 659 0 NA NA NA NA NA NA 327 928 0 NA NA NA NA NA NA 364 7140 138 NA NA NA NA NA NA 471 2741 153 NA NA NA NA NA 
1735941600.0 141.039 NA 234 660 0 NA NA NA NA NA NA 318 909 0 NA NA NA NA NA NA 462 8527 188 NA NA NA NA NA NA 360 3262 206 NA NA NA NA NA 
1735941600.0 141.041 NA 225 647 0 NA NA NA NA NA NA 329 957 0 NA NA NA NA NA NA 536 13527 191 NA NA NA NA NA NA 565 4453 209 NA NA NA NA NA 
1735941600.0 141.042 NA 234 676 0 NA NA NA NA NA NA 326 960 0 NA NA NA NA NA NA 399 6900 167 NA NA NA NA NA NA 383 2706 183 NA NA NA NA NA 
1735941600.0 141.043 NA 233 687 0 NA NA NA NA NA NA 324 971 0 NA NA NA NA NA NA 571 15031 230 NA NA NA NA NA NA 384 4968 303 NA NA NA NA NA 
1735941600.0 141.044 NA 234 668 0 NA NA NA NA NA NA 315 988 0 NA NA NA NA NA NA 509 13988 201 NA NA NA NA NA NA 372 4562 217 NA NA NA NA NA 
1735941600.0 141.045 NA 234 715 0 NA NA NA NA NA NA 325 989 0 NA NA NA NA NA NA 377 12196 135 NA NA NA NA NA NA 264 3872 151 NA NA NA NA NA 
1735941600.0 141.046 NA 232 669 0 NA NA NA NA NA NA 322 948 0 NA NA NA NA NA NA 366 9065 136 NA NA NA NA NA NA 370 3050 152 NA NA NA NA NA 
1735941600.0 141.047 NA 233 680 0 NA NA NA NA NA NA 307 958 0 NA NA NA NA NA NA 492 14697 214 NA NA NA NA NA NA 334 4921 231 NA NA NA NA NA 
1735941600.0 141.048 NA 225 651 0 NA NA NA NA NA NA 316 946 0 NA NA NA NA NA NA 547 14167 194 NA NA NA NA NA NA 604 4760 211 NA NA NA NA NA 
1735941600.0 141.049 NA 235 651 0 NA NA NA NA NA NA 327 892 0 NA NA NA NA NA NA 375 7119 139 NA NA NA NA NA NA 353 2582 188 NA NA NA NA NA 
1735941600.0 141.101 NA 236 725 0 NA NA NA NA NA NA 321 952 0 NA NA NA NA NA NA 299 4939 137 NA NA NA NA NA NA 330 2259 148 NA NA NA NA NA 
1735941600.0 141.103 NA 235 751 0 NA NA NA NA NA NA 329 1047 0 NA NA NA NA NA NA 484 12062 211 NA NA NA NA NA NA 356 4743 246 NA NA NA NA NA 
1735941600.0 141.104 NA 232 733 0 NA NA NA NA NA NA 313 1036 0 NA NA NA NA NA NA 354 8088 142 NA NA NA NA NA NA 318 3190 160 NA NA NA NA NA 
1735941600.0 141.105 NA 239 650 0 NA NA NA NA NA NA 321 921 0 NA NA NA NA NA NA 300 3597 165 NA NA NA NA NA NA 390 2762 182 NA NA NA NA NA 
1735941600.0 141.106 NA 235 695 0 NA NA NA NA NA NA 327 998 0 NA NA NA NA NA NA 324 6707 145 NA NA NA NA NA NA 287 2867 161 NA NA NA NA NA 
1735941600.0 141.109 NA 243 717 0 NA NA NA NA NA NA 344 973 0 NA NA NA NA NA NA 329 5624 159 NA NA NA NA NA NA 405 2701 171 NA NA NA NA NA 
1735941600.0 141.11 NA 225 712 0 NA NA NA NA NA NA 317 969 0 NA NA NA NA NA NA 533 11881 208 NA NA NA NA NA NA 501 4685 226 NA NA NA NA NA 
1735941600.0 141.113 NA 0 0 0 NA NA NA NA NA NA 0 0 0 NA NA NA NA NA NA 213 782 313 NA NA NA NA NA NA 535 973 334 NA NA NA NA NA 
1735941600.0 141.901 NA 498 0 NA NA NA NA NA NA NA 719 0 NA NA NA NA NA NA NA 4123 176 NA NA NA NA NA NA NA 1458 199 NA NA NA NA NA NA 
1735941600.0 141.902 NA 438 0 NA NA NA NA NA NA NA 629 0 NA NA NA NA NA NA NA 3362 182 NA NA NA NA NA NA NA 1245 207 NA NA NA NA NA NA 
1735941600.0 142.0 NA 534 874 0 NA NA NA NA NA NA 824 1433 0 NA NA NA NA NA NA 1470 10316 147 NA NA NA NA NA NA 545 3477 165 NA NA NA NA NA 
1735941600.0 142.901 NA 443 0 NA NA NA NA NA NA NA 643 0 NA NA NA NA NA NA NA 4122 167 NA NA NA NA NA NA NA 1453 190 NA NA NA NA NA NA 
1735941600.0 142.902 NA 437 0 NA NA NA NA NA NA NA 635 0 NA NA NA NA NA NA NA 3927 174 NA NA NA NA NA NA NA 1400 194 NA NA NA NA NA NA 
1735941600.0 142.903 NA 370 0 NA NA NA NA NA NA NA 534 0 NA NA NA NA NA NA NA 1251 159 NA NA NA NA NA NA NA 734 223 NA NA NA NA NA NA 
1735941600.0 14234.0 NA 840 0 NA NA NA NA NA NA NA 1122 0 NA NA NA NA NA NA NA 2337 124 NA NA NA NA NA NA NA 1144 140 NA NA NA NA NA NA 
1735941600.0 143.201 135 365 597 0 NA NA NA NA NA 177 581 811 0 NA NA NA NA NA 815 425 1461 225 NA NA NA NA NA 1161 416 1448 239 NA NA NA NA NA 
1735941600.0 143.202 127 326 153 564 0 NA NA NA NA 185 457 204 773 0 NA NA NA NA 528 379 222 1340 224 NA NA NA NA 626 450 285 1392 242 NA NA NA NA 
1735941600.0 143.901 NA 443 0 NA NA NA NA NA NA NA 632 0 NA NA NA NA NA NA NA 4404 190 NA NA NA NA NA NA NA 1556 210 NA NA NA NA NA NA 
1735941600.0 143.902 NA 437 0 NA NA NA NA NA NA NA 652 0 NA NA NA NA NA NA NA 3846 176 NA NA NA NA NA NA NA 1406 216 NA NA NA NA NA NA 
1735941600.0 143.911 NA 443 0 NA NA NA NA NA NA NA 637 0 NA NA NA NA NA NA NA 4319 199 NA NA NA NA NA NA NA 1497 222 NA NA NA NA NA NA 
1735941600.0 144.6 NA 401 NA NA NA NA NA NA NA NA 539 NA NA NA NA NA NA NA NA 1720 NA NA NA NA NA NA NA NA 1969 NA NA NA NA NA NA NA 
1735941600.0 145.007 NA 439 657 0 NA NA NA NA NA NA 588 921 0 NA NA NA NA NA NA 651 2302 162 NA NA NA NA NA NA 666 2039 188 NA NA NA NA NA 
1735941600.0 145.009 NA 466 694 0 NA NA NA NA NA NA 696 1004 0 NA NA NA NA NA NA 2172 11786 202 NA NA NA NA NA NA 1186 4358 218 NA NA NA NA NA 
1735941600.0 145.01 NA 465 693 0 NA NA NA NA NA NA 711 963 0 NA NA NA NA NA NA 2381 12384 269 NA NA NA NA NA NA 1288 4879 380 NA NA NA NA NA 
1735941600.0 145.014 NA 445 718 0 NA NA NA NA NA NA 608 940 0 NA NA NA NA NA NA 1123 5440 214 NA NA NA NA NA NA 716 2582 230 NA NA NA NA NA 
1735941600.0 145.1 NA 438 708 0 NA NA NA NA NA NA 689 986 0 NA NA NA NA NA NA 2114 11083 289 NA NA NA NA NA NA 1334 4404 496 NA NA NA NA NA 
1735941600.0 145.107 NA 449 711 0 NA NA NA NA NA NA 598 972 0 NA NA NA NA NA NA 917 4020 165 NA NA NA NA NA NA 640 2342 187 NA NA NA NA NA 
1735941600.0 145.108 NA 422 697 0 NA NA NA NA NA NA 626 944 0 NA NA NA NA NA NA 2222 9958 193 NA NA NA NA NA NA 1243 4051 216 NA NA NA NA NA 
1735941600.0 145.109 NA 480 722 0 NA NA NA NA NA NA 677 994 0 NA NA NA NA NA NA 1533 8409 173 NA NA NA NA NA NA 668 3187 188 NA NA NA NA NA 
1735941600.0 145.11 NA 446 709 0 NA NA NA NA NA NA 678 952 0 NA NA NA NA NA NA 2252 12063 247 NA NA NA NA NA NA 1339 5034 328 NA NA NA NA NA 
1735941600.0 145.111 NA 420 698 0 NA NA NA NA NA NA 621 961 0 NA NA NA NA NA NA 1896 9633 265 NA NA NA NA NA NA 1167 4303 430 NA NA NA NA NA 
1735941600.0 145.112 NA 437 694 0 NA NA NA NA NA NA 678 969 0 NA NA NA NA NA NA 2013 10674 290 NA NA NA NA NA NA 1235 4580 520 NA NA NA NA NA 
1735941600.0 145.113 NA 436 687 0 NA NA NA NA NA NA 684 948 0 NA NA NA NA NA NA 2078 10589 272 NA NA NA NA NA NA 1282 4536 371 NA NA NA NA NA 
1735941600.0 145.114 NA 442 713 0 NA NA NA NA NA NA 617 951 0 NA NA NA NA NA NA 1043 4576 164 NA NA NA NA NA NA 667 2220 176 NA NA NA NA NA 
1735941600.0 145.2 NA 440 715 0 NA NA NA NA NA NA 699 997 0 NA NA NA NA NA NA 2127 12341 263 NA NA NA NA NA NA 1335 5026 510 NA NA NA NA NA 
1735941600.0 145.201 NA 474 722 0 NA NA NA NA NA NA 697 992 0 NA NA NA NA NA NA 1707 8890 169 NA NA NA NA NA NA 871 3263 185 NA NA NA NA NA 
1735941600.0 145.203 NA 459 704 0 NA NA NA NA NA NA 668 980 0 NA NA NA NA NA NA 2164 10755 273 NA NA NA NA NA NA 1158 4353 486 NA NA NA NA NA 
1735941600.0 145.204 NA 474 720 0 NA NA NA NA NA NA 709 979 0 NA NA NA NA NA NA 1519 8618 166 NA NA NA NA NA NA 673 3384 181 NA NA NA NA NA 
1735941600.0 145.206 NA 468 715 0 NA NA NA NA NA NA 670 989 0 NA NA NA NA NA NA 1565 7834 169 NA NA NA NA NA NA 681 2958 188 NA NA NA NA NA 
1735941600.0 145.207 NA 443 714 0 NA NA NA NA NA NA 619 965 0 NA NA NA NA NA NA 1139 5509 166 NA NA NA NA NA NA 817 2421 178 NA NA NA NA NA 
1735941600.0 145.209 NA 472 727 0 NA NA NA NA NA NA 694 1027 0 NA NA NA NA NA NA 1600 9323 170 NA NA NA NA NA NA 696 3333 193 NA NA NA NA NA 
1735941600.0 145.21 NA 476 716 0 NA NA NA NA NA NA 675 945 0 NA NA NA NA NA NA 1571 8324 169 NA NA NA NA NA NA 678 3191 192 NA NA NA NA NA 
1735941600.0 145.214 NA 447 731 0 NA NA NA NA NA NA 609 965 0 NA NA NA NA NA NA 1125 5747 167 NA NA NA NA NA NA 760 2499 184 NA NA NA NA NA 
1735941600.0 145.3 NA 439 699 0 NA NA NA NA NA NA 704 991 0 NA NA NA NA NA NA 2122 10999 286 NA NA NA NA NA NA 1360 5025 490 NA NA NA NA NA 
1735941600.0 145.302 NA 460 680 0 NA NA NA NA NA NA 634 963 0 NA NA NA NA NA NA 1910 10151 273 NA NA NA NA NA NA 905 4530 396 NA NA NA NA NA 
1735941600.0 145.304 NA 479 721 0 NA NA NA NA NA NA 688 1018 0 NA NA NA NA NA NA 1458 8359 168 NA NA NA NA NA NA 670 3306 194 NA NA NA NA NA 
1735941600.0 145.307 NA 439 701 0 NA NA NA NA NA NA 605 929 0 NA NA NA NA NA NA 995 4341 171 NA NA NA NA NA NA 622 2157 191 NA NA NA NA NA 
1735941600.0 145.314 NA 444 724 0 NA NA NA NA NA NA 600 952 0 NA NA NA NA NA NA 1126 5340 165 NA NA NA NA NA NA 779 2339 190 NA NA NA NA NA 
1735941600.0 145.4 NA 478 751 0 NA NA NA NA NA NA 722 1049 0 NA NA NA NA NA NA 1809 10348 167 NA NA NA NA NA NA 746 3662 181 NA NA NA NA NA 
1735941600.0 145.401 NA 486 744 0 NA NA NA NA NA NA 723 1050 0 NA NA NA NA NA NA 2641 16035 240 NA NA NA NA NA NA 1098 5830 278 NA NA NA NA NA 
1735941600.0 145.402 NA 478 747 0 NA NA NA NA NA NA 700 1015 0 NA NA NA NA NA NA 1656 9704 168 NA NA NA NA NA NA 882 3436 189 NA NA NA NA NA 
1735941600.0 145.403 NA 465 735 0 NA NA NA NA NA NA 653 988 0 NA NA NA NA NA NA 1708 9750 168 NA NA NA NA NA NA 1056 3636 220 NA NA NA NA NA 
1735941600.0 145.404 NA 474 784 0 NA NA NA NA NA NA 713 1041 0 NA NA NA NA NA NA 2403 16308 201 NA NA NA NA NA NA 1249 6615 219 NA NA NA NA NA 
1735941600.0 145.405 NA 473 741 0 NA NA NA NA NA NA 688 990 0 NA NA NA NA NA NA 1781 10063 172 NA NA NA NA NA NA 874 3524 254 NA NA NA NA NA 
1735941600.0 145.406 NA 491 738 0 NA NA NA NA NA NA 696 1005 0 NA NA NA NA NA NA 1824 10283 169 NA NA NA NA NA NA 761 3612 186 NA NA NA NA NA 
1735941600.0 145.407 NA 424 708 0 NA NA NA NA NA NA 625 983 0 NA NA NA NA NA NA 1891 11720 275 NA NA NA NA NA NA 1230 4897 501 NA NA NA NA NA 
1735941600.0 145.408 NA 465 730 0 NA NA NA NA NA NA 619 984 0 NA NA NA NA NA NA 1800 9825 168 NA NA NA NA NA NA 754 3452 188 NA NA NA NA NA 
1735941600.0 145.409 NA 485 752 0 NA NA NA NA NA NA 708 1049 0 NA NA NA NA NA NA 2695 17029 262 NA NA NA NA NA NA 1493 6962 282 NA NA NA NA NA 
1735941600.0 145.41 NA 491 738 0 NA NA NA NA NA NA 749 1027 0 NA NA NA NA NA NA 1818 10693 166 NA NA NA NA NA NA 1106 3815 183 NA NA NA NA NA 
1735941600.0 145.411 NA 465 726 0 NA NA NA NA NA NA 639 977 0 NA NA NA NA NA NA 1499 9035 169 NA NA NA NA NA NA 656 3475 186 NA NA NA NA NA 
1735941600.0 145.412 NA 477 737 0 NA NA NA NA NA NA 693 1039 0 NA NA NA NA NA NA 2287 14963 255 NA NA NA NA NA NA 1069 5149 274 NA NA NA NA NA 
1735941600.0 145.413 NA 494 736 0 NA NA NA NA NA NA 724 1001 0 NA NA NA NA NA NA 1642 9909 169 NA NA NA NA NA NA 724 3497 206 NA NA NA NA NA 
1735941600.0 145.5 NA 477 743 0 NA NA NA NA NA NA 748 1092 0 NA NA NA NA NA NA 2616 15112 267 NA NA NA NA NA NA 1248 5444 290 NA NA NA NA NA 
1735941600.0 145.501 NA 487 737 0 NA NA NA NA NA NA 743 1049 0 NA NA NA NA NA NA 2957 16419 236 NA NA NA NA NA NA 1459 6412 366 NA NA NA NA NA 
1735941600.0 145.502 NA 482 746 0 NA NA NA NA NA NA 688 1002 0 NA NA NA NA NA NA 1703 10072 170 NA NA NA NA NA NA 725 3518 196 NA NA NA NA NA 
1735941600.0 145.503 NA 469 726 0 NA NA NA NA NA NA 679 1024 0 NA NA NA NA NA NA 2650 13971 235 NA NA NA NA NA NA 1239 5196 300 NA NA NA NA NA 
1735941600.0 145.504 NA 480 744 0 NA NA NA NA NA NA 708 1043 0 NA NA NA NA NA NA 1692 10338 168 NA NA NA NA NA NA 721 3758 210 NA NA NA NA NA 
1735941600.0 145.505 NA 471 731 0 NA NA NA NA NA NA 695 963 0 NA NA NA NA NA NA 1738 9502 169 NA NA NA NA NA NA 713 3377 192 NA NA NA NA NA 
1735941600.0 145.506 NA 485 730 0 NA NA NA NA NA NA 712 1025 0 NA NA NA NA NA NA 2934 14130 222 NA NA NA NA NA NA 1451 5390 261 NA NA NA NA NA 
1735941600.0 145.508 NA 462 731 0 NA NA NA NA NA NA 618 989 0 NA NA NA NA NA NA 1794 9439 171 NA NA NA NA NA NA 739 3306 198 NA NA NA NA NA 
1735941600.0 145.509 NA 490 748 0 NA NA NA NA NA NA 725 1069 0 NA NA NA NA NA NA 2575 16054 250 NA NA NA NA NA NA 1279 6021 276 NA NA NA NA NA 
1735941600.0 145.51 NA 483 728 0 NA NA NA NA NA NA 720 992 0 NA NA NA NA NA NA 2824 15806 219 NA NA NA NA NA NA 1465 6284 238 NA NA NA NA NA 
1735941600.0 145.511 NA 461 731 0 NA NA NA NA NA NA 620 1002 0 NA NA NA NA NA NA 1594 9500 167 NA NA NA NA NA NA 698 3397 190 NA NA NA NA NA 
1735941600.0 145.512 NA 485 740 0 NA NA NA NA NA NA 703 992 0 NA NA NA NA NA NA 1638 10234 167 NA NA NA NA NA NA 698 3561 193 NA NA NA NA NA 
1735941600.0 145.513 NA 482 730 0 NA NA NA NA NA NA 697 1000 0 NA NA NA NA NA NA 1735 9966 169 NA NA NA NA NA NA 739 3478 192 NA NA NA NA NA 
1735941600.0 145.514 NA 455 739 0 NA NA NA NA NA NA 641 978 0 NA NA NA NA NA NA 1271 6656 169 NA NA NA NA NA NA 753 2877 238 NA NA NA NA NA 
1735941600.0 145.6 NA 480 741 0 NA NA NA NA NA NA 682 1026 0 NA NA NA NA NA NA 1774 10508 168 NA NA NA NA NA NA 738 3640 192 NA NA NA NA NA 
1735941600.0 145.601 NA 495 741 0 NA NA NA NA NA NA 705 1067 0 NA NA NA NA NA NA 2931 15224 236 NA NA NA NA NA NA 1467 5481 302 NA NA NA NA NA 
1735941600.0 145.602 NA 483 741 0 NA NA NA NA NA NA 714 1018 0 NA NA NA NA NA NA 1661 10165 167 NA NA NA NA NA NA 707 3593 188 NA NA NA NA NA 
1735941600.0 145.603 NA 466 724 0 NA NA NA NA NA NA 645 964 0 NA NA NA NA NA NA 1669 9268 172 NA NA NA NA NA NA 729 3310 196 NA NA NA NA NA 
1735941600.0 145.604 NA 474 737 0 NA NA NA NA NA NA 696 1023 0 NA NA NA NA NA NA 2565 15507 264 NA NA NA NA NA NA 1151 5840 368 NA NA NA NA NA 
1735941600.0 145.605 NA 474 727 0 NA NA NA NA NA NA 702 1029 0 NA NA NA NA NA NA 1749 9592 167 NA NA NA NA NA NA 728 3406 185 NA NA NA NA NA 
1735941600.0 145.606 NA 472 719 0 NA NA NA NA NA NA 701 990 0 NA NA NA NA NA NA 1740 9092 169 NA NA NA NA NA NA 736 3261 230 NA NA NA NA NA 
1735941600.0 145.608 NA 467 741 0 NA NA NA NA NA NA 636 1013 0 NA NA NA NA NA NA 1825 9734 171 NA NA NA NA NA NA 780 3447 236 NA NA NA NA NA 
1735941600.0 145.609 NA 482 735 0 NA NA NA NA NA NA 731 986 0 NA NA NA NA NA NA 1793 10321 167 NA NA NA NA NA NA 919 3589 183 NA NA NA NA NA 
1735941600.0 145.61 NA 489 738 0 NA NA NA NA NA NA 709 1051 0 NA NA NA NA NA NA 1933 10632 170 NA NA NA NA NA NA 1087 3681 205 NA NA NA NA NA 
1735941600.0 145.611 NA 460 721 0 NA NA NA NA NA NA 644 984 0 NA NA NA NA NA NA 1540 8761 167 NA NA NA NA NA NA 820 3193 192 NA NA NA NA NA 
1735941600.0 145.612 NA 484 736 0 NA NA NA NA NA NA 714 1029 0 NA NA NA NA NA NA 1658 10379 169 NA NA NA NA NA NA 806 3619 209 NA NA NA NA NA 
1735941600.0 145.613 NA 467 722 0 NA NA NA NA NA NA 712 980 0 NA NA NA NA NA NA 2383 14286 274 NA NA NA NA NA NA 1328 5064 291 NA NA NA NA NA 
1735941600.0 145.7 NA 476 731 0 NA NA NA NA NA NA 712 1044 0 NA NA NA NA NA NA 2713 15736 245 NA NA NA NA NA NA 1428 5720 267 NA NA NA NA NA 
1735941600.0 145.701 NA 488 752 0 NA NA NA NA NA NA 746 1027 0 NA NA NA NA NA NA 2840 16505 238 NA NA NA NA NA NA 1621 6281 304 NA NA NA NA NA 
1735941600.0 145.702 NA 476 731 0 NA NA NA NA NA NA 690 1019 0 NA NA NA NA NA NA 1674 10003 169 NA NA NA NA NA NA 803 3632 210 NA NA NA NA NA 
1735941600.0 145.703 NA 469 727 0 NA NA NA NA NA NA 659 1002 0 NA NA NA NA NA NA 2544 14802 218 NA NA NA NA NA NA 1387 5215 242 NA NA NA NA NA 
1735941600.0 145.704 NA 496 775 0 NA NA NA NA NA NA 710 1114 0 NA NA NA NA NA NA 2557 18049 265 NA NA NA NA NA NA 1384 7365 310 NA NA NA NA NA 
1735941600.0 145.705 NA 471 738 0 NA NA NA NA NA NA 696 1048 0 NA NA NA NA NA NA 1794 10328 171 NA NA NA NA NA NA 1080 3566 204 NA NA NA NA NA 
1735941600.0 145.706 NA 489 733 0 NA NA NA NA NA NA 739 1026 0 NA NA NA NA NA NA 2739 16122 216 NA NA NA NA NA NA 1221 5851 241 NA NA NA NA NA 
1735941600.0 145.707 NA 423 720 0 NA NA NA NA NA NA 618 1000 0 NA NA NA NA NA NA 1892 11494 286 NA NA NA NA NA NA 1179 4660 538 NA NA NA NA NA 
1735941600.0 145.708 NA 467 723 0 NA NA NA NA NA NA 624 1022 0 NA NA NA NA NA NA 1773 9568 168 NA NA NA NA NA NA 728 3434 184 NA NA NA NA NA 
1735941600.0 145.709 NA 481 725 0 NA NA NA NA NA NA 697 982 0 NA NA NA NA NA NA 2613 15803 221 NA NA NA NA NA NA 1094 5809 241 NA NA NA NA NA 
1735941600.0 145.71 NA 493 733 0 NA NA NA NA NA NA 716 1047 0 NA NA NA NA NA NA 2890 16847 244 NA NA NA NA NA NA 1612 6261 288 NA NA NA NA NA 
1735941600.0 145.711 NA 467 736 0 NA NA NA NA NA NA 647 1006 0 NA NA NA NA NA NA 1702 10483 169 NA NA NA NA NA NA 911 3660 193 NA NA NA NA NA 
1735941600.0 145.712 NA 478 739 0 NA NA NA NA NA NA 698 1065 0 NA NA NA NA NA NA 2209 16733 233 NA NA NA NA NA NA 1100 6059 257 NA NA NA NA NA 
1735941600.0 145.713 NA 483 724 0 NA NA NA NA NA NA 709 1023 0 NA NA NA NA NA NA 1709 10287 170 NA NA NA NA NA NA 732 3593 228 NA NA NA NA NA 
1735941600.0 145.714 NA 424 741 0 NA NA NA NA NA NA 640 1020 0 NA NA NA NA NA NA 2059 11719 284 NA NA NA NA NA NA 1254 4653 501 NA NA NA NA NA 
1735941600.0 148.0 135 306 532 0 NA NA NA NA NA 190 397 738 0 NA NA NA NA NA 1207 522 1177 272 NA NA NA NA NA 1624 670 1121 287 NA NA NA NA NA 
1735941600.0 149.0 129 297 529 0 NA NA NA NA NA 185 384 764 0 NA NA NA NA NA 589 802 1243 292 NA NA NA NA NA 518 678 1497 398 NA NA NA NA NA 
1735941600.0 149.1 138 277 531 0 NA NA NA NA NA 185 386 712 0 NA NA NA NA NA 507 221 789 181 NA NA NA NA NA 535 198 780 202 NA NA NA NA NA 
1735941600.0 15.0 NA 212 398 0 NA NA NA NA NA NA 303 537 0 NA NA NA NA NA NA 652 954 148 NA NA NA NA NA NA 354 927 165 NA NA NA NA NA 
1735941600.0 158.0 135 269 527 136 0 NA NA NA NA 190 364 740 198 0 NA NA NA NA 948 235 827 139 195 NA NA NA NA 1162 265 817 218 213 NA NA NA NA 
1735941600.0 158.1 NA 314 545 0 NA NA NA NA NA NA 407 751 0 NA NA NA NA NA NA 284 866 194 NA NA NA NA NA NA 253 944 210 NA NA NA NA NA 
1735941600.0 158.2 NA 307 538 0 NA NA NA NA NA NA 412 741 0 NA NA NA NA NA NA 282 782 190 NA NA NA NA NA NA 333 791 214 NA NA NA NA NA 
1735941600.0 158.3 NA 309 540 0 NA NA NA NA NA NA 410 719 0 NA NA NA NA NA NA 274 817 193 NA NA NA NA NA NA 243 721 213 NA NA NA NA NA 
1735941600.0 158.5 209 410 651 142 0 NA NA NA NA 307 576 857 209 0 NA NA NA NA 9328 889 7520 220 288 NA NA NA NA 12295 1060 3410 307 376 NA NA NA NA 
1735941600.0 159.0 143 260 502 137 0 NA NA NA NA 188 343 710 202 0 NA NA NA NA 1215 284 831 140 227 NA NA NA NA 1544 271 833 158 248 NA NA NA NA 
1735941600.0 159.01 NA 227 0 NA NA NA NA NA NA NA 321 0 NA NA NA NA NA NA NA 699 66 NA NA NA NA NA NA NA 512 83 NA NA NA NA NA NA 
1735941600.0 159.02 143 265 155 502 136 0 NA NA NA 187 357 201 715 202 0 NA NA NA 1080 267 188 1037 153 224 NA NA NA 1514 277 212 961 170 241 NA NA NA 
1735941600.0 159.03 213 360 232 356 213 NA NA NA NA 310 486 319 507 285 NA NA NA NA 8806 920 306 766 327 NA NA NA NA 11710 1109 400 846 342 NA NA NA NA 
1735941600.0 159.1 144 298 520 0 NA NA NA NA NA 188 389 734 0 NA NA NA NA NA 1022 277 712 189 NA NA NA NA NA 585 211 847 222 NA NA NA NA NA 
1735941600.0 159.2 143 300 518 0 NA NA NA NA NA 192 387 714 0 NA NA NA NA NA 850 278 691 183 NA NA NA NA NA 526 221 694 195 NA NA NA NA NA 
1735941600.0 159.3 143 299 519 0 NA NA NA NA NA 188 395 689 0 NA NA NA NA NA 787 270 701 185 NA NA NA NA NA 488 196 778 198 NA NA NA NA NA 
1735941600.0 159.4 143 289 510 0 NA NA NA NA NA 189 385 719 0 NA NA NA NA NA 1332 400 1093 283 NA NA NA NA NA 786 372 1055 483 NA NA NA NA NA 
1735941600.0 16.0 NA 226 418 0 NA NA NA NA NA NA 315 564 0 NA NA NA NA NA NA 672 1119 159 NA NA NA NA NA NA 340 894 176 NA NA NA NA NA 
1735941600.0 160.0 136 270 508 136 0 NA NA NA NA 189 380 700 199 0 NA NA NA NA 857 340 901 127 240 NA NA NA NA 1155 317 958 147 256 NA NA NA NA 
1735941600.0 160.02 136 258 147 505 136 0 NA NA NA 181 365 194 713 201 0 NA NA NA 800 299 244 879 124 253 NA NA NA 972 423 304 912 141 270 NA NA NA 
1735941600.0 160.03 126 256 138 315 198 NA NA NA NA 172 355 181 470 267 NA NA NA NA 451 230 181 317 167 NA NA NA NA 427 253 237 375 162 NA NA NA NA 
1735941600.0 160.3 141 323 531 0 NA NA NA NA NA 182 419 727 0 NA NA NA NA NA 605 404 697 184 NA NA NA NA NA 442 251 777 202 NA NA NA NA NA 
1735941600.0 160.4 140 317 527 0 NA NA NA NA NA 192 430 723 0 NA NA NA NA NA 677 420 704 184 NA NA NA NA NA 456 251 668 204 NA NA NA NA NA 
1735941600.0 160.501 128 259 138 499 194 NA NA NA NA 182 363 180 767 265 NA NA NA NA 466 230 179 634 165 NA NA NA NA 522 247 236 674 179 NA NA NA NA 
1735941600.0 161.0 136 366 569 138 0 NA NA NA NA 180 571 782 199 0 NA NA NA NA 755 317 831 116 217 NA NA NA NA 955 309 805 138 236 NA NA NA NA 
1735941600.0 161.02 136 365 166 569 138 0 NA NA NA 180 561 207 792 205 0 NA NA NA 957 367 246 1067 179 229 NA NA NA 1186 371 314 1185 219 247 NA NA NA 
1735941600.0 161.03 128 328 153 317 202 NA NA NA NA 171 455 203 469 265 NA NA NA NA 449 289 191 320 168 NA NA NA NA 422 304 253 381 164 NA NA NA NA 
1735941600.0 161.1 142 431 591 0 NA NA NA NA NA 189 817 798 0 NA NA NA NA NA 891 485 901 219 NA NA NA NA NA 575 304 891 231 NA NA NA NA NA 
1735941600.0 161.2 139 429 582 0 NA NA NA NA NA 183 701 790 0 NA NA NA NA NA 1095 723 1263 252 NA NA NA NA NA 754 690 1237 296 NA NA NA NA NA 
1735941600.0 161.3 140 455 589 0 NA NA NA NA NA 184 730 819 0 NA NA NA NA NA 779 535 1247 238 NA NA NA NA NA 621 357 1199 264 NA NA NA NA NA 
1735941600.0 161.4 140 426 587 0 NA NA NA NA NA 185 817 756 0 NA NA NA NA NA 714 477 880 215 NA NA NA NA NA 540 323 832 231 NA NA NA NA NA 
1735941600.0 16434.0 NA 656 0 NA NA NA NA NA NA NA 866 0 NA NA NA NA NA NA NA 2888 185 NA NA NA NA NA NA NA 1370 214 NA NA NA NA NA NA 
1735941600.0 16634.0 NA 808 0 NA NA NA NA NA NA NA 1003 0 NA NA NA NA NA NA NA 4029 188 NA NA NA NA NA NA NA 1862 207 NA NA NA NA NA NA 
1735941600.0 16834.0 NA 510 662 0 195 NA NA NA NA NA 669 940 0 287 NA NA NA NA NA 707 1727 281 234 NA NA NA NA NA 706 1632 309 234 NA NA NA NA 
1735941600.0 17.0 NA 223 406 0 NA NA NA NA NA NA 318 568 0 NA NA NA NA NA NA 654 997 149 NA NA NA NA NA NA 355 998 165 NA NA NA NA NA 
1735941600.0 17034.0 NA 692 924 0 NA NA NA NA NA NA 937 1209 0 NA NA NA NA NA NA 1499 1984 273 NA NA NA NA NA NA 999 1895 313 NA NA NA NA NA 
1735941600.0 18.0 NA 213 403 0 NA NA NA NA NA NA 296 563 0 NA NA NA NA NA NA 652 924 143 NA NA NA NA NA NA 339 944 157 NA NA NA NA NA 
1735941600.0 180.0 132 318 547 138 0 NA NA NA NA 178 419 742 209 0 NA NA NA NA 473 422 817 116 179 NA NA NA NA 411 243 809 129 199 NA NA NA NA 
1735941600.0 180.1 134 321 542 137 0 NA NA NA NA 202 425 747 199 0 NA NA NA NA 2972 429 800 117 180 NA NA NA NA 1237 250 791 136 201 NA NA NA NA 
1735941600.0 181.0 131 398 604 138 0 NA NA NA NA 177 610 832 209 0 NA NA NA NA 457 458 1014 118 214 NA NA NA NA 484 438 1093 131 253 NA NA NA NA 
1735941600.0 181.1 135 396 602 139 0 NA NA NA NA 201 508 833 212 0 NA NA NA NA 3270 576 1395 146 284 NA NA NA NA 1417 385 1466 173 305 NA NA NA NA 
1735941600.0 182.0 130 400 605 140 0 NA NA NA NA 176 614 822 205 0 NA NA NA NA 556 525 1259 128 220 NA NA NA NA 638 420 1389 144 234 NA NA NA NA 
1735941600.0 182.1 135 393 603 139 0 NA NA NA NA 203 489 801 212 0 NA NA NA NA 3109 443 1014 118 210 NA NA NA NA 1486 364 1089 138 232 NA NA NA NA 
1735941600.0 19.0 NA 211 406 0 NA NA NA NA NA NA 296 563 0 NA NA NA NA NA NA 649 951 146 NA NA NA NA NA NA 361 837 168 NA NA NA NA NA 
1735941600.0 2.0 156 212 325 NA NA NA NA NA NA 241 294 443 NA NA NA NA NA NA 1622 413 714 NA NA NA NA NA NA 668 363 640 NA NA NA NA NA NA 
1735941600.0 20.0 NA 211 406 0 NA NA NA NA NA NA 300 557 0 NA NA NA NA NA NA 673 1081 161 NA NA NA NA NA NA 334 1040 175 NA NA NA NA NA 
1735941600.0 200.0 NA 293 497 0 NA NA NA NA NA NA 397 670 0 NA NA NA NA NA NA 426 1037 162 NA NA NA NA NA NA 450 933 178 NA NA NA NA NA 
1735941600.0 2017.1 515 0 224 178 NA NA NA NA NA 665 0 329 263 NA NA NA NA NA 571 131 421 237 NA NA NA NA NA 605 162 548 254 NA NA NA NA NA 
1735941600.0 2017.11 523 0 230 179 NA NA NA NA NA 690 0 332 270 NA NA NA NA NA 679 149 486 300 NA NA NA NA NA 639 191 501 387 NA NA NA NA NA 
1735941600.0 2017.12 512 0 228 176 NA NA NA NA NA 688 0 327 272 NA NA NA NA NA 577 124 439 291 NA NA NA NA NA 565 143 526 379 NA NA NA NA NA 
1735941600.0 2017.13 535 0 NA NA NA NA NA NA NA 683 0 NA NA NA NA NA NA NA 422 160 NA NA NA NA NA NA NA 400 174 NA NA NA NA NA NA NA 
1735941600.0 2017.2 440 0 217 175 NA NA NA NA NA 581 0 323 265 NA NA NA NA NA 537 112 408 272 NA NA NA NA NA 548 124 474 337 NA NA NA NA NA 
1735941600.0 2017.3 441 0 224 176 NA NA NA NA NA 593 0 313 263 NA NA NA NA NA 561 113 437 297 NA NA NA NA NA 675 130 522 386 NA NA NA NA NA 
1735941600.0 2017.4 505 0 218 175 NA NA NA NA NA 675 0 312 269 NA NA NA NA NA 566 124 407 295 NA NA NA NA NA 574 144 545 340 NA NA NA NA NA 
1735941600.0 2017.5 516 0 220 176 NA NA NA NA NA 647 0 321 272 NA NA NA NA NA 603 164 445 275 NA NA NA NA NA 605 196 509 348 NA NA NA NA NA 
1735941600.0 2017.6 514 0 227 177 NA NA NA NA NA 666 0 311 263 NA NA NA NA NA 649 130 457 309 NA NA NA NA NA 624 150 504 398 NA NA NA NA NA 
1735941600.0 2017.7 510 0 225 174 NA NA NA NA NA 655 0 316 261 NA NA NA NA NA 582 135 387 234 NA NA NA NA NA 624 182 464 258 NA NA NA NA NA 
1735941600.0 2017.8 225 NA NA NA NA NA NA NA NA 332 NA NA NA NA NA NA NA NA 517 NA NA NA NA NA NA NA NA 356 NA NA NA NA NA NA NA NA 
1735941600.0 2017.9 509 0 219 175 NA NA NA NA NA 642 0 319 268 NA NA NA NA NA 533 149 429 248 NA NA NA NA NA 582 263 564 350 NA NA NA NA NA 
1735941600.0 2018.1 516 0 228 180 NA NA NA NA NA 688 0 337 279 NA NA NA NA NA 660 162 379 250 NA NA NA NA NA 686 195 476 271 NA NA NA NA NA 
1735941600.0 2018.11 520 0 230 182 NA NA NA NA NA 676 0 323 273 NA NA NA NA NA 669 166 494 249 NA NA NA NA NA 694 245 563 276 NA NA NA NA NA 
1735941600.0 2018.12 507 0 227 180 NA NA NA NA NA 649 0 326 274 NA NA NA NA NA 605 137 429 237 NA NA NA NA NA 570 161 501 262 NA NA NA NA NA 
1735941600.0 2018.13 538 0 NA NA NA NA NA NA NA 685 0 NA NA NA NA NA NA NA 422 163 NA NA NA NA NA NA NA 379 244 NA NA NA NA NA NA NA 
1735941600.0 2018.2 435 0 212 180 NA NA NA NA NA 557 0 319 273 NA NA NA NA NA 550 150 354 286 NA NA NA NA NA 537 187 442 354 NA NA NA NA NA 
1735941600.0 2018.3 439 0 215 178 NA NA NA NA NA 566 0 318 272 NA NA NA NA NA 521 148 417 287 NA NA NA NA NA 545 212 541 350 NA NA NA NA NA 
1735941600.0 2018.4 509 0 219 181 NA NA NA NA NA 639 0 318 271 NA NA NA NA NA 598 131 387 241 NA NA NA NA NA 640 150 536 264 NA NA NA NA NA 
1735941600.0 2018.5 519 0 222 178 NA NA NA NA NA 675 0 310 268 NA NA NA NA NA 530 163 392 242 NA NA NA NA NA 561 243 530 267 NA NA NA NA NA 
1735941600.0 2018.6 511 0 226 180 NA NA NA NA NA 642 0 322 272 NA NA NA NA NA 589 137 372 291 NA NA NA NA NA 572 206 439 330 NA NA NA NA NA 
1735941600.0 2018.7 509 0 220 180 NA NA NA NA NA 657 0 319 272 NA NA NA NA NA 580 127 407 251 NA NA NA NA NA 548 170 531 285 NA NA NA NA NA 
1735941600.0 2018.8 224 NA NA NA NA NA NA NA NA 332 NA NA NA NA NA NA NA NA 501 NA NA NA NA NA NA NA NA 362 NA NA NA NA NA NA NA NA 
1735941600.0 2018.9 513 0 220 180 NA NA NA NA NA 656 0 320 272 NA NA NA NA NA 564 156 392 241 NA NA NA NA NA 590 188 550 268 NA NA NA NA NA 
1735941600.0 202.0 NA 282 490 0 NA NA NA NA NA NA 392 640 0 NA NA NA NA NA NA 589 1625 267 NA NA NA NA NA NA 542 2133 496 NA NA NA NA NA 
1735941600.0 203.0 NA 297 497 0 NA NA NA NA NA NA 412 660 0 NA NA NA NA NA NA 601 1563 261 NA NA NA NA NA NA 570 1422 589 NA NA NA NA NA 
1735941600.0 205.0 NA 278 471 0 NA NA NA NA NA NA 374 662 0 NA NA NA NA NA NA 613 1550 273 NA NA NA NA NA NA 746 1649 470 NA NA NA NA NA 
1735941600.0 21.0 NA 213 403 0 NA NA NA NA NA NA 297 555 0 NA NA NA NA NA NA 679 1142 164 NA NA NA NA NA NA 353 1075 181 NA NA NA NA NA 
1735941600.0 22.0 NA 227 411 0 NA NA NA NA NA NA 300 570 0 NA NA NA NA NA NA 706 1251 163 NA NA NA NA NA NA 363 874 182 NA NA NA NA NA 
1735941600.0 23.0 NA 238 443 0 NA NA NA NA NA NA 324 619 0 NA NA NA NA NA NA 767 1313 188 NA NA NA NA NA NA 429 981 206 NA NA NA NA NA 
1735941600.0 23634.0 NA 635 656 0 244 NA NA NA NA NA 823 842 0 347 NA NA NA NA NA 1403 1814 317 678 NA NA NA NA NA 1289 2235 357 786 NA NA NA NA 
1735941600.0 24034.0 NA 542 609 0 242 NA NA NA NA NA 693 820 0 349 NA NA NA NA NA 1111 1904 314 680 NA NA NA NA NA 724 1779 347 813 NA NA NA NA 
1735941600.0 24834.0 NA 634 683 0 250 NA NA NA NA NA 842 872 0 357 NA NA NA NA NA 1159 1616 346 596 NA NA NA NA NA 986 1620 396 602 NA NA NA NA 
1735941600.0 24834.911 173 619 665 0 249 NA NA NA NA 228 814 909 0 339 NA NA NA NA 5767 3545 3846 966 662 NA NA NA NA 3223 3072 3244 1255 829 NA NA NA NA 
1735941600.0 2500.001 NA 270 0 NA NA NA NA NA NA NA 414 0 NA NA NA NA NA NA NA 15062 55 NA NA NA NA NA NA NA 4820 65 NA NA NA NA NA NA 
1735941600.0 2500.002 NA 315 0 NA NA NA NA NA NA NA 524 0 NA NA NA NA NA NA NA 22117 90 NA NA NA NA NA NA NA 7760 131 NA NA NA NA NA NA 
1735941600.0 2500.003 NA 315 0 NA NA NA NA NA NA NA 532 0 NA NA NA NA NA NA NA 16017 56 NA NA NA NA NA NA NA 5373 69 NA NA NA NA NA NA 
1735941600.0 2500.011 NA 279 0 NA NA NA NA NA NA NA 403 0 NA NA NA NA NA NA NA 9636 54 NA NA NA NA NA NA NA 3471 72 NA NA NA NA NA NA 
1735941600.0 2500.012 NA 296 0 NA NA NA NA NA NA NA 429 0 NA NA NA NA NA NA NA 16091 54 NA NA NA NA NA NA NA 5332 66 NA NA NA NA NA NA 
1735941600.0 2500.013 NA 282 0 NA NA NA NA NA NA NA 400 0 NA NA NA NA NA NA NA 15154 88 NA NA NA NA NA NA NA 4661 107 NA NA NA NA NA NA 
1735941600.0 2500.021 NA 280 199 0 NA NA NA NA NA NA 397 292 0 NA NA NA NA NA NA 1205 439 85 NA NA NA NA NA NA 968 472 110 NA NA NA NA NA 
1735941600.0 2500.022 NA 279 198 0 NA NA NA NA NA NA 380 293 0 NA NA NA NA NA NA 1141 436 99 NA NA NA NA NA NA 965 439 136 NA NA NA NA NA 
1735941600.0 2500.023 NA 267 194 0 NA NA NA NA NA NA 368 287 0 NA NA NA NA NA NA 1226 459 83 NA NA NA NA NA NA 1230 461 114 NA NA NA NA NA 
1735941600.0 2500.024 NA 294 206 0 NA NA NA NA NA NA 404 294 0 NA NA NA NA NA NA 1437 512 83 NA NA NA NA NA NA 1086 588 111 NA NA NA NA NA 
1735941600.0 2500.031 NA 283 186 0 NA NA NA NA NA NA 410 253 0 NA NA NA NA NA NA 1252 411 84 NA NA NA NA NA NA 998 488 102 NA NA NA NA NA 
1735941600.0 2500.032 NA 280 185 0 NA NA NA NA NA NA 402 255 0 NA NA NA NA NA NA 1199 412 91 NA NA NA NA NA NA 1020 503 125 NA NA NA NA NA 
1735941600.0 2500.033 NA 290 188 0 NA NA NA NA NA NA 397 256 0 NA NA NA NA NA NA 1267 412 98 NA NA NA NA NA NA 1032 491 122 NA NA NA NA NA 
1735941600.0 2500.034 NA 289 193 0 NA NA NA NA NA NA 406 258 0 NA NA NA NA NA NA 1212 456 95 NA NA NA NA NA NA 974 471 127 NA NA NA NA NA 
1735941600.0 2500.101 NA 287 0 NA NA NA NA NA NA NA 482 0 NA NA NA NA NA NA NA 5871 59 NA NA NA NA NA NA NA 2518 75 NA NA NA NA NA NA 
1735941600.0 2500.111 NA 250 0 NA NA NA NA NA NA NA 364 0 NA NA NA NA NA NA NA 4404 96 NA NA NA NA NA NA NA 1733 114 NA NA NA NA NA NA 
1735941600.0 2500.112 NA 252 0 NA NA NA NA NA NA NA 353 0 NA NA NA NA NA NA NA 893 93 NA NA NA NA NA NA NA 767 124 NA NA NA NA NA NA 
1735941600.0 2500.131 NA 156 NA NA NA NA NA NA NA NA 249 NA NA NA NA NA NA NA NA 3855 NA NA NA NA NA NA NA NA 1295 NA NA NA NA NA NA NA 
1735941600.0 2500.201 NA 238 0 NA NA NA NA NA NA NA 362 0 NA NA NA NA NA NA NA 7600 78 NA NA NA NA NA NA NA 4113 95 NA NA NA NA NA NA 
1735941600.0 2500.211 NA 256 0 NA NA NA NA NA NA NA 395 0 NA NA NA NA NA NA NA 3683 55 NA NA NA NA NA NA NA 1634 66 NA NA NA NA NA NA 
1735941600.0 2500.212 NA 262 0 NA NA NA NA NA NA NA 351 0 NA NA NA NA NA NA NA 883 90 NA NA NA NA NA NA NA 797 140 NA NA NA NA NA NA 
1735941600.0 2500.221 NA 221 NA NA NA NA NA NA NA NA 332 NA NA NA NA NA NA NA NA 1234 NA NA NA NA NA NA NA NA 766 NA NA NA NA NA NA NA 
1735941600.0 2500.222 NA 236 NA NA NA NA NA NA NA NA 346 NA NA NA NA NA NA NA NA 1247 NA NA NA NA NA NA NA NA 660 NA NA NA NA NA NA NA 
1735941600.0 2500.223 NA 247 NA NA NA NA NA NA NA NA 356 NA NA NA NA NA NA NA NA 3243 NA NA NA NA NA NA NA NA 1195 NA NA NA NA NA NA NA 
1735941600.0 2500.225 NA 276 NA NA NA NA NA NA NA NA 396 NA NA NA NA NA NA NA NA 7961 NA NA NA NA NA NA NA NA 2985 NA NA NA NA NA NA NA 
1735941600.0 2500.226 NA 236 NA NA NA NA NA NA NA NA 338 NA NA NA NA NA NA NA NA 1229 NA NA NA NA NA NA NA NA 722 NA NA NA NA NA NA NA 
1735941600.0 2500.227 NA 154 NA NA NA NA NA NA NA NA 235 NA NA NA NA NA NA NA NA 5186 NA NA NA NA NA NA NA NA 1537 NA NA NA NA NA NA NA 
1735941600.0 2500.228 NA 247 NA NA NA NA NA NA NA NA 393 NA NA NA NA NA NA NA NA 13174 NA NA NA NA NA NA NA NA 7583 NA NA NA NA NA NA NA 
1735941600.0 2500.231 NA 238 NA NA NA NA NA NA NA NA 330 NA NA NA NA NA NA NA NA 859 NA NA NA NA NA NA NA NA 532 NA NA NA NA NA NA NA 
1735941600.0 2500.232 NA 254 NA NA NA NA NA NA NA NA 346 NA NA NA NA NA NA NA NA 954 NA NA NA NA NA NA NA NA 724 NA NA NA NA NA NA NA 
1735941600.0 2500.233 NA 265 NA NA NA NA NA NA NA NA 354 NA NA NA NA NA NA NA NA 2202 NA NA NA NA NA NA NA NA 918 NA NA NA NA NA NA NA 
1735941600.0 2500.234 NA 265 NA NA NA NA NA NA NA NA 375 NA NA NA NA NA NA NA NA 5266 NA NA NA NA NA NA NA NA 1680 NA NA NA NA NA NA NA 
1735941600.0 2500.235 NA 286 NA NA NA NA NA NA NA NA 394 NA NA NA NA NA NA NA NA 5676 NA NA NA NA NA NA NA NA 1842 NA NA NA NA NA NA NA 
1735941600.0 2500.236 NA 252 NA NA NA NA NA NA NA NA 344 NA NA NA NA NA NA NA NA 917 NA NA NA NA NA NA NA NA 783 NA NA NA NA NA NA NA 
1735941600.0 2500.237 NA 150 NA NA NA NA NA NA NA NA 244 NA NA NA NA NA NA NA NA 3874 NA NA NA NA NA NA NA NA 1189 NA NA NA NA NA NA NA 
1735941600.0 2500.238 NA 263 NA NA NA NA NA NA NA NA 411 NA NA NA NA NA NA NA NA 7122 NA NA NA NA NA NA NA NA 3374 NA NA NA NA NA NA NA 
1735941600.0 2500.241 NA 228 NA NA NA NA NA NA NA NA 358 NA NA NA NA NA NA NA NA 356 NA NA NA NA NA NA NA NA 393 NA NA NA NA NA NA NA 
1735941600.0 2500.242 NA 180 NA NA NA NA NA NA NA NA 253 NA NA NA NA NA NA NA NA 1123 NA NA NA NA NA NA NA NA 578 NA NA NA NA NA NA NA 
1735941600.0 2500.243 NA 110 NA NA NA NA NA NA NA NA 179 NA NA NA NA NA NA NA NA 172 NA NA NA NA NA NA NA NA 188 NA NA NA NA NA NA NA 
1735941600.0 2500.244 NA 178 NA NA NA NA NA NA NA NA 281 NA NA NA NA NA NA NA NA 1544 NA NA NA NA NA NA NA NA 917 NA NA NA NA NA NA NA 
1735941600.0 2500.245 NA 187 NA NA NA NA NA NA NA NA 281 NA NA NA NA NA NA NA NA 1206 NA NA NA NA NA NA NA NA 542 NA NA NA NA NA NA NA 
1735941600.0 2500.901 NA 147 NA NA NA NA NA NA NA NA 236 NA NA NA NA NA NA NA NA 500 NA NA NA NA NA NA NA NA 477 NA NA NA NA NA NA NA 
1735941600.0 2500.902 NA 137 NA NA NA NA NA NA NA NA 225 NA NA NA NA NA NA NA NA 538 NA NA NA NA NA NA NA NA 486 NA NA NA NA NA NA NA 
1735941600.0 2500.911 91 111 NA NA NA NA NA NA NA 121 188 NA NA NA NA NA NA NA 147 157 NA NA NA NA NA NA NA 152 171 NA NA NA NA NA NA NA 
1735941600.0 2500.912 66 94 110 NA NA NA NA NA NA 107 125 187 NA NA NA NA NA NA 3229 159 133 NA NA NA NA NA NA 2519 133 149 NA NA NA NA NA NA 
1735941600.0 2500.913 67 95 111 NA NA NA NA NA NA 106 132 194 NA NA NA NA NA NA 620 154 170 NA NA NA NA NA NA 246 125 245 NA NA NA NA NA NA 
1735941600.0 250199.0 389 NA NA NA NA NA NA NA NA 524 NA NA NA NA NA NA NA NA 1270 NA NA NA NA NA NA NA NA 934 NA NA NA NA NA NA NA NA 
1735941600.0 250199.17 380 NA NA NA NA NA NA NA NA 535 NA NA NA NA NA NA NA NA 1325 NA NA NA NA NA NA NA NA 791 NA NA NA NA NA NA NA NA 
1735941600.0 250199.18 465 NA NA NA NA NA NA NA NA 659 NA NA NA NA NA NA NA NA 1933 NA NA NA NA NA NA NA NA 922 NA NA NA NA NA NA NA NA 
1735941600.0 250200.0 NA 475 559 0 NA NA NA NA NA NA 679 733 0 NA NA NA NA NA NA 2040 1161 157 NA NA NA NA NA NA 975 894 171 NA NA NA NA NA 
1735941600.0 250200.1 155 463 388 NA NA NA NA NA NA 224 599 541 NA NA NA NA NA NA 705 381 823 NA NA NA NA NA NA 382 391 729 NA NA NA NA NA NA 
1735941600.0 250200.117 132 538 412 NA NA NA NA NA NA 191 680 585 NA NA NA NA NA NA 794 1005 732 NA NA NA NA NA NA 414 596 635 NA NA NA NA NA NA 
1735941600.0 250200.17 NA 571 639 0 NA NA NA NA NA NA 781 871 0 NA NA NA NA NA NA 2804 1225 197 NA NA NA NA NA NA 1264 1110 209 NA NA NA NA NA 
1735941600.0 250200.18 NA 628 674 0 NA NA NA NA NA NA 879 906 0 NA NA NA NA NA NA 3467 1382 197 NA NA NA NA NA NA 1609 1075 209 NA NA NA NA NA 
1735941600.0 250202.0 NA 500 565 0 NA NA NA NA NA NA 692 715 0 NA NA NA NA NA NA 2159 1209 161 NA NA NA NA NA NA 906 918 172 NA NA NA NA NA 
1735941600.0 250202.17 NA 569 643 0 NA NA NA NA NA NA 758 889 0 NA NA NA NA NA NA 3657 1670 212 NA NA NA NA NA NA 1618 1243 226 NA NA NA NA NA 
1735941600.0 250202.171 NA 388 562 652 0 NA NA NA NA NA 538 729 898 0 NA NA NA NA NA 960 2811 1287 203 NA NA NA NA NA 650 935 920 217 NA NA NA NA 
1735941600.0 250202.172 NA 576 652 0 NA NA NA NA NA NA 794 917 0 NA NA NA NA NA NA 3793 1551 254 NA NA NA NA NA NA 1761 1193 275 NA NA NA NA NA 
1735941600.0 250202.18 NA 629 671 0 NA NA NA NA NA NA 909 888 0 NA NA NA NA NA NA 3702 1481 205 NA NA NA NA NA NA 1870 1217 221 NA NA NA NA NA 
1735941600.0 250202.183 137 602 700 0 NA NA NA NA NA 196 807 941 0 NA NA NA NA NA 1324 1335 2069 292 NA NA NA NA NA 773 709 1348 310 NA NA NA NA NA 
1735941600.0 250202.2 NA 485 553 0 NA NA NA NA NA NA 697 720 0 NA NA NA NA NA NA 5342 1429 195 NA NA NA NA NA NA 2074 1213 209 NA NA NA NA NA 
1735941600.0 250202.3 NA 383 477 557 0 NA NA NA NA NA 516 644 725 0 NA NA NA NA NA 869 3949 1257 159 NA NA NA NA NA 565 1186 980 168 NA NA NA NA 
1735941600.0 250202.4 NA 477 556 0 NA NA NA NA NA NA 679 738 0 NA NA NA NA NA NA 5995 1667 254 NA NA NA NA NA NA 2090 1916 362 NA NA NA NA NA 
1735941600.0 250203.0 NA 482 566 0 NA NA NA NA NA NA 649 734 0 NA NA NA NA NA NA 2082 1133 155 NA NA NA NA NA NA 928 854 168 NA NA NA NA NA 
1735941600.0 250203.17 NA 565 651 0 NA NA NA NA NA NA 752 906 0 NA NA NA NA NA NA 2855 1285 196 NA NA NA NA NA NA 1205 995 215 NA NA NA NA NA 
1735941600.0 250203.18 NA 624 671 0 NA NA NA NA NA NA 869 902 0 NA NA NA NA NA NA 3592 1436 201 NA NA NA NA NA NA 1726 1060 219 NA NA NA NA NA 
1735941600.0 250204.17 NA 563 640 0 NA NA NA NA NA NA 762 893 0 NA NA NA NA NA NA 3607 1645 270 NA NA NA NA NA NA 1649 1338 294 NA NA NA NA NA 
1735941600.0 250204.18 NA 609 678 0 NA NA NA NA NA NA 882 930 0 NA NA NA NA NA NA 4073 1930 265 NA NA NA NA NA NA 2151 1487 298 NA NA NA NA NA 
1735941600.0 250205.0 NA 481 567 0 NA NA NA NA NA NA 669 731 0 NA NA NA NA NA NA 2037 1123 156 NA NA NA NA NA NA 841 839 176 NA NA NA NA NA 
1735941600.0 250205.17 NA 557 624 0 NA NA NA NA NA NA 768 894 0 NA NA NA NA NA NA 3568 1576 245 NA NA NA NA NA NA 1476 1427 281 NA NA NA NA NA 
1735941600.0 250205.18 NA 616 681 0 NA NA NA NA NA NA 888 944 0 NA NA NA NA NA NA 3490 1462 197 NA NA NA NA NA NA 1605 1019 213 NA NA NA NA NA 
1735941600.0 250206.0 NA 481 560 0 NA NA NA NA NA NA 656 747 0 NA NA NA NA NA NA 2109 1098 161 NA NA NA NA NA NA 897 879 175 NA NA NA NA NA 
1735941600.0 250206.118 131 567 426 184 NA NA NA NA NA 184 742 566 274 NA NA NA NA NA 455 967 659 196 NA NA NA NA NA 350 549 594 248 NA NA NA NA NA 
1735941600.0 250206.17 NA 569 623 0 NA NA NA NA NA NA 770 858 0 NA NA NA NA NA NA 3017 1440 210 NA NA NA NA NA NA 1358 1221 223 NA NA NA NA NA 
1735941600.0 250206.18 NA 618 756 0 NA NA NA NA NA NA 882 997 0 NA NA NA NA NA NA 3549 1502 205 NA NA NA NA NA NA 1610 938 223 NA NA NA NA NA 
1735941600.0 250207.0 NA 473 551 0 NA NA NA NA NA NA 650 758 0 NA NA NA NA NA NA 1939 1031 148 NA NA NA NA NA NA 883 829 159 NA NA NA NA NA 
1735941600.0 250207.17 NA 554 632 0 NA NA NA NA NA NA 759 850 0 NA NA NA NA NA NA 2799 1335 197 NA NA NA NA NA NA 1228 1058 211 NA NA NA NA NA 
1735941600.0 250207.18 NA 606 674 0 NA NA NA NA NA NA 844 883 0 NA NA NA NA NA NA 4021 1723 227 NA NA NA NA NA NA 2106 1281 264 NA NA NA NA NA 
1735941600.0 250208.17 NA 580 668 0 NA NA NA NA NA NA 815 919 0 NA NA NA NA NA NA 3343 1973 213 NA NA NA NA NA NA 1784 1278 226 NA NA NA NA NA 
1735941600.0 250399.0 307 NA NA NA NA NA NA NA NA 414 NA NA NA NA NA NA NA NA 388 NA NA NA NA NA NA NA NA 414 NA NA NA NA NA NA NA NA 
1735941600.0 250399.17 365 NA NA NA NA NA NA NA NA 499 NA NA NA NA NA NA NA NA 564 NA NA NA NA NA NA NA NA 473 NA NA NA NA NA NA NA NA 
1735941600.0 250399.18 371 NA NA NA NA NA NA NA NA 488 NA NA NA NA NA NA NA NA 648 NA NA NA NA NA NA NA NA 526 NA NA NA NA NA NA NA NA 
1735941600.0 250400.0 480 0 229 NA NA NA NA NA NA 640 0 314 NA NA NA NA NA NA 604 158 386 NA NA NA NA NA NA 706 193 453 NA NA NA NA NA NA 
1735941600.0 250400.17 558 0 229 NA NA NA NA NA NA 714 0 324 NA NA NA NA NA NA 492 103 280 NA NA NA NA NA NA 518 131 285 NA NA NA NA NA NA 
1735941600.0 250400.18 565 0 228 NA NA NA NA NA NA 716 0 315 NA NA NA NA NA NA 733 139 434 NA NA NA NA NA NA 705 159 772 NA NA NA NA NA NA 
1735941600.0 250402.0 486 0 231 NA NA NA NA NA NA 647 0 328 NA NA NA NA NA NA 451 93 284 NA NA NA NA NA NA 480 124 285 NA NA NA NA NA NA 
1735941600.0 250402.1 310 468 0 NA NA NA NA NA NA 411 622 0 NA NA NA NA NA NA 456 599 145 NA NA NA NA NA NA 559 468 227 NA NA NA NA NA NA 
1735941600.0 250402.17 557 0 228 NA NA NA NA NA NA 703 0 324 NA NA NA NA NA NA 769 161 425 NA NA NA NA NA NA 835 233 522 NA NA NA NA NA NA 
1735941600.0 250402.171 362 552 0 NA NA NA NA NA NA 483 722 0 NA NA NA NA NA NA 621 757 136 NA NA NA NA NA NA 775 531 166 NA NA NA NA NA NA 
1735941600.0 250402.18 566 0 229 NA NA NA NA NA NA 716 0 320 NA NA NA NA NA NA 763 164 443 NA NA NA NA NA NA 821 202 520 NA NA NA NA NA NA 
1735941600.0 250402.181 375 562 0 NA NA NA NA NA NA 490 708 0 NA NA NA NA NA NA 645 782 130 NA NA NA NA NA NA 489 811 146 NA NA NA NA NA NA 
1735941600.0 250403.0 484 0 227 NA NA NA NA NA NA 651 0 317 NA NA NA NA NA NA 422 91 273 NA NA NA NA NA NA 476 114 280 NA NA NA NA NA NA 
1735941600.0 250403.17 550 0 232 NA NA NA NA NA NA 690 0 325 NA NA NA NA NA NA 796 158 439 NA NA NA NA NA NA 1057 178 630 NA NA NA NA NA NA 
1735941600.0 250403.18 561 0 224 NA NA NA NA NA NA 710 0 315 NA NA NA NA NA NA 753 142 370 NA NA NA NA NA NA 771 173 386 NA NA NA NA NA NA 
1735941600.0 250405.0 480 0 221 NA NA NA NA NA NA 625 0 306 NA NA NA NA NA NA 645 131 413 NA NA NA NA NA NA 757 157 695 NA NA NA NA NA NA 
1735941600.0 250405.17 556 0 234 NA NA NA NA NA NA 702 0 318 NA NA NA NA NA NA 705 159 424 NA NA NA NA NA NA 713 192 467 NA NA NA NA NA NA 
1735941600.0 250405.18 561 0 229 NA NA NA NA NA NA 700 0 321 NA NA NA NA NA NA 743 154 389 NA NA NA NA NA NA 816 205 413 NA NA NA NA NA NA 
1735941600.0 250406.0 483 0 221 NA NA NA NA NA NA 634 0 322 NA NA NA NA NA NA 585 146 418 NA NA NA NA NA NA 742 191 450 NA NA NA NA NA NA 
1735941600.0 250406.17 554 0 229 NA NA NA NA NA NA 720 0 341 NA NA NA NA NA NA 441 102 270 NA NA NA NA NA NA 495 128 290 NA NA NA NA NA NA 
1735941600.0 250406.18 563 0 222 NA NA NA NA NA NA 728 0 330 NA NA NA NA NA NA 630 143 460 NA NA NA NA NA NA 698 165 947 NA NA NA NA NA NA 
1735941600.0 250407.0 411 0 219 NA NA NA NA NA NA 540 0 319 NA NA NA NA NA NA 498 112 409 NA NA NA NA NA NA 711 162 528 NA NA NA NA NA NA 
1735941600.0 250407.17 483 0 223 NA NA NA NA NA NA 609 0 311 NA NA NA NA NA NA 627 157 408 NA NA NA NA NA NA 717 186 494 NA NA NA NA NA NA 
1735941600.0 250407.18 491 0 220 NA NA NA NA NA NA 640 0 324 NA NA NA NA NA NA 641 159 381 NA NA NA NA NA NA 729 214 460 NA NA NA NA NA NA 
1735941600.0 250408.0 464 0 223 NA NA NA NA NA NA 640 0 318 NA NA NA NA NA NA 733 130 460 NA NA NA NA NA NA 892 157 733 NA NA NA NA NA NA 
1735941600.0 250408.17 564 0 233 NA NA NA NA NA NA 713 0 330 NA NA NA NA NA NA 683 151 379 NA NA NA NA NA NA 658 190 358 NA NA NA NA NA NA 
1735941600.0 250408.18 567 0 230 NA NA NA NA NA NA 725 0 325 NA NA NA NA NA NA 533 107 288 NA NA NA NA NA NA 539 119 298 NA NA NA NA NA NA 
1735941600.0 250409.0 497 0 234 NA NA NA NA NA NA 658 0 330 NA NA NA NA NA NA 513 94 336 NA NA NA NA NA NA 519 123 307 NA NA NA NA NA NA 
1735941600.0 250409.17 567 0 235 NA NA NA NA NA NA 729 0 325 NA NA NA NA NA NA 853 169 484 NA NA NA NA NA NA 757 202 540 NA NA NA NA NA NA 
1735941600.0 250409.18 573 0 234 NA NA NA NA NA NA 724 0 332 NA NA NA NA NA NA 940 171 489 NA NA NA NA NA NA 834 227 405 NA NA NA NA NA NA 
1735941600.0 25200.0 NA 451 683 0 183 NA NA NA NA NA 635 961 0 270 NA NA NA NA NA 1195 1781 188 256 NA NA NA NA NA 855 1600 215 280 NA NA NA NA 
1735941600.0 25202.0 NA 464 721 0 182 NA NA NA NA NA 648 951 0 274 NA NA NA NA NA 1348 1783 193 214 NA NA NA NA NA 829 1338 217 240 NA NA NA NA 
1735941600.0 25202.2 NA 483 713 0 NA NA NA NA NA NA 690 934 0 NA NA NA NA NA NA 1125 1295 161 NA NA NA NA NA NA 631 1025 179 NA NA NA NA NA 
1735941600.0 25203.0 NA 459 711 0 181 NA NA NA NA NA 649 972 0 275 NA NA NA NA NA 1167 1797 206 247 NA NA NA NA NA 831 1346 249 272 NA NA NA NA 
1735941600.0 25204.0 NA 474 698 0 NA NA NA NA NA NA 623 951 0 NA NA NA NA NA NA 1319 2115 268 NA NA NA NA NA NA 1011 1680 393 NA NA NA NA NA 
1735941600.0 25205.0 NA 464 714 0 180 NA NA NA NA NA 677 961 0 275 NA NA NA NA NA 1237 1722 191 203 NA NA NA NA NA 811 1305 217 235 NA NA NA NA 
1735941600.0 25206.0 NA 473 775 0 181 NA NA NA NA NA 654 1037 0 275 NA NA NA NA NA 1138 1898 186 243 NA NA NA NA NA 720 1484 213 277 NA NA NA NA 
1735941600.0 25208.0 NA 480 736 0 NA NA NA NA NA NA 627 957 0 NA NA NA NA NA NA 940 1758 168 NA NA NA NA NA NA 562 1317 188 NA NA NA NA NA 
1735941600.0 25209.0 NA 472 687 0 183 NA NA NA NA NA 616 934 0 272 NA NA NA NA NA 1185 1822 186 237 NA NA NA NA NA 797 1527 205 267 NA NA NA NA 
1735941600.0 25210.0 133 348 593 0 NA NA NA NA NA 203 468 779 0 NA NA NA NA NA 1244 449 1307 183 NA NA NA NA NA 844 565 1217 213 NA NA NA NA NA 
1735941600.0 25211.0 158 469 749 0 NA NA NA NA NA 231 631 974 0 NA NA NA NA NA 3226 951 1358 162 NA NA NA NA NA 1311 671 981 177 NA NA NA NA NA 
1735941600.0 25212.0 159 456 696 0 NA NA NA NA NA 240 640 966 0 NA NA NA NA NA 4145 894 1323 163 NA NA NA NA NA 1640 544 1105 175 NA NA NA NA NA 
1735941600.0 25213.0 163 464 723 0 NA NA NA NA NA 245 628 1003 0 NA NA NA NA NA 4181 912 1408 161 NA NA NA NA NA 1686 555 1139 174 NA NA NA NA NA 
1735941600.0 25214.0 NA 493 749 0 NA NA NA NA NA NA 653 1000 0 NA NA NA NA NA NA 1153 1967 211 NA NA NA NA NA NA 670 1553 234 NA NA NA NA NA 
1735941600.0 25215.17 67 138 524 792 0 NA NA NA NA 98 200 677 1125 0 NA NA NA NA 20 924 1602 1485 203 NA NA NA NA 51 442 794 1071 224 NA NA NA NA 
1735941600.0 25215.18 67 136 580 867 0 NA NA NA NA 98 196 763 1160 0 NA NA NA NA 21 934 2162 1801 204 NA NA NA NA 61 565 886 1290 220 NA NA NA NA 
1735941600.0 25234.0 177 617 636 0 249 NA NA NA NA 227 815 874 0 350 NA NA NA NA 3046 1447 1840 377 649 NA NA NA NA 1680 1226 1833 425 617 NA NA NA NA 
1735941600.0 25400.0 579 0 225 NA NA NA NA NA NA 741 0 336 NA NA NA NA NA NA 1008 136 376 NA NA NA NA NA NA 807 185 449 NA NA NA NA NA NA 
1735941600.0 25400.17 682 0 228 NA NA NA NA NA NA 888 0 340 NA NA NA NA NA NA 2108 166 433 NA NA NA NA NA NA 1020 188 499 NA NA NA NA NA NA 
1735941600.0 25400.18 686 0 226 NA NA NA NA NA NA 896 0 322 NA NA NA NA NA NA 2014 173 422 NA NA NA NA NA NA 965 192 415 NA NA NA NA NA NA 
1735941600.0 25402.0 585 0 227 NA NA NA NA NA NA 753 0 322 NA NA NA NA NA NA 1070 168 364 NA NA NA NA NA NA 690 196 403 NA NA NA NA NA NA 
1735941600.0 25402.17 683 0 239 NA NA NA NA NA NA 933 0 316 NA NA NA NA NA NA 2324 184 367 NA NA NA NA NA NA 1496 268 339 NA NA NA NA NA NA 
1735941600.0 25402.18 688 0 228 NA NA NA NA NA NA 931 0 322 NA NA NA NA NA NA 2189 178 454 NA NA NA NA NA NA 1041 204 570 NA NA NA NA NA NA 
1735941600.0 25403.0 593 0 225 NA NA NA NA NA NA 776 0 325 NA NA NA NA NA NA 1203 156 393 NA NA NA NA NA NA 869 193 444 NA NA NA NA NA NA 
1735941600.0 25403.17 677 0 227 NA NA NA NA NA NA 873 0 341 NA NA NA NA NA NA 2340 179 415 NA NA NA NA NA NA 1270 208 507 NA NA NA NA NA NA 
1735941600.0 25403.18 686 0 227 NA NA NA NA NA NA 865 0 316 NA NA NA NA NA NA 2133 174 390 NA NA NA NA NA NA 1000 193 408 NA NA NA NA NA NA 
1735941600.0 25405.0 586 0 223 NA NA NA NA NA NA 741 0 326 NA NA NA NA NA NA 771 99 265 NA NA NA NA NA NA 561 132 283 NA NA NA NA NA NA 
1735941600.0 25405.17 674 0 226 NA NA NA NA NA NA 859 0 325 NA NA NA NA NA NA 2082 162 438 NA NA NA NA NA NA 986 181 540 NA NA NA NA NA NA 
1735941600.0 25405.18 684 0 222 NA NA NA NA NA NA 926 0 312 NA NA NA NA NA NA 2052 143 425 NA NA NA NA NA NA 981 183 481 NA NA NA NA NA NA 
1735941600.0 25406.0 574 0 231 NA NA NA NA NA NA 751 0 329 NA NA NA NA NA NA 612 96 264 NA NA NA NA NA NA 493 117 290 NA NA NA NA NA NA 
1735941600.0 25406.17 693 0 228 NA NA NA NA NA NA 884 0 314 NA NA NA NA NA NA 1657 170 418 NA NA NA NA NA NA 1105 229 445 NA NA NA NA NA NA 
1735941600.0 25406.18 674 0 225 NA NA NA NA NA NA 870 0 334 NA NA NA NA NA NA 1401 185 429 NA NA NA NA NA NA 1051 219 427 NA NA NA NA NA NA 
1735941600.0 25407.0 508 0 221 NA NA NA NA NA NA 662 0 326 NA NA NA NA NA NA 698 92 260 NA NA NA NA NA NA 529 112 280 NA NA NA NA NA NA 
1735941600.0 25407.17 616 0 223 NA NA NA NA NA NA 826 0 323 NA NA NA NA NA NA 1688 127 391 NA NA NA NA NA NA 922 162 493 NA NA NA NA NA NA 
1735941600.0 25407.18 606 0 230 NA NA NA NA NA NA 786 0 316 NA NA NA NA NA NA 1921 166 427 NA NA NA NA NA NA 995 201 529 NA NA NA NA NA NA 
1735941600.0 25408.0 587 0 234 NA NA NA NA NA NA 783 0 327 NA NA NA NA NA NA 1271 161 489 NA NA NA NA NA NA 839 204 562 NA NA NA NA NA NA 
1735941600.0 25408.17 699 0 235 NA NA NA NA NA NA 928 0 340 NA NA NA NA NA NA 2279 163 523 NA NA NA NA NA NA 1041 181 516 NA NA NA NA NA NA 
1735941600.0 25408.18 692 0 232 NA NA NA NA NA NA 924 0 334 NA NA NA NA NA NA 2768 185 507 NA NA NA NA NA NA 1211 218 517 NA NA NA NA NA NA 
1735941600.0 25409.0 582 0 226 NA NA NA NA NA NA 780 0 317 NA NA NA NA NA NA 1229 145 419 NA NA NA NA NA NA 922 201 447 NA NA NA NA NA NA 
1735941600.0 25409.17 689 0 229 NA NA NA NA NA NA 912 0 320 NA NA NA NA NA NA 2539 175 431 NA NA NA NA NA NA 1144 190 527 NA NA NA NA NA NA 
1735941600.0 25409.18 682 0 229 NA NA NA NA NA NA 872 0 321 NA NA NA NA NA NA 2306 161 414 NA NA NA NA NA NA 1068 181 416 NA NA NA NA NA NA 
1735941600.0 25634.0 168 622 660 0 251 NA NA NA NA 220 821 846 0 339 NA NA NA NA 3019 1367 1940 362 672 NA NA NA NA 1268 989 2061 415 868 NA NA NA NA 
1735941600.0 26.0 NA 242 453 0 NA NA NA NA NA NA 328 625 0 NA NA NA NA NA NA 738 1232 169 NA NA NA NA NA NA 400 959 191 NA NA NA NA NA 
1735941600.0 26034.0 176 615 662 0 250 NA NA NA NA 230 840 863 0 355 NA NA NA NA 3352 1449 1882 349 695 NA NA NA NA 2143 1450 1624 420 767 NA NA NA NA 
1735941600.0 26434.0 167 632 640 0 250 NA NA NA NA 224 824 851 0 358 NA NA NA NA 3166 1451 1901 349 600 NA NA NA NA 1419 1319 1638 457 592 NA NA NA NA 
1735941600.0 26834.0 174 644 679 0 251 NA NA NA NA 235 849 848 0 338 NA NA NA NA 1982 850 1179 205 412 NA NA NA NA 853 687 1030 237 460 NA NA NA NA 
1735941600.0 27.0 NA 243 438 0 NA NA NA NA NA NA 338 611 0 NA NA NA NA NA NA 743 1160 172 NA NA NA NA NA NA 402 863 191 NA NA NA NA NA 
1735941600.0 27234.0 187 632 680 0 252 NA NA NA NA 247 829 871 0 344 NA NA NA NA 2113 897 1214 239 457 NA NA NA NA 996 608 954 256 474 NA NA NA NA 
1735941600.0 27634.0 170 630 657 0 253 NA NA NA NA 225 818 834 0 345 NA NA NA NA 2234 908 1216 233 445 NA NA NA NA 1156 761 1050 251 427 NA NA NA NA 
1735941600.0 28.0 NA 242 443 0 NA NA NA NA NA NA 340 598 0 NA NA NA NA NA NA 795 1444 171 NA NA NA NA NA NA 397 994 187 NA NA NA NA NA 
1735941600.0 280.0 186 209 404 0 NA NA NA NA NA 311 281 571 0 NA NA NA NA NA 745 252 958 152 NA NA NA NA NA 550 273 955 178 NA NA NA NA NA 
1735941600.0 28034.0 179 614 665 0 248 NA NA NA NA 244 811 877 0 343 NA NA NA NA 3107 1400 1714 276 696 NA NA NA NA 1368 1671 1552 394 900 NA NA NA NA 
1735941600.0 281.0 170 288 503 0 NA NA NA NA NA 325 379 671 0 NA NA NA NA NA 514 263 677 150 NA NA NA NA NA 338 265 736 167 NA NA NA NA NA 
1735941600.0 28434.0 167 629 681 0 240 NA NA NA NA 222 817 873 0 332 NA NA NA NA 2213 913 1201 237 421 NA NA NA NA 1134 772 1026 274 445 NA NA NA NA 
1735941600.0 28834.0 175 630 655 0 253 NA NA NA NA 228 826 817 0 344 NA NA NA NA 2053 864 1175 204 413 NA NA NA NA 1112 696 1008 232 432 NA NA NA NA 
1735941600.0 29.0 NA 241 457 0 NA NA NA NA NA NA 328 637 0 NA NA NA NA NA NA 742 1268 169 NA NA NA NA NA NA 385 1008 189 NA NA NA NA NA 
1735941600.0 29234.0 179 633 677 0 254 NA NA NA NA 239 817 871 0 346 NA NA NA NA 2643 1251 1881 319 645 NA NA NA NA 1269 1152 2272 513 755 NA NA NA NA 
1735941600.0 29634.0 NA 645 683 0 242 NA NA NA NA NA 827 890 0 347 NA NA NA NA NA 946 1294 239 429 NA NA NA NA NA 799 1245 253 476 NA NA NA NA 
1735941600.0 29634.21 NA 608 357 272 NA NA NA NA NA NA 813 523 364 NA NA NA NA NA NA 950 520 383 NA NA NA NA NA NA 614 438 327 NA NA NA NA NA 
1735941600.0 29634.402 NA 642 353 0 NA NA NA NA NA NA 992 798 0 NA NA NA NA NA NA 1358 690 142 NA NA NA NA NA NA 1041 691 181 NA NA NA NA NA 
1735941600.0 29634.5 NA 633 220 0 NA NA NA NA NA NA 835 310 0 NA NA NA NA NA NA 1412 680 123 NA NA NA NA NA NA 1156 716 159 NA NA NA NA NA 
1735941600.0 29634.702 NA 647 663 0 242 NA NA NA NA NA 820 851 0 352 NA NA NA NA NA 1012 1664 274 481 NA NA NA NA NA 795 1461 294 491 NA NA NA NA 
1735941600.0 29634.703 NA 636 320 0 NA NA NA NA NA NA 840 661 0 NA NA NA NA NA NA 1311 746 160 NA NA NA NA NA NA 1073 864 197 NA NA NA NA NA 
1735941600.0 29634.75 NA 630 NA NA NA NA NA NA NA NA 833 NA NA NA NA NA NA NA NA 1150 NA NA NA NA NA NA NA NA 782 NA NA NA NA NA NA NA 
1735941600.0 29634.9 NA 633 668 0 241 NA NA NA NA NA 835 890 0 348 NA NA NA NA NA 1037 1610 314 518 NA NA NA NA NA 968 1355 341 554 NA NA NA NA 
1735941600.0 29634.911 182 626 658 0 252 NA NA NA NA 242 826 874 0 358 NA NA NA NA 6524 3770 4060 1092 689 NA NA NA NA 3828 3316 3626 1380 909 NA NA NA NA 
1735941600.0 29661.0 NA 589 589 0 232 NA NA NA NA NA 775 729 0 338 NA NA NA NA NA 983 1376 272 522 NA NA NA NA NA 964 1371 299 561 NA NA NA NA 
1735941600.0 29696.0 NA 599 592 0 234 NA NA NA NA NA 777 738 0 341 NA NA NA NA NA 883 1399 261 468 NA NA NA NA NA 650 1395 278 470 NA NA NA NA 
1735941600.0 29700.0 NA 594 586 0 236 NA NA NA NA NA 792 734 0 328 NA NA NA NA NA 1100 1382 252 498 NA NA NA NA NA 826 1418 274 542 NA NA NA NA 
1735941600.0 29751.85 NA 939 1273 0 269 NA NA NA NA NA 1454 2052 0 374 NA NA NA NA NA 3968 157904 403 715 NA NA NA NA NA 2367 51501 519 691 NA NA NA NA 
1735941600.0 29834.114 NA 1530 2112 0 NA NA NA NA NA NA 2121 3488 0 NA NA NA NA NA NA 7697 12159 445 NA NA NA NA NA NA 3966 4557 482 NA NA NA NA NA 
1735941600.0 29834.99 NA 1072 1435 1302 0 NA NA NA NA NA 1473 1962 1846 0 NA NA NA NA NA 4680 3749 9139 400 NA NA NA NA NA 2307 1817 3457 436 NA NA NA NA 
1735941600.0 29861.97 1137 NA NA NA NA NA NA NA NA 1570 NA NA NA NA NA NA NA NA 4566 NA NA NA NA NA NA NA NA 1955 NA NA NA NA NA NA NA NA 
1735941600.0 3.0 147 207 325 NA NA NA NA NA NA 225 279 443 NA NA NA NA NA NA 1413 241 547 NA NA NA NA NA NA 637 272 542 NA NA NA NA NA NA 
1735941600.0 30.0 NA 244 437 0 NA NA NA NA NA NA 322 585 0 NA NA NA NA NA NA 770 1324 188 NA NA NA NA NA NA 405 934 215 NA NA NA NA NA 
1735941600.0 300.0 142 300 542 0 NA NA NA NA NA 213 408 740 0 NA NA NA NA NA 547 253 707 176 NA NA NA NA NA 413 351 776 191 NA NA NA NA NA 
1735941600.0 30034.0 182 641 679 0 253 NA NA NA NA 240 829 842 0 357 NA NA NA NA 1971 838 1171 205 411 NA NA NA NA 923 521 1007 231 450 NA NA NA NA 
1735941600.0 302.0 141 299 543 0 NA NA NA NA NA 211 388 743 0 NA NA NA NA NA 628 357 1062 285 NA NA NA NA NA 505 713 1394 654 NA NA NA NA NA 
1735941600.0 30434.0 182 641 671 0 253 NA NA NA NA 245 821 870 0 354 NA NA NA NA 1973 872 1173 204 415 NA NA NA NA 1093 707 1066 234 450 NA NA NA NA 
1735941600.0 30834.0 181 644 657 0 251 NA NA NA NA 241 821 904 0 360 NA NA NA NA 2550 1294 1881 294 596 NA NA NA NA 1451 868 2266 435 652 NA NA NA NA 
1735941600.0 31.0 NA 242 434 0 NA NA NA NA NA NA 329 588 0 NA NA NA NA NA NA 747 1177 169 NA NA NA NA NA NA 436 871 190 NA NA NA NA NA 
1735941600.0 310.0 148 291 516 0 NA NA NA NA NA 214 388 742 0 NA NA NA NA NA 1029 368 1052 285 NA NA NA NA NA 1124 514 1114 369 NA NA NA NA NA 
1735941600.0 311.0 152 280 513 0 NA NA NA NA NA 218 399 741 0 NA NA NA NA NA 1292 377 1117 300 NA NA NA NA NA 859 555 1181 384 NA NA NA NA NA 
1735941600.0 312.0 156 295 530 0 NA NA NA NA NA 218 401 755 0 NA NA NA NA NA 634 234 681 177 NA NA NA NA NA 691 306 757 195 NA NA NA NA NA 
1735941600.0 31234.0 173 626 674 0 251 NA NA NA NA 230 821 857 0 353 NA NA NA NA 2037 869 1184 204 414 NA NA NA NA 1084 723 996 225 477 NA NA NA NA 
1735941600.0 32.0 NA 241 440 0 NA NA NA NA NA NA 332 579 0 NA NA NA NA NA NA 769 1302 171 NA NA NA NA NA NA 400 885 191 NA NA NA NA NA 
1735941600.0 320.0 163 308 543 0 NA NA NA NA NA 243 396 764 0 NA NA NA NA NA 757 302 688 180 NA NA NA NA NA 721 361 778 203 NA NA NA NA NA 
1735941600.0 32034.0 181 625 687 0 252 NA NA NA NA 242 845 875 0 357 NA NA NA NA 3882 1481 1894 357 701 NA NA NA NA 1841 1297 1939 478 739 NA NA NA NA 
1735941600.0 321.0 165 295 524 0 NA NA NA NA NA 229 387 728 0 NA NA NA NA NA 978 288 664 181 NA NA NA NA NA 655 331 749 198 NA NA NA NA NA 
1735941600.0 322.0 167 349 605 0 NA NA NA NA NA 235 456 799 0 NA NA NA NA NA 802 363 869 180 NA NA NA NA NA 602 481 844 199 NA NA NA NA NA 
1735941600.0 32434.0 178 633 658 0 253 NA NA NA NA 243 862 865 0 348 NA NA NA NA 3340 1448 1934 369 670 NA NA NA NA 1760 1306 2059 428 757 NA NA NA NA 
1735941600.0 33.0 NA 241 433 0 NA NA NA NA NA NA 326 582 0 NA NA NA NA NA NA 723 1106 164 NA NA NA NA NA NA 376 864 179 NA NA NA NA NA 
1735941600.0 330.0 182 490 700 0 NA NA NA NA NA 254 718 887 0 NA NA NA NA NA 856 486 1107 213 NA NA NA NA NA 746 566 964 228 NA NA NA NA NA 
1735941600.0 331.0 183 505 700 0 NA NA NA NA NA 258 765 865 0 NA NA NA NA NA 1293 595 1608 223 NA NA NA NA NA 1116 677 1293 238 NA NA NA NA NA 
1735941600.0 332.0 185 496 702 0 NA NA NA NA NA 263 803 919 0 NA NA NA NA NA 907 494 1111 216 NA NA NA NA NA 719 564 971 244 NA NA NA NA NA 
1735941600.0 4.17 NA 130 415 0 286 NA NA NA NA NA 192 583 0 388 NA NA NA NA NA 209 1712 186 675 NA NA NA NA NA 213 1464 216 695 NA NA NA NA 
1735941600.0 4.22 NA 230 134 139 0 NA NA NA NA NA 353 201 215 0 NA NA NA NA NA 663 185 158 109 NA NA NA NA NA 743 241 250 135 NA NA NA NA 
1735941600.0 4.23 NA 157 416 0 NA NA NA NA NA NA 224 579 0 NA NA NA NA NA NA 287 1983 259 NA NA NA NA NA NA 394 1817 583 NA NA NA NA NA 
1735941600.0 4.24 NA 151 424 0 NA NA NA NA NA NA 216 573 0 NA NA NA NA NA NA 189 1344 126 NA NA NA NA NA NA 216 997 142 NA NA NA NA NA 
1735941600.0 4.25 NA 149 409 0 NA NA NA NA NA NA 219 578 0 NA NA NA NA NA NA 289 2031 209 NA NA NA NA NA NA 500 1720 292 NA NA NA NA NA 
1735941600.0 4.26 NA 149 434 0 NA NA NA NA NA NA 219 564 0 NA NA NA NA NA NA 188 1566 142 NA NA NA NA NA NA 183 1111 159 NA NA NA NA NA 
1735941600.0 4.27 NA 152 417 0 NA NA NA NA NA NA 219 564 0 NA NA NA NA NA NA 336 2194 281 NA NA NA NA NA NA 338 1739 380 NA NA NA NA NA 
1735941600.0 4.28 NA 159 416 0 NA NA NA NA NA NA 227 564 0 NA NA NA NA NA NA 258 1677 829 NA NA NA NA NA NA 472 1660 863 NA NA NA NA NA 
1735941600.0 4.29 NA 136 416 0 295 NA NA NA NA NA 206 583 0 396 NA NA NA NA NA 206 1783 152 699 NA NA NA NA NA 243 1356 188 722 NA NA NA NA 
1735941600.0 4.34 NA 153 434 0 NA NA NA NA NA NA 227 592 0 NA NA NA NA NA NA 316 2253 229 NA NA NA NA NA NA 407 1840 268 NA NA NA NA NA 
1735941600.0 4.36 NA 152 435 0 NA NA NA NA NA NA 224 575 0 NA NA NA NA NA NA 190 1498 125 NA NA NA NA NA NA 234 1001 141 NA NA NA NA NA 
1735941600.0 4.37 NA 151 434 0 NA NA NA NA NA NA 225 595 0 NA NA NA NA NA NA 311 2642 204 NA NA NA NA NA NA 387 1626 304 NA NA NA NA NA 
1735941600.0 4.4 NA 136 499 0 NA NA NA NA NA NA 205 770 0 NA NA NA NA NA NA 155 1563 123 NA NA NA NA NA NA 163 1105 140 NA NA NA NA NA 
1735941600.0 4.41 NA 132 502 0 NA NA NA NA NA NA 207 762 0 NA NA NA NA NA NA 162 2010 123 NA NA NA NA NA NA 198 1202 138 NA NA NA NA NA 
1735941600.0 4.43 NA 135 495 0 NA NA NA NA NA NA 215 764 0 NA NA NA NA NA NA 155 1549 123 NA NA NA NA NA NA 180 1038 138 NA NA NA NA NA 
1735941600.0 4.44 NA 134 498 0 NA NA NA NA NA NA 202 753 0 NA NA NA NA NA NA 161 1833 122 NA NA NA NA NA NA 189 1181 138 NA NA NA NA NA 
1735941600.0 4.45 NA 132 511 0 NA NA NA NA NA NA 204 763 0 NA NA NA NA NA NA 169 2476 127 NA NA NA NA NA NA 254 1269 148 NA NA NA NA NA 
1735941600.0 4.58 NA 136 504 0 NA NA NA NA NA NA 206 787 0 NA NA NA NA NA NA 160 1832 123 NA NA NA NA NA NA 159 1110 138 NA NA NA NA NA 
1735941600.0 4.6 NA 401 0 NA NA NA NA NA NA NA 541 0 NA NA NA NA NA NA NA 1198 168 NA NA NA NA NA NA NA 1086 189 NA NA NA NA NA NA 
1735941600.0 4.62 NA 131 508 0 NA NA NA NA NA NA 206 786 0 NA NA NA NA NA NA 168 2355 126 NA NA NA NA NA NA 217 1275 142 NA NA NA NA NA 
1735941600.0 4.64 NA 133 513 0 NA NA NA NA NA NA 206 800 0 NA NA NA NA NA NA 166 2477 127 NA NA NA NA NA NA 183 1260 144 NA NA NA NA NA 
1735941600.0 4.74 NA 132 509 0 NA NA NA NA NA NA 204 778 0 NA NA NA NA NA NA 165 2164 127 NA NA NA NA NA NA 198 1166 143 NA NA NA NA NA 
1735941600.0 4000.0 NA 242 452 NA NA NA NA NA NA NA 342 635 NA NA NA NA NA NA NA 843 1831 NA NA NA NA NA NA NA 428 1237 NA NA NA NA NA NA 
1735941600.0 4001.0 NA 301 501 NA NA NA NA NA NA NA 406 679 NA NA NA NA NA NA NA 404 1108 NA NA NA NA NA NA NA 427 1083 NA NA NA NA NA NA 
1735941600.0 4002.0 NA 243 435 NA NA NA NA NA NA NA 338 585 NA NA NA NA NA NA NA 744 1222 NA NA NA NA NA NA NA 357 1175 NA NA NA NA NA NA 
1735941600.0 4003.0 NA 243 437 NA NA NA NA NA NA NA 328 606 NA NA NA NA NA NA NA 760 1374 NA NA NA NA NA NA NA 371 1240 NA NA NA NA NA NA 
1735941600.0 4006.0 123 285 485 NA NA NA NA NA NA 182 383 646 NA NA NA NA NA NA 289 391 990 NA NA NA NA NA NA 237 390 919 NA NA NA NA NA NA 
1735941600.0 4007.0 119 0 0 NA NA NA NA NA NA 176 0 0 NA NA NA NA NA NA 212 146 661 NA NA NA NA NA NA 210 233 921 NA NA NA NA NA NA 
1735941600.0 4008.0 125 213 413 NA NA NA NA NA NA 188 292 564 NA NA NA NA NA NA 292 208 755 NA NA NA NA NA NA 310 339 972 NA NA NA NA NA NA 
1735941600.0 44.0 NA 239 438 0 NA NA NA NA NA NA 343 621 0 NA NA NA NA NA NA 751 1416 168 NA NA NA NA NA NA 405 1025 186 NA NA NA NA NA 
1735941600.0 45.0 NA 244 445 0 NA NA NA NA NA NA 337 613 0 NA NA NA NA NA NA 756 1431 176 NA NA NA NA NA NA 389 959 196 NA NA NA NA NA 
1735941600.0 5.1 413 0 NA NA NA NA NA NA NA 537 0 NA NA NA NA NA NA NA 603 120 NA NA NA NA NA NA NA 669 134 NA NA NA NA NA NA NA 
1735941600.0 5.2 336 0 NA NA NA NA NA NA NA 447 0 NA NA NA NA NA NA NA 478 123 NA NA NA NA NA NA NA 550 139 NA NA NA NA NA NA NA 
1735941600.0 5.3 330 0 NA NA NA NA NA NA NA 453 0 NA NA NA NA NA NA NA 521 126 NA NA NA NA NA NA NA 677 157 NA NA NA NA NA NA NA 
1735941600.0 5.4 410 0 NA NA NA NA NA NA NA 548 0 NA NA NA NA NA NA NA 369 91 NA NA NA NA NA NA NA 307 112 NA NA NA NA NA NA NA 
1735941600.0 5.5 404 0 NA NA NA NA NA NA NA 538 0 NA NA NA NA NA NA NA 514 148 NA NA NA NA NA NA NA 541 197 NA NA NA NA NA NA NA 
1735941600.0 5.6 413 0 NA NA NA NA NA NA NA 554 0 NA NA NA NA NA NA NA 525 131 NA NA NA NA NA NA NA 626 172 NA NA NA NA NA NA NA 
1735941600.0 5.7 416 0 NA NA NA NA NA NA NA 533 0 NA NA NA NA NA NA NA 524 141 NA NA NA NA NA NA NA 564 181 NA NA NA NA NA NA NA 
1735941600.0 500199.0 285 NA NA NA NA NA NA NA NA 389 NA NA NA NA NA NA NA NA 823 NA NA NA NA NA NA NA NA 710 NA NA NA NA NA NA NA NA 
1735941600.0 500200.1 158 315 360 NA NA NA NA NA NA 228 433 498 NA NA NA NA NA NA 677 314 824 NA NA NA NA NA NA 356 359 724 NA NA NA NA NA NA 
1735941600.0 500204.0 NA 338 477 0 NA NA NA NA NA NA 465 636 0 NA NA NA NA NA NA 1400 1070 171 NA NA NA NA NA NA 653 884 195 NA NA NA NA NA 
1735941600.0 500205.0 NA 338 469 0 NA NA NA NA NA NA 455 624 0 NA NA NA NA NA NA 1397 1047 164 NA NA NA NA NA NA 697 830 174 NA NA NA NA NA 
1735941600.0 500206.0 NA 331 480 0 NA NA NA NA NA NA 468 627 0 NA NA NA NA NA NA 1837 1431 228 NA NA NA NA NA NA 974 1159 243 NA NA NA NA NA 
1735941600.0 50200.0 NA 347 589 0 NA NA NA NA NA NA 476 772 0 NA NA NA NA NA NA 584 1219 169 NA NA NA NA NA NA 479 1056 182 NA NA NA NA NA 
1735941600.0 50202.0 NA 354 599 0 NA NA NA NA NA NA 473 788 0 NA NA NA NA NA NA 574 1233 174 NA NA NA NA NA NA 487 1095 196 NA NA NA NA NA 
1735941600.0 50203.0 NA 349 579 0 NA NA NA NA NA NA 498 777 0 NA NA NA NA NA NA 918 1961 249 NA NA NA NA NA NA 839 1713 327 NA NA NA NA NA 
1735941600.0 50204.0 NA 331 555 0 NA NA NA NA NA NA 463 734 0 NA NA NA NA NA NA 853 1628 277 NA NA NA NA NA NA 695 1610 476 NA NA NA NA NA 
1735941600.0 50205.0 NA 328 551 0 NA NA NA NA NA NA 471 745 0 NA NA NA NA NA NA 904 1679 259 NA NA NA NA NA NA 865 2084 511 NA NA NA NA NA 
1735941600.0 50206.0 NA 359 599 0 NA NA NA NA NA NA 467 802 0 NA NA NA NA NA NA 588 1256 176 NA NA NA NA NA NA 432 1101 189 NA NA NA NA NA 
1735941600.0 50207.0 NA 347 581 0 NA NA NA NA NA NA 474 760 0 NA NA NA NA NA NA 570 1137 162 NA NA NA NA NA NA 472 1193 180 NA NA NA NA NA 
1735941600.0 50208.0 NA 346 585 0 NA NA NA NA NA NA 464 770 0 NA NA NA NA NA NA 900 2324 277 NA NA NA NA NA NA 628 1639 372 NA NA NA NA NA 
1735941600.0 503.0 87 0 NA NA NA NA NA NA NA 118 0 NA NA NA NA NA NA NA 1350 55 NA NA NA NA NA NA NA 769 71 NA NA NA NA NA NA NA 
1735941600.0 504.0 92 0 NA NA NA NA NA NA NA 121 0 NA NA NA NA NA NA NA 135 94 NA NA NA NA NA NA NA 163 138 NA NA NA NA NA NA NA 
1735941600.0 505.0 91 0 NA NA NA NA NA NA NA 120 0 NA NA NA NA NA NA NA 152 76 NA NA NA NA NA NA NA 163 106 NA NA NA NA NA NA NA 
1735941600.0 506.0 92 0 NA NA NA NA NA NA NA 121 0 NA NA NA NA NA NA NA 132 82 NA NA NA NA NA NA NA 146 118 NA NA NA NA NA NA NA 
1735941600.0 507.0 85 0 NA NA NA NA NA NA NA 116 0 NA NA NA NA NA NA NA 877 94 NA NA NA NA NA NA NA 566 128 NA NA NA NA NA NA NA 
1735941600.0 508.0 88 0 NA NA NA NA NA NA NA 121 0 NA NA NA NA NA NA NA 137 77 NA NA NA NA NA NA NA 151 101 NA NA NA NA NA NA NA 
1735941600.0 509.0 84 0 NA NA NA NA NA NA NA 115 0 NA NA NA NA NA NA NA 127 93 NA NA NA NA NA NA NA 142 148 NA NA NA NA NA NA NA 
1735941600.0 510.0 86 0 NA NA NA NA NA NA NA 116 0 NA NA NA NA NA NA NA 1359 57 NA NA NA NA NA NA NA 780 71 NA NA NA NA NA NA NA 
1735941600.0 511.0 94 0 NA NA NA NA NA NA NA 121 0 NA NA NA NA NA NA NA 3852 86 NA NA NA NA NA NA NA 4563 104 NA NA NA NA NA NA NA 
1735941600.0 512.0 66 94 0 NA NA NA NA NA NA 106 126 0 NA NA NA NA NA NA 3651 171 76 NA NA NA NA NA NA 2689 236 88 NA NA NA NA NA NA 
1735941600.0 513.0 66 94 0 NA NA NA NA NA NA 108 126 0 NA NA NA NA NA NA 1130 149 70 NA NA NA NA NA NA 395 153 81 NA NA NA NA NA NA 
1735941600.0 514.0 66 94 0 NA NA NA NA NA NA 105 134 0 NA NA NA NA NA NA 646 146 83 NA NA NA NA NA NA 328 138 109 NA NA NA NA NA NA 
1735941600.0 515.0 66 94 0 NA NA NA NA NA NA 106 125 0 NA NA NA NA NA NA 2625 94 56 NA NA NA NA NA NA 2103 104 67 NA NA NA NA NA NA 
1735941600.0 516.0 66 94 0 NA NA NA NA NA NA 106 126 0 NA NA NA NA NA NA 3053 111 78 NA NA NA NA NA NA 2092 105 102 NA NA NA NA NA NA 
1735941600.0 517.0 65 95 0 NA NA NA NA NA NA 106 130 0 NA NA NA NA NA NA 654 126 82 NA NA NA NA NA NA 244 123 105 NA NA NA NA NA NA 
1735941600.0 518.0 66 88 0 NA NA NA NA NA NA 107 119 0 NA NA NA NA NA NA 3183 111 90 NA NA NA NA NA NA 2274 109 113 NA NA NA NA NA NA 
1735941600.0 519.0 67 88 0 NA NA NA NA NA NA 107 117 0 NA NA NA NA NA NA 4141 149 90 NA NA NA NA NA NA 3587 242 106 NA NA NA NA NA NA 
1735941600.0 520.0 66 95 0 NA NA NA NA NA NA 105 133 0 NA NA NA NA NA NA 734 140 86 NA NA NA NA NA NA 346 158 105 NA NA NA NA NA NA 
1735941600.0 521.0 66 88 0 NA NA NA NA NA NA 106 120 0 NA NA NA NA NA NA 2683 71 55 NA NA NA NA NA NA 1802 91 65 NA NA NA NA NA NA 
1735941600.0 522.0 67 88 0 NA NA NA NA NA NA 107 118 0 NA NA NA NA NA NA 1181 121 80 NA NA NA NA NA NA 443 163 104 NA NA NA NA NA NA 
1735941600.0 523.0 66 90 0 NA NA NA NA NA NA 107 118 0 NA NA NA NA NA NA 1589 119 84 NA NA NA NA NA NA 513 159 99 NA NA NA NA NA NA 
1735941600.0 524.0 65 89 0 NA NA NA NA NA NA 105 125 0 NA NA NA NA NA NA 680 115 90 NA NA NA NA NA NA 262 144 106 NA NA NA NA NA NA 
1735941600.0 525.0 66 87 0 NA NA NA NA NA NA 106 116 0 NA NA NA NA NA NA 2768 69 58 NA NA NA NA NA NA 1748 78 74 NA NA NA NA NA NA 
1735941600.0 526.0 66 87 0 NA NA NA NA NA NA 106 121 0 NA NA NA NA NA NA 2930 85 87 NA NA NA NA NA NA 2193 94 102 NA NA NA NA NA NA 
1735941600.0 527.0 65 89 0 NA NA NA NA NA NA 106 123 0 NA NA NA NA NA NA 780 105 77 NA NA NA NA NA NA 310 153 93 NA NA NA NA NA NA 
1735941600.0 528.0 67 88 0 NA NA NA NA NA NA 105 119 0 NA NA NA NA NA NA 3690 103 78 NA NA NA NA NA NA 2245 137 94 NA NA NA NA NA NA 
1735941600.0 529.0 66 88 0 NA NA NA NA NA NA 106 119 0 NA NA NA NA NA NA 3371 106 73 NA NA NA NA NA NA 2164 128 96 NA NA NA NA NA NA 
1735941600.0 530.0 65 88 0 NA NA NA NA NA NA 105 124 0 NA NA NA NA NA NA 691 111 88 NA NA NA NA NA NA 309 141 136 NA NA NA NA NA NA 
1735941600.0 531.0 110 0 NA NA NA NA NA NA NA 224 0 NA NA NA NA NA NA NA 101 95 NA NA NA NA NA NA NA 139 134 NA NA NA NA NA NA NA 
1735941600.0 534.0 231 0 NA NA NA NA NA NA NA 272 0 NA NA NA NA NA NA NA 711 56 NA NA NA NA NA NA NA 921 71 NA NA NA NA NA NA NA 
1735941600.0 535.0 99 0 NA NA NA NA NA NA NA 146 0 NA NA NA NA NA NA NA 742 94 NA NA NA NA NA NA NA 504 130 NA NA NA NA NA NA NA 
1735941600.0 536.0 94 0 NA NA NA NA NA NA NA 125 0 NA NA NA NA NA NA NA 158 92 NA NA NA NA NA NA NA 199 127 NA NA NA NA NA NA NA 
1735941600.0 537.0 98 0 NA NA NA NA NA NA NA 143 0 NA NA NA NA NA NA NA 2626 96 NA NA NA NA NA NA NA 1016 122 NA NA NA NA NA NA NA 
1735941600.0 538.0 98 0 NA NA NA NA NA NA NA 141 0 NA NA NA NA NA NA NA 3941 86 NA NA NA NA NA NA NA 4317 101 NA NA NA NA NA NA NA 
1735941600.0 539.0 99 0 NA NA NA NA NA NA NA 131 0 NA NA NA NA NA NA NA 15758 82 NA NA NA NA NA NA NA 20593 111 NA NA NA NA NA NA NA 
1735941600.0 541.0 86 0 NA NA NA NA NA NA NA 117 0 NA NA NA NA NA NA NA 118 91 NA NA NA NA NA NA NA 143 131 NA NA NA NA NA NA NA 
1735941600.0 545.0 87 0 NA NA NA NA NA NA NA 117 0 NA NA NA NA NA NA NA 155 95 NA NA NA NA NA NA NA 201 134 NA NA NA NA NA NA NA 
1735941600.0 551.0 66 93 0 NA NA NA NA NA NA 107 126 0 NA NA NA NA NA NA 1585 215 83 NA NA NA NA NA NA 610 195 93 NA NA NA NA NA NA 
1735941600.0 552.0 65 94 0 NA NA NA NA NA NA 106 132 0 NA NA NA NA NA NA 757 141 88 NA NA NA NA NA NA 351 136 100 NA NA NA NA NA NA 
1735941600.0 554.0 66 94 0 NA NA NA NA NA NA 105 128 0 NA NA NA NA NA NA 2391 94 56 NA NA NA NA NA NA 759 96 66 NA NA NA NA NA NA 
1735941600.0 555.0 66 94 0 NA NA NA NA NA NA 107 131 0 NA NA NA NA NA NA 2222 131 77 NA NA NA NA NA NA 742 145 96 NA NA NA NA NA NA 
1735941600.0 556.0 66 95 0 NA NA NA NA NA NA 106 132 0 NA NA NA NA NA NA 595 167 92 NA NA NA NA NA NA 248 173 126 NA NA NA NA NA NA 
1735941600.0 560.0 90 0 NA NA NA NA NA NA NA 121 0 NA NA NA NA NA NA NA 145 97 NA NA NA NA NA NA NA 156 137 NA NA NA NA NA NA NA 
1735941600.0 561.0 92 0 NA NA NA NA NA NA NA 121 0 NA NA NA NA NA NA NA 127 85 NA NA NA NA NA NA NA 160 109 NA NA NA NA NA NA NA 
1735941600.0 562.0 66 91 0 NA NA NA NA NA NA 106 126 0 NA NA NA NA NA NA 599 139 94 NA NA NA NA NA NA 265 147 134 NA NA NA NA NA NA 
1735941600.0 570.0 81 0 NA NA NA NA NA NA NA 111 0 NA NA NA NA NA NA NA 198 87 NA NA NA NA NA NA NA 177 110 NA NA NA NA NA NA NA 
1735941600.0 571.0 82 0 NA NA NA NA NA NA NA 111 0 NA NA NA NA NA NA NA 251 92 NA NA NA NA NA NA NA 167 126 NA NA NA NA NA NA NA 
1735941600.0 572.0 81 0 NA NA NA NA NA NA NA 109 0 NA NA NA NA NA NA NA 169 100 NA NA NA NA NA NA NA 169 144 NA NA NA NA NA NA NA 
1735941600.0 573.0 83 0 NA NA NA NA NA NA NA 109 0 NA NA NA NA NA NA NA 490 91 NA NA NA NA NA NA NA 337 118 NA NA NA NA NA NA NA 
1735941600.0 574.0 83 0 NA NA NA NA NA NA NA 113 0 NA NA NA NA NA NA NA 549 87 NA NA NA NA NA NA NA 419 130 NA NA NA NA NA NA NA 
1735941600.0 575.0 81 0 NA NA NA NA NA NA NA 109 0 NA NA NA NA NA NA NA 535 86 NA NA NA NA NA NA NA 401 116 NA NA NA NA NA NA NA 
1735941600.0 576.0 82 0 NA NA NA NA NA NA NA 110 0 NA NA NA NA NA NA NA 158 86 NA NA NA NA NA NA NA 155 119 NA NA NA NA NA NA NA 
1735941600.0 577.0 81 0 NA NA NA NA NA NA NA 108 0 NA NA NA NA NA NA NA 149 84 NA NA NA NA NA NA NA 163 110 NA NA NA NA NA NA NA 
1735941600.0 6.0 NA 213 397 0 NA NA NA NA NA NA 298 551 0 NA NA NA NA NA NA 647 888 149 NA NA NA NA NA NA 344 879 169 NA NA NA NA NA 
1735941600.0 7.0 119 199 222 122 0 NA NA NA NA 172 276 337 189 0 NA NA NA NA 314 288 480 178 119 NA NA NA NA 383 373 557 237 148 NA NA NA NA 
1735941600.0 7.1 116 192 219 121 0 NA NA NA NA 170 260 330 189 0 NA NA NA NA 479 279 401 191 108 NA NA NA NA 469 379 453 260 134 NA NA NA NA 
1735941600.0 7.2 118 301 335 128 0 NA NA NA NA 171 395 514 198 0 NA NA NA NA 243 668 369 125 95 NA NA NA NA 257 377 444 171 104 NA NA NA NA 
1735941600.0 7.21 120 294 326 128 0 NA NA NA NA 170 376 516 195 0 NA NA NA NA 328 752 555 159 155 NA NA NA NA 399 733 654 201 187 NA NA NA NA 
1735941600.0 7.22 118 236 287 126 0 NA NA NA NA 173 322 427 194 0 NA NA NA NA 318 274 524 166 128 NA NA NA NA 373 361 625 252 157 NA NA NA NA 
1735941600.0 7.23 126 240 322 124 0 NA NA NA NA 182 345 484 192 0 NA NA NA NA 627 312 578 166 167 NA NA NA NA 911 364 682 212 219 NA NA NA NA 
1735941600.0 7.24 121 244 319 120 0 NA NA NA NA 175 351 474 186 0 NA NA NA NA 618 303 551 153 155 NA NA NA NA 636 298 606 217 190 NA NA NA NA 
1735941600.0 7.3 118 273 320 127 0 NA NA NA NA 173 359 515 199 0 NA NA NA NA 406 366 365 122 95 NA NA NA NA 393 389 454 167 105 NA NA NA NA 
1735941600.0 7.4 120 288 328 127 0 NA NA NA NA 172 373 531 198 0 NA NA NA NA 353 700 481 175 149 NA NA NA NA 425 700 582 254 192 NA NA NA NA 
1735941600.0 7.5 133 394 208 NA NA NA NA NA NA 172 612 301 NA NA NA NA NA NA 788 700 378 NA NA NA NA NA NA 838 704 361 NA NA NA NA NA NA 
1735941600.0 8.0 NA 212 224 107 0 NA NA NA NA NA 299 349 168 0 NA NA NA NA NA 653 348 84 78 NA NA NA NA NA 380 330 104 99 NA NA NA NA 
1735941600.0 8.1 119 317 342 107 0 NA NA NA NA 172 417 541 172 0 NA NA NA NA 275 1121 560 111 122 NA NA NA NA 313 507 655 163 136 NA NA NA NA 
1735941600.0 8.2 125 270 336 106 0 NA NA NA NA 167 360 502 170 0 NA NA NA NA 555 377 494 118 157 NA NA NA NA 526 347 557 153 204 NA NA NA NA 
1735941600.0 9.0 NA 240 445 0 NA NA NA NA NA NA 333 595 0 NA NA NA NA NA NA 817 1723 181 NA NA NA NA NA NA 390 1000 197 NA NA NA NA NA 
