Timestamp WorkflowId PeakValueRss1 PeakValueRss2 PeakValueRss3 PeakValueRss4 PeakValueRss5 PeakValueRss6 PeakValueRss7 PeakValueRss8 PeakValueVsize1 PeakValueVsize2 PeakValueVsize3 PeakValueVsize4 PeakValueVsize5 PeakValueVsize6 PeakValueVsize7 PeakValueVsize8 TotalJobCPU1 TotalJobCPU2 TotalJobCPU3 TotalJobCPU4 TotalJobCPU5 TotalJobCPU6 TotalJobCPU7 TotalJobCPU8 TotalJobTime1 TotalJobTime2 TotalJobTime3 TotalJobTime4 TotalJobTime5 TotalJobTime6 TotalJobTime7 TotalJobTime8
1585436400.0 1.0 84 79 137 NA NA NA NA NA 175 367 243 NA NA NA NA NA 1460 341 256 NA NA NA NA NA 996 303 1000 NA NA NA NA NA
1585436400.0 10.0 NA 114 483 0 NA NA NA NA NA 365 577 0 NA NA NA NA NA 2041 1823 333 NA NA NA NA NA 936 1713 603 NA NA NA NA
1585436400.0 1000.0 NA 473 153 0 48 NA NA NA NA 574 247 0 91 NA NA NA NA 2054 910 475 124 NA NA NA NA 1644 663 578 104 NA NA NA
1585436400.0 10001.0 NA 187 651 81 0 NA NA NA NA 470 807 133 0 NA NA NA NA 520 918 177 1316 NA NA NA NA 487 4710 566 2024 NA NA NA
1585436400.0 10002.0 NA 189 651 80 0 NA NA NA NA 476 813 132 0 NA NA NA NA 537 905 181 1306 NA NA NA NA 804 2397 361 1538 NA NA NA
1585436400.0 10003.0 NA 194 654 80 0 NA NA NA NA 477 818 132 0 NA NA NA NA 539 932 180 1306 NA NA NA NA 1035 2206 356 1667 NA NA NA
1585436400.0 10004.0 NA 187 651 81 0 NA NA NA NA 476 811 131 0 NA NA NA NA 533 895 172 1364 NA NA NA NA 633 2203 258 1632 NA NA NA
1585436400.0 10005.0 NA 189 652 81 0 NA NA NA NA 480 809 132 0 NA NA NA NA 509 908 179 1304 NA NA NA NA 589 4063 1012 1876 NA NA NA
1585436400.0 10006.0 NA 186 650 79 0 NA NA NA NA 483 810 132 0 NA NA NA NA 509 897 171 1323 NA NA NA NA 794 2584 337 2075 NA NA NA
1585436400.0 10007.0 NA 190 653 90 0 NA NA NA NA 473 812 143 0 NA NA NA NA 716 921 194 1304 NA NA NA NA 1057 1978 311 1508 NA NA NA
1585436400.0 10008.0 NA 190 654 92 0 NA NA NA NA 478 815 142 0 NA NA NA NA 535 952 192 1316 NA NA NA NA 1258 3301 764 1648 NA NA NA
1585436400.0 10009.0 NA 189 651 91 0 NA NA NA NA 488 813 144 0 NA NA NA NA 562 985 191 1321 NA NA NA NA 676 1914 271 1521 NA NA NA
1585436400.0 1001.0 NA 445 375 0 0 0 0 0 NA 540 462 0 0 0 0 0 NA 1725 541 7 21 507 25 529 NA 1636 780 92 198 661 70 593
1585436400.0 1002.0 NA 464 72 NA NA NA NA NA NA 553 123 NA NA NA NA NA NA 1817 325 NA NA NA NA NA NA 3199 396 NA NA NA NA NA
1585436400.0 10023.0 NA 188 650 80 0 NA NA NA NA 484 814 133 0 NA NA NA NA 519 913 171 1303 NA NA NA NA 664 1809 388 1594 NA NA NA
1585436400.0 10024.0 NA 211 675 100 0 NA NA NA NA 476 830 143 0 NA NA NA NA 731 1187 194 1399 NA NA NA NA 1331 2227 369 1779 NA NA NA
1585436400.0 10024.1 NA 212 267 0 NA NA NA NA NA 481 370 0 NA NA NA NA NA 721 430 207 NA NA NA NA NA 1412 721 257 NA NA NA NA
1585436400.0 10024.2 NA 217 674 0 NA NA NA NA NA 475 830 0 NA NA NA NA NA 720 1176 1322 NA NA NA NA NA 815 2360 1608 NA NA NA NA
1585436400.0 10024.3 NA 214 242 0 NA NA NA NA NA 476 344 0 NA NA NA NA NA 760 435 178 NA NA NA NA NA 1474 4241 217 NA NA NA NA
1585436400.0 10024.4 NA 219 678 0 NA NA NA NA NA 476 844 0 NA NA NA NA NA 700 1217 1369 NA NA NA NA NA 775 1967 1749 NA NA NA NA
1585436400.0 10024.5 NA 217 266 0 NA NA NA NA NA 476 372 0 NA NA NA NA NA 735 433 202 NA NA NA NA NA 1216 797 212 NA NA NA NA
1585436400.0 10024.6 NA 215 665 0 NA NA NA NA NA 478 826 0 NA NA NA NA NA 742 1173 1308 NA NA NA NA NA 964 1987 1665 NA NA NA NA
1585436400.0 10025.0 NA 200 661 82 0 NA NA NA NA 477 823 134 0 NA NA NA NA 613 1033 179 1332 NA NA NA NA 725 2220 403 1695 NA NA NA
1585436400.0 10026.0 NA 216 676 82 0 NA NA NA NA 477 837 134 0 NA NA NA NA 738 1342 188 1343 NA NA NA NA 1098 3179 593 1739 NA NA NA
1585436400.0 1003.0 NA 406 0 NA NA NA NA NA NA 517 0 NA NA NA NA NA NA 2353 399 NA NA NA NA NA NA 2570 525 NA NA NA NA NA
1585436400.0 1004.0 NA 351 357 0 0 0 0 NA NA 438 444 0 0 0 0 NA NA 566 317 7 22 502 515 NA NA 764 745 86 76 650 577 NA
1585436400.0 10042.0 NA 200 662 91 0 NA NA NA NA 487 823 143 0 NA NA NA NA 625 1053 199 1347 NA NA NA NA 760 2481 576 1747 NA NA NA
1585436400.0 10059.0 NA 218 681 91 0 NA NA NA NA 483 839 142 0 NA NA NA NA 790 1640 201 1338 NA NA NA NA 1132 4827 381 1860 NA NA NA
1585436400.0 10071.0 NA 208 668 90 0 NA NA NA NA 488 825 142 0 NA NA NA NA 658 1237 194 1332 NA NA NA NA 741 2326 661 1629 NA NA NA
1585436400.0 101.0 80 NA NA NA NA NA NA NA 149 NA NA NA NA NA NA NA 700 NA NA NA NA NA NA NA 794 NA NA NA NA NA NA NA
1585436400.0 1010.0 NA 22 71 0 NA NA NA NA NA 70 121 0 NA NA NA NA NA 14 86 25 NA NA NA NA NA 88 76 30 NA NA NA NA
1585436400.0 102.0 80 NA NA NA NA NA NA NA 149 NA NA NA NA NA NA NA 534 NA NA NA NA NA NA NA 662 NA NA NA NA NA NA NA
1585436400.0 1020.0 NA 34 NA NA NA NA NA NA NA 106 NA NA NA NA NA NA NA 43 NA NA NA NA NA NA NA 212 NA NA NA NA NA NA
1585436400.0 10224.0 NA 334 938 0 NA NA NA NA NA 536 1163 0 NA NA NA NA NA 3410 4330 1373 NA NA NA NA NA 13495 3625 1596 NA NA NA NA
1585436400.0 10225.0 NA 328 952 0 NA NA NA NA NA 543 1180 0 NA NA NA NA NA 3017 4261 1360 NA NA NA NA NA 13608 4342 1596 NA NA NA NA
1585436400.0 103.0 42 0 0 NA NA NA NA NA 89 0 0 NA NA NA NA NA 606 119 272 NA NA NA NA NA 455 122 470 NA NA NA NA NA
1585436400.0 1030.0 NA 148 37 0 NA NA NA NA NA 260 83 0 NA NA NA NA NA 1510 46 2 NA NA NA NA NA 1779 37 15 NA NA NA NA
1585436400.0 10424.0 NA 211 672 0 NA NA NA NA NA 477 823 0 NA NA NA NA NA 684 1169 1349 NA NA NA NA NA 840 2138 1600 NA NA NA NA
1585436400.0 105.0 86 83 25 NA NA NA NA NA 183 360 66 NA NA NA NA NA 1369 340 2 NA NA NA NA NA 801 443 6 NA NA NA NA NA
1585436400.0 106.0 43 0 0 NA NA NA NA NA 88 0 0 NA NA NA NA NA 814 102 275 NA NA NA NA NA 746 89 448 NA NA NA NA NA
1585436400.0 107.0 89 90 457 NA NA NA NA NA 185 361 558 NA NA NA NA NA 2936 394 512 NA NA NA NA NA 1178 545 584 NA NA NA NA NA
1585436400.0 108.0 94 95 458 NA NA NA NA NA 191 368 551 NA NA NA NA NA 3832 398 603 NA NA NA NA NA 1431 354 1083 NA NA NA NA NA
1585436400.0 10823.0 63 191 652 80 0 NA NA NA 122 473 814 133 0 NA NA NA 1411 546 958 169 1322 NA NA NA 1013 719 14210 245 1499 NA NA NA
1585436400.0 10824.0 72 213 680 93 0 NA NA NA 134 473 837 142 0 NA NA NA 4098 765 1237 195 1346 NA NA NA 1986 808 2405 540 1516 NA NA NA
1585436400.0 10825.0 67 200 666 80 0 NA NA NA 127 473 825 133 0 NA NA NA 3111 641 1071 175 1343 NA NA NA 1591 850 2637 326 1512 NA NA NA
1585436400.0 10826.0 75 219 685 91 0 NA NA NA 140 474 834 142 0 NA NA NA 5993 779 1458 197 1344 NA NA NA 2969 788 3612 364 1747 NA NA NA
1585436400.0 10842.0 57 187 647 95 0 NA NA NA 109 473 810 142 0 NA NA NA 812 415 871 220 1333 NA NA NA 992 609 4128 373 1479 NA NA NA
1585436400.0 109.0 90 90 460 NA NA NA NA NA 188 368 561 NA NA NA NA NA 4142 424 593 NA NA NA NA NA 1548 409 706 NA NA NA NA NA
1585436400.0 11.0 NA 97 561 0 57 NA NA NA NA 372 665 0 105 NA NA NA NA 1625 946 396 55 NA NA NA NA 714 1273 471 252 NA NA NA
1585436400.0 110.0 59 82 454 NA NA NA NA NA 123 368 555 NA NA NA NA NA 753 321 437 NA NA NA NA NA 450 438 679 NA NA NA NA NA
1585436400.0 1102.0 NA 114 485 127 78 NA NA NA NA 372 574 211 163 NA NA NA NA 2427 2583 1312 243 NA NA NA NA 1284 1371 1371 204 NA NA NA
1585436400.0 111.0 86 85 453 NA NA NA NA NA 182 361 569 NA NA NA NA NA 1580 322 466 NA NA NA NA NA 923 720 3574 NA NA NA NA NA
1585436400.0 112.0 89 89 455 NA NA NA NA NA 189 368 546 NA NA NA NA NA 2862 438 486 NA NA NA NA NA 980 928 1710 NA NA NA NA NA
1585436400.0 11224.0 72 213 676 0 NA NA NA NA 134 472 837 0 NA NA NA NA 3950 753 1260 1403 NA NA NA NA 1694 676 7973 1538 NA NA NA NA
1585436400.0 113.0 89 95 456 NA NA NA NA NA 188 361 556 NA NA NA NA NA 3022 389 499 NA NA NA NA NA 1182 395 570 NA NA NA NA NA
1585436400.0 114.0 86 89 457 NA NA NA NA NA 184 368 542 NA NA NA NA NA 3017 402 521 NA NA NA NA NA 1034 409 842 NA NA NA NA NA
1585436400.0 115.0 89 90 461 NA NA NA NA NA 185 369 552 NA NA NA NA NA 3185 384 540 NA NA NA NA NA 1259 311 760 NA NA NA NA NA
1585436400.0 116.0 83 88 459 NA NA NA NA NA 181 368 539 NA NA NA NA NA 3484 387 538 NA NA NA NA NA 1514 445 748 NA NA NA NA NA
1585436400.0 11623.0 62 189 660 80 0 NA NA NA 108 474 826 131 0 NA NA NA 1380 654 1123 199 1396 NA NA NA 1215 735 2643 349 1550 NA NA NA
1585436400.0 11624.0 71 215 689 91 0 NA NA NA 120 471 819 144 0 NA NA NA 3628 903 1447 286 1430 NA NA NA 2005 978 2747 634 1557 NA NA NA
1585436400.0 11625.0 66 201 673 80 0 NA NA NA 113 485 827 132 0 NA NA NA 2680 749 1242 208 1406 NA NA NA 1573 910 3061 374 1576 NA NA NA
1585436400.0 11626.0 71 230 682 90 0 NA NA NA 121 475 843 142 0 NA NA NA 5510 1041 1610 282 1436 NA NA NA 2638 1073 4472 533 1708 NA NA NA
1585436400.0 11642.0 57 188 656 90 0 NA NA NA 102 475 816 143 0 NA NA NA 888 497 987 282 1403 NA NA NA 930 830 2606 672 1562 NA NA NA
1585436400.0 117.0 85 90 459 NA NA NA NA NA 190 361 568 NA NA NA NA NA 3452 436 554 NA NA NA NA NA 1293 614 668 NA NA NA NA NA
1585436400.0 118.0 89 92 460 NA NA NA NA NA 186 361 549 NA NA NA NA NA 3367 413 586 NA NA NA NA NA 1412 475 937 NA NA NA NA NA
1585436400.0 119.0 84 88 455 NA NA NA NA NA 180 368 569 NA NA NA NA NA 2748 379 507 NA NA NA NA NA 1315 381 667 NA NA NA NA NA
1585436400.0 12.0 NA 111 481 0 NA NA NA NA NA 372 596 0 NA NA NA NA NA 1990 1812 357 NA NA NA NA NA 1519 5202 413 NA NA NA NA
1585436400.0 120.0 58 79 451 NA NA NA NA NA 136 361 550 NA NA NA NA NA 713 325 433 NA NA NA NA NA 529 282 617 NA NA NA NA NA
1585436400.0 12024.0 71 216 682 0 NA NA NA NA 119 484 847 0 NA NA NA NA 3492 869 1406 1427 NA NA NA NA 1910 741 3946 1496 NA NA NA NA
1585436400.0 121.0 87 89 460 NA NA NA NA NA 187 361 564 NA NA NA NA NA 3366 428 597 NA NA NA NA NA 1554 388 709 NA NA NA NA NA
1585436400.0 122.0 51 78 441 NA NA NA NA NA 106 360 534 NA NA NA NA NA 665 368 431 NA NA NA NA NA 444 346 752 NA NA NA NA NA
1585436400.0 123.1 321 NA NA NA NA NA NA NA 504 NA NA NA NA NA NA NA 594 NA NA NA NA NA NA NA 636 NA NA NA NA NA NA NA
1585436400.0 123.2 321 NA NA NA NA NA NA NA 502 NA NA NA NA NA NA NA 666 NA NA NA NA NA NA NA 620 NA NA NA NA NA NA NA
1585436400.0 123.3 268 NA NA NA NA NA NA NA 501 NA NA NA NA NA NA NA 435 NA NA NA NA NA NA NA 444 NA NA NA NA NA NA NA
1585436400.0 124.1 313 NA NA NA NA NA NA NA 493 NA NA NA NA NA NA NA 442 NA NA NA NA NA NA NA 439 NA NA NA NA NA NA NA
1585436400.0 124.2 317 NA NA NA NA NA NA NA 507 NA NA NA NA NA NA NA 574 NA NA NA NA NA NA NA 693 NA NA NA NA NA NA NA
1585436400.0 124.4 309 NA NA NA NA NA NA NA 501 NA NA NA NA NA NA NA 450 NA NA NA NA NA NA NA 477 NA NA NA NA NA NA NA
1585436400.0 124.5 308 NA NA NA NA NA NA NA 501 NA NA NA NA NA NA NA 454 NA NA NA NA NA NA NA 454 NA NA NA NA NA NA NA
1585436400.0 124.6 271 NA NA NA NA NA NA NA 494 NA NA NA NA NA NA NA 436 NA NA NA NA NA NA NA 548 NA NA NA NA NA NA NA
1585436400.0 125.0 85 86 458 NA NA NA NA NA 186 368 562 NA NA NA NA NA 2696 371 481 NA NA NA NA NA 1088 311 874 NA NA NA NA NA
1585436400.0 126.0 61 80 454 NA NA NA NA NA 147 368 552 NA NA NA NA NA 1618 332 452 NA NA NA NA NA 1206 544 1427 NA NA NA NA NA
1585436400.0 127.0 58 83 448 NA NA NA NA NA 123 360 550 NA NA NA NA NA 1064 333 444 NA NA NA NA NA 581 377 778 NA NA NA NA NA
1585436400.0 128.0 56 89 445 NA NA NA NA NA 113 368 540 NA NA NA NA NA 649 336 432 NA NA NA NA NA 382 340 675 NA NA NA NA NA
1585436400.0 129.0 58 82 445 NA NA NA NA NA 121 368 545 NA NA NA NA NA 687 326 428 NA NA NA NA NA 365 1048 636 NA NA NA NA NA
1585436400.0 13.0 NA 91 461 0 NA NA NA NA NA 372 559 0 NA NA NA NA NA 327 826 308 NA NA NA NA NA 383 3740 445 NA NA NA NA
1585436400.0 130.0 59 80 450 NA NA NA NA NA 131 361 548 NA NA NA NA NA 720 328 434 NA NA NA NA NA 551 365 892 NA NA NA NA NA
1585436400.0 1301.0 83 92 175 NA NA NA NA NA 150 374 283 NA NA NA NA NA 1052 393 281 NA NA NA NA NA 1399 447 1411 NA NA NA NA NA
1585436400.0 1302.0 94 110 186 NA NA NA NA NA 165 380 281 NA NA NA NA NA 3690 550 407 NA NA NA NA NA 1276 451 494 NA NA NA NA NA
1585436400.0 1303.0 83 100 192 NA NA NA NA NA 157 374 280 NA NA NA NA NA 6852 417 511 NA NA NA NA NA 2636 992 1741 NA NA NA NA NA
1585436400.0 1306.0 NA 92 562 0 NA NA NA NA NA 384 680 0 NA NA NA NA NA 415 485 437 NA NA NA NA NA 518 2659 463 NA NA NA NA
1585436400.0 1307.0 NA 89 180 45 0 NA NA NA NA 376 265 87 0 NA NA NA NA 373 307 10 104 NA NA NA NA 351 984 47 173 NA NA NA
1585436400.0 1308.0 NA 89 174 46 0 NA NA NA NA 382 254 86 0 NA NA NA NA 410 268 10 103 NA NA NA NA 1110 550 31 137 NA NA NA
1585436400.0 1309.0 NA 105 580 0 NA NA NA NA NA 381 692 0 NA NA NA NA NA 449 729 461 NA NA NA NA NA 535 6290 517 NA NA NA NA
1585436400.0 131.0 61 83 450 NA NA NA NA NA 139 368 552 NA NA NA NA NA 1172 326 453 NA NA NA NA NA 690 354 652 NA NA NA NA NA
1585436400.0 1310.0 NA 98 573 0 NA NA NA NA NA 384 686 0 NA NA NA NA NA 415 609 455 NA NA NA NA NA 580 2107 576 NA NA NA NA
1585436400.0 1311.0 NA 92 571 0 58 NA NA NA NA 381 682 0 105 NA NA NA NA 357 505 467 51 NA NA NA NA 468 2118 657 212 NA NA NA
1585436400.0 1312.0 NA 100 576 0 NA NA NA NA NA 381 677 0 NA NA NA NA NA 458 673 463 NA NA NA NA NA 1073 3083 604 NA NA NA NA
1585436400.0 1313.0 NA 102 581 0 NA NA NA NA NA 384 680 0 NA NA NA NA NA 465 926 448 NA NA NA NA NA 638 3328 595 NA NA NA NA
1585436400.0 1314.0 NA 99 573 0 NA NA NA NA NA 383 687 0 NA NA NA NA NA 416 622 453 NA NA NA NA NA 501 2856 563 NA NA NA NA
1585436400.0 1315.0 NA 89 561 0 NA NA NA NA NA 383 678 0 NA NA NA NA NA 370 524 440 NA NA NA NA NA 497 7895 551 NA NA NA NA
1585436400.0 1316.0 NA 92 562 0 NA NA NA NA NA 381 680 0 NA NA NA NA NA 363 547 432 NA NA NA NA NA 881 2551 526 NA NA NA NA
1585436400.0 1317.0 NA 92 567 0 NA NA NA NA NA 384 670 0 NA NA NA NA NA 372 531 431 NA NA NA NA NA 1000 2274 551 NA NA NA NA
1585436400.0 1318.0 NA 91 562 0 NA NA NA NA NA 377 670 0 NA NA NA NA NA 358 487 432 NA NA NA NA NA 702 3014 600 NA NA NA NA
1585436400.0 1319.0 NA 90 565 0 NA NA NA NA NA 383 683 0 NA NA NA NA NA 376 517 435 NA NA NA NA NA 499 2384 528 NA NA NA NA
1585436400.0 132.0 89 96 456 NA NA NA NA NA 183 368 544 NA NA NA NA NA 2821 411 547 NA NA NA NA NA 1124 374 680 NA NA NA NA NA
1585436400.0 1320.0 NA 95 567 0 NA NA NA NA NA 380 683 0 NA NA NA NA NA 391 549 432 NA NA NA NA NA 671 3787 509 NA NA NA NA
1585436400.0 1321.0 NA 93 563 0 NA NA NA NA NA 382 679 0 NA NA NA NA NA 389 549 438 NA NA NA NA NA 477 2273 505 NA NA NA NA
1585436400.0 1322.0 NA 93 562 0 NA NA NA NA NA 383 666 0 NA NA NA NA NA 378 544 433 NA NA NA NA NA 536 2385 492 NA NA NA NA
1585436400.0 1323.0 NA 92 558 0 NA NA NA NA NA 376 662 0 NA NA NA NA NA 354 484 428 NA NA NA NA NA 703 3077 583 NA NA NA NA
1585436400.0 1324.0 NA 103 573 0 NA NA NA NA NA 379 690 0 NA NA NA NA NA 429 654 459 NA NA NA NA NA 466 1452 504 NA NA NA NA
1585436400.0 1325.0 NA 101 585 0 66 NA NA NA NA 384 695 0 116 NA NA NA NA 461 726 444 68 NA NA NA NA 658 1089 607 157 NA NA NA
1585436400.0 1325.1 NA 105 218 0 NA NA NA NA NA 382 301 0 NA NA NA NA NA 455 348 154 NA NA NA NA NA 754 420 161 NA NA NA NA
1585436400.0 1325.2 NA 103 577 0 NA NA NA NA NA 377 679 0 NA NA NA NA NA 470 726 456 NA NA NA NA NA 1111 8965 536 NA NA NA NA
1585436400.0 1325.3 NA 104 208 0 NA NA NA NA NA 378 278 0 NA NA NA NA NA 415 333 146 NA NA NA NA NA 582 423 150 NA NA NA NA
1585436400.0 1325.4 NA 104 578 0 NA NA NA NA NA 378 687 0 NA NA NA NA NA 415 723 452 NA NA NA NA NA 625 2514 620 NA NA NA NA
1585436400.0 1325.5 NA 135 0 NA NA NA NA NA NA 199 0 NA NA NA NA NA NA 585 18 NA NA NA NA NA NA 752 102 NA NA NA NA NA
1585436400.0 1326.0 NA 98 567 0 NA NA NA NA NA 380 685 0 NA NA NA NA NA 376 576 446 NA NA NA NA NA 385 3690 567 NA NA NA NA
1585436400.0 1327.0 NA 98 568 0 NA NA NA NA NA 380 669 0 NA NA NA NA NA 426 590 448 NA NA NA NA NA 579 8623 536 NA NA NA NA
1585436400.0 1328.0 NA 101 577 0 NA NA NA NA NA 383 697 0 NA NA NA NA NA 426 623 450 NA NA NA NA NA 656 2064 558 NA NA NA NA
1585436400.0 1329.0 NA 96 569 0 NA NA NA NA NA 384 673 0 NA NA NA NA NA 507 543 440 NA NA NA NA NA 1070 3038 558 NA NA NA NA
1585436400.0 133.0 90 97 465 NA NA NA NA NA 185 368 548 NA NA NA NA NA 5090 428 665 NA NA NA NA NA 1657 500 879 NA NA NA NA NA
1585436400.0 1330.0 NA 97 570 0 NA NA NA NA NA 384 673 0 NA NA NA NA NA 415 591 448 NA NA NA NA NA 442 1511 543 NA NA NA NA
1585436400.0 1331.0 NA 99 570 0 NA NA NA NA NA 381 685 0 NA NA NA NA NA 436 591 449 NA NA NA NA NA 596 8597 626 NA NA NA NA
1585436400.0 1332.0 NA 102 578 0 NA NA NA NA NA 379 684 0 NA NA NA NA NA 436 678 455 NA NA NA NA NA 798 4880 505 NA NA NA NA
1585436400.0 1333.0 NA 99 570 0 NA NA NA NA NA 384 676 0 NA NA NA NA NA 411 573 444 NA NA NA NA NA 652 2469 490 NA NA NA NA
1585436400.0 1334.0 NA 103 575 0 NA NA NA NA NA 381 682 0 NA NA NA NA NA 446 677 456 NA NA NA NA NA 407 2647 555 NA NA NA NA
1585436400.0 1335.0 NA 99 572 0 NA NA NA NA NA 379 682 0 NA NA NA NA NA 413 578 450 NA NA NA NA NA 606 1878 543 NA NA NA NA
1585436400.0 1336.0 NA 104 576 0 NA NA NA NA NA 380 688 0 NA NA NA NA NA 486 1039 459 NA NA NA NA NA 564 2293 516 NA NA NA NA
1585436400.0 1337.0 NA 104 588 0 NA NA NA NA NA 384 697 0 NA NA NA NA NA 600 990 464 NA NA NA NA NA 606 933 557 NA NA NA NA
1585436400.0 1338.0 NA 103 575 0 NA NA NA NA NA 384 689 0 NA NA NA NA NA 467 717 454 NA NA NA NA NA 506 2922 511 NA NA NA NA
1585436400.0 1339.0 NA 106 585 0 NA NA NA NA NA 383 708 0 NA NA NA NA NA 503 886 454 NA NA NA NA NA 1180 2225 566 NA NA NA NA
1585436400.0 134.0 NA 474 38 0 NA NA NA NA NA 556 78 0 NA NA NA NA NA 2083 6 8 NA NA NA NA NA 2657 10 387 NA NA NA NA
1585436400.0 134.701 NA 31 520 0 NA NA NA NA NA 88 607 0 NA NA NA NA NA 234 3350 447 NA NA NA NA NA 300 1390 478 NA NA NA NA
1585436400.0 134.702 NA 31 514 0 NA NA NA NA NA 90 608 0 NA NA NA NA NA 217 4463 451 NA NA NA NA NA 179 6609 520 NA NA NA NA
1585436400.0 134.703 NA 32 527 0 NA NA NA NA NA 85 611 0 NA NA NA NA NA 214 4357 415 NA NA NA NA NA 187 6909 572 NA NA NA NA
1585436400.0 134.704 NA 29 512 0 NA NA NA NA NA 84 607 0 NA NA NA NA NA 169 4251 462 NA NA NA NA NA 174 1924 563 NA NA NA NA
1585436400.0 134.705 NA 33 523 0 NA NA NA NA NA 88 614 0 NA NA NA NA NA 208 4666 473 NA NA NA NA NA 183 1972 607 NA NA NA NA
1585436400.0 134.706 NA 38 522 0 NA NA NA NA NA 88 615 0 NA NA NA NA NA 189 4838 467 NA NA NA NA NA 167 2542 998 NA NA NA NA
1585436400.0 134.707 NA 31 515 0 NA NA NA NA NA 82 604 0 NA NA NA NA NA 207 4329 456 NA NA NA NA NA 202 3279 537 NA NA NA NA
1585436400.0 134.708 NA 34 514 0 NA NA NA NA NA 85 613 0 NA NA NA NA NA 195 4023 460 NA NA NA NA NA 181 2171 509 NA NA NA NA
1585436400.0 134.709 NA 32 695 0 NA NA NA NA NA 85 793 0 NA NA NA NA NA 210 4340 458 NA NA NA NA NA 205 4453 605 NA NA NA NA
1585436400.0 134.71 NA 32 510 0 NA NA NA NA NA 80 594 0 NA NA NA NA NA 223 2956 488 NA NA NA NA NA 149 1760 568 NA NA NA NA
1585436400.0 134.801 NA 30 512 0 NA NA NA NA NA 89 600 0 NA NA NA NA NA 209 3052 463 NA NA NA NA NA 163 3241 516 NA NA NA NA
1585436400.0 134.802 NA 36 526 0 NA NA NA NA NA 87 613 0 NA NA NA NA NA 249 5502 450 NA NA NA NA NA 279 3762 679 NA NA NA NA
1585436400.0 134.803 NA 30 532 0 NA NA NA NA NA 88 631 0 NA NA NA NA NA 255 4872 411 NA NA NA NA NA 142 5523 613 NA NA NA NA
1585436400.0 134.804 NA 30 529 0 NA NA NA NA NA 89 618 0 NA NA NA NA NA 220 5480 448 NA NA NA NA NA 199 1978 539 NA NA NA NA
1585436400.0 134.805 NA 32 524 0 NA NA NA NA NA 90 619 0 NA NA NA NA NA 206 5400 448 NA NA NA NA NA 186 2149 525 NA NA NA NA
1585436400.0 134.806 NA 30 529 0 NA NA NA NA NA 92 620 0 NA NA NA NA NA 205 6205 456 NA NA NA NA NA 215 2512 585 NA NA NA NA
1585436400.0 134.807 NA 90 556 0 NA NA NA NA NA 196 704 0 NA NA NA NA NA 1307 6532 504 NA NA NA NA NA 961 3721 634 NA NA NA NA
1585436400.0 134.808 NA 95 558 0 NA NA NA NA NA 195 687 0 NA NA NA NA NA 1338 6632 477 NA NA NA NA NA 956 3536 527 NA NA NA NA
1585436400.0 134.809 NA 29 520 0 NA NA NA NA NA 82 613 0 NA NA NA NA NA 249 5054 460 NA NA NA NA NA 188 2742 714 NA NA NA NA
1585436400.0 134.81 NA 35 521 0 NA NA NA NA NA 88 611 0 NA NA NA NA NA 230 5091 453 NA NA NA NA NA 154 2911 554 NA NA NA NA
1585436400.0 134.811 NA 29 525 0 NA NA NA NA NA 86 620 0 NA NA NA NA NA 206 5544 455 NA NA NA NA NA 169 2630 566 NA NA NA NA
1585436400.0 134.812 NA 31 512 0 NA NA NA NA NA 82 595 0 NA NA NA NA NA 175 3040 440 NA NA NA NA NA 155 3265 1073 NA NA NA NA
1585436400.0 134.813 NA 179 59 0 NA NA NA NA NA 284 110 0 NA NA NA NA NA 585 83 111 NA NA NA NA NA 861 160 219 NA NA NA NA
1585436400.0 134.901 NA 29 509 0 NA NA NA NA NA 85 592 0 NA NA NA NA NA 183 3186 448 NA NA NA NA NA 230 2085 988 NA NA NA NA
1585436400.0 134.902 NA 30 515 0 NA NA NA NA NA 87 599 0 NA NA NA NA NA 225 4131 448 NA NA NA NA NA 247 6653 558 NA NA NA NA
1585436400.0 134.903 NA 31 512 0 NA NA NA NA NA 89 594 0 NA NA NA NA NA 197 3722 469 NA NA NA NA NA 207 1732 478 NA NA NA NA
1585436400.0 134.904 NA 31 521 0 NA NA NA NA NA 92 610 0 NA NA NA NA NA 213 4492 448 NA NA NA NA NA 203 3244 590 NA NA NA NA
1585436400.0 134.905 NA 30 511 0 NA NA NA NA NA 90 601 0 NA NA NA NA NA 218 3696 453 NA NA NA NA NA 233 1899 476 NA NA NA NA
1585436400.0 134.906 NA 31 513 0 NA NA NA NA NA 90 600 0 NA NA NA NA NA 221 4388 454 NA NA NA NA NA 162 5840 688 NA NA NA NA
1585436400.0 134.907 NA 92 552 0 NA NA NA NA NA 192 673 0 NA NA NA NA NA 926 4667 476 NA NA NA NA NA 972 2018 531 NA NA NA NA
1585436400.0 134.908 NA 91 549 0 NA NA NA NA NA 197 668 0 NA NA NA NA NA 1125 4655 480 NA NA NA NA NA 618 2053 523 NA NA NA NA
1585436400.0 134.909 NA 30 511 0 NA NA NA NA NA 87 598 0 NA NA NA NA NA 203 3934 454 NA NA NA NA NA 168 3087 541 NA NA NA NA
1585436400.0 134.91 NA 30 510 0 NA NA NA NA NA 86 592 0 NA NA NA NA NA 177 3555 454 NA NA NA NA NA 171 2894 655 NA NA NA NA
1585436400.0 134.911 NA 37 509 0 NA NA NA NA NA 86 596 0 NA NA NA NA NA 253 3929 475 NA NA NA NA NA 168 1811 597 NA NA NA NA
1585436400.0 134.912 NA 31 506 0 NA NA NA NA NA 83 597 0 NA NA NA NA NA 165 2949 467 NA NA NA NA NA 182 3855 636 NA NA NA NA
1585436400.0 134.99601 NA 29 524 0 NA NA NA NA NA 92 620 0 NA NA NA NA NA 208 6168 461 NA NA NA NA NA 189 2788 725 NA NA NA NA
1585436400.0 134.99602 NA 29 511 0 NA NA NA NA NA 87 598 0 NA NA NA NA NA 220 3537 436 NA NA NA NA NA 223 1368 451 NA NA NA NA
1585436400.0 134.99603 NA 30 519 0 NA NA NA NA NA 91 610 0 NA NA NA NA NA 236 4972 461 NA NA NA NA NA 194 2324 555 NA NA NA NA
1585436400.0 134.99901 NA 31 511 0 NA NA NA NA NA 88 602 0 NA NA NA NA NA 195 3669 450 NA NA NA NA NA 253 1841 466 NA NA NA NA
1585436400.0 1340.0 NA 94 565 0 NA NA NA NA NA 379 685 0 NA NA NA NA NA 426 547 446 NA NA NA NA NA 623 1582 500 NA NA NA NA
1585436400.0 1341.0 NA 105 584 0 NA NA NA NA NA 383 700 0 NA NA NA NA NA 485 911 459 NA NA NA NA NA 659 1869 506 NA NA NA NA
1585436400.0 1343.0 NA 100 572 0 NA NA NA NA NA 384 692 0 NA NA NA NA NA 456 629 440 NA NA NA NA NA 562 3547 530 NA NA NA NA
1585436400.0 1344.0 NA 100 572 0 NA NA NA NA NA 376 682 0 NA NA NA NA NA 412 630 451 NA NA NA NA NA 718 2037 536 NA NA NA NA
1585436400.0 1345.0 NA 100 576 0 NA NA NA NA NA 383 682 0 NA NA NA NA NA 402 619 453 NA NA NA NA NA 671 1152 611 NA NA NA NA
1585436400.0 1347.0 NA 99 572 0 NA NA NA NA NA 377 692 0 NA NA NA NA NA 422 603 440 NA NA NA NA NA 985 2924 518 NA NA NA NA
1585436400.0 1348.0 NA 98 569 0 NA NA NA NA NA 383 678 0 NA NA NA NA NA 441 573 449 NA NA NA NA NA 762 1916 513 NA NA NA NA
1585436400.0 1349.0 NA 96 570 0 NA NA NA NA NA 383 670 0 NA NA NA NA NA 423 589 444 NA NA NA NA NA 840 1598 518 NA NA NA NA
1585436400.0 135.1 336 0 96 NA NA NA NA NA 506 0 152 NA NA NA NA NA 691 116 139 NA NA NA NA NA 1968 143 411 NA NA NA NA NA
1585436400.0 135.11 345 0 100 NA NA NA NA NA 509 0 154 NA NA NA NA NA 937 123 173 NA NA NA NA NA 1805 392 283 NA NA NA NA NA
1585436400.0 135.12 331 0 94 NA NA NA NA NA 514 0 153 NA NA NA NA NA 581 117 132 NA NA NA NA NA 1501 139 984 NA NA NA NA NA
1585436400.0 135.13 341 0 NA NA NA NA NA NA 552 0 NA NA NA NA NA NA 663 142 NA NA NA NA NA NA 984 180 NA NA NA NA NA NA
1585436400.0 135.2 277 0 90 NA NA NA NA NA 514 0 149 NA NA NA NA NA 460 101 124 NA NA NA NA NA 1780 119 322 NA NA NA NA NA
1585436400.0 135.3 276 0 93 NA NA NA NA NA 505 0 151 NA NA NA NA NA 459 102 119 NA NA NA NA NA 1434 125 255 NA NA NA NA NA
1585436400.0 135.4 325 0 93 NA NA NA NA NA 514 0 152 NA NA NA NA NA 545 113 129 NA NA NA NA NA 1561 136 344 NA NA NA NA NA
1585436400.0 135.5 326 0 93 NA NA NA NA NA 514 0 152 NA NA NA NA NA 545 113 128 NA NA NA NA NA 1934 140 237 NA NA NA NA NA
1585436400.0 135.6 330 0 95 NA NA NA NA NA 515 0 153 NA NA NA NA NA 595 115 134 NA NA NA NA NA 1530 131 251 NA NA NA NA NA
1585436400.0 135.7 328 0 94 NA NA NA NA NA 506 0 155 NA NA NA NA NA 542 115 129 NA NA NA NA NA 1998 135 256 NA NA NA NA NA
1585436400.0 135.8 144 NA NA NA NA NA NA NA 235 NA NA NA NA NA NA NA 228 NA NA NA NA NA NA NA 572 NA NA NA NA NA NA NA
1585436400.0 135.9 296 0 92 NA NA NA NA NA 507 0 148 NA NA NA NA NA 436 106 112 NA NA NA NA NA 1945 129 257 NA NA NA NA NA
1585436400.0 1350.0 NA 100 570 0 NA NA NA NA NA 378 679 0 NA NA NA NA NA 414 593 454 NA NA NA NA NA 546 2409 531 NA NA NA NA
1585436400.0 1351.0 NA 101 571 0 NA NA NA NA NA 380 676 0 NA NA NA NA NA 433 607 451 NA NA NA NA NA 661 2330 605 NA NA NA NA
1585436400.0 1352.0 NA 98 572 0 NA NA NA NA NA 384 689 0 NA NA NA NA NA 456 615 436 NA NA NA NA NA 615 7494 591 NA NA NA NA
1585436400.0 1353.0 NA 102 575 0 NA NA NA NA NA 383 689 0 NA NA NA NA NA 407 677 461 NA NA NA NA NA 436 7079 533 NA NA NA NA
1585436400.0 1354.0 NA 102 571 0 NA NA NA NA NA 384 679 0 NA NA NA NA NA 444 634 450 NA NA NA NA NA 1194 2337 505 NA NA NA NA
1585436400.0 1355.0 NA 103 572 0 NA NA NA NA NA 383 676 0 NA NA NA NA NA 464 662 450 NA NA NA NA NA 557 2325 654 NA NA NA NA
1585436400.0 1356.0 84 97 578 0 101 NA NA NA 158 374 693 0 164 NA NA NA 2703 483 640 456 143 NA NA NA 1161 846 2909 600 463 NA NA NA
1585436400.0 136.721 NA 61 533 0 NA NA NA NA NA 130 633 0 NA NA NA NA NA 438 5200 579 NA NA NA NA NA 288 2250 825 NA NA NA NA
1585436400.0 136.722 NA 61 547 0 NA NA NA NA NA 127 682 0 NA NA NA NA NA 422 6170 577 NA NA NA NA NA 292 2042 680 NA NA NA NA
1585436400.0 136.723 NA 60 535 0 NA NA NA NA NA 133 640 0 NA NA NA NA NA 523 5734 570 NA NA NA NA NA 377 2059 656 NA NA NA NA
1585436400.0 136.724 NA 62 558 0 NA NA NA NA NA 132 688 0 NA NA NA NA NA 463 7144 603 NA NA NA NA NA 458 3726 932 NA NA NA NA
1585436400.0 136.725 NA 59 564 0 NA NA NA NA NA 125 715 0 NA NA NA NA NA 446 6165 587 NA NA NA NA NA 266 2306 620 NA NA NA NA
1585436400.0 136.726 NA 64 539 0 NA NA NA NA NA 126 643 0 NA NA NA NA NA 493 6623 606 NA NA NA NA NA 395 3215 698 NA NA NA NA
1585436400.0 136.727 NA 122 560 0 NA NA NA NA NA 231 705 0 NA NA NA NA NA 1262 6654 606 NA NA NA NA NA 925 2623 802 NA NA NA NA
1585436400.0 136.728 NA 122 570 0 NA NA NA NA NA 233 708 0 NA NA NA NA NA 1386 7015 582 NA NA NA NA NA 1179 3857 859 NA NA NA NA
1585436400.0 136.729 NA 62 537 0 NA NA NA NA NA 126 641 0 NA NA NA NA NA 413 6222 569 NA NA NA NA NA 309 2645 788 NA NA NA NA
1585436400.0 136.73 NA 60 559 0 NA NA NA NA NA 120 700 0 NA NA NA NA NA 484 6065 580 NA NA NA NA NA 308 2031 672 NA NA NA NA
1585436400.0 136.731 NA 60 567 0 NA NA NA NA NA 125 730 0 NA NA NA NA NA 451 6557 608 NA NA NA NA NA 421 3002 732 NA NA NA NA
1585436400.0 136.732 NA 60 531 0 NA NA NA NA NA 128 630 0 NA NA NA NA NA 407 4757 569 NA NA NA NA NA 297 2104 663 NA NA NA NA
1585436400.0 136.7321 NA 74 551 0 NA NA NA NA NA 137 650 0 NA NA NA NA NA 462 5069 579 NA NA NA NA NA 335 2885 836 NA NA NA NA
1585436400.0 136.733 NA 191 68 0 NA NA NA NA NA 299 118 0 NA NA NA NA NA 628 206 114 NA NA NA NA NA 632 247 166 NA NA NA NA
1585436400.0 136.734 NA 60 541 0 NA NA NA NA NA 125 643 0 NA NA NA NA NA 612 6074 578 NA NA NA NA NA 377 2217 641 NA NA NA NA
1585436400.0 136.735 NA 64 449 0 NA NA NA NA NA 127 535 0 NA NA NA NA NA 541 1154 496 NA NA NA NA NA 325 2921 744 NA NA NA NA
1585436400.0 136.736 NA 59 554 0 NA NA NA NA NA 126 674 0 NA NA NA NA NA 469 9178 596 NA NA NA NA NA 312 7233 720 NA NA NA NA
1585436400.0 136.737 NA 64 569 0 NA NA NA NA NA 124 721 0 NA NA NA NA NA 470 11010 600 NA NA NA NA NA 422 4269 690 NA NA NA NA
1585436400.0 136.738 NA 58 548 0 NA NA NA NA NA 133 672 0 NA NA NA NA NA 595 10746 596 NA NA NA NA NA 404 3732 690 NA NA NA NA
1585436400.0 136.739 NA 69 570 0 NA NA NA NA NA 120 721 0 NA NA NA NA NA 462 11825 575 NA NA NA NA NA 463 5159 692 NA NA NA NA
1585436400.0 136.74 NA 65 584 0 NA NA NA NA NA 130 757 0 NA NA NA NA NA 510 10658 609 NA NA NA NA NA 453 4578 736 NA NA NA NA
1585436400.0 136.741 NA 65 558 0 NA NA NA NA NA 122 677 0 NA NA NA NA NA 539 10350 580 NA NA NA NA NA 431 5412 719 NA NA NA NA
1585436400.0 136.742 NA 65 549 0 NA NA NA NA NA 123 668 0 NA NA NA NA NA 465 10553 603 NA NA NA NA NA 375 5836 728 NA NA NA NA
1585436400.0 136.743 NA 65 553 0 NA NA NA NA NA 123 665 0 NA NA NA NA NA 506 9757 607 NA NA NA NA NA 421 5286 869 NA NA NA NA
1585436400.0 136.744 NA 58 584 0 NA NA NA NA NA 124 752 0 NA NA NA NA NA 429 10375 582 NA NA NA NA NA 418 5541 810 NA NA NA NA
1585436400.0 136.745 NA 61 543 0 NA NA NA NA NA 129 656 0 NA NA NA NA NA 393 7575 591 NA NA NA NA NA 287 3326 697 NA NA NA NA
1585436400.0 136.746 NA 58 557 0 NA NA NA NA NA 129 663 0 NA NA NA NA NA 596 9670 584 NA NA NA NA NA 492 5010 847 NA NA NA NA
1585436400.0 136.747 NA 60 552 0 NA NA NA NA NA 126 669 0 NA NA NA NA NA 472 9524 618 NA NA NA NA NA 362 3586 717 NA NA NA NA
1585436400.0 136.748 NA 65 568 0 NA NA NA NA NA 128 706 0 NA NA NA NA NA 412 10070 612 NA NA NA NA NA 412 4154 993 NA NA NA NA
1585436400.0 136.749 NA 59 552 0 NA NA NA NA NA 131 672 0 NA NA NA NA NA 575 10404 608 NA NA NA NA NA 431 5827 798 NA NA NA NA
1585436400.0 136.75 NA 67 589 0 NA NA NA NA NA 124 741 0 NA NA NA NA NA 443 12048 592 NA NA NA NA NA 496 9865 821 NA NA NA NA
1585436400.0 136.751 NA 60 591 0 NA NA NA NA NA 130 765 0 NA NA NA NA NA 472 12499 586 NA NA NA NA NA 724 5867 869 NA NA NA NA
1585436400.0 136.752 NA 66 557 0 NA NA NA NA NA 125 673 0 NA NA NA NA NA 510 10763 607 NA NA NA NA NA 458 4381 706 NA NA NA NA
1585436400.0 136.753 NA 58 551 0 NA NA NA NA NA 124 678 0 NA NA NA NA NA 411 10244 605 NA NA NA NA NA 334 3595 765 NA NA NA NA
1585436400.0 136.754 NA 64 560 0 NA NA NA NA NA 131 675 0 NA NA NA NA NA 506 8440 621 NA NA NA NA NA 459 6420 726 NA NA NA NA
1585436400.0 136.755 NA 68 582 0 NA NA NA NA NA 129 756 0 NA NA NA NA NA 436 11293 585 NA NA NA NA NA 410 6420 715 NA NA NA NA
1585436400.0 136.756 NA 60 540 0 NA NA NA NA NA 123 648 0 NA NA NA NA NA 417 6881 581 NA NA NA NA NA 285 2291 664 NA NA NA NA
1585436400.0 136.757 NA 67 556 0 NA NA NA NA NA 126 673 0 NA NA NA NA NA 604 9755 614 NA NA NA NA NA 490 4301 708 NA NA NA NA
1585436400.0 136.758 NA 66 560 0 NA NA NA NA NA 125 698 0 NA NA NA NA NA 474 11912 590 NA NA NA NA NA 457 10856 700 NA NA NA NA
1585436400.0 136.759 NA 61 582 0 NA NA NA NA NA 124 739 0 NA NA NA NA NA 382 13755 581 NA NA NA NA NA 339 5114 705 NA NA NA NA
1585436400.0 136.76 NA 59 580 0 NA NA NA NA NA 127 711 0 NA NA NA NA NA 533 14609 587 NA NA NA NA NA 794 5336 724 NA NA NA NA
1585436400.0 136.761 NA 64 586 0 NA NA NA NA NA 122 768 0 NA NA NA NA NA 443 16529 589 NA NA NA NA NA 354 6487 724 NA NA NA NA
1585436400.0 136.7611 NA 155 0 NA NA NA NA NA NA 271 0 NA NA NA NA NA NA 1187 24 NA NA NA NA NA NA 1043 41 NA NA NA NA NA
1585436400.0 136.762 NA 64 600 0 NA NA NA NA NA 123 773 0 NA NA NA NA NA 525 19369 589 NA NA NA NA NA 602 6533 653 NA NA NA NA
1585436400.0 136.763 NA 65 573 0 NA NA NA NA NA 125 710 0 NA NA NA NA NA 522 14583 586 NA NA NA NA NA 347 6019 920 NA NA NA NA
1585436400.0 136.764 NA 64 561 0 NA NA NA NA NA 120 702 0 NA NA NA NA NA 421 14427 583 NA NA NA NA NA 323 6555 690 NA NA NA NA
1585436400.0 136.765 NA 65 559 0 NA NA NA NA NA 121 692 0 NA NA NA NA NA 488 11952 582 NA NA NA NA NA 403 5329 652 NA NA NA NA
1585436400.0 136.766 NA 58 588 0 NA NA NA NA NA 121 782 0 NA NA NA NA NA 415 14398 605 NA NA NA NA NA 333 8343 732 NA NA NA NA
1585436400.0 136.767 NA 58 551 0 NA NA NA NA NA 129 682 0 NA NA NA NA NA 421 10029 609 NA NA NA NA NA 401 5665 679 NA NA NA NA
1585436400.0 136.768 NA 58 561 0 NA NA NA NA NA 121 697 0 NA NA NA NA NA 558 13443 593 NA NA NA NA NA 384 5487 924 NA NA NA NA
1585436400.0 136.769 NA 64 553 0 NA NA NA NA NA 132 674 0 NA NA NA NA NA 510 9092 595 NA NA NA NA NA 461 6526 803 NA NA NA NA
1585436400.0 136.77 NA 65 572 0 NA NA NA NA NA 124 702 0 NA NA NA NA NA 443 9842 594 NA NA NA NA NA 403 4244 702 NA NA NA NA
1585436400.0 136.771 NA 62 550 0 NA NA NA NA NA 127 664 0 NA NA NA NA NA 562 8706 578 NA NA NA NA NA 585 4459 656 NA NA NA NA
1585436400.0 136.772 NA 70 571 0 NA NA NA NA NA 127 720 0 NA NA NA NA NA 514 10704 583 NA NA NA NA NA 541 4970 848 NA NA NA NA
1585436400.0 136.773 NA 66 588 0 NA NA NA NA NA 125 770 0 NA NA NA NA NA 485 10005 599 NA NA NA NA NA 420 4126 687 NA NA NA NA
1585436400.0 136.774 NA 60 556 0 NA NA NA NA NA 126 661 0 NA NA NA NA NA 506 9554 600 NA NA NA NA NA 431 8689 791 NA NA NA NA
1585436400.0 136.775 NA 59 549 0 NA NA NA NA NA 124 659 0 NA NA NA NA NA 447 8869 609 NA NA NA NA NA 347 6976 760 NA NA NA NA
1585436400.0 136.776 NA 63 552 0 NA NA NA NA NA 123 655 0 NA NA NA NA NA 487 8507 602 NA NA NA NA NA 395 4219 716 NA NA NA NA
1585436400.0 136.777 NA 66 579 0 NA NA NA NA NA 125 752 0 NA NA NA NA NA 441 10395 591 NA NA NA NA NA 408 7135 702 NA NA NA NA
1585436400.0 136.778 NA 61 544 0 NA NA NA NA NA 124 649 0 NA NA NA NA NA 405 6094 559 NA NA NA NA NA 286 2447 777 NA NA NA NA
1585436400.0 136.779 NA 60 552 0 NA NA NA NA NA 122 661 0 NA NA NA NA NA 593 9238 592 NA NA NA NA NA 456 8361 648 NA NA NA NA
1585436400.0 136.78 NA 201 615 0 NA NA NA NA NA 310 741 0 NA NA NA NA NA 1535 4390 861 NA NA NA NA NA 1740 4426 1224 NA NA NA NA
1585436400.0 136.781 NA 216 630 0 NA NA NA NA NA 333 765 0 NA NA NA NA NA 2288 6079 928 NA NA NA NA NA 1506 8722 1036 NA NA NA NA
1585436400.0 136.782 NA 210 613 0 NA NA NA NA NA 320 717 0 NA NA NA NA NA 2002 5617 862 NA NA NA NA NA 2242 4412 925 NA NA NA NA
1585436400.0 136.783 NA 217 630 0 NA NA NA NA NA 325 809 0 NA NA NA NA NA 2445 6947 870 NA NA NA NA NA 1633 4938 1212 NA NA NA NA
1585436400.0 136.784 NA 204 639 0 NA NA NA NA NA 314 789 0 NA NA NA NA NA 1886 5510 897 NA NA NA NA NA 1373 4126 1063 NA NA NA NA
1585436400.0 136.785 NA 211 620 0 NA NA NA NA NA 319 756 0 NA NA NA NA NA 2147 5599 868 NA NA NA NA NA 1331 3265 976 NA NA NA NA
1585436400.0 136.786 NA 206 607 0 NA NA NA NA NA 317 745 0 NA NA NA NA NA 1792 5480 888 NA NA NA NA NA 1355 5470 1006 NA NA NA NA
1585436400.0 136.787 NA 201 618 0 NA NA NA NA NA 312 738 0 NA NA NA NA NA 1918 5094 890 NA NA NA NA NA 1408 6858 1015 NA NA NA NA
1585436400.0 136.788 NA 215 643 0 NA NA NA NA NA 339 804 0 NA NA NA NA NA 2287 6789 877 NA NA NA NA NA 1720 3946 1007 NA NA NA NA
1585436400.0 136.789 NA 197 600 0 NA NA NA NA NA 304 725 0 NA NA NA NA NA 1326 3908 863 NA NA NA NA NA 1615 3211 1423 NA NA NA NA
1585436400.0 136.79 NA 214 618 0 NA NA NA NA NA 326 727 0 NA NA NA NA NA 2177 5938 894 NA NA NA NA NA 2090 4691 1127 NA NA NA NA
1585436400.0 136.791 NA 196 530 0 NA NA NA NA NA 312 646 0 NA NA NA NA NA 892 1707 810 NA NA NA NA NA 994 1660 964 NA NA NA NA
1585436400.0 1360.0 73 95 567 0 NA NA NA NA 137 373 682 0 NA NA NA NA 2304 288 516 440 NA NA NA NA 2678 630 1005 679 NA NA NA NA
1585436400.0 1361.0 83 101 573 0 NA NA NA NA 160 376 691 0 NA NA NA NA 3542 432 627 445 NA NA NA NA 2734 618 2100 720 NA NA NA NA
1585436400.0 1361.17 67 203 662 0 NA NA NA NA 133 465 820 0 NA NA NA NA 3089 640 1074 1340 NA NA NA NA 3775 616 8753 1539 NA NA NA NA
1585436400.0 1362.0 86 97 570 0 NA NA NA NA 153 380 686 0 NA NA NA NA 3840 402 592 438 NA NA NA NA 3849 1373 847 661 NA NA NA NA
1585436400.0 1362.17 66 197 655 0 NA NA NA NA 128 475 809 0 NA NA NA NA 3726 597 985 1352 NA NA NA NA 5262 663 2934 1579 NA NA NA NA
1585436400.0 1363.0 91 100 571 0 NA NA NA NA 160 379 676 0 NA NA NA NA 4148 456 616 438 NA NA NA NA 3957 584 974 584 NA NA NA NA
1585436400.0 1363.17 67 201 666 0 NA NA NA NA 130 474 817 0 NA NA NA NA 4302 608 1053 1351 NA NA NA NA 4765 981 4160 1490 NA NA NA NA
1585436400.0 1364.0 NA 98 570 0 NA NA NA NA NA 384 683 0 NA NA NA NA NA 438 585 449 NA NA NA NA NA 552 2300 500 NA NA NA NA
1585436400.0 1365.0 NA 99 570 0 NA NA NA NA NA 384 679 0 NA NA NA NA NA 636 613 451 NA NA NA NA NA 740 1581 636 NA NA NA NA
1585436400.0 1366.0 NA 98 572 0 NA NA NA NA NA 384 689 0 NA NA NA NA NA 408 601 449 NA NA NA NA NA 742 2463 546 NA NA NA NA
1585436400.0 139901.0 NA 99 572 0 NA NA NA NA NA 381 686 0 NA NA NA NA NA 427 616 459 NA NA NA NA NA 539 2598 498 NA NA NA NA
1585436400.0 139902.0 NA 104 576 0 NA NA NA NA NA 376 680 0 NA NA NA NA NA 451 704 453 NA NA NA NA NA 536 3188 499 NA NA NA NA
1585436400.0 13992501.0 NA 196 832 0 NA NA NA NA NA 388 1006 0 NA NA NA NA NA 2243 2281 456 NA NA NA NA NA 3970 7566 500 NA NA NA NA
1585436400.0 13992502.0 NA 201 790 0 NA NA NA NA NA 388 1031 0 NA NA NA NA NA 2342 2569 460 NA NA NA NA NA 3068 9454 539 NA NA NA NA
1585436400.0 14.0 NA 111 480 0 NA NA NA NA NA 364 575 0 NA NA NA NA NA 2233 2774 348 NA NA NA NA NA 1335 5863 444 NA NA NA NA
1585436400.0 140.0 71 92 326 0 NA NA NA NA 127 360 426 0 NA NA NA NA 4825 331 990 130 NA NA NA NA 3967 788 7274 397 NA NA NA NA
1585436400.0 140.51 NA 36 NA NA NA NA NA NA NA 107 NA NA NA NA NA NA NA 374 NA NA NA NA NA NA NA 340 NA NA NA NA NA NA
1585436400.0 140.53 NA 435 0 NA NA NA NA NA NA 556 0 NA NA NA NA NA NA 2894 178 NA NA NA NA NA NA 3388 234 NA NA NA NA NA
1585436400.0 140.54 NA 421 0 NA NA NA NA NA NA 542 0 NA NA NA NA NA NA 783 251 NA NA NA NA NA NA 3445 313 NA NA NA NA NA
1585436400.0 144.6 NA 459 NA NA NA NA NA NA NA 533 NA NA NA NA NA NA NA 1426 NA NA NA NA NA NA NA 2573 NA NA NA NA NA NA
1585436400.0 15.0 NA 96 449 0 NA NA NA NA NA 372 579 0 NA NA NA NA NA 1414 776 302 NA NA NA NA NA 714 920 356 NA NA NA NA
1585436400.0 150.0 65 107 368 0 NA NA NA NA 113 375 474 0 NA NA NA NA 2623 721 487 330 NA NA NA NA 2745 685 7840 405 NA NA NA NA
1585436400.0 150.1 NA 96 362 0 NA NA NA NA NA 378 496 0 NA NA NA NA NA 436 430 323 NA NA NA NA NA 554 928 435 NA NA NA NA
1585436400.0 150.2 NA 97 361 0 NA NA NA NA NA 384 522 0 NA NA NA NA NA 428 417 321 NA NA NA NA NA 817 693 460 NA NA NA NA
1585436400.0 150.3 NA 95 362 0 NA NA NA NA NA 383 477 0 NA NA NA NA NA 238 424 322 NA NA NA NA NA 424 1298 382 NA NA NA NA
1585436400.0 16.0 NA 99 467 0 NA NA NA NA NA 364 567 0 NA NA NA NA NA 1555 977 308 NA NA NA NA NA 877 883 369 NA NA NA NA
1585436400.0 17.0 NA 93 452 0 NA NA NA NA NA 372 564 0 NA NA NA NA NA 1426 836 305 NA NA NA NA NA 776 1014 346 NA NA NA NA
1585436400.0 18.0 NA 82 449 0 NA NA NA NA NA 364 549 0 NA NA NA NA NA 1478 732 300 NA NA NA NA NA 749 845 384 NA NA NA NA
1585436400.0 19.0 NA 98 451 0 NA NA NA NA NA 364 556 0 NA NA NA NA NA 1421 754 300 NA NA NA NA NA 665 1067 312 NA NA NA NA
1585436400.0 2.0 88 87 147 NA NA NA NA NA 188 367 234 NA NA NA NA NA 3510 417 361 NA NA NA NA NA 1400 368 919 NA NA NA NA NA
1585436400.0 20.0 NA 85 451 0 NA NA NA NA NA 364 553 0 NA NA NA NA NA 1465 982 319 NA NA NA NA NA 707 1891 381 NA NA NA NA
1585436400.0 200.0 NA 147 530 0 NA NA NA NA NA 375 661 0 NA NA NA NA NA 849 1117 317 NA NA NA NA NA 1646 7126 579 NA NA NA NA
1585436400.0 20034.0 85 339 704 0 NA NA NA NA 135 410 854 0 NA NA NA NA 5340 2728 1381 466 NA NA NA NA 2290 1710 2936 541 NA NA NA NA
1585436400.0 20034.1 86 336 249 0 NA NA NA NA 134 416 322 0 NA NA NA NA 5276 2608 782 140 NA NA NA NA 1874 2366 1061 212 NA NA NA NA
1585436400.0 20034.2 103 340 693 0 NA NA NA NA 156 431 853 0 NA NA NA NA 5536 2708 1679 476 NA NA NA NA 2324 1774 2446 564 NA NA NA NA
1585436400.0 202.0 NA 148 540 0 NA NA NA NA NA 375 649 0 NA NA NA NA NA 758 1058 351 NA NA NA NA NA 666 1943 469 NA NA NA NA
1585436400.0 203.0 NA 143 536 0 NA NA NA NA NA 375 661 0 NA NA NA NA NA 784 1108 324 NA NA NA NA NA 820 7165 497 NA NA NA NA
1585436400.0 204.0 83 146 545 0 NA NA NA NA 183 373 672 0 NA NA NA NA 2572 805 1126 327 NA NA NA NA 899 982 2326 418 NA NA NA NA
1585436400.0 20434.0 103 368 700 0 NA NA NA NA 157 449 848 0 NA NA NA NA 5581 2764 1694 471 NA NA NA NA 2427 1839 2741 528 NA NA NA NA
1585436400.0 205.0 NA 145 529 0 NA NA NA NA NA 376 650 0 NA NA NA NA NA 768 1200 330 NA NA NA NA NA 827 3042 451 NA NA NA NA
1585436400.0 20834.0 88 331 699 0 NA NA NA NA 136 409 845 0 NA NA NA NA 5562 2437 1609 470 NA NA NA NA 2463 1609 1617 622 NA NA NA NA
1585436400.0 20834.2 105 340 701 0 NA NA NA NA 159 419 857 0 NA NA NA NA 5643 2639 1619 468 NA NA NA NA 2463 1616 1468 607 NA NA NA NA
1585436400.0 21.0 NA 87 466 0 NA NA NA NA NA 364 561 0 NA NA NA NA NA 1470 999 324 NA NA NA NA NA 539 628 334 NA NA NA NA
1585436400.0 22.0 NA 98 453 0 NA NA NA NA NA 372 578 0 NA NA NA NA NA 1571 1241 320 NA NA NA NA NA 625 829 468 NA NA NA NA
1585436400.0 23.0 NA 112 482 0 NA NA NA NA NA 372 575 0 NA NA NA NA NA 1985 1561 351 NA NA NA NA NA 986 911 464 NA NA NA NA
1585436400.0 24.0 NA 122 482 0 NA NA NA NA NA 372 590 0 NA NA NA NA NA 2258 2105 355 NA NA NA NA NA 1319 1612 542 NA NA NA NA
1585436400.0 25.0 NA 114 501 0 78 NA NA NA NA 372 600 0 128 NA NA NA NA 2391 2552 363 102 NA NA NA NA 1588 4176 482 337 NA NA NA
1585436400.0 250199.0 218 NA NA NA NA NA NA NA 411 NA NA NA NA NA NA NA 4730 NA NA NA NA NA NA NA 3175 NA NA NA NA NA NA NA
1585436400.0 250199.17 229 NA NA NA NA NA NA NA 414 NA NA NA NA NA NA NA 5164 NA NA NA NA NA NA NA 7643 NA NA NA NA NA NA NA
1585436400.0 250200.0 NA 267 650 0 NA NA NA NA NA 565 794 0 NA NA NA NA NA 10157 1610 450 NA NA NA NA NA 8812 2838 579 NA NA NA NA
1585436400.0 250200.1 83 242 215 NA NA NA NA NA 158 448 313 NA NA NA NA NA 2930 1362 989 NA NA NA NA NA 1135 1075 613 NA NA NA NA NA
1585436400.0 250200.117 68 380 219 NA NA NA NA NA 127 560 338 NA NA NA NA NA 3560 1649 1021 NA NA NA NA NA 1951 2264 1902 NA NA NA NA NA
1585436400.0 250200.17 NA 438 775 0 NA NA NA NA NA 739 915 0 NA NA NA NA NA 16293 3597 1354 NA NA NA NA NA 12124 3248 1695 NA NA NA NA
1585436400.0 250202.0 NA 271 671 0 NA NA NA NA NA 539 815 0 NA NA NA NA NA 12027 2129 462 NA NA NA NA NA 10387 2848 593 NA NA NA NA
1585436400.0 250202.17 NA 451 793 0 NA NA NA NA NA 800 957 0 NA NA NA NA NA 17770 4111 1365 NA NA NA NA NA 12809 4681 1553 NA NA NA NA
1585436400.0 250203.0 NA 268 675 0 NA NA NA NA NA 607 816 0 NA NA NA NA NA 10178 1891 456 NA NA NA NA NA 8918 2589 499 NA NA NA NA
1585436400.0 250203.17 NA 435 786 0 NA NA NA NA NA 778 980 0 NA NA NA NA NA 17026 3875 1366 NA NA NA NA NA 12611 4660 1537 NA NA NA NA
1585436400.0 250204.0 NA 269 658 0 NA NA NA NA NA 560 803 0 NA NA NA NA NA 11596 1945 453 NA NA NA NA NA 9627 5178 497 NA NA NA NA
1585436400.0 250204.17 NA 429 778 0 NA NA NA NA NA 758 972 0 NA NA NA NA NA 15130 3240 1359 NA NA NA NA NA 12361 4710 1575 NA NA NA NA
1585436400.0 250205.0 NA 269 660 0 NA NA NA NA NA 530 815 0 NA NA NA NA NA 11402 1982 454 NA NA NA NA NA 9757 4732 492 NA NA NA NA
1585436400.0 250205.17 NA 425 779 0 NA NA NA NA NA 736 973 0 NA NA NA NA NA 16243 3681 1352 NA NA NA NA NA 12435 10853 1480 NA NA NA NA
1585436400.0 250206.0 NA 263 660 0 NA NA NA NA NA 562 810 0 NA NA NA NA NA 9306 1996 461 NA NA NA NA NA 8749 3365 521 NA NA NA NA
1585436400.0 250206.17 NA 431 788 0 NA NA NA NA NA 786 960 0 NA NA NA NA NA 15273 3652 1374 NA NA NA NA NA 12573 3248 1675 NA NA NA NA
1585436400.0 250207.0 NA 257 653 0 NA NA NA NA NA 539 805 0 NA NA NA NA NA 10851 1520 445 NA NA NA NA NA 8303 4575 493 NA NA NA NA
1585436400.0 250207.17 NA 412 787 0 NA NA NA NA NA 734 936 0 NA NA NA NA NA 15243 3374 1340 NA NA NA NA NA 12043 3570 1539 NA NA NA NA
1585436400.0 250208.17 NA 468 810 0 NA NA NA NA NA 809 984 0 NA NA NA NA NA 20581 4962 1380 NA NA NA NA NA 14004 4543 1562 NA NA NA NA
1585436400.0 250399.0 184 NA NA NA NA NA NA NA 417 NA NA NA NA NA NA NA 815 NA NA NA NA NA NA NA 1349 NA NA NA NA NA NA NA
1585436400.0 250400.0 365 0 99 NA NA NA NA NA 526 0 156 NA NA NA NA NA 853 107 178 NA NA NA NA NA 2095 112 431 NA NA NA NA NA
1585436400.0 250402.0 376 0 101 NA NA NA NA NA 535 0 158 NA NA NA NA NA 979 120 215 NA NA NA NA NA 2992 148 320 NA NA NA NA NA
1585436400.0 250403.0 360 0 100 NA NA NA NA NA 522 0 157 NA NA NA NA NA 854 108 180 NA NA NA NA NA 2649 184 589 NA NA NA NA NA
1585436400.0 250405.0 357 0 100 NA NA NA NA NA 522 0 155 NA NA NA NA NA 886 111 177 NA NA NA NA NA 2502 137 398 NA NA NA NA NA
1585436400.0 250406.0 309 0 92 NA NA NA NA NA 525 0 149 NA NA NA NA NA 445 103 118 NA NA NA NA NA 1411 150 242 NA NA NA NA NA
1585436400.0 250407.0 311 0 97 NA NA NA NA NA 529 0 157 NA NA NA NA NA 678 92 163 NA NA NA NA NA 1525 96 603 NA NA NA NA NA
1585436400.0 250408.0 368 0 102 NA NA NA NA NA 530 0 157 NA NA NA NA NA 897 117 201 NA NA NA NA NA 2678 122 508 NA NA NA NA NA
1585436400.0 250409.0 379 0 105 NA NA NA NA NA 525 0 163 NA NA NA NA NA 1231 121 250 NA NA NA NA NA 1817 287 312 NA NA NA NA NA
1585436400.0 25200.0 NA 196 777 0 NA NA NA NA NA 395 988 0 NA NA NA NA NA 2386 2193 464 NA NA NA NA NA 2975 6591 535 NA NA NA NA
1585436400.0 25202.0 NA 201 797 0 NA NA NA NA NA 388 1082 0 NA NA NA NA NA 2265 2660 459 NA NA NA NA NA 3462 7558 511 NA NA NA NA
1585436400.0 25203.0 NA 212 814 0 NA NA NA NA NA 396 994 0 NA NA NA NA NA 2457 2375 454 NA NA NA NA NA 4071 3258 692 NA NA NA NA
1585436400.0 25204.0 NA 202 831 0 NA NA NA NA NA 388 1014 0 NA NA NA NA NA 2468 2529 464 NA NA NA NA NA 4137 3435 586 NA NA NA NA
1585436400.0 25205.0 NA 199 775 0 NA NA NA NA NA 396 1042 0 NA NA NA NA NA 2351 2413 455 NA NA NA NA NA 3131 6784 526 NA NA NA NA
1585436400.0 25206.0 NA 195 753 0 NA NA NA NA NA 400 1011 0 NA NA NA NA NA 2396 2309 457 NA NA NA NA NA 3222 4229 499 NA NA NA NA
1585436400.0 25207.0 NA 199 766 0 NA NA NA NA NA 396 986 0 NA NA NA NA NA 2320 2022 447 NA NA NA NA NA 3846 2113 559 NA NA NA NA
1585436400.0 25208.0 NA 200 845 0 NA NA NA NA NA 388 1031 0 NA NA NA NA NA 2423 3386 463 NA NA NA NA NA 3788 7722 505 NA NA NA NA
1585436400.0 25209.0 NA 192 801 0 NA NA NA NA NA 389 1020 0 NA NA NA NA NA 2221 2563 461 NA NA NA NA NA 3206 4199 526 NA NA NA NA
1585436400.0 25210.0 87 175 768 0 NA NA NA NA 160 395 917 0 NA NA NA NA 3011 910 1070 444 NA NA NA NA 3691 1175 3339 507 NA NA NA NA
1585436400.0 25211.0 84 198 786 0 NA NA NA NA 155 395 974 0 NA NA NA NA 3113 2242 2304 455 NA NA NA NA 2744 2506 10197 513 NA NA NA NA
1585436400.0 25211.17 69 316 765 0 NA NA NA NA 128 522 938 0 NA NA NA NA 3124 3064 3447 1366 NA NA NA NA 2776 13807 4512 1494 NA NA NA NA
1585436400.0 25212.0 79 192 784 0 NA NA NA NA 154 394 997 0 NA NA NA NA 3319 2166 2060 450 NA NA NA NA 5018 4459 3677 503 NA NA NA NA
1585436400.0 25212.17 68 320 774 0 NA NA NA NA 129 510 947 0 NA NA NA NA 4501 3717 3697 1386 NA NA NA NA 5358 12993 4157 1550 NA NA NA NA
1585436400.0 25213.0 93 204 790 0 NA NA NA NA 162 386 1004 0 NA NA NA NA 4351 2411 2508 454 NA NA NA NA 5570 3207 4248 521 NA NA NA NA
1585436400.0 25213.17 67 329 777 0 NA NA NA NA 129 512 986 0 NA NA NA NA 4181 3834 4033 1367 NA NA NA NA 5252 13747 3867 1604 NA NA NA NA
1585436400.0 25214.0 NA 199 828 0 NA NA NA NA NA 396 1000 0 NA NA NA NA NA 2102 2127 459 NA NA NA NA NA 3139 3098 533 NA NA NA NA
1585436400.0 25400.0 453 0 101 NA NA NA NA NA 631 0 161 NA NA NA NA NA 4092 130 191 NA NA NA NA NA 2002 286 366 NA NA NA NA NA
1585436400.0 25402.0 461 0 102 NA NA NA NA NA 632 0 158 NA NA NA NA NA 4596 132 219 NA NA NA NA NA 3379 144 272 NA NA NA NA NA
1585436400.0 25403.0 447 0 100 NA NA NA NA NA 612 0 157 NA NA NA NA NA 4038 130 194 NA NA NA NA NA 3844 153 294 NA NA NA NA NA
1585436400.0 25405.0 449 0 98 NA NA NA NA NA 611 0 155 NA NA NA NA NA 3785 128 182 NA NA NA NA NA 3531 154 391 NA NA NA NA NA
1585436400.0 25406.0 359 0 93 NA NA NA NA NA 525 0 147 NA NA NA NA NA 1121 116 113 NA NA NA NA NA 921 591 285 NA NA NA NA NA
1585436400.0 25407.0 399 0 98 NA NA NA NA NA 554 0 162 NA NA NA NA NA 3311 113 181 NA NA NA NA NA 3152 131 605 NA NA NA NA NA
1585436400.0 25408.0 468 0 103 NA NA NA NA NA 627 0 160 NA NA NA NA NA 5324 133 269 NA NA NA NA NA 3748 305 378 NA NA NA NA NA
1585436400.0 25409.0 457 0 103 NA NA NA NA NA 617 0 158 NA NA NA NA NA 4157 126 193 NA NA NA NA NA 2957 130 289 NA NA NA NA NA
1585436400.0 26.0 NA 113 485 0 NA NA NA NA NA 382 597 0 NA NA NA NA NA 1856 1332 329 NA NA NA NA NA 876 2506 526 NA NA NA NA
1585436400.0 27.0 NA 116 475 0 NA NA NA NA NA 372 577 0 NA NA NA NA NA 1924 1269 338 NA NA NA NA NA 1099 3870 393 NA NA NA NA
1585436400.0 28.0 NA 113 481 0 NA NA NA NA NA 372 573 0 NA NA NA NA NA 2228 1837 336 NA NA NA NA NA 1202 1109 634 NA NA NA NA
1585436400.0 280.0 95 93 456 0 NA NA NA NA 262 368 556 0 NA NA NA NA 4514 369 514 317 NA NA NA NA 1744 317 1256 375 NA NA NA NA
1585436400.0 281.0 102 101 558 0 NA NA NA NA 273 368 688 0 NA NA NA NA 2676 416 592 444 NA NA NA NA 1116 479 963 560 NA NA NA NA
1585436400.0 29.0 NA 113 490 0 NA NA NA NA NA 372 610 0 NA NA NA NA NA 2060 1416 346 NA NA NA NA NA 953 873 382 NA NA NA NA
1585436400.0 3.0 83 86 144 NA NA NA NA NA 172 367 243 NA NA NA NA NA 6082 356 424 NA NA NA NA NA 2324 888 6706 NA NA NA NA NA
1585436400.0 30.0 NA 120 477 0 NA NA NA NA NA 365 565 0 NA NA NA NA NA 1872 1521 352 NA NA NA NA NA 857 1764 511 NA NA NA NA
1585436400.0 300.0 61 122 384 NA NA NA NA NA 125 389 507 NA NA NA NA NA 1005 328 500 NA NA NA NA NA 810 723 6460 NA NA NA NA NA
1585436400.0 301.0 64 127 386 NA NA NA NA NA 128 396 510 NA NA NA NA NA 1082 325 524 NA NA NA NA NA 805 953 1780 NA NA NA NA NA
1585436400.0 302.0 64 120 385 0 NA NA NA NA 125 396 538 0 NA NA NA NA 1090 693 528 339 NA NA NA NA 1182 937 2530 463 NA NA NA NA
1585436400.0 31.0 NA 115 479 0 NA NA NA NA NA 365 566 0 NA NA NA NA NA 1917 1318 335 NA NA NA NA NA 1118 825 521 NA NA NA NA
1585436400.0 32.0 NA 112 478 0 NA NA NA NA NA 372 574 0 NA NA NA NA NA 1952 1558 338 NA NA NA NA NA 1427 2029 380 NA NA NA NA
1585436400.0 33.0 NA 112 475 0 NA NA NA NA NA 372 580 0 NA NA NA NA NA 1826 1211 326 NA NA NA NA NA 833 3377 654 NA NA NA NA
1585436400.0 34.0 83 95 458 0 NA NA NA NA 183 361 546 0 NA NA NA NA 2657 359 521 313 NA NA NA NA 979 345 1197 465 NA NA NA NA
1585436400.0 35.0 NA 116 480 0 NA NA NA NA NA 372 581 0 NA NA NA NA NA 2032 1635 344 NA NA NA NA NA 1093 2543 394 NA NA NA NA
1585436400.0 36.0 NA 109 488 0 NA NA NA NA NA 365 580 0 NA NA NA NA NA 2249 6174 342 NA NA NA NA NA 1263 3860 351 NA NA NA NA
1585436400.0 37.0 NA 112 485 0 NA NA NA NA NA 372 593 0 NA NA NA NA NA 2339 2267 346 NA NA NA NA NA 1464 1228 460 NA NA NA NA
1585436400.0 38.0 NA 112 485 0 NA NA NA NA NA 365 578 0 NA NA NA NA NA 2147 2111 340 NA NA NA NA NA 1466 974 493 NA NA NA NA
1585436400.0 39.0 NA 118 491 0 NA NA NA NA NA 384 582 0 NA NA NA NA NA 2475 3720 346 NA NA NA NA NA 1350 1439 365 NA NA NA NA
1585436400.0 4.17 NA 31 464 0 153 NA NA NA NA 75 554 0 245 NA NA NA NA 144 1922 410 799 NA NA NA NA 155 1893 1114 708 NA NA NA
1585436400.0 4.22 NA 188 66 61 0 NA NA NA NA 288 116 122 0 NA NA NA NA 674 84 246 113 NA NA NA NA 1634 201 240 227 NA NA NA
1585436400.0 4.23 NA 59 470 0 NA NA NA NA NA 110 563 0 NA NA NA NA NA 217 1754 549 NA NA NA NA NA 234 4525 787 NA NA NA NA
1585436400.0 4.24 NA 54 471 0 NA NA NA NA NA 101 570 0 NA NA NA NA NA 229 1884 517 NA NA NA NA NA 184 6009 766 NA NA NA NA
1585436400.0 4.25 NA 58 469 0 NA NA NA NA NA 101 560 0 NA NA NA NA NA 153 1802 500 NA NA NA NA NA 281 2064 803 NA NA NA NA
1585436400.0 4.26 NA 51 476 0 NA NA NA NA NA 99 572 0 NA NA NA NA NA 207 2290 515 NA NA NA NA NA 184 4960 607 NA NA NA NA
1585436400.0 4.27 NA 53 471 0 NA NA NA NA NA 102 567 0 NA NA NA NA NA 183 2451 468 NA NA NA NA NA 231 2004 548 NA NA NA NA
1585436400.0 4.28 NA 61 463 0 NA NA NA NA NA 112 558 0 NA NA NA NA NA 140 1481 841 NA NA NA NA NA 449 1944 928 NA NA NA NA
1585436400.0 4.29 NA 39 466 0 155 NA NA NA NA 79 550 0 252 NA NA NA NA 215 2099 443 842 NA NA NA NA 206 2277 610 1854 NA NA NA
1585436400.0 4.34 NA 64 475 0 NA NA NA NA NA 112 555 0 NA NA NA NA NA 241 2302 509 NA NA NA NA NA 329 5277 593 NA NA NA NA
1585436400.0 4.36 NA 56 472 0 NA NA NA NA NA 102 553 0 NA NA NA NA NA 155 2533 475 NA NA NA NA NA 156 4790 657 NA NA NA NA
1585436400.0 4.37 NA 56 479 0 NA NA NA NA NA 103 561 0 NA NA NA NA NA 244 2953 494 NA NA NA NA NA 221 2804 570 NA NA NA NA
1585436400.0 4.4 NA 33 480 0 NA NA NA NA NA 78 564 0 NA NA NA NA NA 190 2796 479 NA NA NA NA NA 176 2311 628 NA NA NA NA
1585436400.0 4.41 NA 28 481 0 NA NA NA NA NA 77 566 0 NA NA NA NA NA 165 3692 456 NA NA NA NA NA 192 3171 557 NA NA NA NA
1585436400.0 4.42 NA 27 492 0 NA NA NA NA NA 81 588 0 NA NA NA NA NA 174 4547 451 NA NA NA NA NA 202 1936 547 NA NA NA NA
1585436400.0 4.43 NA 31 472 0 NA NA NA NA NA 82 558 0 NA NA NA NA NA 218 2509 464 NA NA NA NA NA 183 1710 620 NA NA NA NA
1585436400.0 4.44 NA 29 475 0 NA NA NA NA NA 78 567 0 NA NA NA NA NA 193 3262 448 NA NA NA NA NA 155 3741 558 NA NA NA NA
1585436400.0 4.45 NA 28 490 0 NA NA NA NA NA 78 577 0 NA NA NA NA NA 184 4854 446 NA NA NA NA NA 175 2401 690 NA NA NA NA
1585436400.0 4.51 NA 32 492 0 NA NA NA NA NA 79 581 0 NA NA NA NA NA 211 4102 447 NA NA NA NA NA 176 3059 462 NA NA NA NA
1585436400.0 4.52 NA 26 491 0 NA NA NA NA NA 78 586 0 NA NA NA NA NA 179 5261 449 NA NA NA NA NA 156 1963 684 NA NA NA NA
1585436400.0 4.53 NA 26 485 0 NA NA NA NA NA 78 580 0 NA NA NA NA NA 191 4888 450 NA NA NA NA NA 161 2035 650 NA NA NA NA
1585436400.0 4.54 NA 29 490 0 NA NA NA NA NA 79 580 0 NA NA NA NA NA 182 4994 449 NA NA NA NA NA 178 2971 717 NA NA NA NA
1585436400.0 4.55 NA 29 491 0 NA NA NA NA NA 79 583 0 NA NA NA NA NA 200 5954 467 NA NA NA NA NA 176 2507 723 NA NA NA NA
1585436400.0 4.57 NA 51 506 0 NA NA NA NA NA 98 612 0 NA NA NA NA NA 187 5935 442 NA NA NA NA NA 217 2191 639 NA NA NA NA
1585436400.0 4.58 NA 43 491 0 NA NA NA NA NA 95 577 0 NA NA NA NA NA 172 3359 445 NA NA NA NA NA 241 1620 978 NA NA NA NA
1585436400.0 4.6 NA 488 0 NA NA NA NA NA NA 563 0 NA NA NA NA NA NA 1449 291 NA NA NA NA NA NA 2738 427 NA NA NA NA NA
1585436400.0 4.61 NA 27 496 0 NA NA NA NA NA 78 595 0 NA NA NA NA NA 188 4913 438 NA NA NA NA NA 211 2174 629 NA NA NA NA
1585436400.0 4.62 NA 33 486 0 NA NA NA NA NA 79 578 0 NA NA NA NA NA 167 4826 436 NA NA NA NA NA 128 3384 633 NA NA NA NA
1585436400.0 4.63 NA 32 492 0 NA NA NA NA NA 79 584 0 NA NA NA NA NA 206 5488 439 NA NA NA NA NA 272 3460 770 NA NA NA NA
1585436400.0 4.64 NA 26 492 0 NA NA NA NA NA 78 584 0 NA NA NA NA NA 153 5245 442 NA NA NA NA NA 159 2339 538 NA NA NA NA
1585436400.0 4.65 NA 25 504 0 NA NA NA NA NA 77 599 0 NA NA NA NA NA 200 7493 463 NA NA NA NA NA 168 4016 583 NA NA NA NA
1585436400.0 4.67 NA 50 498 0 NA NA NA NA NA 101 590 0 NA NA NA NA NA 205 6205 447 NA NA NA NA NA 310 3752 612 NA NA NA NA
1585436400.0 4.68 NA 44 488 0 NA NA NA NA NA 94 573 0 NA NA NA NA NA 201 4574 435 NA NA NA NA NA 176 2113 557 NA NA NA NA
1585436400.0 4.71 NA 30 487 0 NA NA NA NA NA 80 573 0 NA NA NA NA NA 194 3498 425 NA NA NA NA NA 222 1925 446 NA NA NA NA
1585436400.0 4.72 NA 27 487 0 NA NA NA NA NA 79 585 0 NA NA NA NA NA 208 4388 431 NA NA NA NA NA 164 3000 533 NA NA NA NA
1585436400.0 4.73 NA 27 497 0 NA NA NA NA NA 81 583 0 NA NA NA NA NA 181 5110 413 NA NA NA NA NA 203 4035 787 NA NA NA NA
1585436400.0 4.74 NA 28 485 0 NA NA NA NA NA 80 576 0 NA NA NA NA NA 221 4358 436 NA NA NA NA NA 228 2540 516 NA NA NA NA
1585436400.0 4.75 NA 28 493 0 NA NA NA NA NA 81 585 0 NA NA NA NA NA 216 5103 439 NA NA NA NA NA 177 2178 733 NA NA NA NA
1585436400.0 4.76 NA 55 504 0 NA NA NA NA NA 103 596 0 NA NA NA NA NA 210 5866 453 NA NA NA NA NA 170 2282 484 NA NA NA NA
1585436400.0 4.77 NA 52 509 0 NA NA NA NA NA 101 611 0 NA NA NA NA NA 217 6762 450 NA NA NA NA NA 215 3955 484 NA NA NA NA
1585436400.0 4.78 NA 46 495 0 NA NA NA NA NA 99 589 0 NA NA NA NA NA 198 5567 432 NA NA NA NA NA 181 3045 539 NA NA NA NA
1585436400.0 4000.0 NA 115 487 NA NA NA NA NA NA 372 589 NA NA NA NA NA NA 2344 2574 NA NA NA NA NA NA 1030 1786 NA NA NA NA NA
1585436400.0 4001.0 NA 149 536 NA NA NA NA NA NA 376 670 NA NA NA NA NA NA 760 1141 NA NA NA NA NA NA 705 973 NA NA NA NA NA
1585436400.0 4002.0 NA 114 477 NA NA NA NA NA NA 365 573 NA NA NA NA NA NA 1902 1342 NA NA NA NA NA NA 1295 1560 NA NA NA NA NA
1585436400.0 4003.0 NA 113 477 NA NA NA NA NA NA 372 571 NA NA NA NA NA NA 1923 1546 NA NA NA NA NA NA 1131 1488 NA NA NA NA NA
1585436400.0 4006.0 61 140 539 NA NA NA NA NA 139 373 652 NA NA NA NA NA 1216 807 1117 NA NA NA NA NA 823 1030 3901 NA NA NA NA NA
1585436400.0 4007.0 55 95 467 NA NA NA NA NA 116 373 601 NA NA NA NA NA 1126 262 660 NA NA NA NA NA 891 1069 2831 NA NA NA NA NA
1585436400.0 4008.0 43 0 0 NA NA NA NA NA 89 0 0 NA NA NA NA NA 564 104 278 NA NA NA NA NA 411 65 454 NA NA NA NA NA
1585436400.0 43.0 NA 112 476 0 NA NA NA NA NA 372 570 0 NA NA NA NA NA 1901 1856 359 NA NA NA NA NA 1231 3177 403 NA NA NA NA
1585436400.0 44.0 NA 111 474 0 NA NA NA NA NA 365 562 0 NA NA NA NA NA 2009 1588 335 NA NA NA NA NA 821 1387 543 NA NA NA NA
1585436400.0 45.0 NA 120 477 0 NA NA NA NA NA 372 572 0 NA NA NA NA NA 1903 1624 344 NA NA NA NA NA 939 1162 457 NA NA NA NA
1585436400.0 5.1 326 0 NA NA NA NA NA NA 502 0 NA NA NA NA NA NA 691 119 NA NA NA NA NA NA 1265 130 NA NA NA NA NA NA
1585436400.0 5.2 268 0 NA NA NA NA NA NA 494 0 NA NA NA NA NA NA 451 102 NA NA NA NA NA NA 848 142 NA NA NA NA NA NA
1585436400.0 5.3 270 0 NA NA NA NA NA NA 501 0 NA NA NA NA NA NA 457 103 NA NA NA NA NA NA 636 152 NA NA NA NA NA NA
1585436400.0 5.4 318 0 NA NA NA NA NA NA 503 0 NA NA NA NA NA NA 573 112 NA NA NA NA NA NA 1157 121 NA NA NA NA NA NA
1585436400.0 5.5 320 0 NA NA NA NA NA NA 499 0 NA NA NA NA NA NA 568 112 NA NA NA NA NA NA 941 120 NA NA NA NA NA NA
1585436400.0 5.6 322 0 NA NA NA NA NA NA 511 0 NA NA NA NA NA NA 626 117 NA NA NA NA NA NA 932 155 NA NA NA NA NA NA
1585436400.0 5.7 319 0 NA NA NA NA NA NA 503 0 NA NA NA NA NA NA 574 114 NA NA NA NA NA NA 1008 181 NA NA NA NA NA NA
1585436400.0 500199.0 158 NA NA NA NA NA NA NA 400 NA NA NA NA NA NA NA 3594 NA NA NA NA NA NA NA 2622 NA NA NA NA NA NA NA
1585436400.0 500200.0 NA 186 546 0 NA NA NA NA NA 420 655 0 NA NA NA NA NA 6354 1462 329 NA NA NA NA NA 4234 2279 547 NA NA NA NA
1585436400.0 500200.1 82 170 196 NA NA NA NA NA 158 386 301 NA NA NA NA NA 2644 894 886 NA NA NA NA NA 907 727 1040 NA NA NA NA NA
1585436400.0 500202.0 NA 193 568 0 NA NA NA NA NA 424 679 0 NA NA NA NA NA 6172 1857 341 NA NA NA NA NA 4586 4942 612 NA NA NA NA
1585436400.0 500203.0 NA 186 551 0 NA NA NA NA NA 409 669 0 NA NA NA NA NA 5996 1450 330 NA NA NA NA NA 4385 3095 458 NA NA NA NA
1585436400.0 500204.0 NA 184 556 0 NA NA NA NA NA 418 659 0 NA NA NA NA NA 5855 1648 339 NA NA NA NA NA 4727 2094 539 NA NA NA NA
1585436400.0 500205.0 NA 184 545 0 NA NA NA NA NA 414 670 0 NA NA NA NA NA 6116 1439 332 NA NA NA NA NA 4537 2470 581 NA NA NA NA
1585436400.0 500206.0 NA 187 553 0 NA NA NA NA NA 404 673 0 NA NA NA NA NA 5857 1578 335 NA NA NA NA NA 4626 2226 435 NA NA NA NA
1585436400.0 500207.0 NA 175 537 0 NA NA NA NA NA 407 649 0 NA NA NA NA NA 5240 1344 321 NA NA NA NA NA 4419 2692 523 NA NA NA NA
1585436400.0 50200.0 NA 151 636 0 NA NA NA NA NA 379 783 0 NA NA NA NA NA 1341 1738 339 NA NA NA NA NA 1581 3924 453 NA NA NA NA
1585436400.0 50202.0 NA 154 629 0 NA NA NA NA NA 384 777 0 NA NA NA NA NA 1370 1925 360 NA NA NA NA NA 1965 2007 424 NA NA NA NA
1585436400.0 50203.0 NA 151 639 0 NA NA NA NA NA 376 799 0 NA NA NA NA NA 1370 1721 345 NA NA NA NA NA 1816 3498 454 NA NA NA NA
1585436400.0 50204.0 NA 152 634 0 NA NA NA NA NA 384 771 0 NA NA NA NA NA 1354 1847 344 NA NA NA NA NA 1851 2764 458 NA NA NA NA
1585436400.0 50205.0 NA 147 636 0 NA NA NA NA NA 377 772 0 NA NA NA NA NA 1328 1732 342 NA NA NA NA NA 1265 2562 517 NA NA NA NA
1585436400.0 50206.0 NA 148 630 0 NA NA NA NA NA 376 798 0 NA NA NA NA NA 1408 1875 359 NA NA NA NA NA 1554 3582 458 NA NA NA NA
1585436400.0 50207.0 NA 145 603 0 NA NA NA NA NA 376 758 0 NA NA NA NA NA 1307 1532 340 NA NA NA NA NA 1674 2980 402 NA NA NA NA
1585436400.0 50208.0 NA 159 666 0 NA NA NA NA NA 384 797 0 NA NA NA NA NA 1529 2457 342 NA NA NA NA NA 2576 1547 485 NA NA NA NA
1585436400.0 503.0 34 0 NA NA NA NA NA NA 77 0 NA NA NA NA NA NA 65 8 NA NA NA NA NA NA 86 19 NA NA NA NA NA NA
1585436400.0 504.0 35 0 NA NA NA NA NA NA 78 0 NA NA NA NA NA NA 56 8 NA NA NA NA NA NA 66 13 NA NA NA NA NA NA
1585436400.0 505.0 38 0 NA NA NA NA NA NA 78 0 NA NA NA NA NA NA 54 7 NA NA NA NA NA NA 39 16 NA NA NA NA NA NA
1585436400.0 506.0 35 0 NA NA NA NA NA NA 77 0 NA NA NA NA NA NA 42 7 NA NA NA NA NA NA 338 12 NA NA NA NA NA NA
1585436400.0 507.0 34 0 NA NA NA NA NA NA 76 0 NA NA NA NA NA NA 59 7 NA NA NA NA NA NA 73 12 NA NA NA NA NA NA
1585436400.0 508.0 38 0 NA NA NA NA NA NA 77 0 NA NA NA NA NA NA 33 7 NA NA NA NA NA NA 43 10 NA NA NA NA NA NA
1585436400.0 509.0 36 0 NA NA NA NA NA NA 75 0 NA NA NA NA NA NA 22 7 NA NA NA NA NA NA 77 11 NA NA NA NA NA NA
1585436400.0 510.0 34 0 NA NA NA NA NA NA 77 0 NA NA NA NA NA NA 118 7 NA NA NA NA NA NA 172 14 NA NA NA NA NA NA
1585436400.0 512.0 0 NA NA NA NA NA NA NA 0 NA NA NA NA NA NA NA 2552 NA NA NA NA NA NA NA 4180 NA NA NA NA NA NA NA
1585436400.0 513.0 0 NA NA NA NA NA NA NA 0 NA NA NA NA NA NA NA 588 NA NA NA NA NA NA NA 1153 NA NA NA NA NA NA NA
1585436400.0 514.0 15 39 0 NA NA NA NA NA 57 84 0 NA NA NA NA NA 322 37 7 NA NA NA NA NA 621 48 12 NA NA NA NA NA
1585436400.0 515.0 0 NA NA NA NA NA NA NA 0 NA NA NA NA NA NA NA 2551 NA NA NA NA NA NA NA 4529 NA NA NA NA NA NA NA
1585436400.0 516.0 0 NA NA NA NA NA NA NA 0 NA NA NA NA NA NA NA 543 NA NA NA NA NA NA NA 1019 NA NA NA NA NA NA NA
1585436400.0 517.0 15 35 0 NA NA NA NA NA 57 83 0 NA NA NA NA NA 1327 46 8 NA NA NA NA NA 1778 48 20 NA NA NA NA NA
1585436400.0 518.0 0 NA NA NA NA NA NA NA 0 NA NA NA NA NA NA NA 3083 NA NA NA NA NA NA NA 5949 NA NA NA NA NA NA NA
1585436400.0 519.0 0 NA NA NA NA NA NA NA 0 NA NA NA NA NA NA NA 588 NA NA NA NA NA NA NA 1114 NA NA NA NA NA NA NA
1585436400.0 520.0 15 36 0 NA NA NA NA NA 57 84 0 NA NA NA NA NA 1320 58 7 NA NA NA NA NA 1714 179 45 NA NA NA NA NA
1585436400.0 521.0 0 NA NA NA NA NA NA NA 0 NA NA NA NA NA NA NA 576 NA NA NA NA NA NA NA 1143 NA NA NA NA NA NA NA
1585436400.0 522.0 0 NA NA NA NA NA NA NA 0 NA NA NA NA NA NA NA 2533 NA NA NA NA NA NA NA 3902 NA NA NA NA NA NA NA
1585436400.0 523.0 15 44 0 NA NA NA NA NA 57 96 0 NA NA NA NA NA 863 99 7 NA NA NA NA NA 656 84 12 NA NA NA NA NA
1585436400.0 524.0 15 37 0 NA NA NA NA NA 57 84 0 NA NA NA NA NA 1291 53 7 NA NA NA NA NA 1418 56 13 NA NA NA NA NA
1585436400.0 525.0 0 NA NA NA NA NA NA NA 0 NA NA NA NA NA NA NA 517 NA NA NA NA NA NA NA 772 NA NA NA NA NA NA NA
1585436400.0 526.0 0 NA NA NA NA NA NA NA 0 NA NA NA NA NA NA NA 2649 NA NA NA NA NA NA NA 4778 NA NA NA NA NA NA NA
1585436400.0 527.0 15 36 0 NA NA NA NA NA 57 84 0 NA NA NA NA NA 1352 48 8 NA NA NA NA NA 2393 46 21 NA NA NA NA NA
1585436400.0 528.0 0 NA NA NA NA NA NA NA 0 NA NA NA NA NA NA NA 560 NA NA NA NA NA NA NA 1309 NA NA NA NA NA NA NA
1585436400.0 529.0 0 NA NA NA NA NA NA NA 0 NA NA NA NA NA NA NA 2417 NA NA NA NA NA NA NA 3705 NA NA NA NA NA NA NA
1585436400.0 530.0 15 43 0 NA NA NA NA NA 57 85 0 NA NA NA NA NA 1355 65 8 NA NA NA NA NA 2397 58 19 NA NA NA NA NA
1585436400.0 531.0 49 0 NA NA NA NA NA NA 188 0 NA NA NA NA NA NA 44 8 NA NA NA NA NA NA 137 81 NA NA NA NA NA NA
1585436400.0 534.0 39 0 NA NA NA NA NA NA 94 0 NA NA NA NA NA NA 61 7 NA NA NA NA NA NA 200 12 NA NA NA NA NA NA
1585436400.0 541.0 44 0 NA NA NA NA NA NA 88 0 NA NA NA NA NA NA 50 6 NA NA NA NA NA NA 194 10 NA NA NA NA NA NA
1585436400.0 545.0 41 0 NA NA NA NA NA NA 87 0 NA NA NA NA NA NA 38 7 NA NA NA NA NA NA 55 12 NA NA NA NA NA NA
1585436400.0 551.0 15 39 0 NA NA NA NA NA 57 83 0 NA NA NA NA NA 863 62 7 NA NA NA NA NA 645 61 23 NA NA NA NA NA
1585436400.0 552.0 15 36 0 NA NA NA NA NA 57 84 0 NA NA NA NA NA 1333 57 8 NA NA NA NA NA 1990 50 76 NA NA NA NA NA
1585436400.0 554.0 15 35 0 NA NA NA NA NA 57 83 0 NA NA NA NA NA 2182 45 8 NA NA NA NA NA 2281 83 31 NA NA NA NA NA
1585436400.0 555.0 15 35 0 NA NA NA NA NA 57 83 0 NA NA NA NA NA 924 33 7 NA NA NA NA NA 882 32 77 NA NA NA NA NA
1585436400.0 556.0 15 35 0 NA NA NA NA NA 57 85 0 NA NA NA NA NA 333 56 8 NA NA NA NA NA 951 207 95 NA NA NA NA NA
1585436400.0 560.0 34 0 NA NA NA NA NA NA 77 0 NA NA NA NA NA NA 47 8 NA NA NA NA NA NA 47 76 NA NA NA NA NA NA
1585436400.0 561.0 38 0 NA NA NA NA NA NA 78 0 NA NA NA NA NA NA 51 7 NA NA NA NA NA NA 43 10 NA NA NA NA NA NA
1585436400.0 562.0 16 36 0 NA NA NA NA NA 57 84 0 NA NA NA NA NA 199 60 8 NA NA NA NA NA 616 87 106 NA NA NA NA NA
1585436400.0 6.0 NA 84 449 0 NA NA NA NA NA 372 548 0 NA NA NA NA NA 1418 699 304 NA NA NA NA NA 1221 881 395 NA NA NA NA
1585436400.0 7.0 56 80 171 54 0 NA NA NA 113 359 246 102 0 NA NA NA 763 298 285 58 99 NA NA NA 465 470 569 146 136 NA NA NA
1585436400.0 7.1 53 81 171 55 0 NA NA NA 106 366 250 103 0 NA NA NA 1465 396 322 55 106 NA NA NA 978 530 2122 160 164 NA NA NA
1585436400.0 7.2 57 171 241 63 0 NA NA NA 114 470 373 109 0 NA NA NA 783 434 620 92 340 NA NA NA 566 642 1478 192 470 NA NA NA
1585436400.0 7.3 55 175 246 70 0 NA NA NA 108 479 349 110 0 NA NA NA 1320 534 648 81 336 NA NA NA 852 815 1005 158 527 NA NA NA
1585436400.0 7.4 57 173 241 62 0 NA NA NA 114 469 342 110 0 NA NA NA 791 432 605 343 340 NA NA NA 729 1001 1178 455 533 NA NA NA
1585436400.0 8.0 NA 87 175 41 0 NA NA NA NA 370 252 87 0 NA NA NA NA 1455 394 11 101 NA NA NA NA 809 460 159 195 NA NA NA
1585436400.0 9.0 NA 120 478 0 NA NA NA NA NA 372 579 0 NA NA NA NA NA 2209 2260 350 NA NA NA NA NA 1179 1325 534 NA NA NA NA
