Timestamp WorkflowId PeakValueRss1 PeakValueRss2 PeakValueRss3 PeakValueRss4 PeakValueRss5 PeakValueRss6 PeakValueRss7 PeakValueRss8 PeakValueRss9 PeakValueVsize1 PeakValueVsize2 PeakValueVsize3 PeakValueVsize4 PeakValueVsize5 PeakValueVsize6 PeakValueVsize7 PeakValueVsize8 PeakValueVsize9 TotalJobCPU1 TotalJobCPU2 TotalJobCPU3 TotalJobCPU4 TotalJobCPU5 TotalJobCPU6 TotalJobCPU7 TotalJobCPU8 TotalJobCPU9 TotalJobTime1 TotalJobTime2 TotalJobTime3 TotalJobTime4 TotalJobTime5 TotalJobTime6 TotalJobTime7 TotalJobTime8 TotalJobTime9 
1764457200.0 1.0 152 163 281 NA NA NA NA NA NA 255 225 404 NA NA NA NA NA NA 738 179 434 NA NA NA NA NA NA 703 235 639 NA NA NA NA NA NA 
1764457200.0 10.0 NA 201 393 0 NA NA NA NA NA NA 280 526 0 NA NA NA NA NA NA 789 1415 202 NA NA NA NA NA NA 360 920 247 NA NA NA NA NA 
1764457200.0 1000.0 NA 366 241 0 110 NA NA NA NA NA 492 316 0 170 NA NA NA NA NA 1395 447 199 178 NA NA NA NA NA 940 485 246 237 NA NA NA NA 
1764457200.0 10001.0 NA 281 453 0 144 152 NA NA NA NA 434 625 0 210 227 NA NA NA NA 882 919 249 213 310 NA NA NA NA 414 996 318 281 347 NA NA NA 
1764457200.0 10002.0 NA 281 451 0 146 150 NA NA NA NA 446 621 0 212 232 NA NA NA NA 901 926 233 206 321 NA NA NA NA 410 1016 329 258 377 NA NA NA 
1764457200.0 10003.0 NA 281 452 0 147 153 NA NA NA NA 454 640 0 210 232 NA NA NA NA 933 962 235 215 294 NA NA NA NA 463 1063 321 283 342 NA NA NA 
1764457200.0 10004.0 NA 274 458 0 146 151 NA NA NA NA 443 623 0 208 234 NA NA NA NA 891 880 272 228 326 NA NA NA NA 475 978 319 279 395 NA NA NA 
1764457200.0 10005.0 NA 279 460 0 145 152 NA NA NA NA 447 624 0 204 233 NA NA NA NA 1217 944 243 195 286 NA NA NA NA 524 977 306 283 332 NA NA NA 
1764457200.0 10006.0 NA 281 444 0 138 144 NA NA NA NA 452 631 0 207 217 NA NA NA NA 833 932 244 207 293 NA NA NA NA 396 949 278 286 378 NA NA NA 
1764457200.0 10007.0 NA 286 457 0 176 146 NA NA NA NA 409 611 0 279 219 NA NA NA NA 887 859 247 262 322 NA NA NA NA 440 937 286 335 389 NA NA NA 
1764457200.0 10008.0 NA 283 453 0 176 145 NA NA NA NA 410 615 0 285 227 NA NA NA NA 919 945 243 234 321 NA NA NA NA 745 942 285 293 386 NA NA NA 
1764457200.0 10009.0 NA 283 458 0 174 147 NA NA NA NA 429 620 0 288 220 NA NA NA NA 910 955 248 290 307 NA NA NA NA 437 975 317 384 388 NA NA NA 
1764457200.0 1001.0 NA 321 182 0 0 0 0 0 0 NA 447 259 0 0 0 0 0 0 NA 1239 262 56 50 66 102 83 109 NA 990 306 88 70 90 121 125 132 
1764457200.0 1001.2 NA 516 226 0 0 0 0 NA NA NA 724 332 0 0 0 0 NA NA NA 5115 463 62 70 68 72 NA NA NA 2572 379 98 109 92 100 NA NA 
1764457200.0 1001.3 NA 475 260 0 NA NA NA NA NA NA 653 340 0 NA NA NA NA NA NA 2261 479 142 NA NA NA NA NA NA 1415 487 184 NA NA NA NA NA 
1764457200.0 1002.0 NA 357 138 NA NA NA NA NA NA NA 502 176 NA NA NA NA NA NA NA 1209 96 NA NA NA NA NA NA NA 1141 92 NA NA NA NA NA NA 
1764457200.0 1002.3 NA 477 208 0 NA NA NA NA NA NA 663 309 0 NA NA NA NA NA NA 2445 493 149 NA NA NA NA NA NA 1291 496 225 NA NA NA NA NA 
1764457200.0 1002.4 NA 489 0 NA NA NA NA NA NA NA 690 0 NA NA NA NA NA NA NA 4924 215 NA NA NA NA NA NA NA 1912 264 NA NA NA NA NA NA 
1764457200.0 10023.0 NA 283 445 0 143 143 NA NA NA NA 457 618 0 207 219 NA NA NA NA 876 861 253 196 289 NA NA NA NA 485 857 390 252 375 NA NA NA 
1764457200.0 10024.0 NA 292 462 0 178 154 NA NA NA NA 453 679 0 283 227 NA NA NA NA 874 1051 244 250 318 NA NA NA NA 399 1020 283 299 368 NA NA NA 
1764457200.0 10024.1 NA 293 284 0 NA NA NA NA NA NA 465 402 0 NA NA NA NA NA NA 725 378 174 NA NA NA NA NA NA 355 493 207 NA NA NA NA NA 
1764457200.0 10024.2 NA 293 474 0 NA NA NA NA NA NA 440 655 0 NA NA NA NA NA NA 907 1093 271 NA NA NA NA NA NA 455 1162 312 NA NA NA NA NA 
1764457200.0 10024.3 NA 275 273 0 NA NA NA NA NA NA 461 388 0 NA NA NA NA NA NA 734 358 160 NA NA NA NA NA NA 404 418 197 NA NA NA NA NA 
1764457200.0 10024.4 NA 293 471 0 NA NA NA NA NA NA 447 662 0 NA NA NA NA NA NA 766 840 207 NA NA NA NA NA NA 409 822 252 NA NA NA NA NA 
1764457200.0 10024.5 NA 292 159 0 NA NA NA NA NA NA 464 292 0 NA NA NA NA NA NA 722 243 92 NA NA NA NA NA NA 356 366 120 NA NA NA NA NA 
1764457200.0 10025.0 NA 284 464 0 147 152 NA NA NA NA 440 659 0 208 232 NA NA NA NA 835 969 215 215 311 NA NA NA NA 394 1025 283 268 384 NA NA NA 
1764457200.0 10026.0 NA 293 466 0 149 154 NA NA NA NA 435 687 0 208 228 NA NA NA NA 924 1211 280 208 335 NA NA NA NA 411 1003 389 252 394 NA NA NA 
1764457200.0 1003.0 NA 381 0 NA NA NA NA NA NA NA 629 0 NA NA NA NA NA NA NA 1282 132 NA NA NA NA NA NA NA 991 168 NA NA NA NA NA NA 
1764457200.0 1004.0 NA 271 148 0 0 0 0 NA NA NA 389 209 0 0 0 0 NA NA NA 439 125 38 52 88 86 NA NA NA 648 160 57 80 113 103 NA NA 
1764457200.0 10042.0 NA 287 433 0 178 151 NA NA NA NA 437 621 0 286 223 NA NA NA NA 831 924 243 260 301 NA NA NA NA 419 921 276 323 364 NA NA NA 
1764457200.0 10059.0 NA 295 469 0 146 154 NA NA NA NA 466 640 0 211 238 NA NA NA NA 916 1385 266 229 309 NA NA NA NA 404 1092 321 357 383 NA NA NA 
1764457200.0 10071.0 NA 286 470 0 148 150 NA NA NA NA 460 631 0 210 230 NA NA NA NA 1001 1028 255 223 317 NA NA NA NA 471 982 300 280 426 NA NA NA 
1764457200.0 101.0 171 NA NA NA NA NA NA NA NA 289 NA NA NA NA NA NA NA NA 391 NA NA NA NA NA NA NA NA 405 NA NA NA NA NA NA NA NA 
1764457200.0 1010.0 NA 81 100 0 NA NA NA NA NA NA 141 166 0 NA NA NA NA NA NA 71 86 70 NA NA NA NA NA NA 222 123 92 NA NA NA NA NA 
1764457200.0 102.0 172 NA NA NA NA NA NA NA NA 280 NA NA NA NA NA NA NA NA 353 NA NA NA NA NA NA NA NA 358 NA NA NA NA NA NA NA NA 
1764457200.0 1020.0 NA 82 74 0 84 NA NA NA NA NA 150 142 0 148 NA NA NA NA NA 88 67 37 79 NA NA NA NA NA 292 138 105 141 NA NA NA NA 
1764457200.0 10224.0 NA 466 702 0 154 NA NA NA NA NA 641 1017 0 228 NA NA NA NA NA 1910 1784 249 356 NA NA NA NA NA 1367 1474 286 427 NA NA NA NA 
1764457200.0 10224.15 NA 470 685 0 186 NA NA NA NA NA 650 958 0 270 NA NA NA NA NA 1578 1609 225 328 NA NA NA NA NA 1148 1696 274 357 NA NA NA NA 
1764457200.0 10225.0 NA 449 697 0 152 NA NA NA NA NA 622 971 0 233 NA NA NA NA NA 1753 1609 245 297 NA NA NA NA NA 959 1274 279 347 NA NA NA NA 
1764457200.0 103.0 114 0 0 NA NA NA NA NA NA 191 0 0 NA NA NA NA NA NA 277 59 523 NA NA NA NA NA NA 357 88 690 NA NA NA NA NA NA 
1764457200.0 1030.0 NA 259 101 0 0 NA NA NA NA NA 432 165 0 0 NA NA NA NA NA 2491 91 34 31 NA NA NA NA NA 990 122 74 45 NA NA NA NA 
1764457200.0 1040.0 NA 458 77 0 NA NA NA NA NA NA 663 130 0 NA NA NA NA NA NA 4780 79 57 NA NA NA NA NA NA 2285 121 70 NA NA NA NA NA 
1764457200.0 1040.1 NA 124 77 0 NA NA NA NA NA NA 192 129 0 NA NA NA NA NA NA 182 70 56 NA NA NA NA NA NA 539 102 75 NA NA NA NA NA 
1764457200.0 1041.0 NA 122 82 0 NA NA NA NA NA NA 190 139 0 NA NA NA NA NA NA 121 74 38 NA NA NA NA NA NA 173 97 53 NA NA NA NA NA 
1764457200.0 1042.0 NA 123 78 0 NA NA NA NA NA NA 193 133 0 NA NA NA NA NA NA 224 81 37 NA NA NA NA NA NA 576 101 53 NA NA NA NA NA 
1764457200.0 10424.0 NA 245 465 0 NA NA NA NA NA NA 364 659 0 NA NA NA NA NA NA 283 847 210 NA NA NA NA NA NA 294 862 264 NA NA NA NA NA 
1764457200.0 1043.0 NA 108 90 0 NA NA NA NA NA NA 169 145 0 NA NA NA NA NA NA 145 78 34 NA NA NA NA NA NA 174 108 46 NA NA NA NA NA 
1764457200.0 1044.0 NA 107 106 0 NA NA NA NA NA NA 169 166 0 NA NA NA NA NA NA 153 105 37 NA NA NA NA NA NA 245 120 52 NA NA NA NA NA 
1764457200.0 1045.0 NA 108 103 0 NA NA NA NA NA NA 169 164 0 NA NA NA NA NA NA 143 101 34 NA NA NA NA NA NA 177 109 46 NA NA NA NA NA 
1764457200.0 105.0 125 167 80 NA NA NA NA NA NA 254 233 126 NA NA NA NA NA NA 715 169 66 NA NA NA NA NA NA 514 211 93 NA NA NA NA NA NA 
1764457200.0 106.0 121 0 0 NA NA NA NA NA NA 194 0 0 NA NA NA NA NA NA 287 59 533 NA NA NA NA NA NA 287 78 577 NA NA NA NA NA NA 
1764457200.0 107.0 159 170 360 NA NA NA NA NA NA 266 233 477 NA NA NA NA NA NA 910 193 693 NA NA NA NA NA NA 486 193 771 NA NA NA NA NA NA 
1764457200.0 108.0 160 172 363 NA NA NA NA NA NA 272 239 484 NA NA NA NA NA NA 1070 191 702 NA NA NA NA NA NA 580 189 702 NA NA NA NA NA NA 
1764457200.0 10801.0 NA 271 448 0 147 153 NA NA NA NA 450 697 0 210 235 NA NA NA NA 799 919 256 223 300 NA NA NA NA 413 920 297 278 345 NA NA NA 
1764457200.0 10802.0 NA 271 449 0 145 155 NA NA NA NA 416 632 0 206 236 NA NA NA NA 838 922 240 221 320 NA NA NA NA 455 905 280 332 382 NA NA NA 
1764457200.0 10803.0 NA 261 422 0 147 156 NA NA NA NA 406 667 0 208 234 NA NA NA NA 873 968 254 194 314 NA NA NA NA 444 963 297 241 350 NA NA NA 
1764457200.0 10804.0 NA 280 456 0 143 154 NA NA NA NA 416 655 0 198 234 NA NA NA NA 972 915 261 226 314 NA NA NA NA 452 1126 341 280 382 NA NA NA 
1764457200.0 10804.31 NA 265 440 0 139 154 NA NA NA NA 417 669 0 207 227 NA NA NA NA 698 788 200 163 251 NA NA NA NA 441 1332 277 244 316 NA NA NA 
1764457200.0 10805.0 NA 273 446 0 143 154 NA NA NA NA 456 621 0 198 236 NA NA NA NA 818 919 225 214 349 NA NA NA NA 381 1075 260 270 408 NA NA NA 
1764457200.0 10805.31 NA 250 449 0 143 155 NA NA NA NA 431 625 0 199 232 NA NA NA NA 718 798 203 166 268 NA NA NA NA 583 1831 309 216 320 NA NA NA 
1764457200.0 10806.0 NA 272 451 0 139 148 NA NA NA NA 426 624 0 204 228 NA NA NA NA 813 854 228 206 284 NA NA NA NA 447 871 258 254 357 NA NA NA 
1764457200.0 10807.0 NA 276 454 0 176 150 NA NA NA NA 456 621 0 292 223 NA NA NA NA 1157 947 265 250 321 NA NA NA NA 540 949 324 316 372 NA NA NA 
1764457200.0 10808.0 NA 277 455 0 175 150 NA NA NA NA 463 621 0 291 231 NA NA NA NA 827 923 251 276 308 NA NA NA NA 368 949 294 336 352 NA NA NA 
1764457200.0 10809.0 NA 276 433 0 176 156 NA NA NA NA 455 657 0 281 224 NA NA NA NA 823 890 258 218 317 NA NA NA NA 436 914 306 270 398 NA NA NA 
1764457200.0 10823.0 NA 275 452 0 143 147 NA NA NA NA 445 602 0 208 226 NA NA NA NA 830 874 252 227 308 NA NA NA NA 383 882 293 319 353 NA NA NA 
1764457200.0 10824.0 NA 281 474 0 176 156 NA NA NA NA 419 634 0 282 233 NA NA NA NA 915 995 260 254 340 NA NA NA NA 406 966 343 307 398 NA NA NA 
1764457200.0 10824.1 NA 285 284 0 NA NA NA NA NA NA 459 393 0 NA NA NA NA NA NA 714 364 175 NA NA NA NA NA NA 403 475 246 NA NA NA NA NA 
1764457200.0 10824.5 NA 264 159 0 NA NA NA NA NA NA 455 282 0 NA NA NA NA NA NA 706 243 95 NA NA NA NA NA NA 375 361 130 NA NA NA NA NA 
1764457200.0 10824.501 NA 283 163 0 NA NA NA NA NA NA 463 298 0 NA NA NA NA NA NA 697 252 104 NA NA NA NA NA NA 340 421 135 NA NA NA NA NA 
1764457200.0 10824.505 NA 284 163 0 NA NA NA NA NA NA 457 301 0 NA NA NA NA NA NA 710 240 104 NA NA NA NA NA NA 410 315 137 NA NA NA NA NA 
1764457200.0 10824.511 NA 284 127 0 NA NA NA NA NA NA 463 203 0 NA NA NA NA NA NA 712 165 79 NA NA NA NA NA NA 347 197 105 NA NA NA NA NA 
1764457200.0 10824.521 NA 285 121 0 NA NA NA NA NA NA 435 177 0 NA NA NA NA NA NA 699 169 83 NA NA NA NA NA NA 406 254 108 NA NA NA NA NA 
1764457200.0 10824.6 NA 285 474 0 178 156 NA NA NA NA 453 687 0 283 228 NA NA NA NA 818 1152 275 238 345 NA NA NA NA 396 1110 357 291 400 NA NA NA 
1764457200.0 10824.8 NA 283 474 0 176 158 NA NA NA NA 454 648 0 281 228 NA NA NA NA 1253 1029 252 235 327 NA NA NA NA 505 965 285 284 428 NA NA NA 
1764457200.0 10825.0 NA 271 466 0 147 156 NA NA NA NA 449 646 0 206 229 NA NA NA NA 901 984 222 198 315 NA NA NA NA 426 995 256 245 368 NA NA NA 
1764457200.0 10826.0 NA 286 474 0 149 156 NA NA NA NA 456 639 0 211 238 NA NA NA NA 890 1109 270 193 357 NA NA NA NA 434 1037 315 236 400 NA NA NA 
1764457200.0 10842.0 NA 282 459 0 177 155 NA NA NA NA 468 653 0 279 234 NA NA NA NA 833 932 259 246 337 NA NA NA NA 391 1054 312 313 400 NA NA NA 
1764457200.0 10842.501 NA 280 164 0 NA NA NA NA NA NA 436 295 0 NA NA NA NA NA NA 688 236 98 NA NA NA NA NA NA 345 366 125 NA NA NA NA NA 
1764457200.0 10842.505 NA 280 161 0 NA NA NA NA NA NA 450 280 0 NA NA NA NA NA NA 687 236 98 NA NA NA NA NA NA 364 380 121 NA NA NA NA NA 
1764457200.0 10859.0 NA 290 472 0 145 157 NA NA NA NA 450 730 0 210 230 NA NA NA NA 915 1555 258 234 341 NA NA NA NA 413 1112 289 348 474 NA NA NA 
1764457200.0 10871.0 NA 285 465 0 149 157 NA NA NA NA 429 633 0 211 234 NA NA NA NA 895 991 238 226 339 NA NA NA NA 412 986 273 284 384 NA NA NA 
1764457200.0 109.0 161 172 367 NA NA NA NA NA NA 268 243 481 NA NA NA NA NA NA 1304 242 917 NA NA NA NA NA NA 630 219 1001 NA NA NA NA NA NA 
1764457200.0 11.0 NA 185 371 0 124 NA NA NA NA NA 254 496 0 183 NA NA NA NA NA 818 971 266 165 NA NA NA NA NA 399 875 316 233 NA NA NA NA 
1764457200.0 110.0 124 152 351 NA NA NA NA NA NA 195 228 454 NA NA NA NA NA NA 300 178 654 NA NA NA NA NA NA 282 191 731 NA NA NA NA NA NA 
1764457200.0 1102.0 NA 202 393 213 182 NA NA NA NA NA 293 529 331 228 NA NA NA NA NA 1008 2026 1071 167 NA NA NA NA NA 435 1250 530 142 NA NA NA NA 
1764457200.0 11024.0 NA 542 804 0 157 NA NA NA NA NA 718 1095 0 234 NA NA NA NA NA 2169 1751 225 288 NA NA NA NA NA 2114 1665 287 360 NA NA NA NA 
1764457200.0 11024.15 NA 542 811 0 189 NA NA NA NA NA 707 1064 0 271 NA NA NA NA NA 2229 1896 226 344 NA NA NA NA NA 2149 1668 296 383 NA NA NA NA 
1764457200.0 11024.2 NA 536 793 0 151 NA NA NA NA NA 731 1073 0 234 NA NA NA NA NA 2152 1851 221 203 NA NA NA NA NA 1634 1426 256 215 NA NA NA NA 
1764457200.0 11024.6 NA 492 810 0 157 NA NA NA NA NA 746 1068 0 238 NA NA NA NA NA 2231 1847 223 269 NA NA NA NA NA 1718 1467 252 309 NA NA NA NA 
1764457200.0 11025.0 NA 519 786 0 157 NA NA NA NA NA 703 1088 0 236 NA NA NA NA NA 2196 1803 216 268 NA NA NA NA NA 2061 1670 263 302 NA NA NA NA 
1764457200.0 111.0 159 169 353 NA NA NA NA NA NA 264 232 466 NA NA NA NA NA NA 580 171 662 NA NA NA NA NA NA 373 212 735 NA NA NA NA NA NA 
1764457200.0 112.0 152 169 356 NA NA NA NA NA NA 259 241 479 NA NA NA NA NA NA 743 185 668 NA NA NA NA NA NA 506 187 747 NA NA NA NA NA NA 
1764457200.0 11224.0 NA 246 468 0 NA NA NA NA NA NA 357 665 0 NA NA NA NA NA NA 294 803 217 NA NA NA NA NA NA 229 769 256 NA NA NA NA NA 
1764457200.0 11224.6 NA 246 422 0 NA NA NA NA NA NA 360 633 0 NA NA NA NA NA NA 296 877 214 NA NA NA NA NA NA 278 903 256 NA NA NA NA NA 
1764457200.0 113.0 156 169 354 NA NA NA NA NA NA 266 234 472 NA NA NA NA NA NA 771 175 629 NA NA NA NA NA NA 429 166 709 NA NA NA NA NA NA 
1764457200.0 114.0 163 171 360 NA NA NA NA NA NA 268 244 475 NA NA NA NA NA NA 805 196 672 NA NA NA NA NA NA 406 193 714 NA NA NA NA NA NA 
1764457200.0 115.0 162 171 361 NA NA NA NA NA NA 265 240 481 NA NA NA NA NA NA 939 187 704 NA NA NA NA NA NA 476 201 761 NA NA NA NA NA NA 
1764457200.0 116.0 161 171 364 NA NA NA NA NA NA 262 241 484 NA NA NA NA NA NA 962 198 715 NA NA NA NA NA NA 476 193 730 NA NA NA NA NA NA 
1764457200.0 11601.0 NA 390 580 0 159 NA NA NA NA NA 529 812 0 230 NA NA NA NA NA 570 1190 260 209 NA NA NA NA NA 940 1716 291 283 NA NA NA NA 
1764457200.0 11602.0 NA 395 584 0 158 NA NA NA NA NA 527 761 0 221 NA NA NA NA NA 557 1190 257 209 NA NA NA NA NA 729 1716 294 276 NA NA NA NA 
1764457200.0 11603.0 NA 384 567 0 160 NA NA NA NA NA 537 796 0 220 NA NA NA NA NA 710 1233 257 211 NA NA NA NA NA 912 1807 290 272 NA NA NA NA 
1764457200.0 11604.0 NA 390 576 0 158 NA NA NA NA NA 529 786 0 227 NA NA NA NA NA 547 1137 248 217 NA NA NA NA NA 770 1676 272 306 NA NA NA NA 
1764457200.0 11605.0 NA 398 580 0 159 NA NA NA NA NA 530 801 0 227 NA NA NA NA NA 555 1208 259 214 NA NA NA NA NA 675 1806 304 280 NA NA NA NA 
1764457200.0 11606.0 NA 389 573 0 154 NA NA NA NA NA 527 793 0 220 NA NA NA NA NA 552 1131 250 201 NA NA NA NA NA 731 1654 280 303 NA NA NA NA 
1764457200.0 11607.0 NA 399 577 0 181 NA NA NA NA NA 539 784 0 264 NA NA NA NA NA 579 1189 265 222 NA NA NA NA NA 878 1582 301 316 NA NA NA NA 
1764457200.0 11608.0 NA 402 577 0 178 NA NA NA NA NA 552 783 0 263 NA NA NA NA NA 570 1195 261 227 NA NA NA NA NA 648 1703 297 293 NA NA NA NA 
1764457200.0 11609.0 NA 405 582 0 180 NA NA NA NA NA 557 776 0 263 NA NA NA NA NA 596 1230 251 229 NA NA NA NA NA 1168 1641 274 302 NA NA NA NA 
1764457200.0 11630.0 NA 440 598 0 181 NA NA NA NA NA 572 868 0 262 NA NA NA NA NA 694 1623 276 232 NA NA NA NA NA 915 2204 322 296 NA NA NA NA 
1764457200.0 11634.0 NA 429 591 0 184 NA NA NA NA NA 573 827 0 263 NA NA NA NA NA 632 1328 288 230 NA NA NA NA NA 759 1741 386 301 NA NA NA NA 
1764457200.0 11634.1 NA 431 301 0 NA NA NA NA NA NA 579 409 0 NA NA NA NA NA NA 624 454 185 NA NA NA NA NA NA 498 497 248 NA NA NA NA NA 
1764457200.0 11634.15 NA 424 602 0 183 NA NA NA NA NA 565 864 0 268 NA NA NA NA NA 638 1386 265 228 NA NA NA NA NA 773 1822 291 275 NA NA NA NA 
1764457200.0 11634.24 NA 330 540 0 149 NA NA NA NA NA 439 744 0 205 NA NA NA NA NA 438 1355 317 233 NA NA NA NA NA 740 1459 359 263 NA NA NA NA 
1764457200.0 11634.5 NA 428 187 0 NA NA NA NA NA NA 573 321 0 NA NA NA NA NA NA 613 320 100 NA NA NA NA NA NA 501 465 129 NA NA NA NA NA 
1764457200.0 11634.501 NA 433 192 0 NA NA NA NA NA NA 572 331 0 NA NA NA NA NA NA 614 321 106 NA NA NA NA NA NA 505 424 134 NA NA NA NA NA 
1764457200.0 11634.505 NA 430 188 0 NA NA NA NA NA NA 562 326 0 NA NA NA NA NA NA 626 321 112 NA NA NA NA NA NA 498 422 143 NA NA NA NA NA 
1764457200.0 11634.511 NA 432 166 0 NA NA NA NA NA NA 571 251 0 NA NA NA NA NA NA 583 231 81 NA NA NA NA NA NA 495 294 113 NA NA NA NA NA 
1764457200.0 11634.521 NA 428 161 0 NA NA NA NA NA NA 565 219 0 NA NA NA NA NA NA 593 222 85 NA NA NA NA NA NA 642 269 111 NA NA NA NA NA 
1764457200.0 11634.601 NA 270 295 608 0 NA NA NA NA NA 405 389 813 0 NA NA NA NA NA 394 458 1596 329 NA NA NA NA NA 450 749 1532 385 NA NA NA NA 
1764457200.0 11634.7 NA 427 613 0 NA NA NA NA NA NA 573 819 0 NA NA NA NA NA NA 635 1334 286 NA NA NA NA NA NA 951 1623 359 NA NA NA NA NA 
1764457200.0 11634.91 NA 424 609 0 184 NA NA NA NA NA 567 823 0 266 NA NA NA NA NA 644 1308 283 228 NA NA NA NA NA 879 1742 414 283 NA NA NA NA 
1764457200.0 11634.911 147 392 592 0 180 NA NA NA NA 230 550 842 0 253 NA NA NA NA 1584 1140 1664 489 451 NA NA NA NA 1595 1366 2757 1090 411 NA NA NA NA 
1764457200.0 11634.914 140 373 585 0 179 NA NA NA NA 212 557 812 0 258 NA NA NA NA 1310 764 1302 275 207 NA NA NA NA 1345 958 2738 444 258 NA NA NA NA 
1764457200.0 11640.0 NA 396 572 0 159 NA NA NA NA NA 555 814 0 222 NA NA NA NA NA 572 1153 266 212 NA NA NA NA NA 757 1510 305 278 NA NA NA NA 
1764457200.0 11643.0 NA 423 584 0 163 NA NA NA NA NA 573 814 0 235 NA NA NA NA NA 635 1384 278 209 NA NA NA NA NA 1215 2088 331 259 NA NA NA NA 
1764457200.0 11646.0 NA 405 595 0 161 NA NA NA NA NA 557 826 0 222 NA NA NA NA NA 578 1241 268 207 NA NA NA NA NA 789 1531 294 258 NA NA NA NA 
1764457200.0 11650.0 NA 413 591 0 185 NA NA NA NA NA 565 836 0 268 NA NA NA NA NA 615 1235 274 233 NA NA NA NA NA 808 1649 362 294 NA NA NA NA 
1764457200.0 11650.501 NA 414 185 0 NA NA NA NA NA NA 554 326 0 NA NA NA NA NA NA 719 410 133 NA NA NA NA NA NA 551 659 171 NA NA NA NA NA 
1764457200.0 11650.505 NA 413 143 0 NA NA NA NA NA NA 545 331 0 NA NA NA NA NA NA 744 294 103 NA NA NA NA NA NA 635 474 133 NA NA NA NA NA 
1764457200.0 11650.911 112 359 568 0 183 NA NA NA NA 225 527 766 0 267 NA NA NA NA 833 1141 1526 495 453 NA NA NA NA 1265 1174 2602 931 351 NA NA NA NA 
1764457200.0 11650.914 107 403 583 0 181 NA NA NA NA 205 553 800 0 256 NA NA NA NA 680 592 1263 265 220 NA NA NA NA 920 751 1978 295 311 NA NA NA NA 
1764457200.0 117.0 129 172 364 NA NA NA NA NA NA 265 239 464 NA NA NA NA NA NA 1047 193 719 NA NA NA NA NA NA 522 193 749 NA NA NA NA NA NA 
1764457200.0 11723.17 NA 405 617 0 NA NA NA NA NA NA 573 839 0 NA NA NA NA NA NA 695 1477 295 NA NA NA NA NA NA 1054 1828 369 NA NA NA NA NA 
1764457200.0 11725.0 NA 398 587 0 159 NA NA NA NA NA 530 780 0 219 NA NA NA NA NA 571 1273 263 213 NA NA NA NA NA 1157 1952 290 286 NA NA NA NA 
1764457200.0 118.0 160 165 367 NA NA NA NA NA NA 265 245 503 NA NA NA NA NA NA 1273 208 731 NA NA NA NA NA NA 598 240 779 NA NA NA NA NA NA 
1764457200.0 11834.0 NA 677 1050 0 NA NA NA NA NA NA 985 1378 0 NA NA NA NA NA NA 2379 3153 276 NA NA NA NA NA NA 2361 2904 324 NA NA NA NA NA 
1764457200.0 11834.13 NA 672 1106 0 NA NA NA NA NA NA 982 1517 0 NA NA NA NA NA NA 2434 3317 277 NA NA NA NA NA NA 2345 3479 333 NA NA NA NA NA 
1764457200.0 11834.21 NA 609 356 231 153 NA NA NA NA NA 796 477 298 236 NA NA NA NA NA 2403 1249 349 226 NA NA NA NA NA 1953 708 359 245 NA NA NA NA 
1764457200.0 11834.24 NA 338 539 0 NA NA NA NA NA NA 439 770 0 NA NA NA NA NA NA 447 1182 266 NA NA NA NA NA NA 799 1955 312 NA NA NA NA NA 
1764457200.0 11834.99 NA 511 743 778 0 NA NA NA NA NA 785 1114 1047 0 NA NA NA NA NA 2476 1567 2586 280 NA NA NA NA NA 2281 1673 2500 353 NA NA NA NA 
1764457200.0 11846.0 NA 635 962 0 NA NA NA NA NA NA 1043 1389 0 NA NA NA NA NA NA 2479 2720 281 NA NA NA NA NA NA 2544 3269 337 NA NA NA NA NA 
1764457200.0 119.0 155 169 355 NA NA NA NA NA NA 264 234 475 NA NA NA NA NA NA 644 179 659 NA NA NA NA NA NA 404 172 680 NA NA NA NA NA NA 
1764457200.0 11925.0 NA 658 1089 0 NA NA NA NA NA NA 1024 1465 0 NA NA NA NA NA NA 2560 2925 273 NA NA NA NA NA NA 2582 3339 346 NA NA NA NA NA 
1764457200.0 12.0 NA 198 386 0 NA NA NA NA NA NA 277 515 0 NA NA NA NA NA NA 853 1699 272 NA NA NA NA NA NA 404 1193 311 NA NA NA NA NA 
1764457200.0 120.0 128 157 344 NA NA NA NA NA NA 214 233 467 NA NA NA NA NA NA 271 169 617 NA NA NA NA NA NA 337 247 818 NA NA NA NA NA NA 
1764457200.0 12034.0 NA 360 NA NA NA NA NA NA NA NA 488 NA NA NA NA NA NA NA NA 476 NA NA NA NA NA NA NA NA 551 NA NA NA NA NA NA NA 
1764457200.0 121.0 156 174 370 NA NA NA NA NA NA 265 244 492 NA NA NA NA NA NA 1705 232 959 NA NA NA NA NA NA 755 211 1065 NA NA NA NA NA NA 
1764457200.0 122.0 120 0 0 NA NA NA NA NA NA 190 0 0 NA NA NA NA NA NA 282 62 516 NA NA NA NA NA NA 446 114 658 NA NA NA NA NA NA 
1764457200.0 123.1 356 NA NA NA NA NA NA NA NA 547 NA NA NA NA NA NA NA NA 448 NA NA NA NA NA NA NA NA 615 NA NA NA NA NA NA NA NA 
1764457200.0 123.2 395 NA NA NA NA NA NA NA NA 536 NA NA NA NA NA NA NA NA 507 NA NA NA NA NA NA NA NA 606 NA NA NA NA NA NA NA NA 
1764457200.0 123.3 311 NA NA NA NA NA NA NA NA 418 NA NA NA NA NA NA NA NA 361 NA NA NA NA NA NA NA NA 438 NA NA NA NA NA NA NA NA 
1764457200.0 124.1 376 NA NA NA NA NA NA NA NA 488 NA NA NA NA NA NA NA NA 371 NA NA NA NA NA NA NA NA 485 NA NA NA NA NA NA NA NA 
1764457200.0 124.2 388 NA NA NA NA NA NA NA NA 515 NA NA NA NA NA NA NA NA 406 NA NA NA NA NA NA NA NA 718 NA NA NA NA NA NA NA NA 
1764457200.0 124.4 377 NA NA NA NA NA NA NA NA 484 NA NA NA NA NA NA NA NA 382 NA NA NA NA NA NA NA NA 445 NA NA NA NA NA NA NA NA 
1764457200.0 124.5 370 NA NA NA NA NA NA NA NA 484 NA NA NA NA NA NA NA NA 392 NA NA NA NA NA NA NA NA 522 NA NA NA NA NA NA NA NA 
1764457200.0 124.6 313 NA NA NA NA NA NA NA NA 398 NA NA NA NA NA NA NA NA 378 NA NA NA NA NA NA NA NA 446 NA NA NA NA NA NA NA NA 
1764457200.0 12434.0 NA 408 612 0 182 NA NA NA NA NA 589 854 0 263 NA NA NA NA NA 765 1352 275 225 NA NA NA NA NA 1117 1750 312 266 NA NA NA NA 
1764457200.0 125.0 164 172 360 NA NA NA NA NA NA 268 240 487 NA NA NA NA NA NA 902 190 677 NA NA NA NA NA NA 455 177 704 NA NA NA NA NA NA 
1764457200.0 126.0 131 165 353 NA NA NA NA NA NA 210 235 469 NA NA NA NA NA NA 532 176 661 NA NA NA NA NA NA 409 186 775 NA NA NA NA NA NA 
1764457200.0 12634.0 NA 589 810 0 NA NA NA NA NA NA 785 1172 0 NA NA NA NA NA NA 1819 2080 276 NA NA NA NA NA NA 1760 3237 343 NA NA NA NA NA 
1764457200.0 12634.99 NA 437 626 687 0 NA NA NA NA NA 588 851 934 0 NA NA NA NA NA 1715 1056 1819 276 NA NA NA NA NA 2136 1036 2211 345 NA NA NA NA 
1764457200.0 127.0 124 165 345 NA NA NA NA NA NA 196 229 468 NA NA NA NA NA NA 374 165 623 NA NA NA NA NA NA 396 218 797 NA NA NA NA NA NA 
1764457200.0 128.0 124 165 344 NA NA NA NA NA NA 194 229 462 NA NA NA NA NA NA 278 184 665 NA NA NA NA NA NA 344 228 812 NA NA NA NA NA NA 
1764457200.0 12834.0 NA 439 616 0 187 NA NA NA NA NA 599 812 0 267 NA NA NA NA NA 831 1441 284 223 NA NA NA NA NA 1034 1999 335 274 NA NA NA NA 
1764457200.0 129.0 121 157 334 NA NA NA NA NA NA 194 228 472 NA NA NA NA NA NA 260 168 602 NA NA NA NA NA NA 354 194 803 NA NA NA NA NA NA 
1764457200.0 13.0 NA 177 369 0 NA NA NA NA NA NA 246 494 0 NA NA NA NA NA NA 161 940 193 NA NA NA NA NA NA 263 940 234 NA NA NA NA NA 
1764457200.0 130.0 125 166 345 NA NA NA NA NA NA 194 227 473 NA NA NA NA NA NA 300 185 629 NA NA NA NA NA NA 429 213 720 NA NA NA NA NA NA 
1764457200.0 1301.0 143 205 301 NA NA NA NA NA NA 221 390 419 NA NA NA NA NA NA 660 295 438 NA NA NA NA NA NA 543 193 498 NA NA NA NA NA NA 
1764457200.0 1301.17 134 276 325 NA NA NA NA NA NA 202 436 485 NA NA NA NA NA NA 702 735 505 NA NA NA NA NA NA 477 338 578 NA NA NA NA NA NA 
1764457200.0 1302.0 170 216 323 NA NA NA NA NA NA 251 399 445 NA NA NA NA NA NA 1244 332 549 NA NA NA NA NA NA 596 224 531 NA NA NA NA NA NA 
1764457200.0 1302.17 144 287 344 NA NA NA NA NA NA 218 450 487 NA NA NA NA NA NA 1446 777 617 NA NA NA NA NA NA 705 353 631 NA NA NA NA NA NA 
1764457200.0 1302.18 142 279 254 210 149 NA NA NA NA 223 428 457 287 219 NA NA NA NA 1514 833 499 339 203 NA NA NA NA 685 367 477 343 213 NA NA NA NA 
1764457200.0 1302.181 141 276 288 214 145 NA NA NA NA 223 411 453 292 223 NA NA NA NA 1765 866 489 342 232 NA NA NA NA 766 372 523 372 252 NA NA NA NA 
1764457200.0 1303.0 149 216 320 NA NA NA NA NA NA 228 401 441 NA NA NA NA NA NA 2191 298 680 NA NA NA NA NA NA 1123 213 649 NA NA NA NA NA NA 
1764457200.0 1303.17 134 284 348 NA NA NA NA NA NA 224 452 478 NA NA NA NA NA NA 2194 725 645 NA NA NA NA NA NA 1258 336 645 NA NA NA NA NA NA 
1764457200.0 13034.0 NA 577 817 0 NA NA NA NA NA NA 796 1139 0 NA NA NA NA NA NA 1859 2086 275 NA NA NA NA NA NA 2134 3243 330 NA NA NA NA NA 
1764457200.0 13034.99 NA 388 606 673 0 NA NA NA NA NA 590 873 909 0 NA NA NA NA NA 1681 1486 1779 283 NA NA NA NA NA 1927 1483 2093 378 NA NA NA NA 
1764457200.0 1304.18 134 271 246 212 147 NA NA NA NA 207 423 448 290 219 NA NA NA NA 1201 835 415 329 205 NA NA NA NA 719 370 440 340 215 NA NA NA NA 
1764457200.0 1304.181 135 270 282 206 147 NA NA NA NA 209 450 453 288 225 NA NA NA NA 1056 845 429 330 222 NA NA NA NA 549 398 569 357 229 NA NA NA NA 
1764457200.0 1304.182 102 271 249 208 NA NA NA NA NA 206 439 452 290 NA NA NA NA NA 963 693 362 278 NA NA NA NA NA 673 309 465 355 NA NA NA NA NA 
1764457200.0 1306.0 NA 210 389 0 NA NA NA NA NA NA 391 549 0 NA NA NA NA NA NA 283 648 162 NA NA NA NA NA NA 215 712 194 NA NA NA NA NA 
1764457200.0 1307.0 NA 170 208 95 0 NA NA NA NA NA 377 355 150 0 NA NA NA NA NA 281 275 91 103 NA NA NA NA NA 308 391 169 127 NA NA NA NA 
1764457200.0 1308.0 NA 213 228 95 0 NA NA NA NA NA 387 333 149 0 NA NA NA NA NA 600 222 87 100 NA NA NA NA NA 350 343 131 134 NA NA NA NA 
1764457200.0 1309.0 NA 212 407 0 NA NA NA NA NA NA 411 554 0 NA NA NA NA NA NA 632 727 168 NA NA NA NA NA NA 416 982 206 NA NA NA NA NA 
1764457200.0 131.0 127 165 350 NA NA NA NA NA NA 197 227 485 NA NA NA NA NA NA 421 176 679 NA NA NA NA NA NA 322 188 822 NA NA NA NA NA NA 
1764457200.0 1310.0 NA 220 409 0 NA NA NA NA NA NA 402 538 0 NA NA NA NA NA NA 308 719 178 NA NA NA NA NA NA 298 737 221 NA NA NA NA NA 
1764457200.0 1311.0 NA 215 423 0 123 NA NA NA NA NA 403 590 0 177 NA NA NA NA NA 288 620 190 144 NA NA NA NA NA 238 697 225 203 NA NA NA NA 
1764457200.0 1312.0 NA 218 408 0 NA NA NA NA NA NA 401 548 0 NA NA NA NA NA NA 317 782 176 NA NA NA NA NA NA 342 827 215 NA NA NA NA NA 
1764457200.0 1313.0 NA 223 416 0 NA NA NA NA NA NA 411 548 0 NA NA NA NA NA NA 292 890 180 NA NA NA NA NA NA 246 916 222 NA NA NA NA NA 
1764457200.0 1314.0 NA 218 411 0 NA NA NA NA NA NA 408 536 0 NA NA NA NA NA NA 297 680 166 NA NA NA NA NA NA 224 724 201 NA NA NA NA NA 
1764457200.0 1315.0 NA 211 396 0 NA NA NA NA NA NA 392 524 0 NA NA NA NA NA NA 477 639 154 NA NA NA NA NA NA 348 727 186 NA NA NA NA NA 
1764457200.0 1316.0 NA 210 402 0 NA NA NA NA NA NA 401 536 0 NA NA NA NA NA NA 304 708 164 NA NA NA NA NA NA 233 787 198 NA NA NA NA NA 
1764457200.0 1317.0 NA 210 397 0 143 NA NA NA NA NA 397 527 0 216 NA NA NA NA NA 298 704 168 199 NA NA NA NA NA 234 787 204 232 NA NA NA NA 
1764457200.0 1318.0 NA 214 396 0 141 NA NA NA NA NA 398 550 0 214 NA NA NA NA NA 296 668 157 193 NA NA NA NA NA 296 747 188 226 NA NA NA NA 
1764457200.0 1319.0 NA 209 394 0 NA NA NA NA NA NA 394 538 0 NA NA NA NA NA NA 298 724 171 NA NA NA NA NA NA 245 851 212 NA NA NA NA NA 
1764457200.0 132.0 161 151 364 NA NA NA NA NA NA 266 240 483 NA NA NA NA NA NA 1058 200 740 NA NA NA NA NA NA 698 194 793 NA NA NA NA NA NA 
1764457200.0 1320.0 NA 214 394 0 136 NA NA NA NA NA 404 544 0 206 NA NA NA NA NA 302 700 170 187 NA NA NA NA NA 237 805 198 213 NA NA NA NA 
1764457200.0 1321.0 NA 214 381 0 139 NA NA NA NA NA 409 518 0 217 NA NA NA NA NA 305 712 172 181 NA NA NA NA NA 236 786 210 202 NA NA NA NA 
1764457200.0 1322.0 NA 214 387 0 137 NA NA NA NA NA 399 548 0 216 NA NA NA NA NA 356 855 195 231 NA NA NA NA NA 286 903 248 265 NA NA NA NA 
1764457200.0 1323.0 NA 209 387 0 NA NA NA NA NA NA 388 523 0 NA NA NA NA NA NA 284 639 170 NA NA NA NA NA NA 215 730 215 NA NA NA NA NA 
1764457200.0 13234.0 76 569 0 NA NA NA NA NA NA 110 695 0 NA NA NA NA NA NA 68 842 138 NA NA NA NA NA NA 69 857 181 NA NA NA NA NA NA 
1764457200.0 1324.0 NA 221 412 0 NA NA NA NA NA NA 403 544 0 NA NA NA NA NA NA 317 797 183 NA NA NA NA NA NA 263 904 259 NA NA NA NA NA 
1764457200.0 13240.303 219 NA NA NA NA NA NA NA NA 281 NA NA NA NA NA NA NA NA 1382 NA NA NA NA NA NA NA NA 841 NA NA NA NA NA NA NA NA 
1764457200.0 1325.0 NA 219 414 0 126 143 NA NA NA NA 401 563 0 187 219 NA NA NA NA 334 878 221 201 238 NA NA NA NA 245 809 270 296 278 NA NA NA 
1764457200.0 1325.1 NA 220 244 0 NA NA NA NA NA NA 411 367 0 NA NA NA NA NA NA 296 311 145 NA NA NA NA NA NA 260 424 175 NA NA NA NA NA 
1764457200.0 1325.2 NA 216 404 0 NA NA NA NA NA NA 400 554 0 NA NA NA NA NA NA 658 730 165 NA NA NA NA NA NA 389 925 206 NA NA NA NA NA 
1764457200.0 1325.3 NA 220 237 0 NA NA NA NA NA NA 397 360 0 NA NA NA NA NA NA 300 297 139 NA NA NA NA NA NA 232 340 167 NA NA NA NA NA 
1764457200.0 1325.4 NA 220 413 0 NA NA NA NA NA NA 415 561 0 NA NA NA NA NA NA 317 736 180 NA NA NA NA NA NA 222 727 220 NA NA NA NA NA 
1764457200.0 1325.5 NA 243 0 NA NA NA NA NA NA NA 332 0 NA NA NA NA NA NA NA 704 80 NA NA NA NA NA NA NA 682 111 NA NA NA NA NA NA 
1764457200.0 1325.51 NA 219 0 NA NA NA NA NA NA NA 312 0 NA NA NA NA NA NA NA 686 82 NA NA NA NA NA NA NA 860 116 NA NA NA NA NA NA 
1764457200.0 1325.516 NA 237 0 NA NA NA NA NA NA NA 324 0 NA NA NA NA NA NA NA 742 81 NA NA NA NA NA NA NA 788 115 NA NA NA NA NA NA 
1764457200.0 1325.5161 NA 239 0 NA NA NA NA NA NA NA 347 0 NA NA NA NA NA NA NA 745 81 NA NA NA NA NA NA NA 717 110 NA NA NA NA NA NA 
1764457200.0 1325.517 NA 235 0 NA NA NA NA NA NA NA 321 0 NA NA NA NA NA NA NA 758 80 NA NA NA NA NA NA NA 787 114 NA NA NA NA NA NA 
1764457200.0 1325.518 NA 254 0 NA NA NA NA NA NA NA 366 0 NA NA NA NA NA NA NA 984 81 NA NA NA NA NA NA NA 1042 109 NA NA NA NA NA NA 
1764457200.0 1325.6 NA 223 NA NA NA NA NA NA NA NA 304 NA NA NA NA NA NA NA NA 1408 NA NA NA NA NA NA NA NA 758 NA NA NA NA NA NA NA 
1764457200.0 1325.61 NA 210 NA NA NA NA NA NA NA NA 306 NA NA NA NA NA NA NA NA 1299 NA NA NA NA NA NA NA NA 735 NA NA NA NA NA NA NA 
1764457200.0 1325.7 NA 220 0 NA NA NA NA NA NA NA 312 0 NA NA NA NA NA NA NA 1637 74 NA NA NA NA NA NA NA 924 105 NA NA NA NA NA NA 
1764457200.0 1325.8 NA 219 0 NA NA NA NA NA NA NA 301 0 NA NA NA NA NA NA NA 1590 72 NA NA NA NA NA NA NA 859 97 NA NA NA NA NA NA 
1764457200.0 1325.81 NA 211 0 NA NA NA NA NA NA NA 307 0 NA NA NA NA NA NA NA 1463 74 NA NA NA NA NA NA NA 757 105 NA NA NA NA NA NA 
1764457200.0 1325.9 NA 249 375 0 127 NA NA NA NA NA 422 538 0 187 NA NA NA NA NA 377 910 238 174 NA NA NA NA NA 317 905 279 233 NA NA NA NA 
1764457200.0 1325.91 NA 249 412 0 129 NA NA NA NA NA 428 565 0 189 NA NA NA NA NA 365 933 209 174 NA NA NA NA NA 259 1148 288 232 NA NA NA NA 
1764457200.0 1326.0 NA 216 398 0 NA NA NA NA NA NA 404 556 0 NA NA NA NA NA NA 280 678 171 NA NA NA NA NA NA 221 953 258 NA NA NA NA NA 
1764457200.0 1327.0 NA 215 389 0 NA NA NA NA NA NA 402 525 0 NA NA NA NA NA NA 293 682 163 NA NA NA NA NA NA 285 1035 206 NA NA NA NA NA 
1764457200.0 1328.0 NA 222 407 0 NA NA NA NA NA NA 408 544 0 NA NA NA NA NA NA 315 764 175 NA NA NA NA NA NA 308 853 215 NA NA NA NA NA 
1764457200.0 1329.0 NA 215 398 0 145 NA NA NA NA NA 409 537 0 216 NA NA NA NA NA 322 753 210 246 NA NA NA NA NA 281 962 254 287 NA NA NA NA 
1764457200.0 1329.1 NA 207 0 NA NA NA NA NA NA NA 307 0 NA NA NA NA NA NA NA 1008 73 NA NA NA NA NA NA NA 591 98 NA NA NA NA NA NA 
1764457200.0 133.0 161 173 370 NA NA NA NA NA NA 267 240 501 NA NA NA NA NA NA 1362 185 768 NA NA NA NA NA NA 631 160 736 NA NA NA NA NA NA 
1764457200.0 1330.0 NA 221 412 0 142 NA NA NA NA NA 409 561 0 216 NA NA NA NA NA 361 829 219 243 NA NA NA NA NA 265 990 312 271 NA NA NA NA 
1764457200.0 1331.0 NA 216 406 0 144 NA NA NA NA NA 402 546 0 222 NA NA NA NA NA 310 725 169 206 NA NA NA NA NA 230 779 198 228 NA NA NA NA 
1764457200.0 1332.0 NA 212 397 0 NA NA NA NA NA NA 406 558 0 NA NA NA NA NA NA 298 692 164 NA NA NA NA NA NA 320 964 193 NA NA NA NA NA 
1764457200.0 1333.0 NA 213 401 0 NA NA NA NA NA NA 400 525 0 NA NA NA NA NA NA 298 697 177 NA NA NA NA NA NA 225 868 222 NA NA NA NA NA 
1764457200.0 1334.0 NA 218 410 0 NA NA NA NA NA NA 401 551 0 NA NA NA NA NA NA 299 717 180 NA NA NA NA NA NA 250 738 258 NA NA NA NA NA 
1764457200.0 1335.0 NA 210 393 0 NA NA NA NA NA NA 395 527 0 NA NA NA NA NA NA 649 672 164 NA NA NA NA NA NA 472 858 226 NA NA NA NA NA 
1764457200.0 1336.0 NA 221 419 0 NA NA NA NA NA NA 413 556 0 NA NA NA NA NA NA 312 1033 184 NA NA NA NA NA NA 224 802 258 NA NA NA NA NA 
1764457200.0 1337.0 NA 231 391 0 NA NA NA NA NA NA 410 572 0 NA NA NA NA NA NA 326 1014 188 NA NA NA NA NA NA 263 1054 232 NA NA NA NA NA 
1764457200.0 1338.0 NA 221 398 0 146 NA NA NA NA NA 409 541 0 224 NA NA NA NA NA 315 796 176 210 NA NA NA NA NA 298 869 203 283 NA NA NA NA 
1764457200.0 1339.0 NA 223 418 0 NA NA NA NA NA NA 414 550 0 NA NA NA NA NA NA 325 903 183 NA NA NA NA NA NA 252 951 224 NA NA NA NA NA 
1764457200.0 134.0 NA 372 88 0 NA NA NA NA NA NA 497 139 0 NA NA NA NA NA NA 1400 83 38 NA NA NA NA NA NA 1207 119 53 NA NA NA NA NA 
1764457200.0 134.701 NA 91 402 0 NA NA NA NA NA NA 156 538 0 NA NA NA NA NA NA 86 1804 162 NA NA NA NA NA NA 149 1048 206 NA NA NA NA NA 
1764457200.0 134.702 NA 93 397 0 NA NA NA NA NA NA 156 551 0 NA NA NA NA NA NA 101 2514 154 NA NA NA NA NA NA 112 1252 190 NA NA NA NA NA 
1764457200.0 134.703 NA 94 414 0 NA NA NA NA NA NA 157 571 0 NA NA NA NA NA NA 82 2317 160 NA NA NA NA NA NA 101 1145 195 NA NA NA NA NA 
1764457200.0 134.704 NA 92 401 0 NA NA NA NA NA NA 156 528 0 NA NA NA NA NA NA 98 2800 178 NA NA NA NA NA NA 136 1420 223 NA NA NA NA NA 
1764457200.0 134.705 NA 94 413 0 NA NA NA NA NA NA 158 556 0 NA NA NA NA NA NA 88 2464 169 NA NA NA NA NA NA 140 1232 205 NA NA NA NA NA 
1764457200.0 134.706 NA 95 409 0 NA NA NA NA NA NA 155 538 0 NA NA NA NA NA NA 87 2594 177 NA NA NA NA NA NA 139 1283 221 NA NA NA NA NA 
1764457200.0 134.707 NA 93 400 0 NA NA NA NA NA NA 153 544 0 NA NA NA NA NA NA 91 2215 152 NA NA NA NA NA NA 127 1107 185 NA NA NA NA NA 
1764457200.0 134.708 NA 93 403 0 NA NA NA NA NA NA 154 533 0 NA NA NA NA NA NA 87 2109 154 NA NA NA NA NA NA 104 1079 191 NA NA NA NA NA 
1764457200.0 134.709 NA 94 575 0 NA NA NA NA NA NA 158 792 0 NA NA NA NA NA NA 87 2377 159 NA NA NA NA NA NA 126 1280 206 NA NA NA NA NA 
1764457200.0 134.71 NA 91 399 0 NA NA NA NA NA NA 157 552 0 NA NA NA NA NA NA 86 1622 150 NA NA NA NA NA NA 135 1006 179 NA NA NA NA NA 
1764457200.0 134.801 NA 94 403 0 NA NA NA NA NA NA 158 559 0 NA NA NA NA NA NA 83 1717 164 NA NA NA NA NA NA 129 1046 204 NA NA NA NA NA 
1764457200.0 134.802 NA 93 399 0 NA NA NA NA NA NA 158 568 0 NA NA NA NA NA NA 115 3325 221 NA NA NA NA NA NA 122 1770 274 NA NA NA NA NA 
1764457200.0 134.803 NA 92 405 0 NA NA NA NA NA NA 157 545 0 NA NA NA NA NA NA 98 2506 156 NA NA NA NA NA NA 153 1183 192 NA NA NA NA NA 
1764457200.0 134.804 NA 54 419 0 NA NA NA NA NA NA 159 576 0 NA NA NA NA NA NA 114 3236 194 NA NA NA NA NA NA 635 1522 246 NA NA NA NA NA 
1764457200.0 134.805 NA 92 416 0 NA NA NA NA NA NA 158 561 0 NA NA NA NA NA NA 100 2690 161 NA NA NA NA NA NA 188 1260 219 NA NA NA NA NA 
1764457200.0 134.806 NA 92 418 0 NA NA NA NA NA NA 154 571 0 NA NA NA NA NA NA 116 3323 184 NA NA NA NA NA NA 121 1594 249 NA NA NA NA NA 
1764457200.0 134.807 NA 199 444 0 NA NA NA NA NA NA 275 596 0 NA NA NA NA NA NA 292 3494 276 NA NA NA NA NA NA 270 1737 327 NA NA NA NA NA 
1764457200.0 134.808 NA 204 424 0 NA NA NA NA NA NA 277 610 0 NA NA NA NA NA NA 313 3471 207 NA NA NA NA NA NA 254 1576 243 NA NA NA NA NA 
1764457200.0 134.809 NA 92 405 0 NA NA NA NA NA NA 156 539 0 NA NA NA NA NA NA 102 2693 153 NA NA NA NA NA NA 152 1340 186 NA NA NA NA NA 
1764457200.0 134.81 NA 93 408 0 NA NA NA NA NA NA 158 557 0 NA NA NA NA NA NA 98 2630 165 NA NA NA NA NA NA 141 1261 220 NA NA NA NA NA 
1764457200.0 134.811 NA 92 408 0 NA NA NA NA NA NA 154 576 0 NA NA NA NA NA NA 112 3241 175 NA NA NA NA NA NA 138 1568 210 NA NA NA NA NA 
1764457200.0 134.812 NA 90 400 0 NA NA NA NA NA NA 150 558 0 NA NA NA NA NA NA 92 1682 151 NA NA NA NA NA NA 162 1033 183 NA NA NA NA NA 
1764457200.0 134.813 NA 233 119 0 NA NA NA NA NA NA 361 177 0 NA NA NA NA NA NA 359 105 101 NA NA NA NA NA NA 309 141 132 NA NA NA NA NA 
1764457200.0 134.901 NA 92 397 0 NA NA NA NA NA NA 152 526 0 NA NA NA NA NA NA 86 1750 161 NA NA NA NA NA NA 114 1011 235 NA NA NA NA NA 
1764457200.0 134.902 NA 93 400 0 NA NA NA NA NA NA 156 551 0 NA NA NA NA NA NA 94 2156 152 NA NA NA NA NA NA 145 1105 187 NA NA NA NA NA 
1764457200.0 134.903 NA 93 397 0 NA NA NA NA NA NA 159 551 0 NA NA NA NA NA NA 84 2023 157 NA NA NA NA NA NA 103 1119 196 NA NA NA NA NA 
1764457200.0 134.904 NA 92 404 0 NA NA NA NA NA NA 157 539 0 NA NA NA NA NA NA 96 2375 160 NA NA NA NA NA NA 192 1208 197 NA NA NA NA NA 
1764457200.0 134.905 NA 93 401 0 NA NA NA NA NA NA 156 538 0 NA NA NA NA NA NA 91 1982 156 NA NA NA NA NA NA 151 1114 199 NA NA NA NA NA 
1764457200.0 134.906 NA 93 401 0 NA NA NA NA NA NA 155 563 0 NA NA NA NA NA NA 91 2289 159 NA NA NA NA NA NA 121 1172 194 NA NA NA NA NA 
1764457200.0 134.907 NA 191 440 0 NA NA NA NA NA NA 277 565 0 NA NA NA NA NA NA 273 2641 193 NA NA NA NA NA NA 308 1481 251 NA NA NA NA NA 
1764457200.0 134.908 NA 201 437 0 NA NA NA NA NA NA 286 587 0 NA NA NA NA NA NA 233 2191 169 NA NA NA NA NA NA 241 1200 210 NA NA NA NA NA 
1764457200.0 134.909 NA 94 399 0 NA NA NA NA NA NA 162 549 0 NA NA NA NA NA NA 84 2115 158 NA NA NA NA NA NA 166 1120 203 NA NA NA NA NA 
1764457200.0 134.91 NA 93 397 0 NA NA NA NA NA NA 154 534 0 NA NA NA NA NA NA 86 1952 161 NA NA NA NA NA NA 102 1147 189 NA NA NA NA NA 
1764457200.0 134.911 NA 93 395 0 NA NA NA NA NA NA 154 532 0 NA NA NA NA NA NA 103 2417 172 NA NA NA NA NA NA 112 1350 215 NA NA NA NA NA 
1764457200.0 134.912 NA 91 398 0 NA NA NA NA NA NA 159 552 0 NA NA NA NA NA NA 86 1663 156 NA NA NA NA NA NA 159 1132 194 NA NA NA NA NA 
1764457200.0 134.99601 NA 93 406 0 NA NA NA NA NA NA 157 575 0 NA NA NA NA NA NA 118 3747 183 NA NA NA NA NA NA 164 1670 224 NA NA NA NA NA 
1764457200.0 134.99602 NA 91 398 0 NA NA NA NA NA NA 154 532 0 NA NA NA NA NA NA 101 1874 161 NA NA NA NA NA NA 265 1055 201 NA NA NA NA NA 
1764457200.0 134.99603 NA 93 406 0 NA NA NA NA NA NA 157 552 0 NA NA NA NA NA NA 100 2477 154 NA NA NA NA NA NA 168 1172 190 NA NA NA NA NA 
1764457200.0 134.99901 NA 93 396 0 NA NA NA NA NA NA 153 538 0 NA NA NA NA NA NA 105 2359 187 NA NA NA NA NA NA 113 1295 250 NA NA NA NA NA 
1764457200.0 1340.0 NA 212 396 0 NA NA NA NA NA NA 396 537 0 NA NA NA NA NA NA 307 657 172 NA NA NA NA NA NA 266 695 213 NA NA NA NA NA 
1764457200.0 1341.0 NA 226 423 0 NA NA NA NA NA NA 409 559 0 NA NA NA NA NA NA 311 947 189 NA NA NA NA NA NA 249 923 233 NA NA NA NA NA 
1764457200.0 1343.0 NA 219 408 0 NA NA NA NA NA NA 402 554 0 NA NA NA NA NA NA 311 753 182 NA NA NA NA NA NA 234 769 265 NA NA NA NA NA 
1764457200.0 13434.0 75 760 0 NA NA NA NA NA NA 107 1006 0 NA NA NA NA NA NA 73 3163 167 NA NA NA NA NA NA 76 1872 211 NA NA NA NA NA NA 
1764457200.0 1344.0 NA 218 397 0 NA NA NA NA NA NA 404 542 0 NA NA NA NA NA NA 289 718 166 NA NA NA NA NA NA 296 964 200 NA NA NA NA NA 
1764457200.0 1345.0 NA 221 412 0 NA NA NA NA NA NA 405 534 0 NA NA NA NA NA NA 320 729 179 NA NA NA NA NA NA 351 812 234 NA NA NA NA NA 
1764457200.0 1347.0 NA 219 405 0 NA NA NA NA NA NA 415 557 0 NA NA NA NA NA NA 309 725 184 NA NA NA NA NA NA 227 766 229 NA NA NA NA NA 
1764457200.0 1348.0 NA 216 396 0 NA NA NA NA NA NA 400 536 0 NA NA NA NA NA NA 315 713 174 NA NA NA NA NA NA 229 780 223 NA NA NA NA NA 
1764457200.0 1349.0 NA 217 404 0 NA NA NA NA NA NA 406 523 0 NA NA NA NA NA NA 297 715 176 NA NA NA NA NA NA 222 770 255 NA NA NA NA NA 
1764457200.0 135.1 379 0 198 NA NA NA NA NA NA 537 0 272 NA NA NA NA NA NA 464 113 273 NA NA NA NA NA NA 653 151 336 NA NA NA NA NA NA 
1764457200.0 135.11 419 0 195 NA NA NA NA NA NA 562 0 269 NA NA NA NA NA NA 531 116 294 NA NA NA NA NA NA 527 230 299 NA NA NA NA NA NA 
1764457200.0 135.12 381 0 197 NA NA NA NA NA NA 541 0 270 NA NA NA NA NA NA 433 108 263 NA NA NA NA NA NA 495 141 297 NA NA NA NA NA NA 
1764457200.0 135.13 404 0 NA NA NA NA NA NA NA 552 0 NA NA NA NA NA NA NA 442 135 NA NA NA NA NA NA NA 476 165 NA NA NA NA NA NA NA 
1764457200.0 135.2 329 0 191 NA NA NA NA NA NA 451 0 251 NA NA NA NA NA NA 392 100 243 NA NA NA NA NA NA 698 149 291 NA NA NA NA NA NA 
1764457200.0 135.3 332 0 177 NA NA NA NA NA NA 468 0 270 NA NA NA NA NA NA 390 104 257 NA NA NA NA NA NA 504 149 336 NA NA NA NA NA NA 
1764457200.0 135.4 416 0 197 NA NA NA NA NA NA 550 0 274 NA NA NA NA NA NA 451 111 283 NA NA NA NA NA NA 554 143 335 NA NA NA NA NA NA 
1764457200.0 135.5 407 0 194 NA NA NA NA NA NA 545 0 272 NA NA NA NA NA NA 426 110 262 NA NA NA NA NA NA 647 186 321 NA NA NA NA NA NA 
1764457200.0 135.6 413 0 196 NA NA NA NA NA NA 541 0 269 NA NA NA NA NA NA 480 126 286 NA NA NA NA NA NA 637 234 323 NA NA NA NA NA NA 
1764457200.0 135.7 370 0 200 NA NA NA NA NA NA 541 0 277 NA NA NA NA NA NA 429 109 268 NA NA NA NA NA NA 499 175 333 NA NA NA NA NA NA 
1764457200.0 135.8 183 NA NA NA NA NA NA NA NA 268 NA NA NA NA NA NA NA NA 349 NA NA NA NA NA NA NA NA 310 NA NA NA NA NA NA NA NA 
1764457200.0 135.9 407 0 187 NA NA NA NA NA NA 553 0 262 NA NA NA NA NA NA 408 106 248 NA NA NA NA NA NA 542 133 323 NA NA NA NA NA NA 
1764457200.0 1350.0 NA 218 404 0 NA NA NA NA NA NA 407 567 0 NA NA NA NA NA NA 310 728 179 NA NA NA NA NA NA 250 925 229 NA NA NA NA NA 
1764457200.0 1351.0 NA 211 396 0 NA NA NA NA NA NA 398 521 0 NA NA NA NA NA NA 670 656 168 NA NA NA NA NA NA 385 730 242 NA NA NA NA NA 
1764457200.0 1352.0 NA 214 404 0 NA NA NA NA NA NA 398 527 0 NA NA NA NA NA NA 316 713 175 NA NA NA NA NA NA 348 731 213 NA NA NA NA NA 
1764457200.0 1353.0 NA 217 410 0 NA NA NA NA NA NA 413 563 0 NA NA NA NA NA NA 297 695 171 NA NA NA NA NA NA 227 772 250 NA NA NA NA NA 
1764457200.0 1354.0 NA 218 410 0 NA NA NA NA NA NA 405 553 0 NA NA NA NA NA NA 288 698 171 NA NA NA NA NA NA 218 805 251 NA NA NA NA NA 
1764457200.0 1355.0 NA 219 411 0 NA NA NA NA NA NA 411 534 0 NA NA NA NA NA NA 299 715 166 NA NA NA NA NA NA 291 955 203 NA NA NA NA NA 
1764457200.0 1356.0 162 212 402 0 206 NA NA NA NA 251 396 564 0 284 NA NA NA NA 1095 375 910 226 359 NA NA NA NA 572 267 870 272 414 NA NA NA NA 
1764457200.0 136.721 NA 152 431 0 NA NA NA NA NA NA 225 600 0 NA NA NA NA NA NA 214 2503 167 NA NA NA NA NA NA 283 1226 217 NA NA NA NA NA 
1764457200.0 136.722 NA 152 378 0 NA NA NA NA NA NA 219 575 0 NA NA NA NA NA NA 239 3227 153 NA NA NA NA NA NA 263 1649 192 NA NA NA NA NA 
1764457200.0 136.723 NA 153 431 0 NA NA NA NA NA NA 228 582 0 NA NA NA NA NA NA 276 3197 180 NA NA NA NA NA NA 293 1507 222 NA NA NA NA NA 
1764457200.0 136.724 NA 153 430 0 NA NA NA NA NA NA 221 576 0 NA NA NA NA NA NA 260 3771 144 NA NA NA NA NA NA 247 1659 178 NA NA NA NA NA 
1764457200.0 136.72411 NA 240 0 NA NA NA NA NA NA NA 326 0 NA NA NA NA NA NA NA 699 76 NA NA NA NA NA NA NA 771 97 NA NA NA NA NA NA 
1764457200.0 136.72412 NA 276 0 NA NA NA NA NA NA NA 357 0 NA NA NA NA NA NA NA 818 79 NA NA NA NA NA NA NA 987 112 NA NA NA NA NA NA 
1764457200.0 136.725 NA 152 422 0 NA NA NA NA NA NA 218 562 0 NA NA NA NA NA NA 217 2683 114 NA NA NA NA NA NA 286 1207 148 NA NA NA NA NA 
1764457200.0 136.726 NA 153 380 0 NA NA NA NA NA NA 229 521 0 NA NA NA NA NA NA 237 2902 107 NA NA NA NA NA NA 320 1331 139 NA NA NA NA NA 
1764457200.0 136.727 NA 256 462 0 NA NA NA NA NA NA 348 607 0 NA NA NA NA NA NA 386 3449 188 NA NA NA NA NA NA 329 1656 221 NA NA NA NA NA 
1764457200.0 136.728 NA 251 468 0 NA NA NA NA NA NA 341 647 0 NA NA NA NA NA NA 471 3465 192 NA NA NA NA NA NA 429 1651 239 NA NA NA NA NA 
1764457200.0 136.729 NA 153 439 0 NA NA NA NA NA NA 218 598 0 NA NA NA NA NA NA 228 3515 161 NA NA NA NA NA NA 247 1605 215 NA NA NA NA NA 
1764457200.0 136.73 NA 152 483 0 NA NA NA NA NA NA 227 646 0 NA NA NA NA NA NA 250 3289 154 NA NA NA NA NA NA 255 1478 189 NA NA NA NA NA 
1764457200.0 136.731 NA 151 440 0 NA NA NA NA NA NA 224 578 0 NA NA NA NA NA NA 215 2865 116 NA NA NA NA NA NA 327 1319 147 NA NA NA NA NA 
1764457200.0 136.732 NA 145 462 0 NA NA NA NA NA NA 213 595 0 NA NA NA NA NA NA 181 2313 161 NA NA NA NA NA NA 236 1195 248 NA NA NA NA NA 
1764457200.0 136.733 NA 241 127 0 NA NA NA NA NA NA 380 183 0 NA NA NA NA NA NA 423 126 98 NA NA NA NA NA NA 497 175 122 NA NA NA NA NA 
1764457200.0 136.734 NA 150 384 0 NA NA NA NA NA NA 219 549 0 NA NA NA NA NA NA 291 3460 167 NA NA NA NA NA NA 305 1599 214 NA NA NA NA NA 
1764457200.0 136.735 NA 155 371 0 NA NA NA NA NA NA 227 504 0 NA NA NA NA NA NA 208 960 137 NA NA NA NA NA NA 343 867 178 NA NA NA NA NA 
1764457200.0 136.736 NA 153 445 0 NA NA NA NA NA NA 226 608 0 NA NA NA NA NA NA 285 4973 193 NA NA NA NA NA NA 268 1959 244 NA NA NA NA NA 
1764457200.0 136.737 NA 134 430 0 NA NA NA NA NA NA 220 592 0 NA NA NA NA NA NA 292 5553 147 NA NA NA NA NA NA 313 2116 194 NA NA NA NA NA 
1764457200.0 136.738 NA 154 436 0 NA NA NA NA NA NA 229 614 0 NA NA NA NA NA NA 309 5446 183 NA NA NA NA NA NA 225 2219 212 NA NA NA NA NA 
1764457200.0 136.739 NA 153 387 0 NA NA NA NA NA NA 214 616 0 NA NA NA NA NA NA 301 6283 132 NA NA NA NA NA NA 309 2251 170 NA NA NA NA NA 
1764457200.0 136.74 NA 148 386 0 NA NA NA NA NA NA 228 628 0 NA NA NA NA NA NA 298 5536 155 NA NA NA NA NA NA 294 2052 197 NA NA NA NA NA 
1764457200.0 136.741 NA 153 387 0 NA NA NA NA NA NA 220 570 0 NA NA NA NA NA NA 298 5529 123 NA NA NA NA NA NA 271 2212 167 NA NA NA NA NA 
1764457200.0 136.742 NA 152 441 0 NA NA NA NA NA NA 214 641 0 NA NA NA NA NA NA 284 5154 154 NA NA NA NA NA NA 286 2041 208 NA NA NA NA NA 
1764457200.0 136.743 NA 153 470 0 NA NA NA NA NA NA 217 651 0 NA NA NA NA NA NA 307 5075 164 NA NA NA NA NA NA 256 2015 207 NA NA NA NA NA 
1764457200.0 136.744 NA 152 432 0 NA NA NA NA NA NA 224 639 0 NA NA NA NA NA NA 282 5463 143 NA NA NA NA NA NA 323 2170 181 NA NA NA NA NA 
1764457200.0 136.745 NA 151 465 0 NA NA NA NA NA NA 227 644 0 NA NA NA NA NA NA 263 4080 205 NA NA NA NA NA NA 264 1788 242 NA NA NA NA NA 
1764457200.0 136.746 NA 151 386 0 NA NA NA NA NA NA 220 554 0 NA NA NA NA NA NA 353 5206 157 NA NA NA NA NA NA 279 1995 196 NA NA NA NA NA 
1764457200.0 136.747 NA 154 450 0 NA NA NA NA NA NA 221 643 0 NA NA NA NA NA NA 278 5055 197 NA NA NA NA NA NA 267 2149 265 NA NA NA NA NA 
1764457200.0 136.748 NA 152 387 0 NA NA NA NA NA NA 219 539 0 NA NA NA NA NA NA 291 4837 151 NA NA NA NA NA NA 255 1931 210 NA NA NA NA NA 
1764457200.0 136.749 NA 139 445 0 NA NA NA NA NA NA 221 631 0 NA NA NA NA NA NA 323 5595 187 NA NA NA NA NA NA 283 2020 230 NA NA NA NA NA 
1764457200.0 136.75 NA 153 446 0 NA NA NA NA NA NA 224 639 0 NA NA NA NA NA NA 298 6638 158 NA NA NA NA NA NA 362 2423 208 NA NA NA NA NA 
1764457200.0 136.751 NA 153 406 0 NA NA NA NA NA NA 222 640 0 NA NA NA NA NA NA 338 6719 151 NA NA NA NA NA NA 424 2498 195 NA NA NA NA NA 
1764457200.0 136.752 NA 153 388 0 NA NA NA NA NA NA 225 553 0 NA NA NA NA NA NA 319 5414 144 NA NA NA NA NA NA 326 2141 197 NA NA NA NA NA 
1764457200.0 136.753 NA 152 447 0 NA NA NA NA NA NA 220 617 0 NA NA NA NA NA NA 279 5549 153 NA NA NA NA NA NA 299 2182 191 NA NA NA NA NA 
1764457200.0 136.754 NA 157 480 0 NA NA NA NA NA NA 233 656 0 NA NA NA NA NA NA 284 4713 155 NA NA NA NA NA NA 269 1945 195 NA NA NA NA NA 
1764457200.0 136.755 NA 152 428 0 NA NA NA NA NA NA 221 603 0 NA NA NA NA NA NA 274 5937 140 NA NA NA NA NA NA 221 2293 189 NA NA NA NA NA 
1764457200.0 136.756 NA 152 464 0 NA NA NA NA NA NA 220 639 0 NA NA NA NA NA NA 255 3907 195 NA NA NA NA NA NA 255 1724 232 NA NA NA NA NA 
1764457200.0 136.757 NA 155 387 0 NA NA NA NA NA NA 228 568 0 NA NA NA NA NA NA 338 4933 148 NA NA NA NA NA NA 267 2031 200 NA NA NA NA NA 
1764457200.0 136.758 NA 153 456 0 NA NA NA NA NA NA 228 637 0 NA NA NA NA NA NA 282 6105 210 NA NA NA NA NA NA 285 2270 271 NA NA NA NA NA 
1764457200.0 136.759 NA 150 451 0 NA NA NA NA NA NA 210 630 0 NA NA NA NA NA NA 273 5871 117 NA NA NA NA NA NA 421 2120 150 NA NA NA NA NA 
1764457200.0 136.76 NA 151 461 0 NA NA NA NA NA NA 227 637 0 NA NA NA NA NA NA 415 7471 186 NA NA NA NA NA NA 587 2811 231 NA NA NA NA NA 
1764457200.0 136.761 NA 154 454 0 NA NA NA NA NA NA 218 679 0 NA NA NA NA NA NA 283 7285 116 NA NA NA NA NA NA 383 2533 153 NA NA NA NA NA 
1764457200.0 136.7611 NA 236 0 NA NA NA NA NA NA NA 348 0 NA NA NA NA NA NA NA 837 79 NA NA NA NA NA NA NA 811 109 NA NA NA NA NA NA 
1764457200.0 136.76111 NA 247 0 NA NA NA NA NA NA NA 349 0 NA NA NA NA NA NA NA 757 78 NA NA NA NA NA NA NA 652 109 NA NA NA NA NA NA 
1764457200.0 136.762 NA 151 371 0 NA NA NA NA NA NA 223 644 0 NA NA NA NA NA NA 259 7955 106 NA NA NA NA NA NA 394 4954 135 NA NA NA NA NA 
1764457200.0 136.763 NA 151 377 0 NA NA NA NA NA NA 219 567 0 NA NA NA NA NA NA 289 6418 103 NA NA NA NA NA NA 383 2336 126 NA NA NA NA NA 
1764457200.0 136.764 NA 152 451 0 NA NA NA NA NA NA 217 663 0 NA NA NA NA NA NA 279 6618 131 NA NA NA NA NA NA 436 2543 167 NA NA NA NA NA 
1764457200.0 136.765 NA 153 482 0 NA NA NA NA NA NA 218 654 0 NA NA NA NA NA NA 307 6474 166 NA NA NA NA NA NA 250 2428 210 NA NA NA NA NA 
1764457200.0 136.766 NA 148 413 0 NA NA NA NA NA NA 224 648 0 NA NA NA NA NA NA 315 6984 135 NA NA NA NA NA NA 405 2618 182 NA NA NA NA NA 
1764457200.0 136.767 NA 152 475 0 NA NA NA NA NA NA 220 649 0 NA NA NA NA NA NA 288 5584 177 NA NA NA NA NA NA 299 2069 217 NA NA NA NA NA 
1764457200.0 136.768 NA 153 396 0 NA NA NA NA NA NA 221 580 0 NA NA NA NA NA NA 341 6826 142 NA NA NA NA NA NA 287 2631 180 NA NA NA NA NA 
1764457200.0 136.769 NA 135 448 0 NA NA NA NA NA NA 220 609 0 NA NA NA NA NA NA 260 4822 201 NA NA NA NA NA NA 272 2057 242 NA NA NA NA NA 
1764457200.0 136.77 NA 151 441 0 NA NA NA NA NA NA 220 591 0 NA NA NA NA NA NA 263 5102 153 NA NA NA NA NA NA 349 2041 221 NA NA NA NA NA 
1764457200.0 136.771 NA 155 453 0 NA NA NA NA NA NA 225 606 0 NA NA NA NA NA NA 285 4752 202 NA NA NA NA NA NA 215 1966 237 NA NA NA NA NA 
1764457200.0 136.772 NA 152 437 0 NA NA NA NA NA NA 218 622 0 NA NA NA NA NA NA 277 5752 129 NA NA NA NA NA NA 281 2272 164 NA NA NA NA NA 
1764457200.0 136.7721 NA 251 0 NA NA NA NA NA NA NA 337 0 NA NA NA NA NA NA NA 748 77 NA NA NA NA NA NA NA 590 114 NA NA NA NA NA NA 
1764457200.0 136.77211 NA 249 0 NA NA NA NA NA NA NA 337 0 NA NA NA NA NA NA NA 760 79 NA NA NA NA NA NA NA 803 114 NA NA NA NA NA NA 
1764457200.0 136.7722 NA 201 0 NA NA NA NA NA NA NA 278 0 NA NA NA NA NA NA NA 931 72 NA NA NA NA NA NA NA 642 101 NA NA NA NA NA NA 
1764457200.0 136.773 NA 153 435 0 NA NA NA NA NA NA 226 605 0 NA NA NA NA NA NA 274 5219 140 NA NA NA NA NA NA 245 2045 223 NA NA NA NA NA 
1764457200.0 136.774 NA 154 394 0 NA NA NA NA NA NA 221 556 0 NA NA NA NA NA NA 286 4946 127 NA NA NA NA NA NA 278 1894 205 NA NA NA NA NA 
1764457200.0 136.775 NA 153 447 0 NA NA NA NA NA NA 226 618 0 NA NA NA NA NA NA 255 4988 156 NA NA NA NA NA NA 274 2054 214 NA NA NA NA NA 
1764457200.0 136.776 NA 153 472 0 NA NA NA NA NA NA 220 629 0 NA NA NA NA NA NA 280 4493 161 NA NA NA NA NA NA 257 1835 195 NA NA NA NA NA 
1764457200.0 136.777 NA 153 438 0 NA NA NA NA NA NA 219 607 0 NA NA NA NA NA NA 255 5464 144 NA NA NA NA NA NA 243 2097 211 NA NA NA NA NA 
1764457200.0 136.778 NA 154 463 0 NA NA NA NA NA NA 218 616 0 NA NA NA NA NA NA 258 3643 191 NA NA NA NA NA NA 296 1694 225 NA NA NA NA NA 
1764457200.0 136.779 NA 151 398 0 NA NA NA NA NA NA 224 572 0 NA NA NA NA NA NA 312 4937 140 NA NA NA NA NA NA 269 2048 167 NA NA NA NA NA 
1764457200.0 136.78 NA 173 517 0 NA NA NA NA NA NA 237 725 0 NA NA NA NA NA NA 251 6341 238 NA NA NA NA NA NA 294 2370 299 NA NA NA NA NA 
1764457200.0 136.7801 NA 182 0 NA NA NA NA NA NA NA 261 0 NA NA NA NA NA NA NA 264 83 NA NA NA NA NA NA NA 596 108 NA NA NA NA NA NA 
1764457200.0 136.7802 NA 125 0 NA NA NA NA NA NA NA 188 0 NA NA NA NA NA NA NA 150 77 NA NA NA NA NA NA NA 287 111 NA NA NA NA NA NA 
1764457200.0 136.7803 NA 186 0 NA NA NA NA NA NA NA 267 0 NA NA NA NA NA NA NA 292 79 NA NA NA NA NA NA NA 824 107 NA NA NA NA NA NA 
1764457200.0 136.781 NA 170 432 0 NA NA NA NA NA NA 234 672 0 NA NA NA NA NA NA 247 6487 165 NA NA NA NA NA NA 236 2331 204 NA NA NA NA NA 
1764457200.0 136.782 NA 170 522 0 NA NA NA NA NA NA 237 746 0 NA NA NA NA NA NA 366 7002 211 NA NA NA NA NA NA 419 2595 262 NA NA NA NA NA 
1764457200.0 136.783 NA 170 474 0 NA NA NA NA NA NA 249 778 0 NA NA NA NA NA NA 323 7487 204 NA NA NA NA NA NA 550 2744 250 NA NA NA NA NA 
1764457200.0 136.784 NA 173 419 0 NA NA NA NA NA NA 249 677 0 NA NA NA NA NA NA 258 6121 156 NA NA NA NA NA NA 265 2303 197 NA NA NA NA NA 
1764457200.0 136.785 NA 171 434 0 NA NA NA NA NA NA 237 688 0 NA NA NA NA NA NA 301 6950 159 NA NA NA NA NA NA 380 2821 193 NA NA NA NA NA 
1764457200.0 136.786 NA 171 521 0 NA NA NA NA NA NA 249 723 0 NA NA NA NA NA NA 320 7059 183 NA NA NA NA NA NA 438 2682 223 NA NA NA NA NA 
1764457200.0 136.787 NA 172 631 0 NA NA NA NA NA NA 236 902 0 NA NA NA NA NA NA 323 6217 193 NA NA NA NA NA NA 437 2359 258 NA NA NA NA NA 
1764457200.0 136.788 NA 171 450 0 NA NA NA NA NA NA 243 707 0 NA NA NA NA NA NA 238 6295 133 NA NA NA NA NA NA 339 2303 164 NA NA NA NA NA 
1764457200.0 136.789 NA 171 565 0 NA NA NA NA NA NA 242 787 0 NA NA NA NA NA NA 260 6061 242 NA NA NA NA NA NA 352 2359 306 NA NA NA NA NA 
1764457200.0 136.79 NA 175 433 0 NA NA NA NA NA NA 241 591 0 NA NA NA NA NA NA 286 3725 155 NA NA NA NA NA NA 293 1776 195 NA NA NA NA NA 
1764457200.0 136.791 NA 156 442 0 NA NA NA NA NA NA 248 627 0 NA NA NA NA NA NA 217 1127 151 NA NA NA NA NA NA 240 845 196 NA NA NA NA NA 
1764457200.0 136.792 NA 174 527 0 NA NA NA NA NA NA 244 757 0 NA NA NA NA NA NA 251 5315 227 NA NA NA NA NA NA 227 2068 281 NA NA NA NA NA 
1764457200.0 136.793 NA 160 477 0 NA NA NA NA NA NA 242 724 0 NA NA NA NA NA NA 239 5214 181 NA NA NA NA NA NA 271 2123 231 NA NA NA NA NA 
1764457200.0 136.794 NA 169 524 0 NA NA NA NA NA NA 244 767 0 NA NA NA NA NA NA 301 5521 207 NA NA NA NA NA NA 278 2048 252 NA NA NA NA NA 
1764457200.0 136.795 NA 173 450 0 NA NA NA NA NA NA 248 712 0 NA NA NA NA NA NA 244 5763 156 NA NA NA NA NA NA 238 2185 188 NA NA NA NA NA 
1764457200.0 136.7952 NA 228 0 NA NA NA NA NA NA NA 298 0 NA NA NA NA NA NA NA 1386 74 NA NA NA NA NA NA NA 844 106 NA NA NA NA NA NA 
1764457200.0 136.796 NA 171 430 0 NA NA NA NA NA NA 241 653 0 NA NA NA NA NA NA 259 5334 174 NA NA NA NA NA NA 422 2135 213 NA NA NA NA NA 
1764457200.0 136.797 NA 174 424 0 NA NA NA NA NA NA 245 658 0 NA NA NA NA NA NA 261 5758 154 NA NA NA NA NA NA 234 2187 185 NA NA NA NA NA 
1764457200.0 136.798 NA 173 518 0 NA NA NA NA NA NA 243 700 0 NA NA NA NA NA NA 261 5479 180 NA NA NA NA NA NA 368 2223 227 NA NA NA NA NA 
1764457200.0 136.799 NA 174 594 0 NA NA NA NA NA NA 240 929 0 NA NA NA NA NA NA 283 5787 191 NA NA NA NA NA NA 779 2424 251 NA NA NA NA NA 
1764457200.0 136.8 NA 174 445 0 NA NA NA NA NA NA 244 756 0 NA NA NA NA NA NA 246 5768 162 NA NA NA NA NA NA 258 2504 202 NA NA NA NA NA 
1764457200.0 136.801 NA 174 557 0 NA NA NA NA NA NA 248 793 0 NA NA NA NA NA NA 233 3987 198 NA NA NA NA NA NA 283 1784 243 NA NA NA NA NA 
1764457200.0 136.802 NA 173 434 0 NA NA NA NA NA NA 230 658 0 NA NA NA NA NA NA 295 4765 169 NA NA NA NA NA NA 246 1933 199 NA NA NA NA NA 
1764457200.0 136.803 NA 176 415 0 NA NA NA NA NA NA 246 648 0 NA NA NA NA NA NA 188 1155 158 NA NA NA NA NA NA 254 1020 222 NA NA NA NA NA 
1764457200.0 136.804 NA 174 495 0 NA NA NA NA NA NA 245 712 0 NA NA NA NA NA NA 253 5161 205 NA NA NA NA NA NA 230 1953 244 NA NA NA NA NA 
1764457200.0 136.805 NA 174 478 0 NA NA NA NA NA NA 244 663 0 NA NA NA NA NA NA 247 5436 165 NA NA NA NA NA NA 303 2152 192 NA NA NA NA NA 
1764457200.0 136.806 NA 155 505 0 NA NA NA NA NA NA 242 753 0 NA NA NA NA NA NA 298 5664 211 NA NA NA NA NA NA 304 2329 281 NA NA NA NA NA 
1764457200.0 136.807 NA 175 465 0 NA NA NA NA NA NA 245 721 0 NA NA NA NA NA NA 240 5870 171 NA NA NA NA NA NA 238 2226 215 NA NA NA NA NA 
1764457200.0 136.808 NA 172 475 0 NA NA NA NA NA NA 247 687 0 NA NA NA NA NA NA 257 5578 163 NA NA NA NA NA NA 310 2174 199 NA NA NA NA NA 
1764457200.0 136.809 NA 177 422 0 NA NA NA NA NA NA 237 608 0 NA NA NA NA NA NA 289 5372 141 NA NA NA NA NA NA 241 2092 170 NA NA NA NA NA 
1764457200.0 136.81 NA 174 512 0 NA NA NA NA NA NA 243 734 0 NA NA NA NA NA NA 249 5579 215 NA NA NA NA NA NA 266 2240 264 NA NA NA NA NA 
1764457200.0 136.811 NA 175 627 0 NA NA NA NA NA NA 239 863 0 NA NA NA NA NA NA 264 5407 171 NA NA NA NA NA NA 244 2190 201 NA NA NA NA NA 
1764457200.0 136.812 NA 174 477 0 NA NA NA NA NA NA 250 681 0 NA NA NA NA NA NA 256 6088 161 NA NA NA NA NA NA 277 2325 207 NA NA NA NA NA 
1764457200.0 136.813 NA 174 554 0 NA NA NA NA NA NA 248 769 0 NA NA NA NA NA NA 225 3868 201 NA NA NA NA NA NA 276 1790 265 NA NA NA NA NA 
1764457200.0 136.814 NA 174 431 0 NA NA NA NA NA NA 248 640 0 NA NA NA NA NA NA 313 5077 187 NA NA NA NA NA NA 276 2059 243 NA NA NA NA NA 
1764457200.0 136.815 NA 178 442 0 NA NA NA NA NA NA 248 598 0 NA NA NA NA NA NA 201 1152 160 NA NA NA NA NA NA 273 1101 210 NA NA NA NA NA 
1764457200.0 136.816 NA 173 533 0 NA NA NA NA NA NA 253 812 0 NA NA NA NA NA NA 252 6675 175 NA NA NA NA NA NA 397 2428 219 NA NA NA NA NA 
1764457200.0 136.817 NA 170 484 0 NA NA NA NA NA NA 247 738 0 NA NA NA NA NA NA 328 6669 165 NA NA NA NA NA NA 564 2625 207 NA NA NA NA NA 
1764457200.0 136.818 NA 173 535 0 NA NA NA NA NA NA 246 751 0 NA NA NA NA NA NA 271 6264 177 NA NA NA NA NA NA 377 2364 221 NA NA NA NA NA 
1764457200.0 136.819 NA 174 471 0 NA NA NA NA NA NA 238 741 0 NA NA NA NA NA NA 236 7029 132 NA NA NA NA NA NA 338 2978 158 NA NA NA NA NA 
1764457200.0 136.82 NA 173 423 0 NA NA NA NA NA NA 247 674 0 NA NA NA NA NA NA 334 7675 160 NA NA NA NA NA NA 438 2942 194 NA NA NA NA NA 
1764457200.0 136.821 NA 174 432 0 NA NA NA NA NA NA 235 626 0 NA NA NA NA NA NA 292 6684 150 NA NA NA NA NA NA 372 2652 188 NA NA NA NA NA 
1764457200.0 136.822 NA 173 525 0 NA NA NA NA NA NA 248 760 0 NA NA NA NA NA NA 311 6645 172 NA NA NA NA NA NA 441 2612 212 NA NA NA NA NA 
1764457200.0 136.823 NA 173 647 0 NA NA NA NA NA NA 240 877 0 NA NA NA NA NA NA 321 6402 175 NA NA NA NA NA NA 463 2666 217 NA NA NA NA NA 
1764457200.0 136.824 NA 174 460 0 NA NA NA NA NA NA 239 733 0 NA NA NA NA NA NA 251 7516 135 NA NA NA NA NA NA 350 2634 162 NA NA NA NA NA 
1764457200.0 136.825 NA 167 574 0 NA NA NA NA NA NA 245 802 0 NA NA NA NA NA NA 213 5106 204 NA NA NA NA NA NA 218 2172 235 NA NA NA NA NA 
1764457200.0 136.826 NA 174 442 0 NA NA NA NA NA NA 241 630 0 NA NA NA NA NA NA 281 5885 143 NA NA NA NA NA NA 395 2130 178 NA NA NA NA NA 
1764457200.0 136.827 NA 177 444 0 NA NA NA NA NA NA 247 625 0 NA NA NA NA NA NA 194 1205 150 NA NA NA NA NA NA 266 1169 185 NA NA NA NA NA 
1764457200.0 136.828 NA 172 541 0 NA NA NA NA NA NA 246 779 0 NA NA NA NA NA NA 267 7186 185 NA NA NA NA NA NA 545 2851 236 NA NA NA NA NA 
1764457200.0 136.829 NA 170 486 0 NA NA NA NA NA NA 250 743 0 NA NA NA NA NA NA 327 8115 164 NA NA NA NA NA NA 568 3080 217 NA NA NA NA NA 
1764457200.0 136.83 NA 173 531 0 NA NA NA NA NA NA 243 815 0 NA NA NA NA NA NA 288 7107 178 NA NA NA NA NA NA 420 2658 224 NA NA NA NA NA 
1764457200.0 136.831 NA 172 488 0 NA NA NA NA NA NA 249 737 0 NA NA NA NA NA NA 250 7679 134 NA NA NA NA NA NA 370 3678 172 NA NA NA NA NA 
1764457200.0 136.8311 NA 247 0 NA NA NA NA NA NA NA 328 0 NA NA NA NA NA NA NA 801 78 NA NA NA NA NA NA NA 772 109 NA NA NA NA NA NA 
1764457200.0 136.83111 NA 263 0 NA NA NA NA NA NA NA 366 0 NA NA NA NA NA NA NA 830 80 NA NA NA NA NA NA NA 682 115 NA NA NA NA NA NA 
1764457200.0 136.832 NA 173 437 0 NA NA NA NA NA NA 245 814 0 NA NA NA NA NA NA 243 7976 128 NA NA NA NA NA NA 346 6156 166 NA NA NA NA NA 
1764457200.0 136.833 NA 173 440 0 NA NA NA NA NA NA 245 661 0 NA NA NA NA NA NA 286 7360 126 NA NA NA NA NA NA 495 2534 159 NA NA NA NA NA 
1764457200.0 136.834 NA 169 509 0 NA NA NA NA NA NA 253 821 0 NA NA NA NA NA NA 229 7018 143 NA NA NA NA NA NA 371 4965 181 NA NA NA NA NA 
1764457200.0 136.835 NA 174 649 0 NA NA NA NA NA NA 241 884 0 NA NA NA NA NA NA 277 6463 155 NA NA NA NA NA NA 390 2433 191 NA NA NA NA NA 
1764457200.0 136.836 NA 172 406 0 NA NA NA NA NA NA 245 835 0 NA NA NA NA NA NA 233 7326 130 NA NA NA NA NA NA 332 5815 167 NA NA NA NA NA 
1764457200.0 136.837 NA 173 573 0 NA NA NA NA NA NA 256 826 0 NA NA NA NA NA NA 301 6626 203 NA NA NA NA NA NA 483 2610 246 NA NA NA NA NA 
1764457200.0 136.838 NA 167 445 0 NA NA NA NA NA NA 250 662 0 NA NA NA NA NA NA 280 6475 133 NA NA NA NA NA NA 796 3049 158 NA NA NA NA NA 
1764457200.0 136.839 NA 183 446 0 NA NA NA NA NA NA 262 659 0 NA NA NA NA NA NA 200 1265 156 NA NA NA NA NA NA 219 1044 193 NA NA NA NA NA 
1764457200.0 136.8391 NA 218 549 0 NA NA NA NA NA NA 318 796 0 NA NA NA NA NA NA 554 6087 159 NA NA NA NA NA NA 836 2346 196 NA NA NA NA NA 
1764457200.0 136.84 NA 176 464 0 NA NA NA NA NA NA 251 699 0 NA NA NA NA NA NA 253 5985 148 NA NA NA NA NA NA 239 2248 184 NA NA NA NA NA 
1764457200.0 136.841 NA 176 435 0 NA NA NA NA NA NA 255 700 0 NA NA NA NA NA NA 256 6533 149 NA NA NA NA NA NA 322 2501 188 NA NA NA NA NA 
1764457200.0 136.842 NA 175 465 0 NA NA NA NA NA NA 251 769 0 NA NA NA NA NA NA 266 7412 122 NA NA NA NA NA NA 424 2816 148 NA NA NA NA NA 
1764457200.0 136.843 NA 174 398 0 NA NA NA NA NA NA 255 793 0 NA NA NA NA NA NA 220 8460 121 NA NA NA NA NA NA 280 6538 151 NA NA NA NA NA 
1764457200.0 136.844 NA 173 426 0 NA NA NA NA NA NA 241 674 0 NA NA NA NA NA NA 336 5775 149 NA NA NA NA NA NA 289 2222 187 NA NA NA NA NA 
1764457200.0 136.845 NA 175 423 0 NA NA NA NA NA NA 253 640 0 NA NA NA NA NA NA 262 4781 150 NA NA NA NA NA NA 218 1923 192 NA NA NA NA NA 
1764457200.0 136.846 NA 173 419 0 NA NA NA NA NA NA 250 661 0 NA NA NA NA NA NA 307 4747 166 NA NA NA NA NA NA 260 1982 208 NA NA NA NA NA 
1764457200.0 136.847 NA 175 432 0 NA NA NA NA NA NA 241 642 0 NA NA NA NA NA NA 300 6990 163 NA NA NA NA NA NA 246 2529 198 NA NA NA NA NA 
1764457200.0 136.848 NA 174 447 0 NA NA NA NA NA NA 246 714 0 NA NA NA NA NA NA 301 7406 127 NA NA NA NA NA NA 414 2934 160 NA NA NA NA NA 
1764457200.0 136.849 NA 174 501 0 NA NA NA NA NA NA 242 741 0 NA NA NA NA NA NA 228 5409 241 NA NA NA NA NA NA 289 2468 298 NA NA NA NA NA 
1764457200.0 136.85 NA 173 490 0 NA NA NA NA NA NA 240 746 0 NA NA NA NA NA NA 216 5588 175 NA NA NA NA NA NA 227 2201 219 NA NA NA NA NA 
1764457200.0 136.8501 NA 174 424 0 NA NA NA NA NA NA 247 617 0 NA NA NA NA NA NA 243 6082 146 NA NA NA NA NA NA 361 2501 182 NA NA NA NA NA 
1764457200.0 136.851 NA 172 513 0 NA NA NA NA NA NA 239 715 0 NA NA NA NA NA NA 259 4907 178 NA NA NA NA NA NA 402 2102 219 NA NA NA NA NA 
1764457200.0 136.852 NA 172 485 0 NA NA NA NA NA NA 232 719 0 NA NA NA NA NA NA 264 6013 150 NA NA NA NA NA NA 382 2518 185 NA NA NA NA NA 
1764457200.0 136.8521 NA 212 0 NA NA NA NA NA NA NA 303 0 NA NA NA NA NA NA NA 1280 73 NA NA NA NA NA NA NA 741 104 NA NA NA NA NA NA 
1764457200.0 136.8522 NA 232 0 NA NA NA NA NA NA NA 304 0 NA NA NA NA NA NA NA 1359 73 NA NA NA NA NA NA NA 740 101 NA NA NA NA NA NA 
1764457200.0 136.8523 NA 206 0 NA NA NA NA NA NA NA 286 0 NA NA NA NA NA NA NA 846 72 NA NA NA NA NA NA NA 618 99 NA NA NA NA NA NA 
1764457200.0 136.853 NA 174 471 0 NA NA NA NA NA NA 249 689 0 NA NA NA NA NA NA 229 5270 152 NA NA NA NA NA NA 249 2210 187 NA NA NA NA NA 
1764457200.0 136.854 NA 173 428 0 NA NA NA NA NA NA 243 674 0 NA NA NA NA NA NA 287 5717 148 NA NA NA NA NA NA 398 2424 197 NA NA NA NA NA 
1764457200.0 136.855 NA 174 612 0 NA NA NA NA NA NA 242 849 0 NA NA NA NA NA NA 253 5748 220 NA NA NA NA NA NA 251 2426 269 NA NA NA NA NA 
1764457200.0 136.856 NA 171 591 0 NA NA NA NA NA NA 238 798 0 NA NA NA NA NA NA 222 4260 200 NA NA NA NA NA NA 409 2121 241 NA NA NA NA NA 
1764457200.0 136.8561 NA 157 433 0 NA NA NA NA NA NA 230 607 0 NA NA NA NA NA NA 126 1035 163 NA NA NA NA NA NA 202 1116 200 NA NA NA NA NA 
1764457200.0 136.8562 NA 155 418 0 NA NA NA NA NA NA 221 595 0 NA NA NA NA NA NA 117 898 168 NA NA NA NA NA NA 208 891 206 NA NA NA NA NA 
1764457200.0 136.857 NA 173 429 0 NA NA NA NA NA NA 234 681 0 NA NA NA NA NA NA 272 5466 165 NA NA NA NA NA NA 260 2396 229 NA NA NA NA NA 
1764457200.0 136.858 NA 176 399 0 NA NA NA NA NA NA 247 655 0 NA NA NA NA NA NA 185 1308 155 NA NA NA NA NA NA 232 1274 200 NA NA NA NA NA 
1764457200.0 136.859 NA 171 467 0 NA NA NA NA NA NA 252 678 0 NA NA NA NA NA NA 217 5953 128 NA NA NA NA NA NA 363 2274 160 NA NA NA NA NA 
1764457200.0 136.86 NA 173 431 0 NA NA NA NA NA NA 245 639 0 NA NA NA NA NA NA 259 5530 149 NA NA NA NA NA NA 271 2464 181 NA NA NA NA NA 
1764457200.0 136.861 NA 173 500 0 NA NA NA NA NA NA 238 770 0 NA NA NA NA NA NA 240 6241 180 NA NA NA NA NA NA 387 2399 221 NA NA NA NA NA 
1764457200.0 136.862 NA 173 498 0 NA NA NA NA NA NA 245 743 0 NA NA NA NA NA NA 252 6500 140 NA NA NA NA NA NA 417 2442 181 NA NA NA NA NA 
1764457200.0 136.863 NA 172 528 0 NA NA NA NA NA NA 240 779 0 NA NA NA NA NA NA 269 6661 184 NA NA NA NA NA NA 419 2691 230 NA NA NA NA NA 
1764457200.0 136.864 NA 174 419 0 NA NA NA NA NA NA 237 827 0 NA NA NA NA NA NA 209 7384 128 NA NA NA NA NA NA 366 6038 164 NA NA NA NA NA 
1764457200.0 136.8642 NA 173 496 0 NA NA NA NA NA NA 242 745 0 NA NA NA NA NA NA 258 7545 138 NA NA NA NA NA NA 537 2929 176 NA NA NA NA NA 
1764457200.0 136.865 NA 171 468 0 NA NA NA NA NA NA 233 745 0 NA NA NA NA NA NA 233 7490 141 NA NA NA NA NA NA 343 4487 209 NA NA NA NA NA 
1764457200.0 136.866 NA 146 447 0 NA NA NA NA NA NA 247 650 0 NA NA NA NA NA NA 271 6658 131 NA NA NA NA NA NA 460 2684 167 NA NA NA NA NA 
1764457200.0 136.867 NA 173 581 0 NA NA NA NA NA NA 238 932 0 NA NA NA NA NA NA 263 6750 156 NA NA NA NA NA NA 514 3743 193 NA NA NA NA NA 
1764457200.0 136.868 NA 173 587 0 NA NA NA NA NA NA 240 827 0 NA NA NA NA NA NA 301 6148 227 NA NA NA NA NA NA 556 2693 303 NA NA NA NA NA 
1764457200.0 136.869 NA 171 455 0 NA NA NA NA NA NA 245 668 0 NA NA NA NA NA NA 403 7612 192 NA NA NA NA NA NA 611 2982 247 NA NA NA NA NA 
1764457200.0 136.87 NA 178 437 0 NA NA NA NA NA NA 260 671 0 NA NA NA NA NA NA 237 1472 200 NA NA NA NA NA NA 240 1264 230 NA NA NA NA NA 
1764457200.0 136.871 NA 172 426 0 NA NA NA NA NA NA 245 811 0 NA NA NA NA NA NA 231 8239 119 NA NA NA NA NA NA 352 6268 151 NA NA NA NA NA 
1764457200.0 136.872 NA 152 475 0 NA NA NA NA NA NA 246 684 0 NA NA NA NA NA NA 283 6647 126 NA NA NA NA NA NA 445 2685 162 NA NA NA NA NA 
1764457200.0 136.873 NA 171 519 0 NA NA NA NA NA NA 243 725 0 NA NA NA NA NA NA 262 5704 180 NA NA NA NA NA NA 437 2131 225 NA NA NA NA NA 
1764457200.0 136.874 NA 169 501 0 NA NA NA NA NA NA 236 767 0 NA NA NA NA NA NA 232 5704 137 NA NA NA NA NA NA 447 2274 175 NA NA NA NA NA 
1764457200.0 136.875 NA 173 521 0 NA NA NA NA NA NA 247 741 0 NA NA NA NA NA NA 281 6086 181 NA NA NA NA NA NA 394 2441 268 NA NA NA NA NA 
1764457200.0 136.876 NA 154 495 0 NA NA NA NA NA NA 241 728 0 NA NA NA NA NA NA 250 6835 141 NA NA NA NA NA NA 405 2747 182 NA NA NA NA NA 
1764457200.0 136.877 NA 163 485 0 NA NA NA NA NA NA 247 709 0 NA NA NA NA NA NA 230 5681 135 NA NA NA NA NA NA 348 2221 168 NA NA NA NA NA 
1764457200.0 136.878 NA 173 440 0 NA NA NA NA NA NA 239 661 0 NA NA NA NA NA NA 272 7198 154 NA NA NA NA NA NA 368 2922 196 NA NA NA NA NA 
1764457200.0 136.879 NA 173 654 0 NA NA NA NA NA NA 237 864 0 NA NA NA NA NA NA 285 5787 158 NA NA NA NA NA NA 477 2275 192 NA NA NA NA NA 
1764457200.0 136.88 NA 158 588 0 NA NA NA NA NA NA 235 803 0 NA NA NA NA NA NA 246 5582 226 NA NA NA NA NA NA 375 2678 279 NA NA NA NA NA 
1764457200.0 136.881 NA 175 414 0 NA NA NA NA NA NA 251 633 0 NA NA NA NA NA NA 294 6142 174 NA NA NA NA NA NA 318 2367 238 NA NA NA NA NA 
1764457200.0 136.882 NA 177 487 0 NA NA NA NA NA NA 248 671 0 NA NA NA NA NA NA 233 1873 208 NA NA NA NA NA NA 283 1330 264 NA NA NA NA NA 
1764457200.0 136.883 NA 163 425 0 NA NA NA NA NA NA 248 785 0 NA NA NA NA NA NA 222 7120 117 NA NA NA NA NA NA 414 4825 147 NA NA NA NA NA 
1764457200.0 136.884 NA 173 452 0 NA NA NA NA NA NA 244 607 0 NA NA NA NA NA NA 290 6269 148 NA NA NA NA NA NA 251 2549 182 NA NA NA NA NA 
1764457200.0 136.885 NA 171 527 0 NA NA NA NA NA NA 239 763 0 NA NA NA NA NA NA 233 5810 179 NA NA NA NA NA NA 358 2311 273 NA NA NA NA NA 
1764457200.0 136.8855 NA 173 148 0 NA NA NA NA NA NA 245 279 0 NA NA NA NA NA NA 223 311 74 NA NA NA NA NA NA 261 448 106 NA NA NA NA NA 
1764457200.0 136.885501 NA 173 155 0 NA NA NA NA NA NA 252 276 0 NA NA NA NA NA NA 211 357 76 NA NA NA NA NA NA 272 466 108 NA NA NA NA NA 
1764457200.0 136.885511 NA 173 122 0 NA NA NA NA NA NA 247 193 0 NA NA NA NA NA NA 207 253 81 NA NA NA NA NA NA 268 293 111 NA NA NA NA NA 
1764457200.0 136.885521 NA 173 124 0 NA NA NA NA NA NA 239 183 0 NA NA NA NA NA NA 206 236 80 NA NA NA NA NA NA 248 231 112 NA NA NA NA NA 
1764457200.0 136.886 NA 170 480 0 NA NA NA NA NA NA 243 733 0 NA NA NA NA NA NA 307 6683 205 NA NA NA NA NA NA 564 2663 255 NA NA NA NA NA 
1764457200.0 136.8861 NA 181 487 0 NA NA NA NA NA NA 253 707 0 NA NA NA NA NA NA 320 5951 177 NA NA NA NA NA NA 628 2735 217 NA NA NA NA NA 
1764457200.0 136.8862 NA 173 455 0 NA NA NA NA NA NA 243 717 0 NA NA NA NA NA NA 244 6338 142 NA NA NA NA NA NA 464 2413 177 NA NA NA NA NA 
1764457200.0 136.887 NA 169 516 0 NA NA NA NA NA NA 245 712 0 NA NA NA NA NA NA 312 6509 241 NA NA NA NA NA NA 405 2721 295 NA NA NA NA NA 
1764457200.0 136.888 NA 174 503 0 NA NA NA NA NA NA 242 728 0 NA NA NA NA NA NA 239 6394 136 NA NA NA NA NA NA 393 2399 175 NA NA NA NA NA 
1764457200.0 136.88811 NA 248 0 NA NA NA NA NA NA NA 347 0 NA NA NA NA NA NA NA 849 78 NA NA NA NA NA NA NA 757 107 NA NA NA NA NA NA 
1764457200.0 136.8885 NA 173 144 0 NA NA NA NA NA NA 243 274 0 NA NA NA NA NA NA 214 337 74 NA NA NA NA NA NA 255 479 102 NA NA NA NA NA 
1764457200.0 136.888501 NA 171 159 0 NA NA NA NA NA NA 245 280 0 NA NA NA NA NA NA 208 360 78 NA NA NA NA NA NA 272 417 112 NA NA NA NA NA 
1764457200.0 136.888511 NA 174 123 0 NA NA NA NA NA NA 245 197 0 NA NA NA NA NA NA 207 281 81 NA NA NA NA NA NA 251 299 112 NA NA NA NA NA 
1764457200.0 136.888521 NA 161 122 0 NA NA NA NA NA NA 239 181 0 NA NA NA NA NA NA 213 244 80 NA NA NA NA NA NA 246 225 114 NA NA NA NA NA 
1764457200.0 136.889 NA 171 458 0 NA NA NA NA NA NA 244 730 0 NA NA NA NA NA NA 312 7379 197 NA NA NA NA NA NA 554 2876 244 NA NA NA NA NA 
1764457200.0 136.89 NA 173 478 0 NA NA NA NA NA NA 238 692 0 NA NA NA NA NA NA 320 6820 150 NA NA NA NA NA NA 420 2741 187 NA NA NA NA NA 
1764457200.0 136.891 NA 171 639 0 NA NA NA NA NA NA 235 859 0 NA NA NA NA NA NA 269 5647 156 NA NA NA NA NA NA 456 2494 191 NA NA NA NA NA 
1764457200.0 136.892 NA 172 597 0 NA NA NA NA NA NA 251 802 0 NA NA NA NA NA NA 264 6480 225 NA NA NA NA NA NA 420 2778 272 NA NA NA NA NA 
1764457200.0 136.893 NA 157 444 0 NA NA NA NA NA NA 252 691 0 NA NA NA NA NA NA 320 7033 166 NA NA NA NA NA NA 418 2826 205 NA NA NA NA NA 
1764457200.0 136.894 NA 177 504 0 NA NA NA NA NA NA 253 690 0 NA NA NA NA NA NA 249 3094 180 NA NA NA NA NA NA 283 1588 216 NA NA NA NA NA 
1764457200.0 136.895 NA 172 483 0 NA NA NA NA NA NA 255 710 0 NA NA NA NA NA NA 325 7193 151 NA NA NA NA NA NA 596 2769 193 NA NA NA NA NA 
1764457200.0 136.896 NA 171 447 0 NA NA NA NA NA NA 249 639 0 NA NA NA NA NA NA 360 6384 147 NA NA NA NA NA NA 559 2691 178 NA NA NA NA NA 
1764457200.0 136.897 NA 282 146 0 NA NA NA NA NA NA 461 254 0 NA NA NA NA NA NA 628 144 129 NA NA NA NA NA NA 562 281 172 NA NA NA NA NA 
1764457200.0 136.898 NA 172 477 0 NA NA NA NA NA NA 238 718 0 NA NA NA NA NA NA 342 6666 172 NA NA NA NA NA NA 598 2711 222 NA NA NA NA NA 
1764457200.0 136.899 NA 298 162 0 NA NA NA NA NA NA 480 265 0 NA NA NA NA NA NA 709 166 132 NA NA NA NA NA NA 570 360 197 NA NA NA NA NA 
1764457200.0 136.9 NA 222 221 NA NA NA NA NA NA NA 382 337 NA NA NA NA NA NA NA 3517 555 NA NA NA NA NA NA NA 8322 1508 NA NA NA NA NA NA 
1764457200.0 1360.0 150 210 398 0 NA NA NA NA NA 242 386 571 0 NA NA NA NA NA 1457 302 853 229 NA NA NA NA NA 665 217 958 273 NA NA NA NA NA 
1764457200.0 1361.0 162 213 408 0 NA NA NA NA NA 250 397 541 0 NA NA NA NA NA 4105 364 870 215 NA NA NA NA NA 2549 276 894 265 NA NA NA NA NA 
1764457200.0 1361.17 105 284 468 0 145 NA NA NA NA 222 439 643 0 223 NA NA NA NA 3497 764 839 211 203 NA NA NA NA 2264 332 906 247 275 NA NA NA NA 
1764457200.0 1361.18 139 261 467 0 151 NA NA NA NA 223 416 622 0 224 NA NA NA NA 3522 766 848 216 210 NA NA NA NA 2288 356 946 266 265 NA NA NA NA 
1764457200.0 1361.181 106 278 471 0 148 NA NA NA NA 224 455 655 0 222 NA NA NA NA 3551 750 853 215 206 NA NA NA NA 2810 350 1100 266 228 NA NA NA NA 
1764457200.0 1362.0 134 216 410 0 NA NA NA NA NA 254 391 553 0 NA NA NA NA NA 4459 309 719 176 NA NA NA NA NA 2752 207 777 213 NA NA NA NA NA 
1764457200.0 1362.17 138 287 452 0 147 NA NA NA NA 225 448 642 0 224 NA NA NA NA 4308 720 769 201 187 NA NA NA NA 2851 355 903 244 202 NA NA NA NA 
1764457200.0 1362.18 138 259 457 0 149 NA NA NA NA 225 421 654 0 232 NA NA NA NA 4217 992 838 208 198 NA NA NA NA 2800 562 1004 303 252 NA NA NA NA 
1764457200.0 1363.0 133 213 402 0 NA NA NA NA NA 259 393 547 0 NA NA NA NA NA 5022 368 937 209 NA NA NA NA NA 2514 252 950 269 NA NA NA NA NA 
1764457200.0 1363.17 134 283 473 0 146 NA NA NA NA 227 458 652 0 219 NA NA NA NA 4316 1085 764 201 188 NA NA NA NA 2941 538 770 240 209 NA NA NA NA 
1764457200.0 1363.18 99 278 459 0 150 NA NA NA NA 223 449 646 0 225 NA NA NA NA 4230 701 784 203 194 NA NA NA NA 3194 335 912 242 216 NA NA NA NA 
1764457200.0 1364.0 NA 217 401 0 NA NA NA NA NA NA 407 564 0 NA NA NA NA NA NA 321 680 173 NA NA NA NA NA NA 238 741 209 NA NA NA NA NA 
1764457200.0 1365.0 NA 221 404 0 NA NA NA NA NA NA 398 544 0 NA NA NA NA NA NA 306 742 173 NA NA NA NA NA NA 249 936 209 NA NA NA NA NA 
1764457200.0 1366.0 NA 219 400 0 NA NA NA NA NA NA 402 532 0 NA NA NA NA NA NA 290 688 166 NA NA NA NA NA NA 245 969 202 NA NA NA NA NA 
1764457200.0 137.8 NA 170 481 NA 167 463 0 NA NA NA 242 821 NA 242 773 0 NA NA NA 204 5856 NA 214 5791 150 NA NA NA 357 4917 NA 408 2888 207 NA NA 
1764457200.0 1370.0 62 160 212 402 0 143 NA NA NA 94 244 404 528 0 225 NA NA NA 32 1122 362 854 227 264 NA NA NA 88 526 243 1042 269 281 NA NA NA 
1764457200.0 1370.17 62 139 283 471 0 145 NA NA NA 95 215 446 622 0 223 NA NA NA 39 1240 882 930 281 249 NA NA NA 121 594 378 1049 322 288 NA NA NA 
1764457200.0 1370.18 62 138 276 465 0 149 NA NA NA 94 212 461 631 0 222 NA NA NA 35 1293 823 953 278 248 NA NA NA 110 657 354 979 330 280 NA NA NA 
1764457200.0 138.1 NA 296 148 0 NA NA NA NA NA NA 463 252 0 NA NA NA NA NA NA 554 141 130 NA NA NA NA NA NA 453 204 176 NA NA NA NA NA 
1764457200.0 138.2 NA 293 147 0 NA NA NA NA NA NA 458 251 0 NA NA NA NA NA NA 586 144 128 NA NA NA NA NA NA 802 206 159 NA NA NA NA NA 
1764457200.0 138.3 NA 70 407 0 NA NA NA NA NA NA 119 702 0 NA NA NA NA NA NA 37 17567 154 NA NA NA NA NA NA 239 17165 203 NA NA NA NA NA 
1764457200.0 138.4 NA 388 0 NA NA NA NA NA NA NA 575 0 NA NA NA NA NA NA NA 749 164 NA NA NA NA NA NA NA 890 238 NA NA NA NA NA NA 
1764457200.0 138.5 NA 421 205 0 NA NA NA NA NA NA 651 299 0 NA NA NA NA NA NA 892 209 163 NA NA NA NA NA NA 897 371 201 NA NA NA NA NA 
1764457200.0 139.001 NA 359 464 0 NA NA NA NA NA NA 491 664 0 NA NA NA NA NA NA 588 1448 196 NA NA NA NA NA NA 826 1387 236 NA NA NA NA NA 
1764457200.0 139.002 NA 352 515 0 NA NA NA NA NA NA 469 753 0 NA NA NA NA NA NA 487 1543 206 NA NA NA NA NA NA 849 2011 252 NA NA NA NA NA 
1764457200.0 139.003 NA 359 390 0 NA NA NA NA NA NA 478 541 0 NA NA NA NA NA NA 560 1676 131 NA NA NA NA NA NA 898 1307 174 NA NA NA NA NA 
1764457200.0 139.004 NA 370 443 0 NA NA NA NA NA NA 484 608 0 NA NA NA NA NA NA 675 1568 181 NA NA NA NA NA NA 663 1328 220 NA NA NA NA NA 
1764457200.0 139.005 NA 113 118 NA NA NA NA NA NA NA 258 258 NA NA NA NA NA NA NA 6734 5391 NA NA NA NA NA NA NA 4528 2230 NA NA NA NA NA NA 
1764457200.0 139901.0 NA 215 398 0 NA NA NA NA NA NA 399 547 0 NA NA NA NA NA NA 647 673 169 NA NA NA NA NA NA 455 725 205 NA NA NA NA NA 
1764457200.0 139902.0 NA 225 408 0 NA NA NA NA NA NA 422 559 0 NA NA NA NA NA NA 378 898 220 NA NA NA NA NA NA 258 964 292 NA NA NA NA NA 
1764457200.0 13992501.0 NA 399 647 0 NA NA NA NA NA NA 579 882 0 NA NA NA NA NA NA 1193 1693 228 NA NA NA NA NA NA 795 1312 272 NA NA NA NA NA 
1764457200.0 13992502.0 NA 408 639 0 NA NA NA NA NA NA 596 843 0 NA NA NA NA NA NA 1188 1669 221 NA NA NA NA NA NA 701 1196 273 NA NA NA NA NA 
1764457200.0 14.0 NA 198 384 0 NA NA NA NA NA NA 287 542 0 NA NA NA NA NA NA 970 2345 245 NA NA NA NA NA NA 470 1317 333 NA NA NA NA NA 
1764457200.0 140.0 112 168 256 0 NA NA NA NA NA 222 232 378 0 NA NA NA NA NA 1184 164 498 136 NA NA NA NA NA 1822 223 664 193 NA NA NA NA NA 
1764457200.0 140.51 NA 95 266 0 NA NA NA NA NA NA 144 387 0 NA NA NA NA NA NA 184 648 117 NA NA NA NA NA NA 484 622 186 NA NA NA NA NA 
1764457200.0 140.52 NA 315 275 0 NA NA NA NA NA NA 439 401 0 NA NA NA NA NA NA 827 674 114 NA NA NA NA NA NA 619 502 140 NA NA NA NA NA 
1764457200.0 140.53 NA 372 0 NA NA NA NA NA NA NA 506 0 NA NA NA NA NA NA NA 1272 112 NA NA NA NA NA NA NA 775 145 NA NA NA NA NA NA 
1764457200.0 140.54 NA 408 0 NA NA NA NA NA NA NA 657 0 NA NA NA NA NA NA NA 903 126 NA NA NA NA NA NA NA 857 164 NA NA NA NA NA NA 
1764457200.0 140.55 NA 134 106 429 0 NA NA NA NA NA 241 189 688 0 NA NA NA NA NA 2231 3126 5328 119 NA NA NA NA NA 3614 4227 1985 151 NA NA NA NA 
1764457200.0 140.56 NA 647 0 NA NA NA NA NA NA NA 1178 0 NA NA NA NA NA NA NA 8398 158 NA NA NA NA NA NA NA 6442 235 NA NA NA NA NA NA 
1764457200.0 140.5611 NA 251 0 NA NA NA NA NA NA NA 355 0 NA NA NA NA NA NA NA 1106 77 NA NA NA NA NA NA NA 725 103 NA NA NA NA NA NA 
1764457200.0 140.57 NA 511 0 NA NA NA NA NA NA NA 724 0 NA NA NA NA NA NA NA 1291 151 NA NA NA NA NA NA NA 1057 191 NA NA NA NA NA NA 
1764457200.0 144.6 NA 354 NA NA NA NA NA NA NA NA 494 NA NA NA NA NA NA NA NA 1084 NA NA NA NA NA NA NA NA 1225 NA NA NA NA NA NA NA 
1764457200.0 145.0 103 170 254 0 NA NA NA NA NA 217 238 368 0 NA NA NA NA NA 1125 173 492 150 NA NA NA NA NA 1369 225 621 208 NA NA NA NA NA 
1764457200.0 148.0 105 259 458 0 NA NA NA NA NA 236 359 698 0 NA NA NA NA NA 1786 327 1107 194 NA NA NA NA NA 4402 629 1076 228 NA NA NA NA NA 
1764457200.0 149.0 132 250 441 0 NA NA NA NA NA 204 371 616 0 NA NA NA NA NA 614 479 883 240 NA NA NA NA NA 581 350 995 282 NA NA NA NA NA 
1764457200.0 15.0 NA 172 352 0 NA NA NA NA NA NA 241 501 0 NA NA NA NA NA NA 625 865 184 NA NA NA NA NA NA 338 781 281 NA NA NA NA NA 
1764457200.0 150.0 105 204 347 0 NA NA NA NA NA 209 307 503 0 NA NA NA NA NA 1225 333 571 179 NA NA NA NA NA 1777 411 724 231 NA NA NA NA NA 
1764457200.0 158.0 137 208 450 122 0 NA NA NA NA 217 314 690 187 0 NA NA NA NA 941 277 887 142 207 NA NA NA NA 2454 617 1677 274 278 NA NA NA NA 
1764457200.0 158.01 NA 217 0 NA NA NA NA NA NA NA 299 0 NA NA NA NA NA NA NA 862 80 NA NA NA NA NA NA NA 672 112 NA NA NA NA NA NA 
1764457200.0 158.1 NA 213 453 0 NA NA NA NA NA NA 359 595 0 NA NA NA NA NA NA 210 753 215 NA NA NA NA NA NA 298 786 277 NA NA NA NA NA 
1764457200.0 158.2 NA 206 455 0 NA NA NA NA NA NA 362 617 0 NA NA NA NA NA NA 237 880 245 NA NA NA NA NA NA 303 916 275 NA NA NA NA NA 
1764457200.0 158.3 NA 212 443 0 NA NA NA NA NA NA 362 668 0 NA NA NA NA NA NA 218 883 215 NA NA NA NA NA NA 270 858 253 NA NA NA NA NA 
1764457200.0 159.0 116 212 419 128 0 NA NA NA NA 218 299 677 196 0 NA NA NA NA 1170 180 693 146 207 NA NA NA NA 2670 325 971 243 264 NA NA NA NA 
1764457200.0 159.1 142 205 437 0 NA NA NA NA NA 211 292 638 0 NA NA NA NA NA 672 231 846 257 NA NA NA NA NA 641 222 960 292 NA NA NA NA NA 
1764457200.0 159.2 143 160 435 0 NA NA NA NA NA 213 298 615 0 NA NA NA NA NA 732 293 783 244 NA NA NA NA NA 688 250 937 284 NA NA NA NA NA 
1764457200.0 159.3 142 216 428 0 NA NA NA NA NA 222 307 629 0 NA NA NA NA NA 674 243 833 225 NA NA NA NA NA 647 219 850 267 NA NA NA NA NA 
1764457200.0 159.4 107 205 442 0 NA NA NA NA NA 213 292 643 0 NA NA NA NA NA 707 216 806 251 NA NA NA NA NA 582 238 1022 321 NA NA NA NA NA 
1764457200.0 16.0 NA 185 370 0 NA NA NA NA NA NA 262 519 0 NA NA NA NA NA NA 646 1015 190 NA NA NA NA NA NA 342 823 274 NA NA NA NA NA 
1764457200.0 160.0 162 292 574 132 0 NA NA NA NA 312 413 746 194 0 NA NA NA NA 4429 402 2490 155 229 NA NA NA NA 6547 507 2031 214 286 NA NA NA NA 
1764457200.0 17.0 NA 184 357 0 NA NA NA NA NA NA 252 508 0 NA NA NA NA NA NA 746 1145 230 NA NA NA NA NA NA 349 995 276 NA NA NA NA NA 
1764457200.0 18.0 NA 169 350 0 NA NA NA NA NA NA 241 468 0 NA NA NA NA NA NA 622 817 176 NA NA NA NA NA NA 317 809 275 NA NA NA NA NA 
1764457200.0 19.0 NA 171 350 0 NA NA NA NA NA NA 242 479 0 NA NA NA NA NA NA 618 861 180 NA NA NA NA NA NA 299 801 229 NA NA NA NA NA 
1764457200.0 2.0 161 172 296 NA NA NA NA NA NA 263 235 410 NA NA NA NA NA NA 1287 201 532 NA NA NA NA NA NA 575 207 588 NA NA NA NA NA NA 
1764457200.0 20.0 NA 164 346 0 NA NA NA NA NA NA 242 469 0 NA NA NA NA NA NA 684 985 194 NA NA NA NA NA NA 401 828 289 NA NA NA NA NA 
1764457200.0 200.0 NA 240 420 0 NA NA NA NA NA NA 340 587 0 NA NA NA NA NA NA 381 1010 192 NA NA NA NA NA NA 450 1013 239 NA NA NA NA NA 
1764457200.0 2017.1 481 0 202 NA NA NA NA NA NA 608 0 274 NA NA NA NA NA NA 545 129 287 NA NA NA NA NA NA 581 171 309 NA NA NA NA NA NA 
1764457200.0 2017.11 451 0 199 NA NA NA NA NA NA 619 0 265 NA NA NA NA NA NA 664 131 315 NA NA NA NA NA NA 1059 318 360 NA NA NA NA NA NA 
1764457200.0 2017.12 483 0 195 NA NA NA NA NA NA 614 0 276 NA NA NA NA NA NA 515 139 280 NA NA NA NA NA NA 490 181 314 NA NA NA NA NA NA 
1764457200.0 2017.13 463 0 NA NA NA NA NA NA NA 625 0 NA NA NA NA NA NA NA 548 159 NA NA NA NA NA NA NA 573 192 NA NA NA NA NA NA NA 
1764457200.0 2017.2 397 0 185 NA NA NA NA NA NA 514 0 258 NA NA NA NA NA NA 498 118 244 NA NA NA NA NA NA 586 222 296 NA NA NA NA NA NA 
1764457200.0 2017.3 392 0 195 NA NA NA NA NA NA 513 0 260 NA NA NA NA NA NA 503 116 250 NA NA NA NA NA NA 599 166 320 NA NA NA NA NA NA 
1764457200.0 2017.4 471 0 194 NA NA NA NA NA NA 608 0 273 NA NA NA NA NA NA 487 127 272 NA NA NA NA NA NA 533 261 380 NA NA NA NA NA NA 
1764457200.0 2017.5 448 0 194 NA NA NA NA NA NA 603 0 275 NA NA NA NA NA NA 521 126 259 NA NA NA NA NA NA 542 214 297 NA NA NA NA NA NA 
1764457200.0 2017.6 467 0 201 NA NA NA NA NA NA 621 0 274 NA NA NA NA NA NA 552 122 266 NA NA NA NA NA NA 535 185 317 NA NA NA NA NA NA 
1764457200.0 2017.7 482 0 194 NA NA NA NA NA NA 615 0 269 NA NA NA NA NA NA 484 122 262 NA NA NA NA NA NA 568 180 335 NA NA NA NA NA NA 
1764457200.0 2017.8 215 NA NA NA NA NA NA NA NA 305 NA NA NA NA NA NA NA NA 377 NA NA NA NA NA NA NA NA 366 NA NA NA NA NA NA NA NA 
1764457200.0 2017.9 472 0 198 NA NA NA NA NA NA 594 0 272 NA NA NA NA NA NA 453 122 252 NA NA NA NA NA NA 507 175 319 NA NA NA NA NA NA 
1764457200.0 2018.1 459 0 194 NA NA NA NA NA NA 607 0 259 NA NA NA NA NA NA 603 128 273 NA NA NA NA NA NA 786 236 329 NA NA NA NA NA NA 
1764457200.0 2018.11 485 0 198 NA NA NA NA NA NA 618 0 268 NA NA NA NA NA NA 597 130 307 NA NA NA NA NA NA 599 214 308 NA NA NA NA NA NA 
1764457200.0 2018.12 442 0 195 NA NA NA NA NA NA 605 0 273 NA NA NA NA NA NA 496 121 273 NA NA NA NA NA NA 576 159 373 NA NA NA NA NA NA 
1764457200.0 2018.13 458 0 NA NA NA NA NA NA NA 635 0 NA NA NA NA NA NA NA 519 163 NA NA NA NA NA NA NA 507 202 NA NA NA NA NA NA NA 
1764457200.0 2018.2 396 0 147 NA NA NA NA NA NA 528 0 264 NA NA NA NA NA NA 504 117 255 NA NA NA NA NA NA 591 176 348 NA NA NA NA NA NA 
1764457200.0 2018.3 405 0 174 NA NA NA NA NA NA 516 0 261 NA NA NA NA NA NA 433 115 252 NA NA NA NA NA NA 425 162 317 NA NA NA NA NA NA 
1764457200.0 2018.4 461 0 187 NA NA NA NA NA NA 596 0 260 NA NA NA NA NA NA 559 122 263 NA NA NA NA NA NA 746 181 331 NA NA NA NA NA NA 
1764457200.0 2018.5 478 0 193 NA NA NA NA NA NA 607 0 254 NA NA NA NA NA NA 506 133 279 NA NA NA NA NA NA 613 198 319 NA NA NA NA NA NA 
1764457200.0 2018.6 451 0 195 NA NA NA NA NA NA 632 0 277 NA NA NA NA NA NA 534 122 264 NA NA NA NA NA NA 611 189 289 NA NA NA NA NA NA 
1764457200.0 2018.7 477 0 166 NA NA NA NA NA NA 595 0 263 NA NA NA NA NA NA 555 120 268 NA NA NA NA NA NA 655 168 326 NA NA NA NA NA NA 
1764457200.0 2018.8 213 NA NA NA NA NA NA NA NA 309 NA NA NA NA NA NA NA NA 362 NA NA NA NA NA NA NA NA 280 NA NA NA NA NA NA NA NA 
1764457200.0 2018.9 477 0 190 NA NA NA NA NA NA 609 0 273 NA NA NA NA NA NA 461 123 252 NA NA NA NA NA NA 533 192 314 NA NA NA NA NA NA 
1764457200.0 202.0 NA 239 437 0 NA NA NA NA NA NA 335 574 0 NA NA NA NA NA NA 332 1007 194 NA NA NA NA NA NA 391 1001 280 NA NA NA NA NA 
1764457200.0 203.0 NA 242 430 0 NA NA NA NA NA NA 331 596 0 NA NA NA NA NA NA 349 990 191 NA NA NA NA NA NA 442 1088 260 NA NA NA NA NA 
1764457200.0 204.0 159 230 427 0 NA NA NA NA NA 258 318 590 0 NA NA NA NA NA 1139 369 1172 220 NA NA NA NA NA 637 381 1385 266 NA NA NA NA NA 
1764457200.0 205.0 NA 233 447 0 NA NA NA NA NA NA 339 578 0 NA NA NA NA NA NA 416 1153 229 NA NA NA NA NA NA 378 1109 269 NA NA NA NA NA 
1764457200.0 21.0 NA 171 353 0 NA NA NA NA NA NA 239 479 0 NA NA NA NA NA NA 639 990 187 NA NA NA NA NA NA 289 781 226 NA NA NA NA NA 
1764457200.0 22.0 NA 186 363 0 NA NA NA NA NA NA 259 506 0 NA NA NA NA NA NA 751 1447 211 NA NA NA NA NA NA 347 1066 250 NA NA NA NA NA 
1764457200.0 23.0 NA 199 352 0 NA NA NA NA NA NA 273 512 0 NA NA NA NA NA NA 762 1307 215 NA NA NA NA NA NA 363 1096 261 NA NA NA NA NA 
1764457200.0 23234.0 NA 396 504 0 NA NA NA NA NA NA 514 673 0 NA NA NA NA NA NA 906 1387 283 NA NA NA NA NA NA 522 1194 332 NA NA NA NA NA 
1764457200.0 23234.21 NA 371 304 231 NA NA NA NA NA NA 479 414 316 NA NA NA NA NA NA 766 617 499 NA NA NA NA NA NA 446 461 397 NA NA NA NA NA 
1764457200.0 23434.21 NA 736 695 281 NA NA NA NA NA NA 1164 1098 375 NA NA NA NA NA NA 4214 4031 725 NA NA NA NA NA NA 3812 1500 590 NA NA NA NA NA 
1764457200.0 23434.99 NA 986 1132 1027 0 NA NA NA NA NA 1539 1679 1569 0 NA NA NA NA NA 3751 1898 6215 253 NA NA NA NA NA 3546 928 2513 298 NA NA NA NA 
1764457200.0 23434.9921 NA 860 882 706 282 NA NA NA NA NA 1406 1184 1076 368 NA NA NA NA NA 3347 1436 3832 699 NA NA NA NA NA 3617 714 1572 483 NA NA NA NA 
1764457200.0 23434.999 NA 458 680 623 0 NA NA NA NA NA 736 921 843 0 NA NA NA NA NA 1489 1027 1959 250 NA NA NA NA NA 2492 572 1579 332 NA NA NA NA 
1764457200.0 24.0 NA 200 387 0 NA NA NA NA NA NA 282 525 0 NA NA NA NA NA NA 970 1973 246 NA NA NA NA NA NA 430 1133 283 NA NA NA NA NA 
1764457200.0 25.0 NA 198 418 0 130 NA NA NA NA NA 279 570 0 186 NA NA NA NA NA 1012 2159 242 221 NA NA NA NA NA 478 1319 272 293 NA NA NA NA 
1764457200.0 250199.0 389 NA NA NA NA NA NA NA NA 580 NA NA NA NA NA NA NA NA 1071 NA NA NA NA NA NA NA NA 804 NA NA NA NA NA NA NA NA 
1764457200.0 250199.17 393 NA NA NA NA NA NA NA NA 555 NA NA NA NA NA NA NA NA 1156 NA NA NA NA NA NA NA NA 800 NA NA NA NA NA NA NA NA 
1764457200.0 250199.18 429 NA NA NA NA NA NA NA NA 655 NA NA NA NA NA NA NA NA 1636 NA NA NA NA NA NA NA NA 930 NA NA NA NA NA NA NA NA 
1764457200.0 250200.0 NA 430 485 0 NA NA NA NA NA NA 629 650 0 NA NA NA NA NA NA 2900 1379 226 NA NA NA NA NA NA 1345 1145 275 NA NA NA NA NA 
1764457200.0 250200.1 146 422 354 NA NA NA NA NA NA 256 556 497 NA NA NA NA NA NA 954 574 873 NA NA NA NA NA NA 527 479 806 NA NA NA NA NA NA 
1764457200.0 250200.117 138 500 373 NA NA NA NA NA NA 212 650 519 NA NA NA NA NA NA 1078 1418 789 NA NA NA NA NA NA 555 666 644 NA NA NA NA NA NA 
1764457200.0 250200.118 135 536 396 148 NA NA NA NA NA 205 720 550 220 NA NA NA NA NA 1304 1827 1178 233 NA NA NA NA NA 712 801 895 250 NA NA NA NA NA 
1764457200.0 250200.17 NA 518 564 0 NA NA NA NA NA NA 713 773 0 NA NA NA NA NA NA 3566 1164 218 NA NA NA NA NA NA 1793 995 276 NA NA NA NA NA 
1764457200.0 250200.18 NA 538 572 0 NA NA NA NA NA NA 820 815 0 NA NA NA NA NA NA 5304 1399 213 NA NA NA NA NA NA 4190 1667 360 NA NA NA NA NA 
1764457200.0 250200.182 138 545 610 0 NA NA NA NA NA 211 770 801 0 NA NA NA NA NA 1208 1875 1923 259 NA NA NA NA NA 691 861 1259 301 NA NA NA NA NA 
1764457200.0 250202.0 NA 438 499 0 NA NA NA NA NA NA 650 638 0 NA NA NA NA NA NA 3298 1472 216 NA NA NA NA NA NA 2242 1106 257 NA NA NA NA NA 
1764457200.0 250202.1 NA 377 424 496 0 NA NA NA NA NA 593 588 659 0 NA NA NA NA NA 1597 2693 1263 189 NA NA NA NA NA 1306 920 968 229 NA NA NA NA 
1764457200.0 250202.118 99 557 428 149 NA NA NA NA NA 218 768 574 222 NA NA NA NA NA 1572 1896 1527 274 NA NA NA NA NA 809 841 962 295 NA NA NA NA NA 
1764457200.0 250202.17 NA 516 569 0 NA NA NA NA NA NA 749 770 0 NA NA NA NA NA NA 3806 1261 230 NA NA NA NA NA NA 2023 1148 299 NA NA NA NA NA 
1764457200.0 250202.171 NA 371 481 570 0 NA NA NA NA NA 567 689 787 0 NA NA NA NA NA 1280 3799 1403 219 NA NA NA NA NA 1331 1419 1034 258 NA NA NA NA 
1764457200.0 250202.172 NA 485 541 0 NA NA NA NA NA NA 723 804 0 NA NA NA NA NA NA 4438 1257 206 NA NA NA NA NA NA 2980 1296 236 NA NA NA NA NA 
1764457200.0 250202.18 NA 541 580 0 NA NA NA NA NA NA 844 796 0 NA NA NA NA NA NA 4939 1544 214 NA NA NA NA NA NA 3727 1136 263 NA NA NA NA NA 
1764457200.0 250202.181 NA 454 577 586 0 NA NA NA NA NA 666 823 807 0 NA NA NA NA NA 1742 4881 1492 208 NA NA NA NA NA 1707 1814 1163 243 NA NA NA NA 
1764457200.0 250202.182 141 573 601 0 NA NA NA NA NA 227 795 855 0 NA NA NA NA NA 1325 1565 1548 218 NA NA NA NA NA 705 818 1104 253 NA NA NA NA NA 
1764457200.0 250202.183 141 571 597 0 NA NA NA NA NA 226 760 819 0 NA NA NA NA NA 1422 1619 1866 283 NA NA NA NA NA 937 820 1386 395 NA NA NA NA NA 
1764457200.0 250202.2 NA 441 465 0 NA NA NA NA NA NA 650 646 0 NA NA NA NA NA NA 4663 1018 178 NA NA NA NA NA NA 2879 1111 273 NA NA NA NA NA 
1764457200.0 250202.3 NA 331 434 488 0 NA NA NA NA NA 587 598 639 0 NA NA NA NA NA 1232 4808 1165 183 NA NA NA NA NA 1368 1604 907 221 NA NA NA NA 
1764457200.0 250202.4 NA 440 461 0 NA NA NA NA NA NA 638 648 0 NA NA NA NA NA NA 5184 1020 170 NA NA NA NA NA NA 3731 1463 209 NA NA NA NA NA 
1764457200.0 250202.5 NA 378 427 492 0 NA NA NA NA NA 594 567 638 0 NA NA NA NA NA 1256 4570 1116 191 NA NA NA NA NA 1530 1938 952 231 NA NA NA NA 
1764457200.0 250203.0 NA 437 482 0 NA NA NA NA NA NA 639 639 0 NA NA NA NA NA NA 3151 1350 213 NA NA NA NA NA NA 1175 1105 244 NA NA NA NA NA 
1764457200.0 250203.17 NA 487 534 0 NA NA NA NA NA NA 707 762 0 NA NA NA NA NA NA 3623 1291 205 NA NA NA NA NA NA 2739 1712 281 NA NA NA NA NA 
1764457200.0 250203.18 NA 554 596 0 NA NA NA NA NA NA 814 816 0 NA NA NA NA NA NA 4929 1478 224 NA NA NA NA NA NA 3983 1146 264 NA NA NA NA NA 
1764457200.0 250204.0 NA 443 467 0 NA NA NA NA NA NA 651 640 0 NA NA NA NA NA NA 3098 1377 207 NA NA NA NA NA NA 1253 1413 262 NA NA NA NA NA 
1764457200.0 250204.17 NA 514 567 0 NA NA NA NA NA NA 725 795 0 NA NA NA NA NA NA 3860 1193 216 NA NA NA NA NA NA 2759 1102 333 NA NA NA NA NA 
1764457200.0 250204.18 NA 562 585 0 NA NA NA NA NA NA 823 817 0 NA NA NA NA NA NA 4656 1528 213 NA NA NA NA NA NA 2558 1322 300 NA NA NA NA NA 
1764457200.0 250205.0 NA 438 479 0 NA NA NA NA NA NA 651 633 0 NA NA NA NA NA NA 3485 1247 206 NA NA NA NA NA NA 1428 997 267 NA NA NA NA NA 
1764457200.0 250205.17 NA 515 566 0 NA NA NA NA NA NA 727 756 0 NA NA NA NA NA NA 3791 1184 210 NA NA NA NA NA NA 3004 1268 249 NA NA NA NA NA 
1764457200.0 250205.18 NA 525 584 0 NA NA NA NA NA NA 795 813 0 NA NA NA NA NA NA 5253 1486 206 NA NA NA NA NA NA 3578 1310 246 NA NA NA NA NA 
1764457200.0 250206.0 NA 439 490 0 NA NA NA NA NA NA 657 666 0 NA NA NA NA NA NA 3207 1465 217 NA NA NA NA NA NA 2083 1024 268 NA NA NA NA NA 
1764457200.0 250206.118 134 538 391 148 NA NA NA NA NA 208 715 532 229 NA NA NA NA NA 643 1513 990 232 NA NA NA NA NA 473 713 874 250 NA NA NA NA NA 
1764457200.0 250206.17 NA 498 541 0 NA NA NA NA NA NA 715 758 0 NA NA NA NA NA NA 4292 1155 208 NA NA NA NA NA NA 2726 1276 278 NA NA NA NA NA 
1764457200.0 250206.18 NA 522 631 0 NA NA NA NA NA NA 817 864 0 NA NA NA NA NA NA 5355 1444 215 NA NA NA NA NA NA 3827 1360 293 NA NA NA NA NA 
1764457200.0 250206.181 NA 434 551 631 0 NA NA NA NA NA 647 789 841 0 NA NA NA NA NA 1845 4657 1436 224 NA NA NA NA NA 1904 1683 1232 262 NA NA NA NA 
1764457200.0 250206.182 137 546 646 0 NA NA NA NA NA 208 691 846 0 NA NA NA NA NA 671 1575 1489 247 NA NA NA NA NA 554 765 1191 310 NA NA NA NA NA 
1764457200.0 250207.0 NA 441 491 0 NA NA NA NA NA NA 651 633 0 NA NA NA NA NA NA 2859 1260 207 NA NA NA NA NA NA 1276 1093 259 NA NA NA NA NA 
1764457200.0 250207.17 NA 483 551 0 NA NA NA NA NA NA 720 779 0 NA NA NA NA NA NA 3657 1124 216 NA NA NA NA NA NA 2906 1015 322 NA NA NA NA NA 
1764457200.0 250207.18 NA 537 577 0 NA NA NA NA NA NA 835 788 0 NA NA NA NA NA NA 4744 1333 212 NA NA NA NA NA NA 3100 1238 252 NA NA NA NA NA 
1764457200.0 250208.17 NA 477 557 0 NA NA NA NA NA NA 747 812 0 NA NA NA NA NA NA 4561 1589 225 NA NA NA NA NA NA 3148 1489 382 NA NA NA NA NA 
1764457200.0 250208.18 NA 568 610 0 NA NA NA NA NA NA 843 816 0 NA NA NA NA NA NA 4990 1907 218 NA NA NA NA NA NA 3230 1288 300 NA NA NA NA NA 
1764457200.0 250399.0 259 NA NA NA NA NA NA NA NA 394 NA NA NA NA NA NA NA NA 321 NA NA NA NA NA NA NA NA 421 NA NA NA NA NA NA NA NA 
1764457200.0 250399.17 358 NA NA NA NA NA NA NA NA 458 NA NA NA NA NA NA NA NA 435 NA NA NA NA NA NA NA NA 457 NA NA NA NA NA NA NA NA 
1764457200.0 250399.18 362 NA NA NA NA NA NA NA NA 473 NA NA NA NA NA NA NA NA 460 NA NA NA NA NA NA NA NA 476 NA NA NA NA NA NA NA NA 
1764457200.0 250400.0 402 0 201 NA NA NA NA NA NA 592 0 279 NA NA NA NA NA NA 479 111 274 NA NA NA NA NA NA 959 175 357 NA NA NA NA NA NA 
1764457200.0 250400.17 487 0 202 NA NA NA NA NA NA 683 0 276 NA NA NA NA NA NA 570 121 278 NA NA NA NA NA NA 779 156 339 NA NA NA NA NA NA 
1764457200.0 250400.18 527 0 200 NA NA NA NA NA NA 659 0 266 NA NA NA NA NA NA 617 127 293 NA NA NA NA NA NA 815 159 328 NA NA NA NA NA NA 
1764457200.0 250402.0 452 0 197 NA NA NA NA NA NA 605 0 266 NA NA NA NA NA NA 521 109 279 NA NA NA NA NA NA 698 145 312 NA NA NA NA NA NA 
1764457200.0 250402.1 290 441 0 NA NA NA NA NA NA 405 594 0 NA NA NA NA NA NA 371 521 115 NA NA NA NA NA NA 667 432 146 NA NA NA NA NA NA 
1764457200.0 250402.17 501 0 207 NA NA NA NA NA NA 676 0 272 NA NA NA NA NA NA 657 122 284 NA NA NA NA NA NA 853 208 335 NA NA NA NA NA NA 
1764457200.0 250402.171 356 490 0 NA NA NA NA NA NA 468 639 0 NA NA NA NA NA NA 450 662 122 NA NA NA NA NA NA 518 606 150 NA NA NA NA NA NA 
1764457200.0 250402.18 533 0 197 NA NA NA NA NA NA 670 0 273 NA NA NA NA NA NA 678 127 315 NA NA NA NA NA NA 793 154 371 NA NA NA NA NA NA 
1764457200.0 250402.181 366 527 0 NA NA NA NA NA NA 488 668 0 NA NA NA NA NA NA 482 657 126 NA NA NA NA NA NA 467 492 153 NA NA NA NA NA NA 
1764457200.0 250403.0 452 0 201 NA NA NA NA NA NA 603 0 274 NA NA NA NA NA NA 501 125 292 NA NA NA NA NA NA 876 224 310 NA NA NA NA NA NA 
1764457200.0 250403.17 521 0 203 NA NA NA NA NA NA 659 0 272 NA NA NA NA NA NA 607 123 296 NA NA NA NA NA NA 808 149 315 NA NA NA NA NA NA 
1764457200.0 250403.18 517 0 198 NA NA NA NA NA NA 659 0 270 NA NA NA NA NA NA 612 124 280 NA NA NA NA NA NA 832 315 324 NA NA NA NA NA NA 
1764457200.0 250405.0 443 0 192 NA NA NA NA NA NA 592 0 268 NA NA NA NA NA NA 471 104 271 NA NA NA NA NA NA 680 134 353 NA NA NA NA NA NA 
1764457200.0 250405.17 484 0 201 NA NA NA NA NA NA 653 0 277 NA NA NA NA NA NA 573 124 275 NA NA NA NA NA NA 775 194 312 NA NA NA NA NA NA 
1764457200.0 250405.18 492 0 197 NA NA NA NA NA NA 688 0 273 NA NA NA NA NA NA 663 120 282 NA NA NA NA NA NA 774 158 393 NA NA NA NA NA NA 
1764457200.0 250406.0 440 0 196 NA NA NA NA NA NA 594 0 273 NA NA NA NA NA NA 434 110 258 NA NA NA NA NA NA 982 170 335 NA NA NA NA NA NA 
1764457200.0 250406.17 508 0 199 NA NA NA NA NA NA 648 0 274 NA NA NA NA NA NA 521 124 278 NA NA NA NA NA NA 711 157 328 NA NA NA NA NA NA 
1764457200.0 250406.18 495 0 194 NA NA NA NA NA NA 667 0 270 NA NA NA NA NA NA 518 123 263 NA NA NA NA NA NA 706 182 338 NA NA NA NA NA NA 
1764457200.0 250407.0 357 0 195 NA NA NA NA NA NA 507 0 264 NA NA NA NA NA NA 430 102 265 NA NA NA NA NA NA 926 152 358 NA NA NA NA NA NA 
1764457200.0 250407.17 452 0 197 NA NA NA NA NA NA 596 0 274 NA NA NA NA NA NA 546 120 289 NA NA NA NA NA NA 807 152 381 NA NA NA NA NA NA 
1764457200.0 250407.18 446 0 193 NA NA NA NA NA NA 586 0 269 NA NA NA NA NA NA 545 114 271 NA NA NA NA NA NA 708 159 391 NA NA NA NA NA NA 
1764457200.0 250408.0 456 0 200 NA NA NA NA NA NA 605 0 270 NA NA NA NA NA NA 532 111 296 NA NA NA NA NA NA 674 132 318 NA NA NA NA NA NA 
1764457200.0 250408.17 516 0 206 NA NA NA NA NA NA 671 0 276 NA NA NA NA NA NA 630 124 289 NA NA NA NA NA NA 831 173 357 NA NA NA NA NA NA 
1764457200.0 250408.18 486 0 200 NA NA NA NA NA NA 689 0 272 NA NA NA NA NA NA 708 123 287 NA NA NA NA NA NA 1140 151 345 NA NA NA NA NA NA 
1764457200.0 250409.0 464 0 203 NA NA NA NA NA NA 603 0 272 NA NA NA NA NA NA 657 112 336 NA NA NA NA NA NA 885 135 330 NA NA NA NA NA NA 
1764457200.0 250409.17 530 0 209 NA NA NA NA NA NA 657 0 267 NA NA NA NA NA NA 739 122 345 NA NA NA NA NA NA 822 147 328 NA NA NA NA NA NA 
1764457200.0 250409.18 543 0 204 NA NA NA NA NA NA 698 0 276 NA NA NA NA NA NA 764 133 344 NA NA NA NA NA NA 873 189 357 NA NA NA NA NA NA 
1764457200.0 25200.0 NA 408 661 0 143 NA NA NA NA NA 631 877 0 224 NA NA NA NA NA 1225 1667 221 222 NA NA NA NA NA 697 1265 324 233 NA NA NA NA 
1764457200.0 25202.0 NA 429 658 0 144 NA NA NA NA NA 625 863 0 220 NA NA NA NA NA 1144 1609 248 241 NA NA NA NA NA 745 1409 337 290 NA NA NA NA 
1764457200.0 25202.1 NA 420 634 0 NA NA NA NA NA NA 623 848 0 NA NA NA NA NA NA 1466 1616 204 NA NA NA NA NA NA 764 1253 234 NA NA NA NA NA 
1764457200.0 25202.15 NA 404 658 0 181 NA NA NA NA NA 611 876 0 260 NA NA NA NA NA 1582 1628 245 323 NA NA NA NA NA 1226 1420 281 360 NA NA NA NA 
1764457200.0 25202.2 NA 407 629 0 NA NA NA NA NA NA 645 860 0 NA NA NA NA NA NA 1517 1620 237 NA NA NA NA NA NA 756 1260 288 NA NA NA NA NA 
1764457200.0 25203.0 NA 411 647 0 147 NA NA NA NA NA 606 902 0 222 NA NA NA NA NA 1296 1627 246 267 NA NA NA NA NA 1043 1325 284 295 NA NA NA NA 
1764457200.0 25204.0 NA 425 622 0 NA NA NA NA NA NA 621 825 0 NA NA NA NA NA NA 1241 1760 245 NA NA NA NA NA NA 781 1310 295 NA NA NA NA NA 
1764457200.0 25205.0 NA 413 646 0 145 NA NA NA NA NA 630 818 0 221 NA NA NA NA NA 1176 1547 248 232 NA NA NA NA NA 702 1465 289 243 NA NA NA NA 
1764457200.0 25206.0 NA 419 644 0 145 NA NA NA NA NA 607 895 0 218 NA NA NA NA NA 1207 1544 231 231 NA NA NA NA NA 779 1270 317 247 NA NA NA NA 
1764457200.0 25207.0 NA 403 627 0 NA NA NA NA NA NA 620 877 0 NA NA NA NA NA NA 1290 1515 191 NA NA NA NA NA NA 726 1340 232 NA NA NA NA NA 
1764457200.0 25208.0 NA 423 683 0 NA NA NA NA NA NA 632 921 0 NA NA NA NA NA NA 1376 2077 221 NA NA NA NA NA NA 735 1317 294 NA NA NA NA NA 
1764457200.0 25209.0 NA 428 674 0 146 NA NA NA NA NA 632 898 0 219 NA NA NA NA NA 1238 1685 230 241 NA NA NA NA NA 698 1461 273 278 NA NA NA NA 
1764457200.0 25210.0 155 408 648 0 NA NA NA NA NA 246 610 838 0 NA NA NA NA NA 1556 711 1267 238 NA NA NA NA NA 902 541 1220 280 NA NA NA NA NA 
1764457200.0 25211.0 118 408 647 0 NA NA NA NA NA 248 600 829 0 NA NA NA NA NA 3417 1013 1357 189 NA NA NA NA NA 2738 633 1323 242 NA NA NA NA NA 
1764457200.0 25211.17 134 450 692 0 NA NA NA NA NA 223 620 1001 0 NA NA NA NA NA 3270 1471 1544 210 NA NA NA NA NA 2434 782 1475 269 NA NA NA NA NA 
1764457200.0 25211.18 98 528 808 0 NA NA NA NA NA 219 727 1063 0 NA NA NA NA NA 3309 2138 1794 219 NA NA NA NA NA 2484 1280 1284 309 NA NA NA NA NA 
1764457200.0 25212.0 159 388 625 0 NA NA NA NA NA 253 621 856 0 NA NA NA NA NA 4068 1276 1270 175 NA NA NA NA NA 3087 1059 1518 226 NA NA NA NA NA 
1764457200.0 25212.17 101 451 702 0 NA NA NA NA NA 228 594 956 0 NA NA NA NA NA 4328 1639 1546 211 NA NA NA NA NA 3182 928 1545 257 NA NA NA NA NA 
1764457200.0 25212.18 137 517 806 0 NA NA NA NA NA 226 729 1123 0 NA NA NA NA NA 4248 2096 1902 214 NA NA NA NA NA 3357 1280 1392 287 NA NA NA NA NA 
1764457200.0 25213.0 131 403 648 0 NA NA NA NA NA 262 620 900 0 NA NA NA NA NA 4570 1046 1447 191 NA NA NA NA NA 3075 697 1340 248 NA NA NA NA NA 
1764457200.0 25213.17 140 477 722 0 NA NA NA NA NA 226 648 992 0 NA NA NA NA NA 4417 1476 1426 212 NA NA NA NA NA 3610 754 1261 287 NA NA NA NA NA 
1764457200.0 25213.18 130 533 808 0 NA NA NA NA NA 226 745 1173 0 NA NA NA NA NA 4326 2006 1848 210 NA NA NA NA NA 3298 1113 1394 265 NA NA NA NA NA 
1764457200.0 25214.0 NA 417 663 0 NA NA NA NA NA NA 624 883 0 NA NA NA NA NA NA 1255 1703 222 NA NA NA NA NA NA 795 1257 266 NA NA NA NA NA 
1764457200.0 25215.0 62 119 396 634 0 NA NA NA NA 94 248 621 856 0 NA NA NA NA 34 1341 1244 1589 224 NA NA NA NA 79 734 714 1392 254 NA NA NA NA 
1764457200.0 25215.17 62 142 471 706 0 NA NA NA NA 94 224 645 974 0 NA NA NA NA 30 1243 1610 1533 223 NA NA NA NA 94 844 777 1239 273 NA NA NA NA 
1764457200.0 25215.18 62 93 510 824 0 NA NA NA NA 94 217 738 1140 0 NA NA NA NA 30 1324 2247 1774 225 NA NA NA NA 92 1259 1171 1253 274 NA NA NA NA 
1764457200.0 25400.0 550 0 197 NA NA NA NA NA NA 695 0 259 NA NA NA NA NA NA 903 114 290 NA NA NA NA NA NA 727 135 323 NA NA NA NA NA NA 
1764457200.0 25400.17 649 0 200 NA NA NA NA NA NA 808 0 268 NA NA NA NA NA NA 1603 133 304 NA NA NA NA NA NA 1156 160 347 NA NA NA NA NA NA 
1764457200.0 25400.18 649 0 200 NA NA NA NA NA NA 829 0 273 NA NA NA NA NA NA 1600 137 298 NA NA NA NA NA NA 1211 168 325 NA NA NA NA NA NA 
1764457200.0 25402.0 546 0 200 NA NA NA NA NA NA 723 0 267 NA NA NA NA NA NA 904 118 283 NA NA NA NA NA NA 1258 165 321 NA NA NA NA NA NA 
1764457200.0 25402.17 626 0 207 NA NA NA NA NA NA 823 0 275 NA NA NA NA NA NA 1604 138 315 NA NA NA NA NA NA 1068 171 330 NA NA NA NA NA NA 
1764457200.0 25402.18 661 0 202 NA NA NA NA NA NA 824 0 264 NA NA NA NA NA NA 1461 130 292 NA NA NA NA NA NA 996 191 366 NA NA NA NA NA NA 
1764457200.0 25403.0 557 0 197 NA NA NA NA NA NA 725 0 267 NA NA NA NA NA NA 903 118 296 NA NA NA NA NA NA 744 140 334 NA NA NA NA NA NA 
1764457200.0 25403.17 647 0 207 NA NA NA NA NA NA 822 0 288 NA NA NA NA NA NA 1412 135 301 NA NA NA NA NA NA 850 174 323 NA NA NA NA NA NA 
1764457200.0 25403.18 654 0 199 NA NA NA NA NA NA 822 0 266 NA NA NA NA NA NA 1692 138 307 NA NA NA NA NA NA 954 186 328 NA NA NA NA NA NA 
1764457200.0 25405.0 549 0 199 NA NA NA NA NA NA 733 0 274 NA NA NA NA NA NA 875 114 276 NA NA NA NA NA NA 821 181 352 NA NA NA NA NA NA 
1764457200.0 25405.17 649 0 199 NA NA NA NA NA NA 826 0 275 NA NA NA NA NA NA 1506 131 285 NA NA NA NA NA NA 1120 157 299 NA NA NA NA NA NA 
1764457200.0 25405.18 652 0 198 NA NA NA NA NA NA 809 0 274 NA NA NA NA NA NA 1496 130 291 NA NA NA NA NA NA 881 151 368 NA NA NA NA NA NA 
1764457200.0 25406.0 515 0 199 NA NA NA NA NA NA 691 0 274 NA NA NA NA NA NA 650 112 256 NA NA NA NA NA NA 809 167 326 NA NA NA NA NA NA 
1764457200.0 25406.17 637 0 196 NA NA NA NA NA NA 777 0 271 NA NA NA NA NA NA 909 127 286 NA NA NA NA NA NA 927 150 349 NA NA NA NA NA NA 
1764457200.0 25406.18 617 0 195 NA NA NA NA NA NA 793 0 270 NA NA NA NA NA NA 1086 133 278 NA NA NA NA NA NA 971 160 314 NA NA NA NA NA NA 
1764457200.0 25407.0 477 0 190 NA NA NA NA NA NA 634 0 269 NA NA NA NA NA NA 804 115 271 NA NA NA NA NA NA 677 143 314 NA NA NA NA NA NA 
1764457200.0 25407.17 572 0 196 NA NA NA NA NA NA 793 0 262 NA NA NA NA NA NA 1401 122 290 NA NA NA NA NA NA 908 151 386 NA NA NA NA NA NA 
1764457200.0 25407.18 569 0 193 NA NA NA NA NA NA 729 0 267 NA NA NA NA NA NA 1443 126 287 NA NA NA NA NA NA 1080 158 370 NA NA NA NA NA NA 
1764457200.0 25408.0 563 0 205 NA NA NA NA NA NA 692 0 272 NA NA NA NA NA NA 1212 122 344 NA NA NA NA NA NA 932 156 366 NA NA NA NA NA NA 
1764457200.0 25408.17 632 0 208 NA NA NA NA NA NA 789 0 273 NA NA NA NA NA NA 1738 138 339 NA NA NA NA NA NA 919 180 342 NA NA NA NA NA NA 
1764457200.0 25408.18 631 0 205 NA NA NA NA NA NA 826 0 271 NA NA NA NA NA NA 1778 140 347 NA NA NA NA NA NA 985 170 364 NA NA NA NA NA NA 
1764457200.0 25409.0 533 0 201 NA NA NA NA NA NA 738 0 273 NA NA NA NA NA NA 924 114 278 NA NA NA NA NA NA 952 159 314 NA NA NA NA NA NA 
1764457200.0 25409.17 646 0 204 NA NA NA NA NA NA 824 0 273 NA NA NA NA NA NA 1759 132 305 NA NA NA NA NA NA 1238 154 335 NA NA NA NA NA NA 
1764457200.0 25409.18 649 0 199 NA NA NA NA NA NA 809 0 262 NA NA NA NA NA NA 1520 130 302 NA NA NA NA NA NA 855 158 360 NA NA NA NA NA NA 
1764457200.0 26.0 NA 200 405 0 NA NA NA NA NA NA 279 533 0 NA NA NA NA NA NA 723 1165 193 NA NA NA NA NA NA 352 890 232 NA NA NA NA NA 
1764457200.0 27.0 NA 201 388 0 NA NA NA NA NA NA 273 526 0 NA NA NA NA NA NA 728 1074 207 NA NA NA NA NA NA 361 784 286 NA NA NA NA NA 
1764457200.0 28.0 NA 201 391 0 NA NA NA NA NA NA 283 526 0 NA NA NA NA NA NA 988 1782 231 NA NA NA NA NA NA 449 1171 298 NA NA NA NA NA 
1764457200.0 280.0 181 170 342 0 NA NA NA NA NA 334 235 466 0 NA NA NA NA NA 1025 229 763 218 NA NA NA NA NA 765 210 840 273 NA NA NA NA NA 
1764457200.0 281.0 181 236 469 0 NA NA NA NA NA 352 418 589 0 NA NA NA NA NA 963 372 815 209 NA NA NA NA NA 581 261 892 248 NA NA NA NA NA 
1764457200.0 28234.0 128 410 502 0 NA NA NA NA NA 242 533 715 0 NA NA NA NA NA 4025 809 1218 245 NA NA NA NA NA 3419 569 1353 324 NA NA NA NA NA 
1764457200.0 29.0 NA 202 400 0 NA NA NA NA NA NA 279 535 0 NA NA NA NA NA NA 749 1234 200 NA NA NA NA NA NA 381 983 242 NA NA NA NA NA 
1764457200.0 3.0 104 168 298 NA NA NA NA NA NA 253 232 421 NA NA NA NA NA NA 2170 203 933 NA NA NA NA NA NA 1102 210 870 NA NA NA NA NA NA 
1764457200.0 30.0 NA 203 388 0 NA NA NA NA NA NA 274 530 0 NA NA NA NA NA NA 754 1263 208 NA NA NA NA NA NA 348 896 248 NA NA NA NA NA 
1764457200.0 300.0 136 244 480 0 NA NA NA NA NA 227 397 649 0 NA NA NA NA NA 392 270 915 224 NA NA NA NA NA 529 348 1056 272 NA NA NA NA NA 
1764457200.0 301.0 133 252 488 0 NA NA NA NA NA 225 395 670 0 NA NA NA NA NA 494 296 890 228 NA NA NA NA NA 615 348 970 265 NA NA NA NA NA 
1764457200.0 302.0 133 250 480 0 NA NA NA NA NA 227 388 665 0 NA NA NA NA NA 432 280 917 258 NA NA NA NA NA 551 397 958 329 NA NA NA NA NA 
1764457200.0 31.0 NA 201 384 0 NA NA NA NA NA NA 263 518 0 NA NA NA NA NA NA 731 1126 200 NA NA NA NA NA NA 324 855 271 NA NA NA NA NA 
1764457200.0 310.0 148 237 478 0 NA NA NA NA NA 242 352 687 0 NA NA NA NA NA 660 238 933 235 NA NA NA NA NA 987 338 1174 292 NA NA NA NA NA 
1764457200.0 311.0 147 237 474 0 NA NA NA NA NA 231 359 655 0 NA NA NA NA NA 699 341 892 256 NA NA NA NA NA 778 655 1000 341 NA NA NA NA NA 
1764457200.0 312.0 145 246 479 0 NA NA NA NA NA 228 352 662 0 NA NA NA NA NA 654 251 894 249 NA NA NA NA NA 781 366 1030 322 NA NA NA NA NA 
1764457200.0 31434.0 164 384 506 0 NA NA NA NA NA 241 513 663 0 NA NA NA NA NA 3436 747 1156 236 NA NA NA NA NA 3116 494 1311 336 NA NA NA NA NA 
1764457200.0 32.0 NA 198 381 0 NA NA NA NA NA NA 274 509 0 NA NA NA NA NA NA 917 1447 228 NA NA NA NA NA NA 438 1147 294 NA NA NA NA NA 
1764457200.0 32234.0 160 379 500 0 NA NA NA NA NA 249 499 702 0 NA NA NA NA NA 3412 752 1153 238 NA NA NA NA NA 3526 731 1267 314 NA NA NA NA NA 
1764457200.0 33.0 NA 193 389 0 NA NA NA NA NA NA 279 522 0 NA NA NA NA NA NA 854 1283 248 NA NA NA NA NA NA 513 998 320 NA NA NA NA NA 
1764457200.0 34.0 157 171 362 0 NA NA NA NA NA 262 238 478 0 NA NA NA NA NA 933 189 729 195 NA NA NA NA NA 511 174 780 253 NA NA NA NA NA 
1764457200.0 34634.0 NA 399 501 0 NA NA NA NA NA NA 529 708 0 NA NA NA NA NA NA 897 1431 281 NA NA NA NA NA NA 593 1126 323 NA NA NA NA NA 
1764457200.0 35.0 NA 201 393 0 NA NA NA NA NA NA 274 543 0 NA NA NA NA NA NA 780 1292 204 NA NA NA NA NA NA 368 908 255 NA NA NA NA NA 
1764457200.0 35034.0 NA 396 525 0 NA NA NA NA NA NA 520 667 0 NA NA NA NA NA NA 909 1433 324 NA NA NA NA NA NA 665 1173 385 NA NA NA NA NA 
1764457200.0 35434.0 131 393 523 0 NA NA NA NA NA 247 502 685 0 NA NA NA NA NA 3665 762 1249 265 NA NA NA NA NA 3020 654 1393 326 NA NA NA NA NA 
1764457200.0 35834.0 164 389 507 0 NA NA NA NA NA 249 501 679 0 NA NA NA NA NA 3551 727 1191 245 NA NA NA NA NA 3331 493 1210 306 NA NA NA NA NA 
1764457200.0 36.0 NA 196 396 0 NA NA NA NA NA NA 268 533 0 NA NA NA NA NA NA 872 4614 268 NA NA NA NA NA NA 456 1941 313 NA NA NA NA NA 
1764457200.0 36234.0 164 385 514 0 NA NA NA NA NA 245 525 695 0 NA NA NA NA NA 3365 755 1167 245 NA NA NA NA NA 3391 534 1150 319 NA NA NA NA NA 
1764457200.0 36634.0 129 378 514 0 NA NA NA NA NA 246 507 700 0 NA NA NA NA NA 3386 766 1153 251 NA NA NA NA NA 3026 759 1229 329 NA NA NA NA NA 
1764457200.0 37.0 NA 200 397 0 NA NA NA NA NA NA 283 537 0 NA NA NA NA NA NA 903 2175 229 NA NA NA NA NA NA 415 1221 264 NA NA NA NA NA 
1764457200.0 37034.0 154 383 515 0 NA NA NA NA NA 241 512 666 0 NA NA NA NA NA 3906 762 1225 258 NA NA NA NA NA 3494 740 1353 316 NA NA NA NA NA 
1764457200.0 37434.0 141 391 528 0 NA NA NA NA NA 251 518 714 0 NA NA NA NA NA 3336 776 1262 263 NA NA NA NA NA 2909 663 1190 372 NA NA NA NA NA 
1764457200.0 37834.0 164 386 489 0 NA NA NA NA NA 242 510 681 0 NA NA NA NA NA 3419 731 1161 238 NA NA NA NA NA 3207 527 1284 313 NA NA NA NA NA 
1764457200.0 38.0 NA 198 394 0 NA NA NA NA NA NA 287 517 0 NA NA NA NA NA NA 944 1817 230 NA NA NA NA NA NA 473 1062 271 NA NA NA NA NA 
1764457200.0 38234.0 131 391 535 0 NA NA NA NA NA 243 517 701 0 NA NA NA NA NA 3697 792 1239 259 NA NA NA NA NA 2945 651 1138 372 NA NA NA NA NA 
1764457200.0 38634.0 169 375 486 0 NA NA NA NA NA 248 503 673 0 NA NA NA NA NA 2973 739 1148 243 NA NA NA NA NA 2843 730 1214 274 NA NA NA NA NA 
1764457200.0 39.0 NA 200 398 0 NA NA NA NA NA NA 291 514 0 NA NA NA NA NA NA 1037 3166 235 NA NA NA NA NA NA 491 1648 274 NA NA NA NA NA 
1764457200.0 39034.0 165 375 512 0 NA NA NA NA NA 242 506 704 0 NA NA NA NA NA 3340 744 1153 242 NA NA NA NA NA 2753 680 1193 292 NA NA NA NA NA 
1764457200.0 39434.0 NA 390 518 0 NA NA NA NA NA NA 498 660 0 NA NA NA NA NA NA 810 1452 313 NA NA NA NA NA NA 675 1304 360 NA NA NA NA NA 
1764457200.0 39434.103 NA 398 537 0 NA NA NA NA NA NA 528 716 0 NA NA NA NA NA NA 1767 1600 298 NA NA NA NA NA NA 1392 1402 380 NA NA NA NA NA 
1764457200.0 39434.21 NA 371 315 232 NA NA NA NA NA NA 482 422 312 NA NA NA NA NA NA 785 645 512 NA NA NA NA NA NA 462 569 426 NA NA NA NA NA 
1764457200.0 39434.5 NA 394 134 0 NA NA NA NA NA NA 509 275 0 NA NA NA NA NA NA 700 406 92 NA NA NA NA NA NA 464 407 126 NA NA NA NA NA 
1764457200.0 39434.501 NA 387 179 0 NA NA NA NA NA NA 489 265 0 NA NA NA NA NA NA 730 402 90 NA NA NA NA NA NA 537 631 121 NA NA NA NA NA 
1764457200.0 39434.502 NA 397 174 0 NA NA NA NA NA NA 516 238 0 NA NA NA NA NA NA 698 384 88 NA NA NA NA NA NA 449 419 116 NA NA NA NA NA 
1764457200.0 39434.75 NA 391 516 381 0 NA NA NA NA NA 508 698 514 0 NA NA NA NA NA 765 1258 561 253 NA NA NA NA NA 771 1405 454 299 NA NA NA NA 
1764457200.0 39434.9 NA 397 517 0 NA NA NA NA NA NA 503 678 0 NA NA NA NA NA NA 848 1440 290 NA NA NA NA NA NA 611 1207 324 NA NA NA NA NA 
1764457200.0 39434.911 153 347 514 0 NA NA NA NA NA 270 486 714 0 NA NA NA NA NA 4914 2385 2638 764 NA NA NA NA NA 4757 3113 2920 1538 NA NA NA NA NA 
1764457200.0 39496.0 NA 367 434 0 NA NA NA NA NA NA 486 608 0 NA NA NA NA NA NA 742 1215 305 NA NA NA NA NA NA 582 1128 351 NA NA NA NA NA 
1764457200.0 39500.0 NA 365 448 0 NA NA NA NA NA NA 475 622 0 NA NA NA NA NA NA 767 1074 306 NA NA NA NA NA NA 618 1021 390 NA NA NA NA NA 
1764457200.0 39634.114 NA 925 1734 0 NA NA NA NA NA NA 1395 2660 0 NA NA NA NA NA NA 4529 8626 274 NA NA NA NA NA NA 3499 6947 340 NA NA NA NA NA 
1764457200.0 39634.21 NA 723 687 285 NA NA NA NA NA NA 1132 1096 379 NA NA NA NA NA NA 4338 4011 731 NA NA NA NA NA NA 3513 1891 519 NA NA NA NA NA 
1764457200.0 39634.99 NA 926 1111 1163 0 NA NA NA NA NA 1449 1724 1652 0 NA NA NA NA NA 3895 1863 7244 269 NA NA NA NA NA 3565 1152 3011 321 NA NA NA NA 
1764457200.0 39634.9921 NA 818 853 632 269 NA NA NA NA NA 1339 1348 1023 374 NA NA NA NA NA 3524 1411 3940 737 NA NA NA NA NA 4047 932 1642 648 NA NA NA NA 
1764457200.0 39634.999 NA 478 662 655 0 NA NA NA NA NA 672 921 865 0 NA NA NA NA NA 1572 1056 2235 258 NA NA NA NA NA 2475 662 1506 306 NA NA NA NA 
1764457200.0 39661.97 971 NA NA NA NA NA NA NA NA 1321 NA NA NA NA NA NA NA NA 3770 NA NA NA NA NA NA NA NA 1975 NA NA NA NA NA NA NA NA 
1764457200.0 39834.0 131 382 493 0 NA NA NA NA NA 246 511 699 0 NA NA NA NA NA 3342 740 1174 244 NA NA NA NA NA 3162 533 1321 288 NA NA NA NA NA 
1764457200.0 4.17 NA 92 370 0 243 NA NA NA NA NA 148 500 0 325 NA NA NA NA NA 88 1396 180 457 NA NA NA NA NA 142 1249 213 498 NA NA NA NA 
1764457200.0 4.22 NA 198 122 127 0 NA NA NA NA NA 311 182 189 0 NA NA NA NA NA 385 125 117 95 NA NA NA NA NA 372 208 183 119 NA NA NA NA 
1764457200.0 4.23 NA 126 379 0 NA NA NA NA NA NA 188 483 0 NA NA NA NA NA NA 118 1225 194 NA NA NA NA NA NA 181 923 234 NA NA NA NA NA 
1764457200.0 4.24 NA 118 374 0 NA NA NA NA NA NA 173 484 0 NA NA NA NA NA NA 119 1352 159 NA NA NA NA NA NA 202 992 201 NA NA NA NA NA 
1764457200.0 4.25 NA 118 370 0 NA NA NA NA NA NA 174 478 0 NA NA NA NA NA NA 133 1514 188 NA NA NA NA NA NA 228 1119 228 NA NA NA NA NA 
1764457200.0 4.26 NA 117 378 0 NA NA NA NA NA NA 174 484 0 NA NA NA NA NA NA 141 1785 231 NA NA NA NA NA NA 222 1123 294 NA NA NA NA NA 
1764457200.0 4.27 NA 120 375 0 NA NA NA NA NA NA 175 485 0 NA NA NA NA NA NA 141 1796 256 NA NA NA NA NA NA 534 1292 308 NA NA NA NA NA 
1764457200.0 4.28 NA 127 365 0 NA NA NA NA NA NA 190 469 0 NA NA NA NA NA NA 123 1404 700 NA NA NA NA NA NA 398 1632 773 NA NA NA NA NA 
1764457200.0 4.29 NA 94 375 0 238 NA NA NA NA NA 151 506 0 316 NA NA NA NA NA 92 1553 191 479 NA NA NA NA NA 118 1007 227 539 NA NA NA NA 
1764457200.0 4.34 NA 129 385 0 NA NA NA NA NA NA 193 494 0 NA NA NA NA NA NA 138 1652 234 NA NA NA NA NA NA 236 1126 305 NA NA NA NA NA 
1764457200.0 4.36 NA 121 381 0 NA NA NA NA NA NA 178 515 0 NA NA NA NA NA NA 117 1487 155 NA NA NA NA NA NA 188 958 189 NA NA NA NA NA 
1764457200.0 4.37 NA 120 389 0 NA NA NA NA NA NA 177 512 0 NA NA NA NA NA NA 126 1714 179 NA NA NA NA NA NA 619 1060 238 NA NA NA NA NA 
1764457200.0 4.4 NA 91 446 0 NA NA NA NA NA NA 157 704 0 NA NA NA NA NA NA 76 1678 151 NA NA NA NA NA NA 143 993 182 NA NA NA NA NA 
1764457200.0 4.41 NA 89 451 0 NA NA NA NA NA NA 152 703 0 NA NA NA NA NA NA 84 2118 153 NA NA NA NA NA NA 151 1226 191 NA NA NA NA NA 
1764457200.0 4.42 NA 91 462 0 NA NA NA NA NA NA 154 680 0 NA NA NA NA NA NA 84 2379 151 NA NA NA NA NA NA 173 1175 185 NA NA NA NA NA 
1764457200.0 4.43 NA 93 444 0 NA NA NA NA NA NA 155 693 0 NA NA NA NA NA NA 75 1540 149 NA NA NA NA NA NA 135 983 188 NA NA NA NA NA 
1764457200.0 4.44 NA 90 448 0 NA NA NA NA NA NA 152 686 0 NA NA NA NA NA NA 84 1897 148 NA NA NA NA NA NA 170 1150 176 NA NA NA NA NA 
1764457200.0 4.45 NA 91 457 0 NA NA NA NA NA NA 152 691 0 NA NA NA NA NA NA 103 3144 182 NA NA NA NA NA NA 161 1570 230 NA NA NA NA NA 
1764457200.0 4.51 NA 90 461 0 NA NA NA NA NA NA 154 703 0 NA NA NA NA NA NA 85 2182 154 NA NA NA NA NA NA 176 1167 186 NA NA NA NA NA 
1764457200.0 4.52 NA 88 458 0 NA NA NA NA NA NA 152 691 0 NA NA NA NA NA NA 92 2626 151 NA NA NA NA NA NA 162 1273 184 NA NA NA NA NA 
1764457200.0 4.53 NA 90 458 0 NA NA NA NA NA NA 153 689 0 NA NA NA NA NA NA 93 2529 161 NA NA NA NA NA NA 153 1228 221 NA NA NA NA NA 
1764457200.0 4.54 NA 90 459 0 NA NA NA NA NA NA 153 685 0 NA NA NA NA NA NA 103 3051 199 NA NA NA NA NA NA 160 1588 234 NA NA NA NA NA 
1764457200.0 4.55 NA 91 459 0 NA NA NA NA NA NA 154 675 0 NA NA NA NA NA NA 114 3618 181 NA NA NA NA NA NA 290 1614 215 NA NA NA NA NA 
1764457200.0 4.57 NA 117 468 0 NA NA NA NA NA NA 172 697 0 NA NA NA NA NA NA 140 2982 157 NA NA NA NA NA NA 230 1374 194 NA NA NA NA NA 
1764457200.0 4.58 NA 109 451 0 NA NA NA NA NA NA 172 678 0 NA NA NA NA NA NA 107 1922 152 NA NA NA NA NA NA 190 1155 190 NA NA NA NA NA 
1764457200.0 4.6 NA 366 0 NA NA NA NA NA NA NA 483 0 NA NA NA NA NA NA NA 1326 216 NA NA NA NA NA NA NA 1636 253 NA NA NA NA NA NA 
1764457200.0 4.61 NA 66 460 0 NA NA NA NA NA NA 156 711 0 NA NA NA NA NA NA 106 3049 205 NA NA NA NA NA NA 133 1586 252 NA NA NA NA NA 
1764457200.0 4.62 NA 88 457 0 NA NA NA NA NA NA 150 714 0 NA NA NA NA NA NA 93 2485 151 NA NA NA NA NA NA 171 1203 184 NA NA NA NA NA 
1764457200.0 4.63 NA 88 459 0 NA NA NA NA NA NA 152 686 0 NA NA NA NA NA NA 102 3208 180 NA NA NA NA NA NA 116 1538 230 NA NA NA NA NA 
1764457200.0 4.64 NA 90 460 0 NA NA NA NA NA NA 152 711 0 NA NA NA NA NA NA 113 3340 178 NA NA NA NA NA NA 250 1551 255 NA NA NA NA NA 
1764457200.0 4.65 NA 90 467 0 NA NA NA NA NA NA 154 727 0 NA NA NA NA NA NA 105 4182 196 NA NA NA NA NA NA 115 1769 277 NA NA NA NA NA 
1764457200.0 4.67 NA 118 469 0 NA NA NA NA NA NA 172 703 0 NA NA NA NA NA NA 161 3697 188 NA NA NA NA NA NA 201 1780 240 NA NA NA NA NA 
1764457200.0 4.68 NA 107 460 0 NA NA NA NA NA NA 170 679 0 NA NA NA NA NA NA 107 2348 154 NA NA NA NA NA NA 217 1140 195 NA NA NA NA NA 
1764457200.0 4.71 NA 90 452 0 NA NA NA NA NA NA 151 693 0 NA NA NA NA NA NA 91 1938 157 NA NA NA NA NA NA 187 1066 201 NA NA NA NA NA 
1764457200.0 4.72 NA 90 452 0 NA NA NA NA NA NA 152 700 0 NA NA NA NA NA NA 92 2288 152 NA NA NA NA NA NA 216 1137 187 NA NA NA NA NA 
1764457200.0 4.73 NA 92 459 0 NA NA NA NA NA NA 159 703 0 NA NA NA NA NA NA 104 3039 220 NA NA NA NA NA NA 140 1560 270 NA NA NA NA NA 
1764457200.0 4.74 NA 89 457 0 NA NA NA NA NA NA 153 713 0 NA NA NA NA NA NA 87 2277 153 NA NA NA NA NA NA 155 1136 187 NA NA NA NA NA 
1764457200.0 4.75 NA 89 460 0 NA NA NA NA NA NA 152 689 0 NA NA NA NA NA NA 105 3102 187 NA NA NA NA NA NA 233 1461 233 NA NA NA NA NA 
1764457200.0 4.76 NA 120 462 0 NA NA NA NA NA NA 173 705 0 NA NA NA NA NA NA 153 3606 189 NA NA NA NA NA NA 195 1661 285 NA NA NA NA NA 
1764457200.0 4.77 NA 118 466 0 NA NA NA NA NA NA 177 698 0 NA NA NA NA NA NA 143 3424 199 NA NA NA NA NA NA 264 1579 281 NA NA NA NA NA 
1764457200.0 4.78 NA 111 463 0 NA NA NA NA NA NA 169 709 0 NA NA NA NA NA NA 136 3271 172 NA NA NA NA NA NA 193 1545 201 NA NA NA NA NA 
1764457200.0 4000.0 NA 202 397 NA NA NA NA NA NA NA 285 523 NA NA NA NA NA NA NA 843 1828 NA NA NA NA NA NA NA 371 1181 NA NA NA NA NA NA 
1764457200.0 4001.0 NA 241 455 NA NA NA NA NA NA NA 332 575 NA NA NA NA NA NA NA 363 1028 NA NA NA NA NA NA NA 444 984 NA NA NA NA NA NA 
1764457200.0 4002.0 NA 200 382 NA NA NA NA NA NA NA 272 512 NA NA NA NA NA NA NA 694 1110 NA NA NA NA NA NA NA 336 943 NA NA NA NA NA NA 
1764457200.0 4003.0 NA 202 377 NA NA NA NA NA NA NA 275 502 NA NA NA NA NA NA NA 715 1212 NA NA NA NA NA NA NA 342 947 NA NA NA NA NA NA 
1764457200.0 4006.0 126 240 439 NA NA NA NA NA NA 208 329 560 NA NA NA NA NA NA 382 331 948 NA NA NA NA NA NA 458 354 993 NA NA NA NA NA NA 
1764457200.0 4007.0 120 0 0 NA NA NA NA NA NA 193 0 0 NA NA NA NA NA NA 361 77 662 NA NA NA NA NA NA 475 209 831 NA NA NA NA NA NA 
1764457200.0 4008.0 118 0 0 NA NA NA NA NA NA 194 0 0 NA NA NA NA NA NA 279 61 531 NA NA NA NA NA NA 320 195 867 NA NA NA NA NA NA 
1764457200.0 40234.0 129 346 500 0 NA NA NA NA NA 243 528 715 0 NA NA NA NA NA 3293 754 1159 247 NA NA NA NA NA 3425 926 1406 322 NA NA NA NA NA 
1764457200.0 40634.0 170 379 520 0 NA NA NA NA NA 248 483 688 0 NA NA NA NA NA 3016 725 1147 245 NA NA NA NA NA 2953 554 1381 307 NA NA NA NA NA 
1764457200.0 43.0 NA 198 391 0 NA NA NA NA NA NA 271 527 0 NA NA NA NA NA NA 760 1449 207 NA NA NA NA NA NA 343 922 245 NA NA NA NA NA 
1764457200.0 44.0 NA 197 388 0 NA NA NA NA NA NA 267 514 0 NA NA NA NA NA NA 748 1396 202 NA NA NA NA NA NA 343 998 244 NA NA NA NA NA 
1764457200.0 45.0 NA 201 382 0 NA NA NA NA NA NA 273 526 0 NA NA NA NA NA NA 913 1646 248 NA NA NA NA NA NA 413 1175 290 NA NA NA NA NA 
1764457200.0 5.1 397 0 NA NA NA NA NA NA NA 520 0 NA NA NA NA NA NA NA 477 107 NA NA NA NA NA NA NA 921 130 NA NA NA NA NA NA NA 
1764457200.0 5.2 309 0 NA NA NA NA NA NA NA 402 0 NA NA NA NA NA NA NA 378 101 NA NA NA NA NA NA NA 520 129 NA NA NA NA NA NA NA 
1764457200.0 5.3 313 0 NA NA NA NA NA NA NA 409 0 NA NA NA NA NA NA NA 396 102 NA NA NA NA NA NA NA 531 137 NA NA NA NA NA NA NA 
1764457200.0 5.4 356 0 NA NA NA NA NA NA NA 524 0 NA NA NA NA NA NA NA 428 107 NA NA NA NA NA NA NA 587 138 NA NA NA NA NA NA NA 
1764457200.0 5.5 359 0 NA NA NA NA NA NA NA 529 0 NA NA NA NA NA NA NA 410 107 NA NA NA NA NA NA NA 731 142 NA NA NA NA NA NA NA 
1764457200.0 5.6 404 0 NA NA NA NA NA NA NA 534 0 NA NA NA NA NA NA NA 440 109 NA NA NA NA NA NA NA 717 143 NA NA NA NA NA NA NA 
1764457200.0 5.7 397 0 NA NA NA NA NA NA NA 522 0 NA NA NA NA NA NA NA 436 107 NA NA NA NA NA NA NA 957 143 NA NA NA NA NA NA NA 
1764457200.0 500199.0 255 NA NA NA NA NA NA NA NA 423 NA NA NA NA NA NA NA NA 635 NA NA NA NA NA NA NA NA 676 NA NA NA NA NA NA NA NA 
1764457200.0 500200.0 NA 293 419 0 NA NA NA NA NA NA 405 567 0 NA NA NA NA NA NA 1833 1307 242 NA NA NA NA NA NA 807 1118 275 NA NA NA NA NA 
1764457200.0 500200.1 159 271 328 NA NA NA NA NA NA 252 381 429 NA NA NA NA NA NA 1093 327 1011 NA NA NA NA NA NA 625 410 947 NA NA NA NA NA NA 
1764457200.0 500202.0 NA 300 429 0 NA NA NA NA NA NA 421 572 0 NA NA NA NA NA NA 1772 1412 227 NA NA NA NA NA NA 813 1182 263 NA NA NA NA NA 
1764457200.0 500203.0 NA 295 430 0 NA NA NA NA NA NA 422 573 0 NA NA NA NA NA NA 1779 1190 227 NA NA NA NA NA NA 817 964 266 NA NA NA NA NA 
1764457200.0 500204.0 NA 289 408 0 NA NA NA NA NA NA 414 562 0 NA NA NA NA NA NA 1806 1231 225 NA NA NA NA NA NA 921 1037 288 NA NA NA NA NA 
1764457200.0 500205.0 NA 298 420 0 NA NA NA NA NA NA 417 570 0 NA NA NA NA NA NA 1886 1215 225 NA NA NA NA NA NA 918 1007 272 NA NA NA NA NA 
1764457200.0 500206.0 NA 295 419 0 NA NA NA NA NA NA 413 567 0 NA NA NA NA NA NA 1715 1282 233 NA NA NA NA NA NA 769 1224 280 NA NA NA NA NA 
1764457200.0 500207.0 NA 286 415 0 NA NA NA NA NA NA 394 531 0 NA NA NA NA NA NA 1376 1034 190 NA NA NA NA NA NA 756 876 229 NA NA NA NA NA 
1764457200.0 50200.0 NA 283 529 0 NA NA NA NA NA NA 425 702 0 NA NA NA NA NA NA 640 1332 221 NA NA NA NA NA NA 531 1327 249 NA NA NA NA NA 
1764457200.0 50202.0 NA 293 535 0 NA NA NA NA NA NA 411 724 0 NA NA NA NA NA NA 630 1555 225 NA NA NA NA NA NA 522 1379 264 NA NA NA NA NA 
1764457200.0 50203.0 NA 299 529 0 NA NA NA NA NA NA 427 725 0 NA NA NA NA NA NA 632 1410 229 NA NA NA NA NA NA 572 1159 283 NA NA NA NA NA 
1764457200.0 50204.0 NA 282 513 0 NA NA NA NA NA NA 409 713 0 NA NA NA NA NA NA 575 1420 254 NA NA NA NA NA NA 488 1273 320 NA NA NA NA NA 
1764457200.0 50205.0 NA 288 538 0 NA NA NA NA NA NA 419 731 0 NA NA NA NA NA NA 655 1503 250 NA NA NA NA NA NA 528 1335 303 NA NA NA NA NA 
1764457200.0 50206.0 NA 312 508 0 NA NA NA NA NA NA 406 707 0 NA NA NA NA NA NA 662 1564 248 NA NA NA NA NA NA 520 1263 287 NA NA NA NA NA 
1764457200.0 50207.0 NA 301 517 0 NA NA NA NA NA NA 399 671 0 NA NA NA NA NA NA 598 1342 216 NA NA NA NA NA NA 589 1248 248 NA NA NA NA NA 
1764457200.0 50208.0 NA 311 541 0 NA NA NA NA NA NA 412 752 0 NA NA NA NA NA NA 652 1647 244 NA NA NA NA NA NA 601 1285 304 NA NA NA NA NA 
1764457200.0 503.0 86 0 NA NA NA NA NA NA NA 116 0 NA NA NA NA NA NA NA 1273 73 NA NA NA NA NA NA NA 731 99 NA NA NA NA NA NA NA 
1764457200.0 504.0 87 0 NA NA NA NA NA NA NA 119 0 NA NA NA NA NA NA NA 105 72 NA NA NA NA NA NA NA 160 97 NA NA NA NA NA NA NA 
1764457200.0 505.0 85 0 NA NA NA NA NA NA NA 120 0 NA NA NA NA NA NA NA 101 72 NA NA NA NA NA NA NA 177 100 NA NA NA NA NA NA NA 
1764457200.0 506.0 87 0 NA NA NA NA NA NA NA 119 0 NA NA NA NA NA NA NA 101 72 NA NA NA NA NA NA NA 121 101 NA NA NA NA NA NA NA 
1764457200.0 507.0 79 0 NA NA NA NA NA NA NA 111 0 NA NA NA NA NA NA NA 610 73 NA NA NA NA NA NA NA 434 104 NA NA NA NA NA NA NA 
1764457200.0 508.0 79 0 NA NA NA NA NA NA NA 111 0 NA NA NA NA NA NA NA 99 72 NA NA NA NA NA NA NA 228 101 NA NA NA NA NA NA NA 
1764457200.0 509.0 79 0 NA NA NA NA NA NA NA 110 0 NA NA NA NA NA NA NA 96 73 NA NA NA NA NA NA NA 119 104 NA NA NA NA NA NA NA 
1764457200.0 510.0 85 0 NA NA NA NA NA NA NA 118 0 NA NA NA NA NA NA NA 1271 73 NA NA NA NA NA NA NA 734 101 NA NA NA NA NA NA NA 
1764457200.0 511.0 78 0 NA NA NA NA NA NA NA 120 0 NA NA NA NA NA NA NA 2509 74 NA NA NA NA NA NA NA 6095 168 NA NA NA NA NA NA NA 
1764457200.0 512.0 30 90 0 NA NA NA NA NA NA 102 119 0 NA NA NA NA NA NA 3629 125 78 NA NA NA NA NA NA 3590 135 110 NA NA NA NA NA NA 
1764457200.0 513.0 62 90 0 NA NA NA NA NA NA 102 125 0 NA NA NA NA NA NA 870 114 73 NA NA NA NA NA NA 365 144 100 NA NA NA NA NA NA 
1764457200.0 514.0 62 90 0 NA NA NA NA NA NA 102 124 0 NA NA NA NA NA NA 471 104 74 NA NA NA NA NA NA 211 122 103 NA NA NA NA NA NA 
1764457200.0 515.0 30 84 0 NA NA NA NA NA NA 102 115 0 NA NA NA NA NA NA 5710 138 93 NA NA NA NA NA NA 4982 155 138 NA NA NA NA NA NA 
1764457200.0 516.0 30 89 0 NA NA NA NA NA NA 102 119 0 NA NA NA NA NA NA 4324 134 104 NA NA NA NA NA NA 3456 150 145 NA NA NA NA NA NA 
1764457200.0 517.0 61 89 0 NA NA NA NA NA NA 102 127 0 NA NA NA NA NA NA 497 103 74 NA NA NA NA NA NA 240 127 105 NA NA NA NA NA NA 
1764457200.0 518.0 30 89 0 NA NA NA NA NA NA 102 120 0 NA NA NA NA NA NA 3708 106 75 NA NA NA NA NA NA 3598 143 102 NA NA NA NA NA NA 
1764457200.0 519.0 30 84 0 NA NA NA NA NA NA 102 113 0 NA NA NA NA NA NA 3769 104 80 NA NA NA NA NA NA 3730 123 116 NA NA NA NA NA NA 
1764457200.0 520.0 61 89 0 NA NA NA NA NA NA 99 124 0 NA NA NA NA NA NA 494 104 72 NA NA NA NA NA NA 229 126 102 NA NA NA NA NA NA 
1764457200.0 521.0 30 82 0 NA NA NA NA NA NA 102 114 0 NA NA NA NA NA NA 4361 88 77 NA NA NA NA NA NA 4940 124 109 NA NA NA NA NA NA 
1764457200.0 522.0 62 83 0 NA NA NA NA NA NA 100 115 0 NA NA NA NA NA NA 883 86 73 NA NA NA NA NA NA 360 145 101 NA NA NA NA NA NA 
1764457200.0 523.0 62 86 0 NA NA NA NA NA NA 102 118 0 NA NA NA NA NA NA 1159 91 72 NA NA NA NA NA NA 487 174 101 NA NA NA NA NA NA 
1764457200.0 524.0 61 83 0 NA NA NA NA NA NA 102 118 0 NA NA NA NA NA NA 501 84 75 NA NA NA NA NA NA 229 115 106 NA NA NA NA NA NA 
1764457200.0 525.0 30 83 0 NA NA NA NA NA NA 102 114 0 NA NA NA NA NA NA 3812 90 71 NA NA NA NA NA NA 3283 130 92 NA NA NA NA NA NA 
1764457200.0 526.0 30 83 0 NA NA NA NA NA NA 102 113 0 NA NA NA NA NA NA 3357 81 73 NA NA NA NA NA NA 3676 111 106 NA NA NA NA NA NA 
1764457200.0 527.0 61 83 0 NA NA NA NA NA NA 102 120 0 NA NA NA NA NA NA 494 88 74 NA NA NA NA NA NA 237 148 104 NA NA NA NA NA NA 
1764457200.0 528.0 30 82 0 NA NA NA NA NA NA 102 112 0 NA NA NA NA NA NA 3795 88 78 NA NA NA NA NA NA 2981 175 108 NA NA NA NA NA NA 
1764457200.0 529.0 30 83 0 NA NA NA NA NA NA 101 113 0 NA NA NA NA NA NA 3644 91 78 NA NA NA NA NA NA 3509 121 108 NA NA NA NA NA NA 
1764457200.0 530.0 61 83 0 NA NA NA NA NA NA 102 119 0 NA NA NA NA NA NA 501 88 73 NA NA NA NA NA NA 271 147 102 NA NA NA NA NA NA 
1764457200.0 531.0 106 0 NA NA NA NA NA NA NA 220 0 NA NA NA NA NA NA NA 79 71 NA NA NA NA NA NA NA 111 98 NA NA NA NA NA NA NA 
1764457200.0 534.0 194 0 NA NA NA NA NA NA NA 288 0 NA NA NA NA NA NA NA 647 80 NA NA NA NA NA NA NA 1149 115 NA NA NA NA NA NA NA 
1764457200.0 535.0 95 0 NA NA NA NA NA NA NA 137 0 NA NA NA NA NA NA NA 602 73 NA NA NA NA NA NA NA 449 102 NA NA NA NA NA NA NA 
1764457200.0 536.0 92 0 NA NA NA NA NA NA NA 131 0 NA NA NA NA NA NA NA 117 72 NA NA NA NA NA NA NA 237 97 NA NA NA NA NA NA NA 
1764457200.0 537.0 93 0 NA NA NA NA NA NA NA 136 0 NA NA NA NA NA NA NA 1858 74 NA NA NA NA NA NA NA 799 102 NA NA NA NA NA NA NA 
1764457200.0 538.0 62 0 NA NA NA NA NA NA NA 135 0 NA NA NA NA NA NA NA 4421 81 NA NA NA NA NA NA NA 6924 129 NA NA NA NA NA NA NA 
1764457200.0 539.0 82 0 NA NA NA NA NA NA NA 130 0 NA NA NA NA NA NA NA 10172 74 NA NA NA NA NA NA NA 23445 103 NA NA NA NA NA NA NA 
1764457200.0 541.0 82 0 NA NA NA NA NA NA NA 115 0 NA NA NA NA NA NA NA 88 71 NA NA NA NA NA NA NA 125 97 NA NA NA NA NA NA NA 
1764457200.0 545.0 82 0 NA NA NA NA NA NA NA 115 0 NA NA NA NA NA NA NA 96 72 NA NA NA NA NA NA NA 128 97 NA NA NA NA NA NA NA 
1764457200.0 546.0 86 100 NA NA NA NA NA NA NA 119 166 NA NA NA NA NA NA NA 103 128 NA NA NA NA NA NA NA 212 167 NA NA NA NA NA NA NA 
1764457200.0 547.0 30 89 98 NA NA NA NA NA NA 102 120 165 NA NA NA NA NA NA 3392 123 119 NA NA NA NA NA NA 3591 145 160 NA NA NA NA NA NA 
1764457200.0 548.0 62 90 99 NA NA NA NA NA NA 102 129 171 NA NA NA NA NA NA 469 116 124 NA NA NA NA NA NA 266 145 154 NA NA NA NA NA NA 
1764457200.0 551.0 62 90 0 NA NA NA NA NA NA 102 120 0 NA NA NA NA NA NA 1154 130 76 NA NA NA NA NA NA 479 155 108 NA NA NA NA NA NA 
1764457200.0 552.0 61 89 0 NA NA NA NA NA NA 102 124 0 NA NA NA NA NA NA 496 103 72 NA NA NA NA NA NA 233 123 97 NA NA NA NA NA NA 
1764457200.0 554.0 28 89 0 NA NA NA NA NA NA 98 124 0 NA NA NA NA NA NA 2277 103 74 NA NA NA NA NA NA 678 127 108 NA NA NA NA NA NA 
1764457200.0 555.0 62 89 0 NA NA NA NA NA NA 102 125 0 NA NA NA NA NA NA 1683 102 73 NA NA NA NA NA NA 561 152 103 NA NA NA NA NA NA 
1764457200.0 556.0 61 91 0 NA NA NA NA NA NA 102 127 0 NA NA NA NA NA NA 466 139 74 NA NA NA NA NA NA 233 136 104 NA NA NA NA NA NA 
1764457200.0 560.0 88 0 NA NA NA NA NA NA NA 121 0 NA NA NA NA NA NA NA 100 73 NA NA NA NA NA NA NA 113 100 NA NA NA NA NA NA NA 
1764457200.0 561.0 88 0 NA NA NA NA NA NA NA 118 0 NA NA NA NA NA NA NA 104 71 NA NA NA NA NA NA NA 145 96 NA NA NA NA NA NA NA 
1764457200.0 562.0 62 86 0 NA NA NA NA NA NA 102 121 0 NA NA NA NA NA NA 482 101 74 NA NA NA NA NA NA 267 127 105 NA NA NA NA NA NA 
1764457200.0 570.0 77 0 NA NA NA NA NA NA NA 107 0 NA NA NA NA NA NA NA 152 73 NA NA NA NA NA NA NA 165 101 NA NA NA NA NA NA NA 
1764457200.0 571.0 76 0 NA NA NA NA NA NA NA 103 0 NA NA NA NA NA NA NA 171 71 NA NA NA NA NA NA NA 181 94 NA NA NA NA NA NA NA 
1764457200.0 572.0 76 0 NA NA NA NA NA NA NA 103 0 NA NA NA NA NA NA NA 133 74 NA NA NA NA NA NA NA 156 103 NA NA NA NA NA NA NA 
1764457200.0 573.0 77 0 NA NA NA NA NA NA NA 108 0 NA NA NA NA NA NA NA 290 73 NA NA NA NA NA NA NA 241 100 NA NA NA NA NA NA NA 
1764457200.0 574.0 78 0 NA NA NA NA NA NA NA 105 0 NA NA NA NA NA NA NA 351 73 NA NA NA NA NA NA NA 216 104 NA NA NA NA NA NA NA 
1764457200.0 575.0 76 0 NA NA NA NA NA NA NA 103 0 NA NA NA NA NA NA NA 214 72 NA NA NA NA NA NA NA 216 99 NA NA NA NA NA NA NA 
1764457200.0 576.0 77 0 NA NA NA NA NA NA NA 107 0 NA NA NA NA NA NA NA 116 73 NA NA NA NA NA NA NA 143 99 NA NA NA NA NA NA NA 
1764457200.0 577.0 76 0 NA NA NA NA NA NA NA 102 0 NA NA NA NA NA NA NA 112 71 NA NA NA NA NA NA NA 172 93 NA NA NA NA NA NA NA 
1764457200.0 6.0 NA 170 345 0 NA NA NA NA NA NA 238 482 0 NA NA NA NA NA NA 627 779 176 NA NA NA NA NA NA 317 714 220 NA NA NA NA NA 
1764457200.0 7.0 110 140 184 100 0 NA NA NA NA 191 211 290 155 0 NA NA NA NA 300 115 219 92 98 NA NA NA NA 361 179 321 148 129 NA NA NA NA 
1764457200.0 7.1 117 148 186 112 0 NA NA NA NA 190 209 284 165 0 NA NA NA NA 550 117 234 119 101 NA NA NA NA 608 169 276 169 133 NA NA NA NA 
1764457200.0 7.2 122 230 275 115 0 NA NA NA NA 191 354 459 174 0 NA NA NA NA 374 447 392 161 150 NA NA NA NA 377 326 455 227 197 NA NA NA NA 
1764457200.0 7.21 87 237 278 115 0 NA NA NA NA 191 366 462 170 0 NA NA NA NA 329 414 309 129 126 NA NA NA NA 541 318 342 182 164 NA NA NA NA 
1764457200.0 7.22 120 177 232 115 0 NA NA NA NA 190 311 350 175 0 NA NA NA NA 326 173 247 135 108 NA NA NA NA 360 176 289 220 142 NA NA NA NA 
1764457200.0 7.23 129 192 273 120 0 NA NA NA NA 199 288 426 185 0 NA NA NA NA 541 180 328 131 132 NA NA NA NA 694 208 447 202 175 NA NA NA NA 
1764457200.0 7.24 122 197 270 108 0 NA NA NA NA 194 289 427 162 0 NA NA NA NA 504 186 276 106 128 NA NA NA NA 484 128 312 163 159 NA NA NA NA 
1764457200.0 7.3 119 215 267 115 0 NA NA NA NA 189 309 452 173 0 NA NA NA NA 551 247 308 135 121 NA NA NA NA 677 267 381 215 145 NA NA NA NA 
1764457200.0 7.4 122 229 276 114 0 NA NA NA NA 191 351 450 168 0 NA NA NA NA 325 385 319 129 127 NA NA NA NA 411 322 375 187 162 NA NA NA NA 
1764457200.0 8.0 NA 164 192 97 0 NA NA NA NA NA 237 291 147 0 NA NA NA NA NA 592 279 83 98 NA NA NA NA NA 328 331 109 132 NA NA NA NA 
1764457200.0 8.1 121 259 288 96 0 NA NA NA NA 190 432 473 151 0 NA NA NA NA 279 661 307 84 118 NA NA NA NA 340 357 437 120 148 NA NA NA NA 
1764457200.0 8.2 132 223 284 95 0 NA NA NA NA 211 325 452 150 0 NA NA NA NA 588 349 340 111 157 NA NA NA NA 904 303 420 185 190 NA NA NA NA 
1764457200.0 9.0 NA 199 397 0 NA NA NA NA NA NA 289 526 0 NA NA NA NA NA NA 833 1684 203 NA NA NA NA NA NA 405 999 238 NA NA NA NA NA 
