Timestamp WorkflowId PeakValueRss1 PeakValueRss2 PeakValueRss3 PeakValueRss4 PeakValueRss5 PeakValueRss6 PeakValueRss7 PeakValueRss8 PeakValueRss9 PeakValueVsize1 PeakValueVsize2 PeakValueVsize3 PeakValueVsize4 PeakValueVsize5 PeakValueVsize6 PeakValueVsize7 PeakValueVsize8 PeakValueVsize9 TotalJobCPU1 TotalJobCPU2 TotalJobCPU3 TotalJobCPU4 TotalJobCPU5 TotalJobCPU6 TotalJobCPU7 TotalJobCPU8 TotalJobCPU9 TotalJobTime1 TotalJobTime2 TotalJobTime3 TotalJobTime4 TotalJobTime5 TotalJobTime6 TotalJobTime7 TotalJobTime8 TotalJobTime9
1550181600.0 1.0 93 103 219 NA NA NA NA NA NA 205 587 445 NA NA NA NA NA NA 1959 546 1320 NA NA NA NA NA NA 2063 907 2219 NA NA NA NA NA NA
1550181600.0 10.0 NA 137 301 0 NA NA NA NA NA NA 596 495 0 NA NA NA NA NA NA 2827 4067 1204 NA NA NA NA NA NA 1148 2621 1269 NA NA NA NA NA
1550181600.0 1000.0 NA 298 185 0 44 NA NA NA NA NA 518 291 0 100 NA NA NA NA NA 3448 1651 1045 411 NA NA NA NA NA 3124 1447 1351 905 NA NA NA NA
1550181600.0 10002.0 NA 159 358 0 66 NA NA NA NA NA 567 605 0 124 NA NA NA NA NA 991 2233 1469 347 NA NA NA NA NA 1905 3409 1662 947 NA NA NA NA
1550181600.0 10004.0 NA 160 365 0 73 NA NA NA NA NA 613 676 0 124 NA NA NA NA NA 680 1788 1247 295 NA NA NA NA NA 905 3335 1387 421 NA NA NA NA
1550181600.0 10007.0 NA 159 365 0 67 NA NA NA NA NA 567 595 0 125 NA NA NA NA NA 1240 2104 1267 282 NA NA NA NA NA 1620 3693 1527 527 NA NA NA NA
1550181600.0 10008.0 NA 163 349 0 73 NA NA NA NA NA 612 533 0 120 NA NA NA NA NA 879 2237 1440 363 NA NA NA NA NA 1440 3190 1550 516 NA NA NA NA
1550181600.0 1001.0 NA 266 108 0 0 0 0 0 0 NA 510 178 0 0 0 0 0 0 NA 3458 979 203 143 161 637 129 849 NA 6385 2238 661 428 309 811 334 1237
1550181600.0 1001.2 NA 366 125 0 NA NA NA NA NA NA 648 204 0 NA NA NA NA NA NA 15688 1975 128 NA NA NA NA NA NA 8439 1838 286 NA NA NA NA NA
1550181600.0 1002.0 NA 311 83 NA NA NA NA NA NA NA 588 133 NA NA NA NA NA NA NA 3797 617 NA NA NA NA NA NA NA 3226 482 NA NA NA NA NA NA
1550181600.0 10023.0 NA 161 348 0 74 NA NA NA NA NA 611 625 0 121 NA NA NA NA NA 665 1721 1243 287 NA NA NA NA NA 896 2362 1336 552 NA NA NA NA
1550181600.0 10024.0 NA 168 372 0 72 NA NA NA NA NA 614 605 0 127 NA NA NA NA NA 953 2400 1588 355 NA NA NA NA NA 1658 2875 1718 533 NA NA NA NA
1550181600.0 10024.1 NA 167 180 0 NA NA NA NA NA NA 613 332 0 NA NA NA NA NA NA 965 1015 843 NA NA NA NA NA NA 920 1505 942 NA NA NA NA NA
1550181600.0 10024.2 NA 171 386 0 NA NA NA NA NA NA 611 594 0 NA NA NA NA NA NA 886 2404 1520 NA NA NA NA NA NA 2000 3660 2128 NA NA NA NA NA
1550181600.0 10024.3 NA 180 178 0 NA NA NA NA NA NA 614 340 0 NA NA NA NA NA NA 946 1277 714 NA NA NA NA NA NA 1102 3402 1049 NA NA NA NA NA
1550181600.0 10024.4 NA 175 369 0 NA NA NA NA NA NA 615 605 0 NA NA NA NA NA NA 785 2026 1311 NA NA NA NA NA NA 1099 1822 1402 NA NA NA NA NA
1550181600.0 10024.5 NA 172 148 0 NA NA NA NA NA NA 614 226 0 NA NA NA NA NA NA 1078 547 168 NA NA NA NA NA NA 1077 824 254 NA NA NA NA NA
1550181600.0 10025.0 NA 173 372 0 67 NA NA NA NA NA 612 613 0 121 NA NA NA NA NA 833 2426 1665 650 NA NA NA NA NA 2044 3280 2082 975 NA NA NA NA
1550181600.0 1003.0 NA 262 0 NA NA NA NA NA NA NA 486 0 NA NA NA NA NA NA NA 3511 860 NA NA NA NA NA NA NA 2598 1083 NA NA NA NA NA NA
1550181600.0 1004.0 NA 218 92 0 0 0 0 NA NA NA 333 159 0 0 0 0 NA NA NA 1131 437 85 198 757 752 NA NA NA 2335 944 163 399 953 885 NA NA
1550181600.0 10042.0 NA 169 367 0 72 NA NA NA NA NA 613 555 0 123 NA NA NA NA NA 721 1841 1366 282 NA NA NA NA NA 877 2434 1672 447 NA NA NA NA
1550181600.0 10071.0 NA 178 382 0 68 NA NA NA NA NA 612 615 0 124 NA NA NA NA NA 1191 2539 1589 432 NA NA NA NA NA 2436 3467 1949 1214 NA NA NA NA
1550181600.0 101.0 92 NA NA NA NA NA NA NA NA 164 NA NA NA NA NA NA NA NA 877 NA NA NA NA NA NA NA NA 1953 NA NA NA NA NA NA NA NA
1550181600.0 1010.0 NA 31 37 0 NA NA NA NA NA NA 79 96 0 NA NA NA NA NA NA 112 278 208 NA NA NA NA NA NA 775 368 423 NA NA NA NA NA
1550181600.0 102.0 89 NA NA NA NA NA NA NA NA 164 NA NA NA NA NA NA NA NA 773 NA NA NA NA NA NA NA NA 1154 NA NA NA NA NA NA NA NA
1550181600.0 1020.0 NA 72 23 0 64 NA NA NA NA NA 139 69 0 137 NA NA NA NA NA 398 115 79 394 NA NA NA NA NA 609 466 289 812 NA NA NA NA
1550181600.0 10224.0 NA 339 586 0 NA NA NA NA NA NA 628 889 0 NA NA NA NA NA NA 4366 6029 1564 NA NA NA NA NA NA 3401 4764 1642 NA NA NA NA NA
1550181600.0 10225.0 NA 345 530 0 NA NA NA NA NA NA 630 852 0 NA NA NA NA NA NA 4636 5004 1536 NA NA NA NA NA NA 4126 4265 1605 NA NA NA NA NA
1550181600.0 103.0 44 0 0 NA NA NA NA NA NA 102 0 0 NA NA NA NA NA NA 714 228 1351 NA NA NA NA NA NA 986 323 1764 NA NA NA NA NA NA
1550181600.0 1030.0 NA 177 41 0 0 NA NA NA NA NA 389 93 0 0 NA NA NA NA NA 8491 287 76 113 NA NA NA NA NA 4434 399 546 526 NA NA NA NA
1550181600.0 1040.0 NA 342 30 0 NA NA NA NA NA NA 662 72 0 NA NA NA NA NA NA 12964 129 119 NA NA NA NA NA NA 5561 187 207 NA NA NA NA NA
1550181600.0 1040.1 NA 68 27 0 NA NA NA NA NA NA 122 72 0 NA NA NA NA NA NA 403 121 116 NA NA NA NA NA NA 637 244 233 NA NA NA NA NA
1550181600.0 10424.0 NA 174 372 0 NA NA NA NA NA NA 612 605 0 NA NA NA NA NA NA 736 2050 1377 NA NA NA NA NA NA 901 1953 1580 NA NA NA NA NA
1550181600.0 105.0 84 116 29 NA NA NA NA NA NA 206 587 69 NA NA NA NA NA NA 1239 565 114 NA NA NA NA NA NA 1649 487 153 NA NA NA NA NA NA
1550181600.0 106.0 44 0 0 NA NA NA NA NA NA 104 0 0 NA NA NA NA NA NA 536 421 1687 NA NA NA NA NA NA 1405 607 2343 NA NA NA NA NA NA
1550181600.0 107.0 92 112 293 NA NA NA NA NA NA 202 589 560 NA NA NA NA NA NA 2166 635 1705 NA NA NA NA NA NA 1847 2053 1932 NA NA NA NA NA NA
1550181600.0 108.0 86 111 282 NA NA NA NA NA NA 208 587 558 NA NA NA NA NA NA 3494 733 2305 NA NA NA NA NA NA 1765 592 2574 NA NA NA NA NA NA
1550181600.0 10801.0 NA 265 390 0 76 171 NA NA NA NA 673 645 0 133 247 NA NA NA NA 2221 2503 2442 503 982 NA NA NA NA 3027 2636 2617 782 1118 NA NA NA
1550181600.0 10802.0 NA 257 390 0 77 161 NA NA NA NA 688 585 0 142 252 NA NA NA NA 2075 2300 2318 595 984 NA NA NA NA 4319 2938 2484 986 1115 NA NA NA
1550181600.0 10803.0 NA 264 386 0 80 164 NA NA NA NA 674 656 0 134 260 NA NA NA NA 2005 2443 2287 496 937 NA NA NA NA 3073 2703 2436 628 1092 NA NA NA
1550181600.0 10804.0 NA 254 384 0 74 160 NA NA NA NA 722 606 0 137 231 NA NA NA NA 2307 2298 2466 655 929 NA NA NA NA 2459 2482 2580 687 1063 NA NA NA
1550181600.0 10805.0 NA 261 382 0 78 168 NA NA NA NA 674 629 0 134 259 NA NA NA NA 2218 2598 2333 497 1000 NA NA NA NA 3105 3537 2453 742 1270 NA NA NA
1550181600.0 10806.0 NA 255 383 0 78 138 NA NA NA NA 676 676 0 139 203 NA NA NA NA 2141 2534 2429 624 1020 NA NA NA NA 3022 3557 2560 689 1279 NA NA NA
1550181600.0 10807.0 NA 257 392 0 87 153 NA NA NA NA 651 625 0 144 243 NA NA NA NA 2240 2612 2431 529 1057 NA NA NA NA 2698 2845 2631 700 1890 NA NA NA
1550181600.0 10808.0 NA 261 390 0 82 157 NA NA NA NA 722 660 0 142 246 NA NA NA NA 1959 2444 2301 521 913 NA NA NA NA 2610 3001 2458 936 1163 NA NA NA
1550181600.0 10809.0 NA 302 384 0 82 163 NA NA NA NA 682 593 0 155 262 NA NA NA NA 2375 2733 2799 981 1118 NA NA NA NA 4450 4317 3213 2199 2071 NA NA NA
1550181600.0 10823.0 NA 256 392 0 80 149 NA NA NA NA 631 585 0 136 215 NA NA NA NA 2429 2367 2441 555 835 NA NA NA NA 4129 2201 2534 628 936 NA NA NA
1550181600.0 10824.0 NA 279 399 0 94 152 NA NA NA NA 655 626 0 147 258 NA NA NA NA 2414 3149 2591 564 1183 NA NA NA NA 3478 3325 2760 860 1871 NA NA NA
1550181600.0 10824.1 NA 277 203 0 NA NA NA NA NA NA 692 372 0 NA NA NA NA NA NA 2042 973 708 NA NA NA NA NA NA 3333 1521 1024 NA NA NA NA NA
1550181600.0 10824.5 NA 315 161 0 NA NA NA NA NA NA 649 252 0 NA NA NA NA NA NA 2788 1078 212 NA NA NA NA NA NA 3770 3253 531 NA NA NA NA NA
1550181600.0 10824.6 NA 291 411 0 88 177 NA NA NA NA 699 630 0 153 259 NA NA NA NA 2149 2726 2464 608 948 NA NA NA NA 3517 2711 3210 779 1073 NA NA NA
1550181600.0 10824.7 NA 282 411 0 86 166 NA NA NA NA 684 628 0 145 263 NA NA NA NA 2458 2950 2633 612 1030 NA NA NA NA 3167 2944 2765 755 1112 NA NA NA
1550181600.0 10825.0 NA 299 393 0 82 165 NA NA NA NA 692 595 0 137 247 NA NA NA NA 1984 2542 2463 496 958 NA NA NA NA 3523 4585 2951 620 1231 NA NA NA
1550181600.0 10842.0 NA 271 397 0 84 165 NA NA NA NA 649 603 0 146 260 NA NA NA NA 2919 2781 2891 822 1029 NA NA NA NA 4011 4163 3321 2024 1544 NA NA NA
1550181600.0 10842.7 NA 274 407 0 91 169 NA NA NA NA 689 676 0 150 254 NA NA NA NA 2368 2534 2676 601 967 NA NA NA NA 2259 2353 2801 721 1095 NA NA NA
1550181600.0 10859.0 NA 294 412 0 86 171 NA NA NA NA 612 647 0 155 251 NA NA NA NA 2262 3337 2489 522 938 NA NA NA NA 3729 3249 2651 771 1032 NA NA NA
1550181600.0 10871.0 NA 267 391 0 81 160 NA NA NA NA 655 594 0 140 261 NA NA NA NA 2088 2436 2448 478 977 NA NA NA NA 3265 3102 2700 762 1121 NA NA NA
1550181600.0 109.0 94 116 295 NA NA NA NA NA NA 201 543 513 NA NA NA NA NA NA 3163 673 2320 NA NA NA NA NA NA 1845 1802 2494 NA NA NA NA NA NA
1550181600.0 11.0 NA 124 291 0 66 NA NA NA NA NA 597 519 0 114 NA NA NA NA NA 2207 2187 1169 260 NA NA NA NA NA 895 2111 1262 378 NA NA NA NA
1550181600.0 110.0 64 105 287 NA NA NA NA NA NA 135 587 481 NA NA NA NA NA NA 1391 523 2037 NA NA NA NA NA NA 2664 592 3332 NA NA NA NA NA NA
1550181600.0 1102.0 NA 139 322 175 123 NA NA NA NA NA 560 536 449 175 NA NA NA NA NA 2842 5359 3341 552 NA NA NA NA NA 2358 3452 1857 618 NA NA NA NA
1550181600.0 11024.0 NA 518 789 0 166 NA NA NA NA NA 800 1094 0 261 NA NA NA NA NA 8048 8208 2850 1007 NA NA NA NA NA 5499 5935 2948 1178 NA NA NA NA
1550181600.0 11024.2 NA 505 719 0 181 NA NA NA NA NA 783 1044 0 262 NA NA NA NA NA 8493 8572 2878 1003 NA NA NA NA NA 5394 5886 3015 1132 NA NA NA NA
1550181600.0 11024.3 NA 527 675 0 171 NA NA NA NA NA 801 1083 0 262 NA NA NA NA NA 7973 7972 2841 887 NA NA NA NA NA 5581 5791 2984 1022 NA NA NA NA
1550181600.0 11024.6 NA 517 668 0 167 NA NA NA NA NA 805 1051 0 261 NA NA NA NA NA 8159 8702 2777 1024 NA NA NA NA NA 5341 5632 2919 1143 NA NA NA NA
1550181600.0 11025.0 NA 518 718 0 159 NA NA NA NA NA 800 1050 0 256 NA NA NA NA NA 8207 8059 2673 1193 NA NA NA NA NA 5387 5611 2809 1662 NA NA NA NA
1550181600.0 111.0 92 116 285 NA NA NA NA NA NA 197 588 538 NA NA NA NA NA NA 1091 454 1586 NA NA NA NA NA NA 923 385 2157 NA NA NA NA NA NA
1550181600.0 112.0 91 111 286 NA NA NA NA NA NA 211 544 565 NA NA NA NA NA NA 2483 1384 1876 NA NA NA NA NA NA 1527 1849 2644 NA NA NA NA NA NA
1550181600.0 11224.0 NA 274 404 0 NA NA NA NA NA NA 680 615 0 NA NA NA NA NA NA 2101 2697 2613 NA NA NA NA NA NA 3586 2742 2940 NA NA NA NA NA
1550181600.0 11224.6 NA 274 410 0 NA NA NA NA NA NA 693 625 0 NA NA NA NA NA NA 1988 2381 2370 NA NA NA NA NA NA 2533 4362 2668 NA NA NA NA NA
1550181600.0 113.0 87 117 288 NA NA NA NA NA NA 211 588 513 NA NA NA NA NA NA 2217 470 1649 NA NA NA NA NA NA 1174 369 2281 NA NA NA NA NA NA
1550181600.0 114.0 103 118 280 NA NA NA NA NA NA 205 541 505 NA NA NA NA NA NA 2071 967 2110 NA NA NA NA NA NA 921 1593 3205 NA NA NA NA NA NA
1550181600.0 115.0 99 112 297 NA NA NA NA NA NA 216 586 534 NA NA NA NA NA NA 2796 672 1765 NA NA NA NA NA NA 2518 992 2074 NA NA NA NA NA NA
1550181600.0 116.0 88 124 282 NA NA NA NA NA NA 213 587 519 NA NA NA NA NA NA 2819 541 1756 NA NA NA NA NA NA 1444 487 1724 NA NA NA NA NA NA
1550181600.0 11623.0 65 171 350 0 75 NA NA NA NA 123 605 577 0 124 NA NA NA NA 1213 767 1774 1318 250 NA NA NA NA 970 1035 2617 1413 392 NA NA NA NA
1550181600.0 11624.0 69 180 365 0 78 NA NA NA NA 134 563 617 0 122 NA NA NA NA 2732 818 2076 1389 249 NA NA NA NA 2111 910 2821 1473 357 NA NA NA NA
1550181600.0 11625.0 67 178 362 0 67 NA NA NA NA 125 608 547 0 123 NA NA NA NA 2727 1000 2765 1346 416 NA NA NA NA 2561 1696 3047 1478 1158 NA NA NA NA
1550181600.0 11626.0 72 188 392 0 68 NA NA NA NA 140 606 595 0 121 NA NA NA NA 5416 905 2871 1423 833 NA NA NA NA 4226 1334 3773 1666 1530 NA NA NA NA
1550181600.0 11642.0 66 172 363 0 64 NA NA NA NA 124 608 624 0 123 NA NA NA NA 1846 914 2275 1493 353 NA NA NA NA 2174 1459 2968 1592 826 NA NA NA NA
1550181600.0 117.0 105 115 284 NA NA NA NA NA NA 207 587 574 NA NA NA NA NA NA 3474 596 2158 NA NA NA NA NA NA 1576 475 3774 NA NA NA NA NA NA
1550181600.0 118.0 92 113 294 NA NA NA NA NA NA 211 544 504 NA NA NA NA NA NA 3173 648 1841 NA NA NA NA NA NA 2118 505 2384 NA NA NA NA NA NA
1550181600.0 119.0 102 116 295 NA NA NA NA NA NA 206 545 554 NA NA NA NA NA NA 2621 1050 2025 NA NA NA NA NA NA 2503 1691 3113 NA NA NA NA NA NA
1550181600.0 12.0 NA 129 303 0 NA NA NA NA NA NA 551 596 0 NA NA NA NA NA NA 2447 4217 1176 NA NA NA NA NA NA 1232 2648 1414 NA NA NA NA NA
1550181600.0 120.0 64 105 283 NA NA NA NA NA NA 141 587 501 NA NA NA NA NA NA 771 576 2055 NA NA NA NA NA NA 3424 691 3993 NA NA NA NA NA NA
1550181600.0 12024.0 69 180 385 0 NA NA NA NA NA 133 606 597 0 NA NA NA NA NA 3158 1186 2532 1509 NA NA NA NA NA 2384 1162 4564 1758 NA NA NA NA NA
1550181600.0 121.0 88 113 288 NA NA NA NA NA NA 212 590 505 NA NA NA NA NA NA 3380 774 2175 NA NA NA NA NA NA 1383 655 2095 NA NA NA NA NA NA
1550181600.0 122.0 44 0 0 NA NA NA NA NA NA 101 0 0 NA NA NA NA NA NA 731 436 1746 NA NA NA NA NA NA 1069 546 3462 NA NA NA NA NA NA
1550181600.0 123.1 325 NA NA NA NA NA NA NA NA 775 NA NA NA NA NA NA NA NA 1508 NA NA NA NA NA NA NA NA 1439 NA NA NA NA NA NA NA NA
1550181600.0 123.2 308 NA NA NA NA NA NA NA NA 735 NA NA NA NA NA NA NA NA 1708 NA NA NA NA NA NA NA NA 1420 NA NA NA NA NA NA NA NA
1550181600.0 123.3 240 NA NA NA NA NA NA NA NA 734 NA NA NA NA NA NA NA NA 1289 NA NA NA NA NA NA NA NA 1358 NA NA NA NA NA NA NA NA
1550181600.0 124.1 298 NA NA NA NA NA NA NA NA 769 NA NA NA NA NA NA NA NA 1373 NA NA NA NA NA NA NA NA 1407 NA NA NA NA NA NA NA NA
1550181600.0 124.2 306 NA NA NA NA NA NA NA NA 774 NA NA NA NA NA NA NA NA 1432 NA NA NA NA NA NA NA NA 1322 NA NA NA NA NA NA NA NA
1550181600.0 124.4 295 NA NA NA NA NA NA NA NA 776 NA NA NA NA NA NA NA NA 1352 NA NA NA NA NA NA NA NA 1421 NA NA NA NA NA NA NA NA
1550181600.0 124.5 300 NA NA NA NA NA NA NA NA 775 NA NA NA NA NA NA NA NA 1395 NA NA NA NA NA NA NA NA 1474 NA NA NA NA NA NA NA NA
1550181600.0 124.6 239 NA NA NA NA NA NA NA NA 723 NA NA NA NA NA NA NA NA 1384 NA NA NA NA NA NA NA NA 1353 NA NA NA NA NA NA NA NA
1550181600.0 125.0 85 116 280 NA NA NA NA NA NA 211 590 550 NA NA NA NA NA NA 1666 532 1694 NA NA NA NA NA NA 1219 446 1742 NA NA NA NA NA NA
1550181600.0 126.0 69 107 286 NA NA NA NA NA NA 146 586 474 NA NA NA NA NA NA 1384 722 2445 NA NA NA NA NA NA 2443 714 5152 NA NA NA NA NA NA
1550181600.0 127.0 63 112 278 NA NA NA NA NA NA 134 588 561 NA NA NA NA NA NA 1068 523 1588 NA NA NA NA NA NA 878 444 1691 NA NA NA NA NA NA
1550181600.0 128.0 63 108 269 NA NA NA NA NA NA 131 587 572 NA NA NA NA NA NA 894 582 1849 NA NA NA NA NA NA 962 802 2434 NA NA NA NA NA NA
1550181600.0 129.0 61 109 276 NA NA NA NA NA NA 135 586 566 NA NA NA NA NA NA 912 601 1502 NA NA NA NA NA NA 782 709 1972 NA NA NA NA NA NA
1550181600.0 13.0 NA 117 296 0 NA NA NA NA NA NA 562 571 0 NA NA NA NA NA NA 556 2278 855 NA NA NA NA NA NA 776 1872 1738 NA NA NA NA NA
1550181600.0 130.0 67 110 286 NA NA NA NA NA NA 138 544 562 NA NA NA NA NA NA 880 517 1655 NA NA NA NA NA NA 1130 835 2353 NA NA NA NA NA NA
1550181600.0 1301.0 87 137 232 NA NA NA NA NA NA 165 604 486 NA NA NA NA NA NA 1398 501 1325 NA NA NA NA NA NA 1357 834 1876 NA NA NA NA NA NA
1550181600.0 1301.17 68 166 239 NA NA NA NA NA NA 137 562 488 NA NA NA NA NA NA 1560 748 1402 NA NA NA NA NA NA 1375 1696 2315 NA NA NA NA NA NA
1550181600.0 1302.0 98 140 249 NA NA NA NA NA NA 178 560 513 NA NA NA NA NA NA 3760 904 1711 NA NA NA NA NA NA 2485 1351 2500 NA NA NA NA NA NA
1550181600.0 1302.17 75 172 258 NA NA NA NA NA NA 152 604 530 NA NA NA NA NA NA 3714 630 1620 NA NA NA NA NA NA 1928 557 1536 NA NA NA NA NA NA
1550181600.0 1303.0 88 144 221 NA NA NA NA NA NA 172 558 402 NA NA NA NA NA NA 6070 629 1928 NA NA NA NA NA NA 3778 1200 2405 NA NA NA NA NA NA
1550181600.0 1303.17 82 164 239 NA NA NA NA NA NA 158 606 521 NA NA NA NA NA NA 6239 598 1683 NA NA NA NA NA NA 2615 984 1852 NA NA NA NA NA NA
1550181600.0 1307.0 NA 145 188 48 0 NA NA NA NA NA 606 280 92 0 NA NA NA NA NA 723 808 170 400 NA NA NA NA NA 576 1099 310 501 NA NA NA NA
1550181600.0 131.0 65 117 293 NA NA NA NA NA NA 138 588 517 NA NA NA NA NA NA 1334 490 1780 NA NA NA NA NA NA 1416 486 2541 NA NA NA NA NA NA
1550181600.0 1311.0 NA 147 322 0 58 NA NA NA NA NA 612 526 0 110 NA NA NA NA NA 667 1518 1191 652 NA NA NA NA NA 878 2606 1770 1267 NA NA NA NA
1550181600.0 1317.0 NA 140 325 0 NA NA NA NA NA NA 612 558 0 NA NA NA NA NA NA 626 2022 1009 NA NA NA NA NA NA 842 3001 1181 NA NA NA NA NA
1550181600.0 1318.0 NA 139 344 0 NA NA NA NA NA NA 611 547 0 NA NA NA NA NA NA 784 1939 934 NA NA NA NA NA NA 705 2476 1100 NA NA NA NA NA
1550181600.0 132.0 107 114 288 NA NA NA NA NA NA 207 590 564 NA NA NA NA NA NA 2392 637 1707 NA NA NA NA NA NA 1331 459 1785 NA NA NA NA NA NA
1550181600.0 1320.0 NA 142 346 0 NA NA NA NA NA NA 522 548 0 NA NA NA NA NA NA 743 2028 924 NA NA NA NA NA NA 1442 2424 1150 NA NA NA NA NA
1550181600.0 1321.0 NA 141 345 0 NA NA NA NA NA NA 567 586 0 NA NA NA NA NA NA 694 2265 1198 NA NA NA NA NA NA 1102 5003 1466 NA NA NA NA NA
1550181600.0 1325.0 NA 150 349 0 72 NA NA NA NA NA 566 534 0 122 NA NA NA NA NA 1319 2604 1074 818 NA NA NA NA NA 2420 4195 1383 1570 NA NA NA NA
1550181600.0 1325.1 NA 149 170 0 NA NA NA NA NA NA 614 274 0 NA NA NA NA NA NA 852 906 676 NA NA NA NA NA NA 910 1410 1100 NA NA NA NA NA
1550181600.0 1325.2 NA 157 349 0 NA NA NA NA NA NA 613 558 0 NA NA NA NA NA NA 793 2404 1150 NA NA NA NA NA NA 889 3510 1317 NA NA NA NA NA
1550181600.0 1325.3 NA 144 163 0 NA NA NA NA NA NA 612 253 0 NA NA NA NA NA NA 868 815 670 NA NA NA NA NA NA 1070 983 762 NA NA NA NA NA
1550181600.0 1325.4 NA 148 350 0 NA NA NA NA NA NA 613 569 0 NA NA NA NA NA NA 691 1961 986 NA NA NA NA NA NA 1142 2258 1060 NA NA NA NA NA
1550181600.0 1325.5 NA 169 0 NA NA NA NA NA NA NA 273 0 NA NA NA NA NA NA NA 4852 199 NA NA NA NA NA NA NA 8026 444 NA NA NA NA NA NA
1550181600.0 1325.51 NA 157 0 NA NA NA NA NA NA NA 259 0 NA NA NA NA NA NA NA 1701 184 NA NA NA NA NA NA NA 1908 477 NA NA NA NA NA NA
1550181600.0 1325.6 NA 185 NA NA NA NA NA NA NA NA 289 NA NA NA NA NA NA NA NA 3696 NA NA NA NA NA NA NA NA 2677 NA NA NA NA NA NA NA
1550181600.0 1325.7 NA 190 0 NA NA NA NA NA NA NA 303 0 NA NA NA NA NA NA NA 4186 156 NA NA NA NA NA NA NA 2513 483 NA NA NA NA NA NA
1550181600.0 1325.8 NA 191 0 NA NA NA NA NA NA NA 294 0 NA NA NA NA NA NA NA 4642 222 NA NA NA NA NA NA NA 3368 674 NA NA NA NA NA NA
1550181600.0 1329.0 NA 146 356 0 NA NA NA NA NA NA 612 513 0 NA NA NA NA NA NA 652 2461 983 NA NA NA NA NA NA 1119 4342 1189 NA NA NA NA NA
1550181600.0 1329.1 NA 188 0 NA NA NA NA NA NA NA 277 0 NA NA NA NA NA NA NA 6677 171 NA NA NA NA NA NA NA 7456 379 NA NA NA NA NA NA
1550181600.0 133.0 104 115 286 NA NA NA NA NA NA 214 586 516 NA NA NA NA NA NA 3866 692 1881 NA NA NA NA NA NA 1791 971 2149 NA NA NA NA NA NA
1550181600.0 1330.0 NA 137 396 0 NA NA NA NA NA NA 569 621 0 NA NA NA NA NA NA 728 2187 1109 NA NA NA NA NA NA 1252 2766 1356 NA NA NA NA NA
1550181600.0 1331.0 NA 148 349 0 NA NA NA NA NA NA 612 581 0 NA NA NA NA NA NA 508 1892 913 NA NA NA NA NA NA 806 2917 974 NA NA NA NA NA
1550181600.0 1332.0 NA 147 345 0 NA NA NA NA NA NA 610 595 0 NA NA NA NA NA NA 747 1973 980 NA NA NA NA NA NA 1201 2105 1175 NA NA NA NA NA
1550181600.0 1338.0 NA 149 351 0 NA NA NA NA NA NA 614 534 0 NA NA NA NA NA NA 562 2341 989 NA NA NA NA NA NA 811 2476 1118 NA NA NA NA NA
1550181600.0 134.0 NA 323 40 0 NA NA NA NA NA NA 593 84 0 NA NA NA NA NA NA 3916 143 75 NA NA NA NA NA NA 2816 229 128 NA NA NA NA NA
1550181600.0 134.701 NA 37 335 0 NA NA NA NA NA NA 99 523 0 NA NA NA NA NA NA 236 4778 929 NA NA NA NA NA NA 358 2769 1068 NA NA NA NA NA
1550181600.0 134.702 NA 33 339 0 NA NA NA NA NA NA 105 593 0 NA NA NA NA NA NA 352 6292 914 NA NA NA NA NA NA 588 3808 1107 NA NA NA NA NA
1550181600.0 134.703 NA 40 347 0 NA NA NA NA NA NA 105 550 0 NA NA NA NA NA NA 304 6877 1004 NA NA NA NA NA NA 404 3420 1302 NA NA NA NA NA
1550181600.0 134.704 NA 38 338 0 NA NA NA NA NA NA 103 574 0 NA NA NA NA NA NA 267 5748 839 NA NA NA NA NA NA 334 3460 1021 NA NA NA NA NA
1550181600.0 134.705 NA 37 346 0 NA NA NA NA NA NA 99 540 0 NA NA NA NA NA NA 288 7265 1102 NA NA NA NA NA NA 528 4067 1247 NA NA NA NA NA
1550181600.0 134.706 NA 36 346 0 NA NA NA NA NA NA 103 593 0 NA NA NA NA NA NA 284 7357 1175 NA NA NA NA NA NA 259 3557 1239 NA NA NA NA NA
1550181600.0 134.707 NA 33 329 0 NA NA NA NA NA NA 112 520 0 NA NA NA NA NA NA 327 6576 1001 NA NA NA NA NA NA 532 3658 1242 NA NA NA NA NA
1550181600.0 134.708 NA 37 335 0 NA NA NA NA NA NA 100 541 0 NA NA NA NA NA NA 356 6395 983 NA NA NA NA NA NA 935 3490 1086 NA NA NA NA NA
1550181600.0 134.709 NA 39 505 0 NA NA NA NA NA NA 103 647 0 NA NA NA NA NA NA 301 6642 985 NA NA NA NA NA NA 266 3259 1095 NA NA NA NA NA
1550181600.0 134.71 NA 35 321 0 NA NA NA NA NA NA 93 493 0 NA NA NA NA NA NA 296 4729 981 NA NA NA NA NA NA 446 2831 1033 NA NA NA NA NA
1550181600.0 134.801 NA 38 337 0 NA NA NA NA NA NA 109 570 0 NA NA NA NA NA NA 316 4538 902 NA NA NA NA NA NA 480 3135 1179 NA NA NA NA NA
1550181600.0 134.802 NA 40 340 0 NA NA NA NA NA NA 104 582 0 NA NA NA NA NA NA 328 8098 917 NA NA NA NA NA NA 409 3889 1031 NA NA NA NA NA
1550181600.0 134.803 NA 32 339 0 NA NA NA NA NA NA 108 596 0 NA NA NA NA NA NA 261 6572 896 NA NA NA NA NA NA 473 3872 980 NA NA NA NA NA
1550181600.0 134.804 NA 43 360 0 NA NA NA NA NA NA 107 622 0 NA NA NA NA NA NA 287 8125 1032 NA NA NA NA NA NA 468 4738 1334 NA NA NA NA NA
1550181600.0 134.805 NA 42 361 0 NA NA NA NA NA NA 107 592 0 NA NA NA NA NA NA 265 6895 847 NA NA NA NA NA NA 339 3638 946 NA NA NA NA NA
1550181600.0 134.806 NA 35 347 0 NA NA NA NA NA NA 104 553 0 NA NA NA NA NA NA 339 8610 983 NA NA NA NA NA NA 503 4337 1134 NA NA NA NA NA
1550181600.0 134.807 NA 90 372 0 NA NA NA NA NA NA 225 605 0 NA NA NA NA NA NA 1424 8120 1066 NA NA NA NA NA NA 1230 3773 1137 NA NA NA NA NA
1550181600.0 134.808 NA 96 396 0 NA NA NA NA NA NA 213 606 0 NA NA NA NA NA NA 1622 9654 1017 NA NA NA NA NA NA 1905 5320 1116 NA NA NA NA NA
1550181600.0 134.809 NA 40 344 0 NA NA NA NA NA NA 99 545 0 NA NA NA NA NA NA 292 7745 1016 NA NA NA NA NA NA 657 3967 1099 NA NA NA NA NA
1550181600.0 134.81 NA 35 336 0 NA NA NA NA NA NA 101 545 0 NA NA NA NA NA NA 306 7604 1004 NA NA NA NA NA NA 661 3808 1161 NA NA NA NA NA
1550181600.0 134.811 NA 36 347 0 NA NA NA NA NA NA 110 545 0 NA NA NA NA NA NA 280 8009 1021 NA NA NA NA NA NA 718 3905 1090 NA NA NA NA NA
1550181600.0 134.812 NA 37 335 0 NA NA NA NA NA NA 100 513 0 NA NA NA NA NA NA 259 4572 821 NA NA NA NA NA NA 312 3341 897 NA NA NA NA NA
1550181600.0 134.813 NA 159 60 0 NA NA NA NA NA NA 280 111 0 NA NA NA NA NA NA 1163 221 381 NA NA NA NA NA NA 1386 294 557 NA NA NA NA NA
1550181600.0 134.901 NA 36 327 0 NA NA NA NA NA NA 102 579 0 NA NA NA NA NA NA 273 5345 984 NA NA NA NA NA NA 487 3100 1136 NA NA NA NA NA
1550181600.0 134.902 NA 37 334 0 NA NA NA NA NA NA 103 551 0 NA NA NA NA NA NA 280 6448 960 NA NA NA NA NA NA 302 3553 1304 NA NA NA NA NA
1550181600.0 134.903 NA 37 329 0 NA NA NA NA NA NA 105 567 0 NA NA NA NA NA NA 251 5260 819 NA NA NA NA NA NA 658 3129 920 NA NA NA NA NA
1550181600.0 134.904 NA 35 342 0 NA NA NA NA NA NA 111 609 0 NA NA NA NA NA NA 260 6053 848 NA NA NA NA NA NA 621 3013 999 NA NA NA NA NA
1550181600.0 134.905 NA 37 342 0 NA NA NA NA NA NA 106 506 0 NA NA NA NA NA NA 247 5209 886 NA NA NA NA NA NA 370 2924 941 NA NA NA NA NA
1550181600.0 134.906 NA 30 337 0 NA NA NA NA NA NA 105 546 0 NA NA NA NA NA NA 259 5859 880 NA NA NA NA NA NA 529 2956 1127 NA NA NA NA NA
1550181600.0 134.907 NA 94 363 0 NA NA NA NA NA NA 210 598 0 NA NA NA NA NA NA 1318 7016 1049 NA NA NA NA NA NA 1006 3399 1262 NA NA NA NA NA
1550181600.0 134.908 NA 104 378 0 NA NA NA NA NA NA 219 625 0 NA NA NA NA NA NA 1128 6367 916 NA NA NA NA NA NA 925 3000 1045 NA NA NA NA NA
1550181600.0 134.909 NA 38 339 0 NA NA NA NA NA NA 107 580 0 NA NA NA NA NA NA 379 5703 954 NA NA NA NA NA NA 711 3408 1185 NA NA NA NA NA
1550181600.0 134.91 NA 33 331 0 NA NA NA NA NA NA 102 538 0 NA NA NA NA NA NA 268 5024 869 NA NA NA NA NA NA 475 2662 976 NA NA NA NA NA
1550181600.0 134.911 NA 34 331 0 NA NA NA NA NA NA 103 537 0 NA NA NA NA NA NA 302 6120 926 NA NA NA NA NA NA 308 3666 1190 NA NA NA NA NA
1550181600.0 134.912 NA 42 320 0 NA NA NA NA NA NA 102 508 0 NA NA NA NA NA NA 239 4181 860 NA NA NA NA NA NA 198 2433 924 NA NA NA NA NA
1550181600.0 134.99601 NA 36 352 0 NA NA NA NA NA NA 103 554 0 NA NA NA NA NA NA 336 8787 1073 NA NA NA NA NA NA 631 3966 1570 NA NA NA NA NA
1550181600.0 134.99602 NA 34 338 0 NA NA NA NA NA NA 105 578 0 NA NA NA NA NA NA 337 5126 939 NA NA NA NA NA NA 513 3152 1180 NA NA NA NA NA
1550181600.0 134.99603 NA 40 343 0 NA NA NA NA NA NA 108 535 0 NA NA NA NA NA NA 329 7538 1002 NA NA NA NA NA NA 650 4568 1127 NA NA NA NA NA
1550181600.0 134.99901 NA 37 334 0 NA NA NA NA NA NA 113 521 0 NA NA NA NA NA NA 372 5358 935 NA NA NA NA NA NA 640 3411 1197 NA NA NA NA NA
1550181600.0 1349.0 NA 141 350 0 NA NA NA NA NA NA 565 557 0 NA NA NA NA NA NA 613 1809 936 NA NA NA NA NA NA 696 2219 1559 NA NA NA NA NA
1550181600.0 135.1 327 0 128 NA NA NA NA NA NA 790 0 225 NA NA NA NA NA NA 1730 532 777 NA NA NA NA NA NA 1454 769 1168 NA NA NA NA NA NA
1550181600.0 135.11 322 0 138 NA NA NA NA NA NA 740 0 235 NA NA NA NA NA NA 2077 518 826 NA NA NA NA NA NA 1625 608 1037 NA NA NA NA NA NA
1550181600.0 135.12 318 0 137 NA NA NA NA NA NA 790 0 224 NA NA NA NA NA NA 1705 476 681 NA NA NA NA NA NA 1681 664 810 NA NA NA NA NA NA
1550181600.0 135.13 350 0 NA NA NA NA NA NA NA 743 0 NA NA NA NA NA NA NA 1560 582 NA NA NA NA NA NA NA 1296 644 NA NA NA NA NA NA NA
1550181600.0 135.2 275 0 132 NA NA NA NA NA NA 735 0 224 NA NA NA NA NA NA 1277 624 653 NA NA NA NA NA NA 2114 1173 1268 NA NA NA NA NA NA
1550181600.0 135.3 273 0 126 NA NA NA NA NA NA 792 0 228 NA NA NA NA NA NA 1424 377 752 NA NA NA NA NA NA 2984 465 1261 NA NA NA NA NA NA
1550181600.0 135.4 319 0 135 NA NA NA NA NA NA 742 0 225 NA NA NA NA NA NA 1509 452 691 NA NA NA NA NA NA 1823 530 875 NA NA NA NA NA NA
1550181600.0 135.5 349 0 139 NA NA NA NA NA NA 798 0 230 NA NA NA NA NA NA 1335 506 674 NA NA NA NA NA NA 1670 907 1281 NA NA NA NA NA NA
1550181600.0 135.6 329 0 131 NA NA NA NA NA NA 738 0 229 NA NA NA NA NA NA 1690 491 737 NA NA NA NA NA NA 1656 584 991 NA NA NA NA NA NA
1550181600.0 135.7 344 0 130 NA NA NA NA NA NA 852 0 219 NA NA NA NA NA NA 1459 472 683 NA NA NA NA NA NA 2055 736 1141 NA NA NA NA NA NA
1550181600.0 135.8 140 NA NA NA NA NA NA NA NA 262 NA NA NA NA NA NA NA NA 558 NA NA NA NA NA NA NA NA 902 NA NA NA NA NA NA NA NA
1550181600.0 135.9 341 0 129 NA NA NA NA NA NA 735 0 229 NA NA NA NA NA NA 1783 718 817 NA NA NA NA NA NA 3661 1334 2080 NA NA NA NA NA NA
1550181600.0 1356.0 98 145 342 0 134 NA NA NA NA 179 562 557 0 228 NA NA NA NA 2730 808 2427 1069 669 NA NA NA NA 1621 1158 3668 1133 1195 NA NA NA NA
1550181600.0 136.721 NA 87 343 0 NA NA NA NA NA NA 163 613 0 NA NA NA NA NA NA 513 6778 978 NA NA NA NA NA NA 750 3247 1242 NA NA NA NA NA
1550181600.0 136.722 NA 88 350 0 NA NA NA NA NA NA 176 571 0 NA NA NA NA NA NA 667 9302 1175 NA NA NA NA NA NA 1173 4362 1618 NA NA NA NA NA
1550181600.0 136.723 NA 86 336 0 NA NA NA NA NA NA 169 592 0 NA NA NA NA NA NA 596 7511 959 NA NA NA NA NA NA 682 3411 1019 NA NA NA NA NA
1550181600.0 136.724 NA 93 361 0 NA NA NA NA NA NA 164 590 0 NA NA NA NA NA NA 686 10216 1140 NA NA NA NA NA NA 987 4658 1240 NA NA NA NA NA
1550181600.0 136.725 NA 91 410 0 NA NA NA NA NA NA 166 688 0 NA NA NA NA NA NA 647 9150 1088 NA NA NA NA NA NA 1081 4382 1745 NA NA NA NA NA
1550181600.0 136.726 NA 92 353 0 NA NA NA NA NA NA 175 633 0 NA NA NA NA NA NA 595 8325 928 NA NA NA NA NA NA 746 3812 977 NA NA NA NA NA
1550181600.0 136.727 NA 161 386 0 NA NA NA NA NA NA 293 619 0 NA NA NA NA NA NA 1981 9796 1025 NA NA NA NA NA NA 3699 5226 1231 NA NA NA NA NA
1550181600.0 136.728 NA 190 395 0 NA NA NA NA NA NA 278 620 0 NA NA NA NA NA NA 3280 11864 1027 NA NA NA NA NA NA 5899 5934 1428 NA NA NA NA NA
1550181600.0 136.729 NA 88 351 0 NA NA NA NA NA NA 166 609 0 NA NA NA NA NA NA 512 7901 953 NA NA NA NA NA NA 543 3463 1103 NA NA NA NA NA
1550181600.0 136.73 NA 89 417 0 NA NA NA NA NA NA 162 634 0 NA NA NA NA NA NA 666 9366 1079 NA NA NA NA NA NA 1111 4111 1206 NA NA NA NA NA
1550181600.0 136.731 NA 90 381 0 NA NA NA NA NA NA 167 697 0 NA NA NA NA NA NA 591 9163 1060 NA NA NA NA NA NA 860 4682 1399 NA NA NA NA NA
1550181600.0 136.732 NA 88 329 0 NA NA NA NA NA NA 163 612 0 NA NA NA NA NA NA 642 7173 1101 NA NA NA NA NA NA 1429 3585 1403 NA NA NA NA NA
1550181600.0 136.733 NA 163 65 0 NA NA NA NA NA NA 287 127 0 NA NA NA NA NA NA 1330 384 386 NA NA NA NA NA NA 1187 464 491 NA NA NA NA NA
1550181600.0 136.734 NA 89 344 0 NA NA NA NA NA NA 170 494 0 NA NA NA NA NA NA 671 7976 976 NA NA NA NA NA NA 539 3499 1050 NA NA NA NA NA
1550181600.0 136.735 NA 96 293 0 NA NA NA NA NA NA 174 526 0 NA NA NA NA NA NA 826 2966 810 NA NA NA NA NA NA 1297 3460 1055 NA NA NA NA NA
1550181600.0 136.736 NA 92 349 0 NA NA NA NA NA NA 164 573 0 NA NA NA NA NA NA 770 12599 1134 NA NA NA NA NA NA 960 6736 1848 NA NA NA NA NA
1550181600.0 136.737 NA 88 416 0 NA NA NA NA NA NA 161 681 0 NA NA NA NA NA NA 748 13959 1168 NA NA NA NA NA NA 1497 6045 2002 NA NA NA NA NA
1550181600.0 136.738 NA 92 349 0 NA NA NA NA NA NA 166 614 0 NA NA NA NA NA NA 711 12547 958 NA NA NA NA NA NA 702 4671 1032 NA NA NA NA NA
1550181600.0 136.739 NA 85 402 0 NA NA NA NA NA NA 160 672 0 NA NA NA NA NA NA 917 15016 995 NA NA NA NA NA NA 1699 6271 1188 NA NA NA NA NA
1550181600.0 136.74 NA 90 423 0 NA NA NA NA NA NA 167 627 0 NA NA NA NA NA NA 751 14152 1069 NA NA NA NA NA NA 931 5555 1229 NA NA NA NA NA
1550181600.0 136.741 NA 85 376 0 NA NA NA NA NA NA 163 591 0 NA NA NA NA NA NA 1164 15665 1042 NA NA NA NA NA NA 2126 6636 1447 NA NA NA NA NA
1550181600.0 136.742 NA 87 370 0 NA NA NA NA NA NA 163 658 0 NA NA NA NA NA NA 793 12904 1165 NA NA NA NA NA NA 1354 5456 1536 NA NA NA NA NA
1550181600.0 136.743 NA 92 384 0 NA NA NA NA NA NA 170 559 0 NA NA NA NA NA NA 758 12027 978 NA NA NA NA NA NA 1107 5648 1131 NA NA NA NA NA
1550181600.0 136.744 NA 91 405 0 NA NA NA NA NA NA 166 687 0 NA NA NA NA NA NA 726 14141 1132 NA NA NA NA NA NA 860 5586 1444 NA NA NA NA NA
1550181600.0 136.745 NA 94 339 0 NA NA NA NA NA NA 161 543 0 NA NA NA NA NA NA 664 10172 1181 NA NA NA NA NA NA 936 4937 1254 NA NA NA NA NA
1550181600.0 136.746 NA 98 348 0 NA NA NA NA NA NA 168 556 0 NA NA NA NA NA NA 914 13545 1109 NA NA NA NA NA NA 996 6380 2021 NA NA NA NA NA
1550181600.0 136.747 NA 85 372 0 NA NA NA NA NA NA 172 577 0 NA NA NA NA NA NA 911 11818 1330 NA NA NA NA NA NA 1908 5254 1897 NA NA NA NA NA
1550181600.0 136.748 NA 96 362 0 NA NA NA NA NA NA 166 551 0 NA NA NA NA NA NA 732 13027 1123 NA NA NA NA NA NA 844 5563 1435 NA NA NA NA NA
1550181600.0 136.749 NA 92 359 0 NA NA NA NA NA NA 171 612 0 NA NA NA NA NA NA 868 14118 1077 NA NA NA NA NA NA 1015 6076 1250 NA NA NA NA NA
1550181600.0 136.75 NA 98 422 0 NA NA NA NA NA NA 165 684 0 NA NA NA NA NA NA 732 16046 1039 NA NA NA NA NA NA 1149 6929 1227 NA NA NA NA NA
1550181600.0 136.751 NA 87 459 0 NA NA NA NA NA NA 173 711 0 NA NA NA NA NA NA 1036 18268 1050 NA NA NA NA NA NA 1735 7116 1476 NA NA NA NA NA
1550181600.0 136.752 NA 86 367 0 NA NA NA NA NA NA 168 614 0 NA NA NA NA NA NA 1142 15294 1056 NA NA NA NA NA NA 2191 6146 1457 NA NA NA NA NA
1550181600.0 136.753 NA 98 362 0 NA NA NA NA NA NA 165 616 0 NA NA NA NA NA NA 663 12879 1096 NA NA NA NA NA NA 1149 5201 1555 NA NA NA NA NA
1550181600.0 136.754 NA 91 387 0 NA NA NA NA NA NA 177 578 0 NA NA NA NA NA NA 1007 13536 1026 NA NA NA NA NA NA 1967 6911 1180 NA NA NA NA NA
1550181600.0 136.755 NA 90 400 0 NA NA NA NA NA NA 163 634 0 NA NA NA NA NA NA 632 13565 941 NA NA NA NA NA NA 739 5467 1061 NA NA NA NA NA
1550181600.0 136.756 NA 89 340 0 NA NA NA NA NA NA 169 631 0 NA NA NA NA NA NA 570 8489 972 NA NA NA NA NA NA 524 3700 1052 NA NA NA NA NA
1550181600.0 136.757 NA 88 369 0 NA NA NA NA NA NA 162 605 0 NA NA NA NA NA NA 979 12683 1086 NA NA NA NA NA NA 1910 5872 1722 NA NA NA NA NA
1550181600.0 136.758 NA 90 371 0 NA NA NA NA NA NA 167 647 0 NA NA NA NA NA NA 813 15329 1256 NA NA NA NA NA NA 1484 6249 1461 NA NA NA NA NA
1550181600.0 136.759 NA 88 413 0 NA NA NA NA NA NA 165 683 0 NA NA NA NA NA NA 821 17584 1084 NA NA NA NA NA NA 1410 7817 1504 NA NA NA NA NA
1550181600.0 136.76 NA 92 377 0 NA NA NA NA NA NA 171 635 0 NA NA NA NA NA NA 783 19127 1178 NA NA NA NA NA NA 882 6897 1403 NA NA NA NA NA
1550181600.0 136.761 NA 95 396 0 NA NA NA NA NA NA 167 698 0 NA NA NA NA NA NA 695 18905 1030 NA NA NA NA NA NA 879 7459 1449 NA NA NA NA NA
1550181600.0 136.7611 NA 179 0 NA NA NA NA NA NA NA 288 0 NA NA NA NA NA NA NA 5916 146 NA NA NA NA NA NA NA 8729 325 NA NA NA NA NA NA
1550181600.0 136.762 NA 88 404 0 NA NA NA NA NA NA 166 643 0 NA NA NA NA NA NA 767 24054 1089 NA NA NA NA NA NA 1116 8389 1158 NA NA NA NA NA
1550181600.0 136.763 NA 96 365 0 NA NA NA NA NA NA 164 583 0 NA NA NA NA NA NA 768 19403 1050 NA NA NA NA NA NA 1149 8946 1307 NA NA NA NA NA
1550181600.0 136.764 NA 86 376 0 NA NA NA NA NA NA 165 644 0 NA NA NA NA NA NA 973 18688 1014 NA NA NA NA NA NA 2335 8337 1223 NA NA NA NA NA
1550181600.0 136.765 NA 98 403 0 NA NA NA NA NA NA 161 655 0 NA NA NA NA NA NA 720 15139 982 NA NA NA NA NA NA 1149 5969 1260 NA NA NA NA NA
1550181600.0 136.766 NA 93 400 0 NA NA NA NA NA NA 173 656 0 NA NA NA NA NA NA 969 19414 1370 NA NA NA NA NA NA 1343 7527 2120 NA NA NA NA NA
1550181600.0 136.767 NA 89 348 0 NA NA NA NA NA NA 166 621 0 NA NA NA NA NA NA 585 12105 997 NA NA NA NA NA NA 898 4814 1175 NA NA NA NA NA
1550181600.0 136.768 NA 96 376 0 NA NA NA NA NA NA 161 612 0 NA NA NA NA NA NA 775 17572 1034 NA NA NA NA NA NA 1149 7473 1140 NA NA NA NA NA
1550181600.0 136.769 NA 86 368 0 NA NA NA NA NA NA 171 639 0 NA NA NA NA NA NA 1005 10871 1194 NA NA NA NA NA NA 1748 5031 1470 NA NA NA NA NA
1550181600.0 136.77 NA 83 407 0 NA NA NA NA NA NA 161 544 0 NA NA NA NA NA NA 899 14940 1274 NA NA NA NA NA NA 1923 7403 1808 NA NA NA NA NA
1550181600.0 136.771 NA 93 349 0 NA NA NA NA NA NA 167 604 0 NA NA NA NA NA NA 796 12300 1127 NA NA NA NA NA NA 1018 5123 1348 NA NA NA NA NA
1550181600.0 136.772 NA 91 390 0 NA NA NA NA NA NA 166 717 0 NA NA NA NA NA NA 608 13105 957 NA NA NA NA NA NA 641 5008 1121 NA NA NA NA NA
1550181600.0 136.7721 NA 168 0 NA NA NA NA NA NA NA 278 0 NA NA NA NA NA NA NA 4764 121 NA NA NA NA NA NA NA 5650 429 NA NA NA NA NA NA
1550181600.0 136.7722 NA 170 0 NA NA NA NA NA NA NA 267 0 NA NA NA NA NA NA NA 5922 158 NA NA NA NA NA NA NA 5448 306 NA NA NA NA NA NA
1550181600.0 136.773 NA 92 392 0 NA NA NA NA NA NA 166 667 0 NA NA NA NA NA NA 691 11770 941 NA NA NA NA NA NA 1228 4659 1004 NA NA NA NA NA
1550181600.0 136.774 NA 93 364 0 NA NA NA NA NA NA 175 580 0 NA NA NA NA NA NA 644 11600 935 NA NA NA NA NA NA 839 4625 1008 NA NA NA NA NA
1550181600.0 136.775 NA 96 364 0 NA NA NA NA NA NA 165 618 0 NA NA NA NA NA NA 756 12329 1112 NA NA NA NA NA NA 970 6667 1372 NA NA NA NA NA
1550181600.0 136.776 NA 87 382 0 NA NA NA NA NA NA 160 583 0 NA NA NA NA NA NA 866 11555 1206 NA NA NA NA NA NA 1855 5061 1458 NA NA NA NA NA
1550181600.0 136.777 NA 90 407 0 NA NA NA NA NA NA 158 647 0 NA NA NA NA NA NA 712 13655 1149 NA NA NA NA NA NA 950 6571 1307 NA NA NA NA NA
1550181600.0 136.778 NA 91 342 0 NA NA NA NA NA NA 169 620 0 NA NA NA NA NA NA 541 7584 931 NA NA NA NA NA NA 563 3387 998 NA NA NA NA NA
1550181600.0 136.779 NA 89 370 0 NA NA NA NA NA NA 165 633 0 NA NA NA NA NA NA 917 11894 1062 NA NA NA NA NA NA 2063 4949 1361 NA NA NA NA NA
1550181600.0 136.78 NA 118 422 0 NA NA NA NA NA NA 197 720 0 NA NA NA NA NA NA 691 16118 1341 NA NA NA NA NA NA 2153 5572 1447 NA NA NA NA NA
1550181600.0 136.7801 NA 101 0 NA NA NA NA NA NA NA 176 0 NA NA NA NA NA NA NA 479 298 NA NA NA NA NA NA NA 1837 476 NA NA NA NA NA NA
1550181600.0 136.7802 NA 72 0 NA NA NA NA NA NA NA 138 0 NA NA NA NA NA NA NA 320 177 NA NA NA NA NA NA NA 708 1043 NA NA NA NA NA NA
1550181600.0 136.7803 NA 102 0 NA NA NA NA NA NA NA 190 0 NA NA NA NA NA NA NA 774 266 NA NA NA NA NA NA NA 1709 583 NA NA NA NA NA NA
1550181600.0 136.781 NA 106 422 0 NA NA NA NA NA NA 184 709 0 NA NA NA NA NA NA 659 18723 1296 NA NA NA NA NA NA 2318 6798 1381 NA NA NA NA NA
1550181600.0 136.782 NA 114 395 0 NA NA NA NA NA NA 195 729 0 NA NA NA NA NA NA 767 18036 1216 NA NA NA NA NA NA 793 6208 1591 NA NA NA NA NA
1550181600.0 136.783 NA 106 447 0 NA NA NA NA NA NA 196 746 0 NA NA NA NA NA NA 666 21086 1231 NA NA NA NA NA NA 1732 6921 1300 NA NA NA NA NA
1550181600.0 136.784 NA 111 489 0 NA NA NA NA NA NA 197 830 0 NA NA NA NA NA NA 583 17960 1251 NA NA NA NA NA NA 1406 6014 1323 NA NA NA NA NA
1550181600.0 136.785 NA 119 443 0 NA NA NA NA NA NA 199 739 0 NA NA NA NA NA NA 792 20484 1456 NA NA NA NA NA NA 1150 8092 1870 NA NA NA NA NA
1550181600.0 136.786 NA 111 416 0 NA NA NA NA NA NA 185 688 0 NA NA NA NA NA NA 881 19148 1290 NA NA NA NA NA NA 2421 8473 1606 NA NA NA NA NA
1550181600.0 136.787 NA 121 513 0 NA NA NA NA NA NA 186 770 0 NA NA NA NA NA NA 668 16719 1195 NA NA NA NA NA NA 1149 5616 1251 NA NA NA NA NA
1550181600.0 136.788 NA 112 478 0 NA NA NA NA NA NA 194 736 0 NA NA NA NA NA NA 928 21013 1300 NA NA NA NA NA NA 1306 8364 1756 NA NA NA NA NA
1550181600.0 136.789 NA 114 405 0 NA NA NA NA NA NA 183 728 0 NA NA NA NA NA NA 552 15095 1187 NA NA NA NA NA NA 618 5472 1285 NA NA NA NA NA
1550181600.0 136.79 NA 114 412 0 NA NA NA NA NA NA 191 672 0 NA NA NA NA NA NA 1069 11338 1319 NA NA NA NA NA NA 1382 4948 1780 NA NA NA NA NA
1550181600.0 136.791 NA 119 336 0 NA NA NA NA NA NA 185 570 0 NA NA NA NA NA NA 662 2731 978 NA NA NA NA NA NA 905 2121 1043 NA NA NA NA NA
1550181600.0 136.792 NA 113 414 0 NA NA NA NA NA NA 198 697 0 NA NA NA NA NA NA 773 14668 1412 NA NA NA NA NA NA 953 5728 1523 NA NA NA NA NA
1550181600.0 136.793 NA 108 453 0 NA NA NA NA NA NA 187 754 0 NA NA NA NA NA NA 903 14647 2224 NA NA NA NA NA NA 2198 5989 2848 NA NA NA NA NA
1550181600.0 136.794 NA 115 412 0 NA NA NA NA NA NA 193 679 0 NA NA NA NA NA NA 863 14848 1437 NA NA NA NA NA NA 1551 6502 1660 NA NA NA NA NA
1550181600.0 136.795 NA 114 433 0 NA NA NA NA NA NA 191 689 0 NA NA NA NA NA NA 731 16853 1425 NA NA NA NA NA NA 940 8625 1626 NA NA NA NA NA
1550181600.0 136.7952 NA 176 0 NA NA NA NA NA NA NA 278 0 NA NA NA NA NA NA NA 3383 149 NA NA NA NA NA NA NA 2067 229 NA NA NA NA NA NA
1550181600.0 136.796 NA 117 416 0 NA NA NA NA NA NA 193 696 0 NA NA NA NA NA NA 591 13883 1243 NA NA NA NA NA NA 754 7098 1372 NA NA NA NA NA
1550181600.0 136.797 NA 115 418 0 NA NA NA NA NA NA 200 663 0 NA NA NA NA NA NA 855 16961 1282 NA NA NA NA NA NA 1589 6762 1431 NA NA NA NA NA
1550181600.0 136.798 NA 119 416 0 NA NA NA NA NA NA 194 664 0 NA NA NA NA NA NA 674 14118 1579 NA NA NA NA NA NA 849 6133 1914 NA NA NA NA NA
1550181600.0 136.799 NA 114 476 0 NA NA NA NA NA NA 194 748 0 NA NA NA NA NA NA 609 12755 1235 NA NA NA NA NA NA 652 4558 1281 NA NA NA NA NA
1550181600.0 136.8 NA 116 434 0 NA NA NA NA NA NA 181 755 0 NA NA NA NA NA NA 619 14680 1261 NA NA NA NA NA NA 712 6278 1369 NA NA NA NA NA
1550181600.0 136.801 NA 108 392 0 NA NA NA NA NA NA 191 642 0 NA NA NA NA NA NA 995 10671 1282 NA NA NA NA NA NA 2242 5175 1437 NA NA NA NA NA
1550181600.0 136.802 NA 120 401 0 NA NA NA NA NA NA 192 674 0 NA NA NA NA NA NA 847 14022 1604 NA NA NA NA NA NA 1027 5536 1778 NA NA NA NA NA
1550181600.0 136.803 NA 119 332 0 NA NA NA NA NA NA 188 563 0 NA NA NA NA NA NA 644 2691 1029 NA NA NA NA NA NA 772 2209 1707 NA NA NA NA NA
1550181600.0 136.804 NA 116 407 0 NA NA NA NA NA NA 199 678 0 NA NA NA NA NA NA 674 12754 1282 NA NA NA NA NA NA 797 4818 1404 NA NA NA NA NA
1550181600.0 136.805 NA 112 447 0 NA NA NA NA NA NA 197 675 0 NA NA NA NA NA NA 796 15744 1298 NA NA NA NA NA NA 1552 6712 1447 NA NA NA NA NA
1550181600.0 136.806 NA 116 406 0 NA NA NA NA NA NA 193 647 0 NA NA NA NA NA NA 736 14044 1347 NA NA NA NA NA NA 846 5517 1403 NA NA NA NA NA
1550181600.0 136.807 NA 121 452 0 NA NA NA NA NA NA 188 700 0 NA NA NA NA NA NA 713 15752 1455 NA NA NA NA NA NA 1149 6506 1781 NA NA NA NA NA
1550181600.0 136.808 NA 121 478 0 NA NA NA NA NA NA 184 760 0 NA NA NA NA NA NA 663 15491 1662 NA NA NA NA NA NA 1149 6071 2024 NA NA NA NA NA
1550181600.0 136.809 NA 114 405 0 NA NA NA NA NA NA 195 651 0 NA NA NA NA NA NA 642 13706 1259 NA NA NA NA NA NA 948 5436 1406 NA NA NA NA NA
1550181600.0 136.81 NA 114 413 0 NA NA NA NA NA NA 200 674 0 NA NA NA NA NA NA 918 14994 1338 NA NA NA NA NA NA 1869 6374 1476 NA NA NA NA NA
1550181600.0 136.811 NA 116 500 0 NA NA NA NA NA NA 189 773 0 NA NA NA NA NA NA 672 14995 1436 NA NA NA NA NA NA 1147 5648 1549 NA NA NA NA NA
1550181600.0 136.812 NA 112 503 0 NA NA NA NA NA NA 195 820 0 NA NA NA NA NA NA 699 17569 1534 NA NA NA NA NA NA 1651 6462 1984 NA NA NA NA NA
1550181600.0 136.813 NA 114 397 0 NA NA NA NA NA NA 187 596 0 NA NA NA NA NA NA 557 9376 1281 NA NA NA NA NA NA 779 3794 1395 NA NA NA NA NA
1550181600.0 136.814 NA 117 416 0 NA NA NA NA NA NA 198 656 0 NA NA NA NA NA NA 715 13279 1270 NA NA NA NA NA NA 774 4995 1358 NA NA NA NA NA
1550181600.0 136.815 NA 113 338 0 NA NA NA NA NA NA 189 584 0 NA NA NA NA NA NA 618 2920 1069 NA NA NA NA NA NA 813 2230 1131 NA NA NA NA NA
1550181600.0 136.816 NA 120 436 0 NA NA NA NA NA NA 191 758 0 NA NA NA NA NA NA 918 22098 1483 NA NA NA NA NA NA 946 9903 1832 NA NA NA NA NA
1550181600.0 136.817 NA 112 442 0 NA NA NA NA NA NA 186 778 0 NA NA NA NA NA NA 754 21029 1577 NA NA NA NA NA NA 1092 7212 1885 NA NA NA NA NA
1550181600.0 136.818 NA 114 425 0 NA NA NA NA NA NA 189 683 0 NA NA NA NA NA NA 877 21649 1458 NA NA NA NA NA NA 1451 7859 1733 NA NA NA NA NA
1550181600.0 136.819 NA 110 449 0 NA NA NA NA NA NA 187 713 0 NA NA NA NA NA NA 766 23636 1558 NA NA NA NA NA NA 813 8088 2641 NA NA NA NA NA
1550181600.0 136.82 NA 112 444 0 NA NA NA NA NA NA 196 796 0 NA NA NA NA NA NA 808 24261 1446 NA NA NA NA NA NA 773 8257 1576 NA NA NA NA NA
1550181600.0 136.821 NA 114 426 0 NA NA NA NA NA NA 195 672 0 NA NA NA NA NA NA 762 20758 1516 NA NA NA NA NA NA 687 7390 1699 NA NA NA NA NA
1550181600.0 136.822 NA 114 423 0 NA NA NA NA NA NA 187 723 0 NA NA NA NA NA NA 667 18908 1361 NA NA NA NA NA NA 1157 6617 1448 NA NA NA NA NA
1550181600.0 136.823 NA 116 485 0 NA NA NA NA NA NA 190 802 0 NA NA NA NA NA NA 626 16575 1281 NA NA NA NA NA NA 647 5603 1352 NA NA NA NA NA
1550181600.0 136.824 NA 114 467 0 NA NA NA NA NA NA 189 753 0 NA NA NA NA NA NA 708 26023 1573 NA NA NA NA NA NA 1880 8726 1939 NA NA NA NA NA
1550181600.0 136.825 NA 114 411 0 NA NA NA NA NA NA 197 625 0 NA NA NA NA NA NA 555 12219 1237 NA NA NA NA NA NA 949 4673 1284 NA NA NA NA NA
1550181600.0 136.826 NA 121 414 0 NA NA NA NA NA NA 188 692 0 NA NA NA NA NA NA 812 22086 1498 NA NA NA NA NA NA 1150 12314 1940 NA NA NA NA NA
1550181600.0 136.827 NA 109 337 0 NA NA NA NA NA NA 191 577 0 NA NA NA NA NA NA 574 2906 1078 NA NA NA NA NA NA 1327 2676 1147 NA NA NA NA NA
1550181600.0 136.828 NA 112 448 0 NA NA NA NA NA NA 194 686 0 NA NA NA NA NA NA 1116 21049 1393 NA NA NA NA NA NA 1442 7856 1568 NA NA NA NA NA
1550181600.0 136.829 NA 121 443 0 NA NA NA NA NA NA 193 754 0 NA NA NA NA NA NA 690 23003 1325 NA NA NA NA NA NA 1149 12467 1611 NA NA NA NA NA
1550181600.0 136.83 NA 112 429 0 NA NA NA NA NA NA 195 701 0 NA NA NA NA NA NA 843 21954 1463 NA NA NA NA NA NA 1192 7660 1559 NA NA NA NA NA
1550181600.0 136.831 NA 120 458 0 NA NA NA NA NA NA 197 732 0 NA NA NA NA NA NA 881 23674 1540 NA NA NA NA NA NA 925 9791 2031 NA NA NA NA NA
1550181600.0 136.8311 NA 175 0 NA NA NA NA NA NA NA 277 0 NA NA NA NA NA NA NA 2162 137 NA NA NA NA NA NA NA 1919 238 NA NA NA NA NA NA
1550181600.0 136.832 NA 117 496 0 NA NA NA NA NA NA 194 809 0 NA NA NA NA NA NA 729 25129 1348 NA NA NA NA NA NA 984 8238 1406 NA NA NA NA NA
1550181600.0 136.833 NA 113 435 0 NA NA NA NA NA NA 204 700 0 NA NA NA NA NA NA 794 23496 1458 NA NA NA NA NA NA 1140 8092 2290 NA NA NA NA NA
1550181600.0 136.834 NA 114 432 0 NA NA NA NA NA NA 187 731 0 NA NA NA NA NA NA 632 20509 1341 NA NA NA NA NA NA 697 6630 1423 NA NA NA NA NA
1550181600.0 136.835 NA 113 509 0 NA NA NA NA NA NA 187 796 0 NA NA NA NA NA NA 728 20738 1363 NA NA NA NA NA NA 698 6808 1441 NA NA NA NA NA
1550181600.0 136.836 NA 114 456 0 NA NA NA NA NA NA 201 826 0 NA NA NA NA NA NA 804 24050 1506 NA NA NA NA NA NA 1821 8139 1669 NA NA NA NA NA
1550181600.0 136.837 NA 116 425 0 NA NA NA NA NA NA 196 641 0 NA NA NA NA NA NA 606 15013 1273 NA NA NA NA NA NA 634 5687 1388 NA NA NA NA NA
1550181600.0 136.838 NA 121 433 0 NA NA NA NA NA NA 199 711 0 NA NA NA NA NA NA 1036 21611 1454 NA NA NA NA NA NA 1048 8462 1660 NA NA NA NA NA
1550181600.0 136.839 NA 121 332 0 NA NA NA NA NA NA 192 529 0 NA NA NA NA NA NA 712 3578 1225 NA NA NA NA NA NA 908 2817 1335 NA NA NA NA NA
1550181600.0 136.8391 NA 161 453 0 NA NA NA NA NA NA 259 750 0 NA NA NA NA NA NA 3038 20284 1451 NA NA NA NA NA NA 2134 7579 2135 NA NA NA NA NA
1550181600.0 136.84 NA 112 437 0 NA NA NA NA NA NA 204 696 0 NA NA NA NA NA NA 691 16299 1324 NA NA NA NA NA NA 1989 5896 1398 NA NA NA NA NA
1550181600.0 136.841 NA 112 456 0 NA NA NA NA NA NA 194 732 0 NA NA NA NA NA NA 767 18635 1441 NA NA NA NA NA NA 1604 6736 1510 NA NA NA NA NA
1550181600.0 136.842 NA 118 443 0 NA NA NA NA NA NA 193 767 0 NA NA NA NA NA NA 730 23129 1343 NA NA NA NA NA NA 553 7352 1412 NA NA NA NA NA
1550181600.0 136.843 NA 113 454 0 NA NA NA NA NA NA 188 758 0 NA NA NA NA NA NA 647 25427 1417 NA NA NA NA NA NA 1016 8147 1489 NA NA NA NA NA
1550181600.0 136.844 NA 117 413 0 NA NA NA NA NA NA 192 676 0 NA NA NA NA NA NA 702 15181 1168 NA NA NA NA NA NA 774 6387 1273 NA NA NA NA NA
1550181600.0 136.845 NA 116 404 0 NA NA NA NA NA NA 201 625 0 NA NA NA NA NA NA 659 13597 1354 NA NA NA NA NA NA 905 4971 1594 NA NA NA NA NA
1550181600.0 136.846 NA 115 410 0 NA NA NA NA NA NA 199 610 0 NA NA NA NA NA NA 776 14443 1468 NA NA NA NA NA NA 939 5659 1525 NA NA NA NA NA
1550181600.0 136.847 NA 119 418 0 NA NA NA NA NA NA 187 672 0 NA NA NA NA NA NA 874 21919 1463 NA NA NA NA NA NA 1149 9755 1674 NA NA NA NA NA
1550181600.0 136.848 NA 121 431 0 NA NA NA NA NA NA 198 798 0 NA NA NA NA NA NA 980 23905 1425 NA NA NA NA NA NA 948 9026 1841 NA NA NA NA NA
1550181600.0 136.849 NA 231 446 0 NA NA NA NA NA NA 387 680 0 NA NA NA NA NA NA 4112 14375 1866 NA NA NA NA NA NA 3739 5437 1946 NA NA NA NA NA
1550181600.0 136.85 NA 239 524 0 NA NA NA NA NA NA 407 797 0 NA NA NA NA NA NA 4197 17000 1857 NA NA NA NA NA NA 3596 6297 1936 NA NA NA NA NA
1550181600.0 136.851 NA 254 441 0 NA NA NA NA NA NA 403 682 0 NA NA NA NA NA NA 4970 16188 1654 NA NA NA NA NA NA 4446 6566 1791 NA NA NA NA NA
1550181600.0 136.852 NA 262 474 0 NA NA NA NA NA NA 406 769 0 NA NA NA NA NA NA 4446 18239 1920 NA NA NA NA NA NA 4338 6475 2137 NA NA NA NA NA
1550181600.0 136.8521 NA 172 0 NA NA NA NA NA NA NA 279 0 NA NA NA NA NA NA NA 2414 124 NA NA NA NA NA NA NA 2242 181 NA NA NA NA NA NA
1550181600.0 136.853 NA 235 507 0 NA NA NA NA NA NA 397 733 0 NA NA NA NA NA NA 4243 16801 1866 NA NA NA NA NA NA 3400 6257 1958 NA NA NA NA NA
1550181600.0 136.854 NA 247 469 0 NA NA NA NA NA NA 403 693 0 NA NA NA NA NA NA 4293 16535 1829 NA NA NA NA NA NA 3376 5900 1905 NA NA NA NA NA
1550181600.0 136.855 NA 231 503 0 NA NA NA NA NA NA 399 785 0 NA NA NA NA NA NA 4572 15459 1838 NA NA NA NA NA NA 5459 5891 1898 NA NA NA NA NA
1550181600.0 136.856 NA 228 424 0 NA NA NA NA NA NA 370 663 0 NA NA NA NA NA NA 3467 11272 1813 NA NA NA NA NA NA 3554 4883 1871 NA NA NA NA NA
1550181600.0 136.8561 NA 254 369 0 NA NA NA NA NA NA 373 572 0 NA NA NA NA NA NA 2804 3614 1474 NA NA NA NA NA NA 4834 3460 1842 NA NA NA NA NA
1550181600.0 136.8562 NA 201 360 0 NA NA NA NA NA NA 340 608 0 NA NA NA NA NA NA 2893 2915 1267 NA NA NA NA NA NA 4886 3106 1458 NA NA NA NA NA
1550181600.0 136.857 NA 249 450 0 NA NA NA NA NA NA 391 706 0 NA NA NA NA NA NA 5011 16861 2427 NA NA NA NA NA NA 4363 6917 2803 NA NA NA NA NA
1550181600.0 136.858 NA 250 370 0 NA NA NA NA NA NA 385 591 0 NA NA NA NA NA NA 2492 4177 1625 NA NA NA NA NA NA 2566 4124 1707 NA NA NA NA NA
1550181600.0 136.859 NA 245 484 0 NA NA NA NA NA NA 405 749 0 NA NA NA NA NA NA 5278 19992 1775 NA NA NA NA NA NA 4680 6908 1858 NA NA NA NA NA
1550181600.0 136.86 NA 230 440 0 NA NA NA NA NA NA 396 646 0 NA NA NA NA NA NA 4551 18982 2008 NA NA NA NA NA NA 3874 7161 2539 NA NA NA NA NA
1550181600.0 136.861 NA 237 456 0 NA NA NA NA NA NA 399 750 0 NA NA NA NA NA NA 4086 19112 1831 NA NA NA NA NA NA 3313 6554 1904 NA NA NA NA NA
1550181600.0 136.862 NA 257 510 0 NA NA NA NA NA NA 412 800 0 NA NA NA NA NA NA 4933 22032 2098 NA NA NA NA NA NA 2793 7801 2324 NA NA NA NA NA
1550181600.0 136.863 NA 269 460 0 NA NA NA NA NA NA 416 683 0 NA NA NA NA NA NA 5067 21512 1920 NA NA NA NA NA NA 2563 7485 1977 NA NA NA NA NA
1550181600.0 136.864 NA 262 499 0 NA NA NA NA NA NA 405 761 0 NA NA NA NA NA NA 5299 24507 1878 NA NA NA NA NA NA 3156 8247 1969 NA NA NA NA NA
1550181600.0 136.8642 NA 268 500 0 NA NA NA NA NA NA 417 785 0 NA NA NA NA NA NA 4979 24348 1974 NA NA NA NA NA NA 2801 8382 2102 NA NA NA NA NA
1550181600.0 136.8643 NA 258 503 0 NA NA NA NA NA NA 411 809 0 NA NA NA NA NA NA 5188 24624 1883 NA NA NA NA NA NA 3214 8079 1953 NA NA NA NA NA
1550181600.0 136.865 NA 256 509 0 NA NA NA NA NA NA 443 826 0 NA NA NA NA NA NA 4752 24398 1883 NA NA NA NA NA NA 2747 8338 1965 NA NA NA NA NA
1550181600.0 136.866 NA 265 475 0 NA NA NA NA NA NA 423 744 0 NA NA NA NA NA NA 5312 22601 1880 NA NA NA NA NA NA 3255 8280 1940 NA NA NA NA NA
1550181600.0 136.867 NA 240 519 0 NA NA NA NA NA NA 418 793 0 NA NA NA NA NA NA 4537 20306 1844 NA NA NA NA NA NA 3400 6937 1916 NA NA NA NA NA
1550181600.0 136.868 NA 227 442 0 NA NA NA NA NA NA 377 691 0 NA NA NA NA NA NA 3929 17350 1878 NA NA NA NA NA NA 3738 6470 1942 NA NA NA NA NA
1550181600.0 136.869 NA 245 481 0 NA NA NA NA NA NA 409 750 0 NA NA NA NA NA NA 5103 23095 1960 NA NA NA NA NA NA 2807 8007 2130 NA NA NA NA NA
1550181600.0 136.87 NA 231 357 0 NA NA NA NA NA NA 356 571 0 NA NA NA NA NA NA 2686 4177 1625 NA NA NA NA NA NA 2674 3979 1958 NA NA NA NA NA
1550181600.0 136.871 NA 254 496 0 NA NA NA NA NA NA 424 799 0 NA NA NA NA NA NA 5861 26730 1941 NA NA NA NA NA NA 3248 8815 2349 NA NA NA NA NA
1550181600.0 136.872 NA 244 474 0 NA NA NA NA NA NA 405 733 0 NA NA NA NA NA NA 5377 24565 1848 NA NA NA NA NA NA 3001 8543 2114 NA NA NA NA NA
1550181600.0 136.873 NA 239 447 0 NA NA NA NA NA NA 388 711 0 NA NA NA NA NA NA 3983 18235 1787 NA NA NA NA NA NA 3156 6218 1857 NA NA NA NA NA
1550181600.0 136.874 NA 239 507 0 NA NA NA NA NA NA 409 793 0 NA NA NA NA NA NA 4560 19616 1890 NA NA NA NA NA NA 4418 7060 1967 NA NA NA NA NA
1550181600.0 136.875 NA 235 454 0 NA NA NA NA NA NA 399 702 0 NA NA NA NA NA NA 4517 18471 1756 NA NA NA NA NA NA 3510 6630 1837 NA NA NA NA NA
1550181600.0 136.876 NA 251 489 0 NA NA NA NA NA NA 400 779 0 NA NA NA NA NA NA 4479 21547 1873 NA NA NA NA NA NA 3386 7382 1949 NA NA NA NA NA
1550181600.0 136.877 NA 243 493 0 NA NA NA NA NA NA 390 787 0 NA NA NA NA NA NA 4096 19550 1816 NA NA NA NA NA NA 3314 6851 1906 NA NA NA NA NA
1550181600.0 136.878 NA 250 465 0 NA NA NA NA NA NA 398 739 0 NA NA NA NA NA NA 4534 20205 1824 NA NA NA NA NA NA 2929 6912 1894 NA NA NA NA NA
1550181600.0 136.879 NA 235 524 0 NA NA NA NA NA NA 398 801 0 NA NA NA NA NA NA 4250 17747 1849 NA NA NA NA NA NA 3450 6338 1926 NA NA NA NA NA
1550181600.0 136.88 NA 250 440 0 NA NA NA NA NA NA 391 695 0 NA NA NA NA NA NA 4355 15712 2004 NA NA NA NA NA NA 4344 6312 2219 NA NA NA NA NA
1550181600.0 136.881 NA 233 454 0 NA NA NA NA NA NA 396 690 0 NA NA NA NA NA NA 4278 17828 1861 NA NA NA NA NA NA 3419 6352 1930 NA NA NA NA NA
1550181600.0 136.882 NA 250 393 0 NA NA NA NA NA NA 394 604 0 NA NA NA NA NA NA 2855 5380 1645 NA NA NA NA NA NA 3268 3959 1705 NA NA NA NA NA
1550181600.0 136.883 NA 259 494 0 NA NA NA NA NA NA 427 769 0 NA NA NA NA NA NA 5496 23425 1926 NA NA NA NA NA NA 2823 7983 2002 NA NA NA NA NA
1550181600.0 136.884 NA 240 466 0 NA NA NA NA NA NA 407 701 0 NA NA NA NA NA NA 4802 21037 1979 NA NA NA NA NA NA 2611 7432 2034 NA NA NA NA NA
1550181600.0 136.885 NA 237 461 0 NA NA NA NA NA NA 413 675 0 NA NA NA NA NA NA 4035 18054 1790 NA NA NA NA NA NA 3159 6259 1864 NA NA NA NA NA
1550181600.0 136.886 NA 260 496 0 NA NA NA NA NA NA 404 837 0 NA NA NA NA NA NA 4217 19362 1799 NA NA NA NA NA NA 3524 6749 1868 NA NA NA NA NA
1550181600.0 136.887 NA 239 452 0 NA NA NA NA NA NA 399 743 0 NA NA NA NA NA NA 4391 17725 1824 NA NA NA NA NA NA 3585 6235 1895 NA NA NA NA NA
1550181600.0 136.888 NA 257 497 0 NA NA NA NA NA NA 391 778 0 NA NA NA NA NA NA 4986 21455 1870 NA NA NA NA NA NA 3234 7432 1952 NA NA NA NA NA
1550181600.0 136.889 NA 242 491 0 NA NA NA NA NA NA 403 801 0 NA NA NA NA NA NA 4327 20935 1774 NA NA NA NA NA NA 3729 7134 1846 NA NA NA NA NA
1550181600.0 136.89 NA 243 463 0 NA NA NA NA NA NA 401 692 0 NA NA NA NA NA NA 4490 19217 1798 NA NA NA NA NA NA 3608 6610 1873 NA NA NA NA NA
1550181600.0 136.891 NA 234 517 0 NA NA NA NA NA NA 420 876 0 NA NA NA NA NA NA 4247 17495 1829 NA NA NA NA NA NA 3392 6306 1936 NA NA NA NA NA
1550181600.0 136.892 NA 253 456 0 NA NA NA NA NA NA 398 665 0 NA NA NA NA NA NA 4519 17324 1680 NA NA NA NA NA NA 4261 6567 1774 NA NA NA NA NA
1550181600.0 136.893 NA 241 466 0 NA NA NA NA NA NA 403 695 0 NA NA NA NA NA NA 4940 21395 1908 NA NA NA NA NA NA 2756 7228 1983 NA NA NA NA NA
1550181600.0 136.894 NA 248 433 0 NA NA NA NA NA NA 372 661 0 NA NA NA NA NA NA 4027 9072 1554 NA NA NA NA NA NA 4863 5341 1689 NA NA NA NA NA
1550181600.0 136.895 NA 266 491 0 NA NA NA NA NA NA 420 827 0 NA NA NA NA NA NA 5511 22121 2162 NA NA NA NA NA NA 2980 7693 2244 NA NA NA NA NA
1550181600.0 136.896 NA 245 469 0 NA NA NA NA NA NA 393 742 0 NA NA NA NA NA NA 4760 21896 2057 NA NA NA NA NA NA 2623 7528 2111 NA NA NA NA NA
1550181600.0 1360.0 68 121 332 0 NA NA NA NA NA 145 561 620 0 NA NA NA NA NA 1928 675 2264 1231 NA NA NA NA NA 1763 1121 5093 1652 NA NA NA NA NA
1550181600.0 1361.0 90 143 336 0 NA NA NA NA NA 174 516 520 0 NA NA NA NA NA 4112 801 2368 1103 NA NA NA NA NA 3752 711 2600 1591 NA NA NA NA NA
1550181600.0 1361.17 72 164 368 0 NA NA NA NA NA 145 563 638 0 NA NA NA NA NA 3991 867 2304 1588 NA NA NA NA NA 3302 1206 2122 2397 NA NA NA NA NA
1550181600.0 1362.0 103 137 342 0 NA NA NA NA NA 185 605 570 0 NA NA NA NA NA 5833 690 2156 1089 NA NA NA NA NA 6092 969 2131 1213 NA NA NA NA NA
1550181600.0 1362.17 74 168 363 0 NA NA NA NA NA 153 608 627 0 NA NA NA NA NA 6683 894 2459 1534 NA NA NA NA NA 7978 678 2641 1688 NA NA NA NA NA
1550181600.0 1363.0 91 144 338 0 NA NA NA NA NA 180 560 572 0 NA NA NA NA NA 6840 657 2379 1180 NA NA NA NA NA 8075 661 2744 1407 NA NA NA NA NA
1550181600.0 1363.17 76 168 365 0 NA NA NA NA NA 153 605 637 0 NA NA NA NA NA 5774 775 2289 1486 NA NA NA NA NA 5476 786 2318 1627 NA NA NA NA NA
1550181600.0 1364.0 NA 144 291 0 NA NA NA NA NA NA 613 501 0 NA NA NA NA NA NA 756 1840 957 NA NA NA NA NA NA 639 2163 1029 NA NA NA NA NA
1550181600.0 1365.0 NA 147 298 0 NA NA NA NA NA NA 569 523 0 NA NA NA NA NA NA 649 1850 957 NA NA NA NA NA NA 761 2091 1189 NA NA NA NA NA
1550181600.0 1366.0 NA 146 350 0 NA NA NA NA NA NA 614 611 0 NA NA NA NA NA NA 743 2088 992 NA NA NA NA NA NA 727 2446 1218 NA NA NA NA NA
1550181600.0 137.8 NA 253 549 NA 266 504 0 NA NA NA 401 830 NA 426 798 0 NA NA NA 4552 19897 NA 4455 19862 3058 NA NA NA 3044 8109 NA 2434 7051 3168 NA NA
1550181600.0 139901.0 NA 141 335 0 NA NA NA NA NA NA 614 545 0 NA NA NA NA NA NA 747 2177 1127 NA NA NA NA NA NA 810 2295 1292 NA NA NA NA NA
1550181600.0 139902.0 NA 141 344 0 NA NA NA NA NA NA 612 553 0 NA NA NA NA NA NA 739 2364 1141 NA NA NA NA NA NA 1190 2398 1383 NA NA NA NA NA
1550181600.0 13992501.0 NA 320 575 0 NA NA NA NA NA NA 626 788 0 NA NA NA NA NA NA 3437 4629 964 NA NA NA NA NA NA 1409 2613 1006 NA NA NA NA NA
1550181600.0 13992502.0 NA 324 614 0 NA NA NA NA NA NA 585 843 0 NA NA NA NA NA NA 3429 4336 841 NA NA NA NA NA NA 1738 2413 922 NA NA NA NA NA
1550181600.0 14.0 NA 130 298 0 NA NA NA NA NA NA 597 534 0 NA NA NA NA NA NA 2795 5597 1124 NA NA NA NA NA NA 1360 3025 1196 NA NA NA NA NA
1550181600.0 140.0 80 156 199 0 NA NA NA NA NA 147 587 326 0 NA NA NA NA NA 3349 620 1351 400 NA NA NA NA NA 4054 447 1758 556 NA NA NA NA NA
1550181600.0 140.51 NA 41 224 0 NA NA NA NA NA NA 108 351 0 NA NA NA NA NA NA 693 1998 500 NA NA NA NA NA NA 809 1304 607 NA NA NA NA NA
1550181600.0 140.52 NA 265 225 0 NA NA NA NA NA NA 398 367 0 NA NA NA NA NA NA 3192 1905 442 NA NA NA NA NA NA 3864 1964 672 NA NA NA NA NA
1550181600.0 140.53 NA 303 0 NA NA NA NA NA NA NA 447 0 NA NA NA NA NA NA NA 3369 504 NA NA NA NA NA NA NA 1661 657 NA NA NA NA NA NA
1550181600.0 140.54 NA 284 0 NA NA NA NA NA NA NA 504 0 NA NA NA NA NA NA NA 1895 684 NA NA NA NA NA NA NA 2085 827 NA NA NA NA NA NA
1550181600.0 140.55 NA 86 65 379 0 NA NA NA NA NA 156 146 677 0 NA NA NA NA NA 1716 2396 14671 471 NA NA NA NA NA 1296 1616 5477 608 NA NA NA NA
1550181600.0 140.56 NA 707 0 NA NA NA NA NA NA NA 1321 0 NA NA NA NA NA NA NA 19753 1117 NA NA NA NA NA NA NA 7421 1178 NA NA NA NA NA NA
1550181600.0 140.57 NA 434 0 NA NA NA NA NA NA NA 759 0 NA NA NA NA NA NA NA 3396 1021 NA NA NA NA NA NA NA 2264 1360 NA NA NA NA NA NA
1550181600.0 144.6 NA 295 NA NA NA NA NA NA NA NA 504 NA NA NA NA NA NA NA NA 3134 NA NA NA NA NA NA NA NA 2519 NA NA NA NA NA NA NA
1550181600.0 145.0 74 163 191 0 NA NA NA NA NA 136 590 341 0 NA NA NA NA NA 2749 601 1156 378 NA NA NA NA NA 3526 479 1716 548 NA NA NA NA NA
1550181600.0 148.0 158 265 497 0 NA NA NA NA NA 254 656 753 0 NA NA NA NA NA 15499 1879 12582 1563 NA NA NA NA NA 15624 1848 5312 1671 NA NA NA NA NA
1550181600.0 149.0 61 148 353 0 NA NA NA NA NA 129 560 613 0 NA NA NA NA NA 2365 518 1907 1388 NA NA NA NA NA 3240 1115 2703 1739 NA NA NA NA NA
1550181600.0 15.0 NA 124 281 0 NA NA NA NA NA NA 559 606 0 NA NA NA NA NA NA 1865 2496 908 NA NA NA NA NA NA 1432 2244 1193 NA NA NA NA NA
1550181600.0 150.0 70 142 241 0 NA NA NA NA NA 129 559 401 0 NA NA NA NA NA 3943 929 1083 588 NA NA NA NA NA 3763 919 1350 812 NA NA NA NA NA
1550181600.0 158.0 69 259 371 65 0 NA NA NA NA 129 655 640 115 0 NA NA NA NA 2755 1216 2505 298 1859 NA NA NA NA 4954 1041 2446 427 2154 NA NA NA NA
1550181600.0 158.1 NA 211 360 0 NA NA NA NA NA NA 668 660 0 NA NA NA NA NA NA 1083 2454 1744 NA NA NA NA NA NA 1706 2772 2920 NA NA NA NA NA
1550181600.0 158.2 NA 256 363 0 NA NA NA NA NA NA 727 604 0 NA NA NA NA NA NA 1034 2391 1690 NA NA NA NA NA NA 1511 3819 1799 NA NA NA NA NA
1550181600.0 158.3 NA 244 368 0 NA NA NA NA NA NA 665 591 0 NA NA NA NA NA NA 957 2005 1485 NA NA NA NA NA NA 1185 3203 1978 NA NA NA NA NA
1550181600.0 16.0 NA 123 293 0 NA NA NA NA NA NA 550 567 0 NA NA NA NA NA NA 1871 2418 818 NA NA NA NA NA NA 892 2541 1746 NA NA NA NA NA
1550181600.0 17.0 NA 130 274 0 NA NA NA NA NA NA 597 515 0 NA NA NA NA NA NA 1670 2183 807 NA NA NA NA NA NA 958 1974 1816 NA NA NA NA NA
1550181600.0 18.0 NA 110 287 0 NA NA NA NA NA NA 606 509 0 NA NA NA NA NA NA 1809 2526 794 NA NA NA NA NA NA 1556 3398 959 NA NA NA NA NA
1550181600.0 19.0 NA 126 275 0 NA NA NA NA NA NA 605 526 0 NA NA NA NA NA NA 2007 2452 862 NA NA NA NA NA NA 987 4288 924 NA NA NA NA NA
1550181600.0 2.0 95 111 232 NA NA NA NA NA NA 215 587 415 NA NA NA NA NA NA 2819 1323 1566 NA NA NA NA NA NA 1894 1804 2020 NA NA NA NA NA NA
1550181600.0 20.0 NA 116 286 0 NA NA NA NA NA NA 559 547 0 NA NA NA NA NA NA 1762 2230 869 NA NA NA NA NA NA 831 2599 988 NA NA NA NA NA
1550181600.0 200.0 NA 179 353 0 NA NA NA NA NA NA 576 559 0 NA NA NA NA NA NA 1193 2737 1029 NA NA NA NA NA NA 1008 2463 1129 NA NA NA NA NA
1550181600.0 20034.0 NA 297 371 0 NA NA NA NA NA NA 466 600 0 NA NA NA NA NA NA 2983 3036 1110 NA NA NA NA NA NA 2079 2562 1657 NA NA NA NA NA
1550181600.0 20034.1 NA 304 205 0 NA NA NA NA NA NA 492 280 0 NA NA NA NA NA NA 3233 1984 639 NA NA NA NA NA NA 3031 2735 749 NA NA NA NA NA
1550181600.0 20034.11 NA 300 366 0 NA NA NA NA NA NA 504 563 0 NA NA NA NA NA NA 2701 2620 927 NA NA NA NA NA NA 1668 2203 1215 NA NA NA NA NA
1550181600.0 2017.1 362 0 143 NA NA NA NA NA NA 830 0 223 NA NA NA NA NA NA 1921 563 657 NA NA NA NA NA NA 1643 721 695 NA NA NA NA NA NA
1550181600.0 2017.11 408 0 133 NA NA NA NA NA NA 791 0 225 NA NA NA NA NA NA 1904 615 990 NA NA NA NA NA NA 2213 803 1845 NA NA NA NA NA NA
1550181600.0 2017.12 400 0 129 NA NA NA NA NA NA 825 0 231 NA NA NA NA NA NA 1314 510 691 NA NA NA NA NA NA 1192 609 1198 NA NA NA NA NA NA
1550181600.0 2017.13 378 0 NA NA NA NA NA NA NA 830 0 NA NA NA NA NA NA NA 1758 697 NA NA NA NA NA NA NA 1500 924 NA NA NA NA NA NA NA
1550181600.0 2017.2 326 0 119 NA NA NA NA NA NA 825 0 212 NA NA NA NA NA NA 1456 500 946 NA NA NA NA NA NA 2366 907 2135 NA NA NA NA NA NA
1550181600.0 2017.3 311 0 133 NA NA NA NA NA NA 776 0 223 NA NA NA NA NA NA 2282 431 622 NA NA NA NA NA NA 4463 624 933 NA NA NA NA NA NA
1550181600.0 2017.4 359 0 125 NA NA NA NA NA NA 778 0 218 NA NA NA NA NA NA 1684 551 656 NA NA NA NA NA NA 1380 983 742 NA NA NA NA NA NA
1550181600.0 2017.5 396 0 131 NA NA NA NA NA NA 830 0 231 NA NA NA NA NA NA 1788 813 672 NA NA NA NA NA NA 2085 1255 1264 NA NA NA NA NA NA
1550181600.0 2017.6 390 0 130 NA NA NA NA NA NA 734 0 227 NA NA NA NA NA NA 1842 718 775 NA NA NA NA NA NA 2202 1343 1444 NA NA NA NA NA NA
1550181600.0 2017.7 393 0 125 NA NA NA NA NA NA 781 0 225 NA NA NA NA NA NA 2002 553 686 NA NA NA NA NA NA 3402 650 1247 NA NA NA NA NA NA
1550181600.0 2017.8 198 NA NA NA NA NA NA NA NA 311 NA NA NA NA NA NA NA NA 744 NA NA NA NA NA NA NA NA 1131 NA NA NA NA NA NA NA NA
1550181600.0 2017.9 375 0 140 NA NA NA NA NA NA 784 0 220 NA NA NA NA NA NA 1683 523 627 NA NA NA NA NA NA 1789 665 780 NA NA NA NA NA NA
1550181600.0 2018.1 371 0 141 NA NA NA NA NA NA 780 0 223 NA NA NA NA NA NA 1859 560 733 NA NA NA NA NA NA 1653 703 1721 NA NA NA NA NA NA
1550181600.0 2018.11 397 0 127 NA NA NA NA NA NA 778 0 235 NA NA NA NA NA NA 4632 505 821 NA NA NA NA NA NA 3131 573 1274 NA NA NA NA NA NA
1550181600.0 2018.12 403 0 132 NA NA NA NA NA NA 824 0 215 NA NA NA NA NA NA 1721 591 657 NA NA NA NA NA NA 1497 960 1277 NA NA NA NA NA NA
1550181600.0 2018.13 380 0 NA NA NA NA NA NA NA 765 0 NA NA NA NA NA NA NA 1763 642 NA NA NA NA NA NA NA 1952 736 NA NA NA NA NA NA NA
1550181600.0 2018.2 318 0 131 NA NA NA NA NA NA 828 0 228 NA NA NA NA NA NA 1602 475 717 NA NA NA NA NA NA 1467 694 849 NA NA NA NA NA NA
1550181600.0 2018.3 323 0 130 NA NA NA NA NA NA 796 0 217 NA NA NA NA NA NA 1616 446 678 NA NA NA NA NA NA 2036 518 875 NA NA NA NA NA NA
1550181600.0 2018.4 396 0 134 NA NA NA NA NA NA 773 0 225 NA NA NA NA NA NA 1677 509 624 NA NA NA NA NA NA 2248 775 972 NA NA NA NA NA NA
1550181600.0 2018.5 366 0 133 NA NA NA NA NA NA 829 0 230 NA NA NA NA NA NA 1698 516 669 NA NA NA NA NA NA 1450 622 830 NA NA NA NA NA NA
1550181600.0 2018.6 392 0 136 NA NA NA NA NA NA 823 0 227 NA NA NA NA NA NA 1611 495 700 NA NA NA NA NA NA 1757 668 1093 NA NA NA NA NA NA
1550181600.0 2018.7 362 0 134 NA NA NA NA NA NA 774 0 231 NA NA NA NA NA NA 1804 549 676 NA NA NA NA NA NA 2205 721 760 NA NA NA NA NA NA
1550181600.0 2018.8 190 NA NA NA NA NA NA NA NA 306 NA NA NA NA NA NA NA NA 664 NA NA NA NA NA NA NA NA 734 NA NA NA NA NA NA NA NA
1550181600.0 2018.9 407 0 121 NA NA NA NA NA NA 775 0 217 NA NA NA NA NA NA 1661 462 655 NA NA NA NA NA NA 2076 556 1221 NA NA NA NA NA NA
1550181600.0 202.0 NA 177 357 0 NA NA NA NA NA NA 530 611 0 NA NA NA NA NA NA 915 2431 915 NA NA NA NA NA NA 854 1995 1381 NA NA NA NA NA
1550181600.0 20234.99 NA 410 516 500 0 NA NA NA NA NA 626 723 756 0 NA NA NA NA NA 6995 4930 5852 1105 NA NA NA NA NA 3040 2341 3100 1200 NA NA NA NA
1550181600.0 20261.97 411 NA NA NA NA NA NA NA NA 628 NA NA NA NA NA NA NA NA 6232 NA NA NA NA NA NA NA NA 2588 NA NA NA NA NA NA NA NA
1550181600.0 203.0 NA 197 375 0 NA NA NA NA NA NA 575 635 0 NA NA NA NA NA NA 1200 3127 1003 NA NA NA NA NA NA 970 2720 1134 NA NA NA NA NA
1550181600.0 204.0 97 176 362 0 NA NA NA NA NA 211 609 615 0 NA NA NA NA NA 2746 1037 2337 889 NA NA NA NA NA 2012 887 3619 1081 NA NA NA NA NA
1550181600.0 20434.0 103 326 381 0 NA NA NA NA NA 171 541 538 0 NA NA NA NA NA 6316 2944 3460 1042 NA NA NA NA NA 4901 1940 2819 1373 NA NA NA NA NA
1550181600.0 205.0 NA 175 343 0 NA NA NA NA NA NA 576 588 0 NA NA NA NA NA NA 1082 2441 911 NA NA NA NA NA NA 1653 2279 1276 NA NA NA NA NA
1550181600.0 21.0 NA 101 286 0 NA NA NA NA NA NA 562 520 0 NA NA NA NA NA NA 2306 2821 926 NA NA NA NA NA NA 2563 3518 1120 NA NA NA NA NA
1550181600.0 21234.0 90 294 368 0 NA NA NA NA NA 160 473 573 0 NA NA NA NA NA 6362 2951 3121 1055 NA NA NA NA NA 3411 1735 2553 1144 NA NA NA NA NA
1550181600.0 21234.11 102 305 371 0 NA NA NA NA NA 177 454 555 0 NA NA NA NA NA 7030 3116 3234 1018 NA NA NA NA NA 4125 1894 4878 1093 NA NA NA NA NA
1550181600.0 21634.0 90 294 372 0 NA NA NA NA NA 159 513 574 0 NA NA NA NA NA 6329 3003 3116 1004 NA NA NA NA NA 3802 1896 2474 1094 NA NA NA NA NA
1550181600.0 22.0 NA 123 294 0 NA NA NA NA NA NA 561 590 0 NA NA NA NA NA NA 2667 3081 954 NA NA NA NA NA NA 2444 2923 1144 NA NA NA NA NA
1550181600.0 22034.0 90 297 382 0 NA NA NA NA NA 159 481 568 0 NA NA NA NA NA 6255 2778 3145 1006 NA NA NA NA NA 3640 1638 2511 2615 NA NA NA NA NA
1550181600.0 22434.0 105 306 392 0 NA NA NA NA NA 176 484 615 0 NA NA NA NA NA 6599 3508 4118 920 NA NA NA NA NA 3293 3023 3413 1044 NA NA NA NA NA
1550181600.0 23.0 NA 132 296 0 NA NA NA NA NA NA 597 536 0 NA NA NA NA NA NA 2583 3573 1152 NA NA NA NA NA NA 2340 2579 1571 NA NA NA NA NA
1550181600.0 23234.0 93 297 370 0 NA NA NA NA NA 159 484 583 0 NA NA NA NA NA 6591 2764 3111 999 NA NA NA NA NA 3875 1754 2502 1124 NA NA NA NA NA
1550181600.0 23634.0 92 302 372 0 NA NA NA NA NA 156 458 550 0 NA NA NA NA NA 6824 2722 3082 1055 NA NA NA NA NA 3941 1662 2393 1338 NA NA NA NA NA
1550181600.0 24.0 NA 141 308 0 NA NA NA NA NA NA 596 536 0 NA NA NA NA NA NA 2905 4529 1187 NA NA NA NA NA NA 1687 3138 1312 NA NA NA NA NA
1550181600.0 24034.0 81 274 369 0 NA NA NA NA NA 145 463 590 0 NA NA NA NA NA 6636 3360 2848 852 NA NA NA NA NA 4747 2340 2446 1167 NA NA NA NA NA
1550181600.0 25.0 NA 130 332 0 81 NA NA NA NA NA 553 529 0 124 NA NA NA NA NA 2605 4474 1008 440 NA NA NA NA NA 1283 2494 1064 574 NA NA NA NA
1550181600.0 250199.0 337 NA NA NA NA NA NA NA NA 575 NA NA NA NA NA NA NA NA 4604 NA NA NA NA NA NA NA NA 3214 NA NA NA NA NA NA NA NA
1550181600.0 250199.17 330 NA NA NA NA NA NA NA NA 625 NA NA NA NA NA NA NA NA 4400 NA NA NA NA NA NA NA NA 2011 NA NA NA NA NA NA NA NA
1550181600.0 250199.18 460 NA NA NA NA NA NA NA NA 677 NA NA NA NA NA NA NA NA 6589 NA NA NA NA NA NA NA NA 6097 NA NA NA NA NA NA NA NA
1550181600.0 250200.0 NA 316 419 0 NA NA NA NA NA NA 679 619 0 NA NA NA NA NA NA 15704 3454 1052 NA NA NA NA NA NA 6471 2306 1139 NA NA NA NA NA
1550181600.0 250200.1 100 312 287 NA NA NA NA NA NA 175 625 488 NA NA NA NA NA NA 2603 1858 1993 NA NA NA NA NA NA 2426 1472 1936 NA NA NA NA NA NA
1550181600.0 250200.117 74 374 287 NA NA NA NA NA NA 150 627 526 NA NA NA NA NA NA 2505 2299 1774 NA NA NA NA NA NA 2125 1474 1339 NA NA NA NA NA NA
1550181600.0 250200.118 73 494 328 165 NA NA NA NA NA 141 720 628 258 NA NA NA NA NA 2842 4224 3081 984 NA NA NA NA NA 2575 3124 2909 1567 NA NA NA NA NA
1550181600.0 250200.17 NA 361 458 0 NA NA NA NA NA NA 779 713 0 NA NA NA NA NA NA 16187 4331 1552 NA NA NA NA NA NA 7886 2794 1793 NA NA NA NA NA
1550181600.0 250200.18 NA 537 542 0 NA NA NA NA NA NA 968 756 0 NA NA NA NA NA NA 29302 5277 2769 NA NA NA NA NA NA 12892 3166 2963 NA NA NA NA NA
1550181600.0 250202.0 NA 329 442 0 NA NA NA NA NA NA 676 643 0 NA NA NA NA NA NA 16592 4050 1084 NA NA NA NA NA NA 6447 2471 1141 NA NA NA NA NA
1550181600.0 250202.1 NA 299 324 423 0 NA NA NA NA NA 621 719 642 0 NA NA NA NA NA 4740 18473 4294 1189 NA NA NA NA NA 3636 6686 2712 1280 NA NA NA NA
1550181600.0 250202.118 75 506 299 168 NA NA NA NA NA 146 750 474 262 NA NA NA NA NA 3431 4773 3079 1196 NA NA NA NA NA 2374 3121 1937 1568 NA NA NA NA NA
1550181600.0 250202.17 NA 373 472 0 NA NA NA NA NA NA 730 688 0 NA NA NA NA NA NA 18757 4500 1624 NA NA NA NA NA NA 9868 2699 1699 NA NA NA NA NA
1550181600.0 250202.171 NA 341 369 489 0 NA NA NA NA NA 625 666 755 0 NA NA NA NA NA 4662 18987 4464 1585 NA NA NA NA NA 1999 6912 2601 1693 NA NA NA NA
1550181600.0 250202.18 NA 540 539 0 NA NA NA NA NA NA 1065 726 0 NA NA NA NA NA NA 31669 6109 2720 NA NA NA NA NA NA 19902 3678 2909 NA NA NA NA NA
1550181600.0 250202.181 NA 411 562 569 0 NA NA NA NA NA 677 1133 789 0 NA NA NA NA NA 7035 31272 6031 2728 NA NA NA NA NA 5106 10830 3234 2901 NA NA NA NA
1550181600.0 250203.0 NA 334 430 0 NA NA NA NA NA NA 627 703 0 NA NA NA NA NA NA 17634 3809 1188 NA NA NA NA NA NA 6839 2424 1308 NA NA NA NA NA
1550181600.0 250203.17 NA 370 453 0 NA NA NA NA NA NA 731 654 0 NA NA NA NA NA NA 17489 3803 1533 NA NA NA NA NA NA 6336 2442 1648 NA NA NA NA NA
1550181600.0 250203.18 NA 535 534 0 NA NA NA NA NA NA 904 786 0 NA NA NA NA NA NA 28961 5316 2702 NA NA NA NA NA NA 13350 3190 2829 NA NA NA NA NA
1550181600.0 250204.17 NA 373 456 0 NA NA NA NA NA NA 679 698 0 NA NA NA NA NA NA 16798 4227 1566 NA NA NA NA NA NA 8020 2679 1711 NA NA NA NA NA
1550181600.0 250205.0 NA 321 433 0 NA NA NA NA NA NA 781 642 0 NA NA NA NA NA NA 14979 3416 1083 NA NA NA NA NA NA 8385 2217 1178 NA NA NA NA NA
1550181600.0 250205.17 NA 379 460 0 NA NA NA NA NA NA 779 702 0 NA NA NA NA NA NA 17382 3747 1522 NA NA NA NA NA NA 6299 2648 1708 NA NA NA NA NA
1550181600.0 250205.18 NA 521 533 0 NA NA NA NA NA NA 955 827 0 NA NA NA NA NA NA 28789 5448 2761 NA NA NA NA NA NA 12869 3308 2968 NA NA NA NA NA
1550181600.0 250206.0 NA 319 420 0 NA NA NA NA NA NA 627 615 0 NA NA NA NA NA NA 17467 4101 1147 NA NA NA NA NA NA 10243 2969 1514 NA NA NA NA NA
1550181600.0 250206.118 72 494 291 169 NA NA NA NA NA 141 707 577 259 NA NA NA NA NA 1907 3642 2398 1035 NA NA NA NA NA 1208 3393 1817 1232 NA NA NA NA NA
1550181600.0 250206.17 NA 366 444 0 NA NA NA NA NA NA 678 683 0 NA NA NA NA NA NA 17246 3963 1699 NA NA NA NA NA NA 8655 2604 1789 NA NA NA NA NA
1550181600.0 250206.18 NA 512 594 0 NA NA NA NA NA NA 902 797 0 NA NA NA NA NA NA 29392 5973 2691 NA NA NA NA NA NA 13986 3286 2857 NA NA NA NA NA
1550181600.0 250206.181 NA 434 542 561 0 NA NA NA NA NA 625 993 853 0 NA NA NA NA NA 7329 31925 6039 2865 NA NA NA NA NA 4505 10931 3448 2979 NA NA NA NA
1550181600.0 250207.17 NA 362 446 0 NA NA NA NA NA NA 724 666 0 NA NA NA NA NA NA 16587 3955 1735 NA NA NA NA NA NA 10411 2710 2255 NA NA NA NA NA
1550181600.0 250207.18 NA 535 526 0 NA NA NA NA NA NA 955 765 0 NA NA NA NA NA NA 27684 5162 2685 NA NA NA NA NA NA 14393 3012 2828 NA NA NA NA NA
1550181600.0 250208.17 NA 382 474 0 NA NA NA NA NA NA 727 754 0 NA NA NA NA NA NA 20014 5325 1655 NA NA NA NA NA NA 10108 3212 1743 NA NA NA NA NA
1550181600.0 250208.18 NA 559 559 0 NA NA NA NA NA NA 1086 830 0 NA NA NA NA NA NA 33791 7669 2878 NA NA NA NA NA NA 14670 3745 3008 NA NA NA NA NA
1550181600.0 250399.0 220 NA NA NA NA NA NA NA NA 580 NA NA NA NA NA NA NA NA 1467 NA NA NA NA NA NA NA NA 959 NA NA NA NA NA NA NA NA
1550181600.0 250399.17 285 NA NA NA NA NA NA NA NA 620 NA NA NA NA NA NA NA NA 2237 NA NA NA NA NA NA NA NA 2890 NA NA NA NA NA NA NA NA
1550181600.0 250399.18 312 NA NA NA NA NA NA NA NA 575 NA NA NA NA NA NA NA NA 2076 NA NA NA NA NA NA NA NA 1195 NA NA NA NA NA NA NA NA
1550181600.0 250400.0 346 0 125 NA NA NA NA NA NA 763 0 223 NA NA NA NA NA NA 1949 463 782 NA NA NA NA NA NA 1641 548 2303 NA NA NA NA NA NA
1550181600.0 250400.17 429 0 134 NA NA NA NA NA NA 780 0 218 NA NA NA NA NA NA 2553 489 820 NA NA NA NA NA NA 2937 642 1169 NA NA NA NA NA NA
1550181600.0 250400.18 426 0 143 NA NA NA NA NA NA 786 0 231 NA NA NA NA NA NA 2373 516 737 NA NA NA NA NA NA 1909 597 828 NA NA NA NA NA NA
1550181600.0 250402.0 345 0 130 NA NA NA NA NA NA 808 0 232 NA NA NA NA NA NA 2094 467 805 NA NA NA NA NA NA 2559 536 993 NA NA NA NA NA NA
1550181600.0 250402.1 228 368 0 NA NA NA NA NA NA 623 787 0 NA NA NA NA NA NA 1504 1879 628 NA NA NA NA NA NA 1264 1589 974 NA NA NA NA NA NA
1550181600.0 250402.17 441 0 138 NA NA NA NA NA NA 786 0 233 NA NA NA NA NA NA 2232 515 845 NA NA NA NA NA NA 2431 634 1266 NA NA NA NA NA NA
1550181600.0 250402.171 290 434 0 NA NA NA NA NA NA 617 824 0 NA NA NA NA NA NA 1824 1852 462 NA NA NA NA NA NA 2771 1246 503 NA NA NA NA NA NA
1550181600.0 250402.18 424 0 140 NA NA NA NA NA NA 856 0 231 NA NA NA NA NA NA 2424 532 810 NA NA NA NA NA NA 2030 611 898 NA NA NA NA NA NA
1550181600.0 250402.181 301 428 0 NA NA NA NA NA NA 617 775 0 NA NA NA NA NA NA 2117 2597 494 NA NA NA NA NA NA 1489 1765 543 NA NA NA NA NA NA
1550181600.0 250403.0 373 0 131 NA NA NA NA NA NA 714 0 243 NA NA NA NA NA NA 2512 497 963 NA NA NA NA NA NA 2880 1092 1423 NA NA NA NA NA NA
1550181600.0 250403.17 426 0 138 NA NA NA NA NA NA 757 0 234 NA NA NA NA NA NA 2679 521 786 NA NA NA NA NA NA 2857 1156 1434 NA NA NA NA NA NA
1550181600.0 250403.18 414 0 130 NA NA NA NA NA NA 834 0 232 NA NA NA NA NA NA 2316 502 817 NA NA NA NA NA NA 1737 627 879 NA NA NA NA NA NA
1550181600.0 250405.0 363 0 130 NA NA NA NA NA NA 759 0 227 NA NA NA NA NA NA 2008 468 718 NA NA NA NA NA NA 2761 569 1418 NA NA NA NA NA NA
1550181600.0 250405.17 399 0 126 NA NA NA NA NA NA 789 0 229 NA NA NA NA NA NA 2307 510 828 NA NA NA NA NA NA 2487 745 2843 NA NA NA NA NA NA
1550181600.0 250405.18 410 0 133 NA NA NA NA NA NA 837 0 224 NA NA NA NA NA NA 2402 484 789 NA NA NA NA NA NA 1785 558 806 NA NA NA NA NA NA
1550181600.0 250406.0 381 0 130 NA NA NA NA NA NA 811 0 224 NA NA NA NA NA NA 1485 403 680 NA NA NA NA NA NA 1412 496 1214 NA NA NA NA NA NA
1550181600.0 250406.17 409 0 127 NA NA NA NA NA NA 786 0 236 NA NA NA NA NA NA 2911 465 771 NA NA NA NA NA NA 4074 569 1168 NA NA NA NA NA NA
1550181600.0 250406.18 449 0 146 NA NA NA NA NA NA 836 0 221 NA NA NA NA NA NA 2027 541 674 NA NA NA NA NA NA 1688 609 697 NA NA NA NA NA NA
1550181600.0 250407.0 298 0 134 NA NA NA NA NA NA 763 0 220 NA NA NA NA NA NA 1793 383 708 NA NA NA NA NA NA 2120 565 1421 NA NA NA NA NA NA
1550181600.0 250407.17 363 0 133 NA NA NA NA NA NA 779 0 233 NA NA NA NA NA NA 2304 433 768 NA NA NA NA NA NA 3079 1068 1403 NA NA NA NA NA NA
1550181600.0 250407.18 373 0 139 NA NA NA NA NA NA 837 0 235 NA NA NA NA NA NA 2048 404 689 NA NA NA NA NA NA 1780 752 717 NA NA NA NA NA NA
1550181600.0 250408.0 360 0 148 NA NA NA NA NA NA 762 0 229 NA NA NA NA NA NA 2069 484 763 NA NA NA NA NA NA 1633 575 1096 NA NA NA NA NA NA
1550181600.0 250408.17 437 0 140 NA NA NA NA NA NA 835 0 234 NA NA NA NA NA NA 2281 507 854 NA NA NA NA NA NA 2289 643 1308 NA NA NA NA NA NA
1550181600.0 250408.18 418 0 129 NA NA NA NA NA NA 781 0 236 NA NA NA NA NA NA 2456 525 846 NA NA NA NA NA NA 1818 737 885 NA NA NA NA NA NA
1550181600.0 250409.0 388 0 138 NA NA NA NA NA NA 759 0 238 NA NA NA NA NA NA 3416 653 860 NA NA NA NA NA NA 2830 1053 1320 NA NA NA NA NA NA
1550181600.0 250409.17 420 0 140 NA NA NA NA NA NA 834 0 235 NA NA NA NA NA NA 3580 529 973 NA NA NA NA NA NA 3347 618 1244 NA NA NA NA NA NA
1550181600.0 250409.18 440 0 140 NA NA NA NA NA NA 840 0 237 NA NA NA NA NA NA 2750 559 958 NA NA NA NA NA NA 2363 669 936 NA NA NA NA NA NA
1550181600.0 25200.0 NA 306 543 0 NA NA NA NA NA NA 584 839 0 NA NA NA NA NA NA 3436 3992 1003 NA NA NA NA NA NA 3606 3783 1062 NA NA NA NA NA
1550181600.0 25202.0 NA 335 595 0 NA NA NA NA NA NA 629 828 0 NA NA NA NA NA NA 3349 4465 1105 NA NA NA NA NA NA 3767 3778 1159 NA NA NA NA NA
1550181600.0 25203.0 NA 323 552 0 NA NA NA NA NA NA 629 822 0 NA NA NA NA NA NA 3837 4881 1266 NA NA NA NA NA NA 3515 4471 1616 NA NA NA NA NA
1550181600.0 25205.0 NA 311 554 0 NA NA NA NA NA NA 628 863 0 NA NA NA NA NA NA 3551 4240 997 NA NA NA NA NA NA 3314 3964 1044 NA NA NA NA NA
1550181600.0 25206.0 NA 328 628 0 NA NA NA NA NA NA 628 880 0 NA NA NA NA NA NA 4114 4740 997 NA NA NA NA NA NA 5538 4153 1034 NA NA NA NA NA
1550181600.0 25209.0 NA 320 587 0 NA NA NA NA NA NA 583 885 0 NA NA NA NA NA NA 3608 4977 1029 NA NA NA NA NA NA 3467 4317 1081 NA NA NA NA NA
1550181600.0 25210.0 73 219 451 0 NA NA NA NA NA 152 583 693 0 NA NA NA NA NA 2220 1213 3023 1143 NA NA NA NA NA 2067 1920 3872 1292 NA NA NA NA NA
1550181600.0 25211.0 86 309 533 0 NA NA NA NA NA 185 627 854 0 NA NA NA NA NA 3763 3675 5244 1153 NA NA NA NA NA 3593 3131 4523 1279 NA NA NA NA NA
1550181600.0 25211.17 71 358 454 0 NA NA NA NA NA 157 627 708 0 NA NA NA NA NA 4544 4243 4460 1677 NA NA NA NA NA 5188 2038 2616 1740 NA NA NA NA NA
1550181600.0 25212.0 90 341 543 0 NA NA NA NA NA 178 583 837 0 NA NA NA NA NA 5878 3665 5475 1142 NA NA NA NA NA 8091 3256 4864 1279 NA NA NA NA NA
1550181600.0 25212.17 71 319 461 0 NA NA NA NA NA 147 585 684 0 NA NA NA NA NA 5805 3950 4320 1544 NA NA NA NA NA 6576 1955 2489 1605 NA NA NA NA NA
1550181600.0 25213.0 93 330 612 0 NA NA NA NA NA 178 582 803 0 NA NA NA NA NA 5859 4151 6039 1169 NA NA NA NA NA 7563 3079 4884 1278 NA NA NA NA NA
1550181600.0 25213.17 72 338 449 0 NA NA NA NA NA 152 582 668 0 NA NA NA NA NA 5962 3957 3895 1570 NA NA NA NA NA 6174 1820 2672 1746 NA NA NA NA NA
1550181600.0 25400.0 456 0 136 NA NA NA NA NA NA 815 0 236 NA NA NA NA NA NA 4934 533 781 NA NA NA NA NA NA 2363 616 871 NA NA NA NA NA NA
1550181600.0 25400.17 594 0 139 NA NA NA NA NA NA 890 0 236 NA NA NA NA NA NA 6485 544 599 NA NA NA NA NA NA 3663 583 573 NA NA NA NA NA NA
1550181600.0 25400.18 580 0 144 NA NA NA NA NA NA 889 0 223 NA NA NA NA NA NA 7672 529 706 NA NA NA NA NA NA 3038 585 762 NA NA NA NA NA NA
1550181600.0 25402.0 491 0 148 NA NA NA NA NA NA 815 0 224 NA NA NA NA NA NA 3892 469 600 NA NA NA NA NA NA 1984 519 565 NA NA NA NA NA NA
1550181600.0 25402.17 559 0 143 NA NA NA NA NA NA 832 0 236 NA NA NA NA NA NA 6948 569 675 NA NA NA NA NA NA 4086 621 612 NA NA NA NA NA NA
1550181600.0 25402.18 591 0 149 NA NA NA NA NA NA 890 0 232 NA NA NA NA NA NA 8023 562 728 NA NA NA NA NA NA 3136 619 755 NA NA NA NA NA NA
1550181600.0 25403.0 457 0 132 NA NA NA NA NA NA 764 0 227 NA NA NA NA NA NA 5209 522 721 NA NA NA NA NA NA 2420 588 927 NA NA NA NA NA NA
1550181600.0 25403.17 573 0 146 NA NA NA NA NA NA 954 0 225 NA NA NA NA NA NA 7175 562 695 NA NA NA NA NA NA 4170 652 726 NA NA NA NA NA NA
1550181600.0 25403.18 585 0 146 NA NA NA NA NA NA 832 0 224 NA NA NA NA NA NA 6640 509 625 NA NA NA NA NA NA 3397 545 596 NA NA NA NA NA NA
1550181600.0 25405.0 456 0 138 NA NA NA NA NA NA 762 0 221 NA NA NA NA NA NA 5152 519 737 NA NA NA NA NA NA 2450 585 779 NA NA NA NA NA NA
1550181600.0 25405.17 574 0 146 NA NA NA NA NA NA 886 0 236 NA NA NA NA NA NA 7815 544 675 NA NA NA NA NA NA 4445 617 683 NA NA NA NA NA NA
1550181600.0 25405.18 593 0 143 NA NA NA NA NA NA 839 0 234 NA NA NA NA NA NA 6721 553 658 NA NA NA NA NA NA 2749 604 644 NA NA NA NA NA NA
1550181600.0 25406.0 454 0 135 NA NA NA NA NA NA 765 0 221 NA NA NA NA NA NA 3849 524 678 NA NA NA NA NA NA 2161 636 905 NA NA NA NA NA NA
1550181600.0 25406.17 580 0 145 NA NA NA NA NA NA 839 0 230 NA NA NA NA NA NA 4119 487 549 NA NA NA NA NA NA 2802 521 557 NA NA NA NA NA NA
1550181600.0 25406.18 590 0 140 NA NA NA NA NA NA 834 0 237 NA NA NA NA NA NA 5943 550 650 NA NA NA NA NA NA 2963 648 705 NA NA NA NA NA NA
1550181600.0 25407.0 427 0 139 NA NA NA NA NA NA 816 0 225 NA NA NA NA NA NA 4441 461 899 NA NA NA NA NA NA 2467 550 1565 NA NA NA NA NA NA
1550181600.0 25407.17 487 0 145 NA NA NA NA NA NA 790 0 235 NA NA NA NA NA NA 5956 504 639 NA NA NA NA NA NA 3529 561 622 NA NA NA NA NA NA
1550181600.0 25407.18 534 0 131 NA NA NA NA NA NA 839 0 227 NA NA NA NA NA NA 6222 487 1097 NA NA NA NA NA NA 3654 541 1160 NA NA NA NA NA NA
1550181600.0 25408.0 499 0 143 NA NA NA NA NA NA 760 0 231 NA NA NA NA NA NA 5964 613 1054 NA NA NA NA NA NA 3190 927 1597 NA NA NA NA NA NA
1550181600.0 25408.17 564 0 149 NA NA NA NA NA NA 841 0 237 NA NA NA NA NA NA 8372 542 799 NA NA NA NA NA NA 4232 609 665 NA NA NA NA NA NA
1550181600.0 25408.18 616 0 149 NA NA NA NA NA NA 938 0 235 NA NA NA NA NA NA 9649 597 820 NA NA NA NA NA NA 3583 672 694 NA NA NA NA NA NA
1550181600.0 25409.0 498 0 141 NA NA NA NA NA NA 813 0 226 NA NA NA NA NA NA 3872 760 748 NA NA NA NA NA NA 2266 1006 850 NA NA NA NA NA NA
1550181600.0 25409.17 542 0 143 NA NA NA NA NA NA 889 0 234 NA NA NA NA NA NA 7426 555 745 NA NA NA NA NA NA 3879 606 672 NA NA NA NA NA NA
1550181600.0 25409.18 592 0 152 NA NA NA NA NA NA 891 0 227 NA NA NA NA NA NA 6491 588 751 NA NA NA NA NA NA 2762 672 748 NA NA NA NA NA NA
1550181600.0 26.0 NA 142 296 0 NA NA NA NA NA NA 607 474 0 NA NA NA NA NA NA 2418 3431 1040 NA NA NA NA NA NA 1261 2934 1105 NA NA NA NA NA
1550181600.0 27.0 NA 151 294 0 NA NA NA NA NA NA 596 526 0 NA NA NA NA NA NA 2331 3380 1116 NA NA NA NA NA NA 944 2505 1258 NA NA NA NA NA
1550181600.0 27434.0 95 285 355 0 NA NA NA NA NA 161 495 571 0 NA NA NA NA NA 6045 2749 3217 850 NA NA NA NA NA 3366 1815 2572 974 NA NA NA NA NA
1550181600.0 27834.0 94 283 359 0 NA NA NA NA NA 161 441 556 0 NA NA NA NA NA 7114 2797 3441 951 NA NA NA NA NA 3827 1956 2565 1084 NA NA NA NA NA
1550181600.0 28.0 NA 129 299 0 NA NA NA NA NA NA 605 539 0 NA NA NA NA NA NA 2682 4161 1108 NA NA NA NA NA NA 1139 2625 1225 NA NA NA NA NA
1550181600.0 280.0 105 110 277 0 NA NA NA NA NA 279 588 488 0 NA NA NA NA NA 4123 537 1871 1127 NA NA NA NA NA 3795 775 2841 1741 NA NA NA NA NA
1550181600.0 281.0 119 142 303 0 NA NA NA NA NA 287 560 540 0 NA NA NA NA NA 2379 696 1610 1032 NA NA NA NA NA 1229 487 1850 1260 NA NA NA NA NA
1550181600.0 29.0 NA 130 321 0 NA NA NA NA NA NA 597 607 0 NA NA NA NA NA NA 2548 3646 1115 NA NA NA NA NA NA 2991 2709 1291 NA NA NA NA NA
1550181600.0 3.0 79 113 218 NA NA NA NA NA NA 192 588 476 NA NA NA NA NA NA 4522 484 1489 NA NA NA NA NA NA 3172 343 1282 NA NA NA NA NA NA
1550181600.0 30.0 NA 140 299 0 NA NA NA NA NA NA 560 534 0 NA NA NA NA NA NA 2391 3013 1031 NA NA NA NA NA NA 1302 2773 1113 NA NA NA NA NA
1550181600.0 300.0 66 176 394 0 NA NA NA NA NA 150 579 634 0 NA NA NA NA NA 1281 901 3260 1713 NA NA NA NA NA 2207 1523 5670 2132 NA NA NA NA NA
1550181600.0 301.0 69 191 391 0 NA NA NA NA NA 147 581 616 0 NA NA NA NA NA 1353 810 2582 1672 NA NA NA NA NA 1182 1476 2610 1862 NA NA NA NA NA
1550181600.0 302.0 71 186 400 0 NA NA NA NA NA 146 582 623 0 NA NA NA NA NA 1431 989 3124 1454 NA NA NA NA NA 2304 1588 5996 1657 NA NA NA NA NA
1550181600.0 31.0 NA 133 294 0 NA NA NA NA NA NA 596 543 0 NA NA NA NA NA NA 2265 2873 877 NA NA NA NA NA NA 1259 2012 923 NA NA NA NA NA
1550181600.0 32.0 NA 137 298 0 NA NA NA NA NA NA 608 524 0 NA NA NA NA NA NA 2512 3593 1184 NA NA NA NA NA NA 1128 2394 1244 NA NA NA NA NA
1550181600.0 33.0 NA 137 296 0 NA NA NA NA NA NA 551 524 0 NA NA NA NA NA NA 2365 3021 1031 NA NA NA NA NA NA 1371 2327 1128 NA NA NA NA NA
1550181600.0 34.0 98 119 290 0 NA NA NA NA NA 215 590 515 0 NA NA NA NA NA 2629 681 2189 967 NA NA NA NA NA 1753 568 3120 1084 NA NA NA NA NA
1550181600.0 35.0 NA 147 298 0 NA NA NA NA NA NA 608 540 0 NA NA NA NA NA NA 2572 3813 1103 NA NA NA NA NA NA 1042 2581 1218 NA NA NA NA NA
1550181600.0 36.0 NA 159 312 0 NA NA NA NA NA NA 585 587 0 NA NA NA NA NA NA 2742 10177 1172 NA NA NA NA NA NA 1431 4229 1433 NA NA NA NA NA
1550181600.0 37.0 NA 129 299 0 NA NA NA NA NA NA 596 541 0 NA NA NA NA NA NA 2447 4319 1009 NA NA NA NA NA NA 1716 2642 1088 NA NA NA NA NA
1550181600.0 38.0 NA 136 300 0 NA NA NA NA NA NA 607 496 0 NA NA NA NA NA NA 2686 4570 1317 NA NA NA NA NA NA 1246 2800 1612 NA NA NA NA NA
1550181600.0 39.0 NA 136 318 0 NA NA NA NA NA NA 561 587 0 NA NA NA NA NA NA 3212 6765 1262 NA NA NA NA NA NA 2115 3625 1584 NA NA NA NA NA
1550181600.0 4.17 NA 40 309 0 183 NA NA NA NA NA 91 464 0 270 NA NA NA NA NA 430 3453 979 1846 NA NA NA NA NA 678 4067 1394 1990 NA NA NA NA
1550181600.0 4.22 NA 165 64 70 0 NA NA NA NA NA 265 121 137 0 NA NA NA NA NA 1139 706 741 322 NA NA NA NA NA 2208 1412 1435 612 NA NA NA NA
1550181600.0 4.23 NA 62 317 0 NA NA NA NA NA NA 124 568 0 NA NA NA NA NA NA 398 2918 1088 NA NA NA NA NA NA 709 2860 1289 NA NA NA NA NA
1550181600.0 4.24 NA 57 312 0 NA NA NA NA NA NA 117 497 0 NA NA NA NA NA NA 323 3071 828 NA NA NA NA NA NA 442 2099 875 NA NA NA NA NA
1550181600.0 4.25 NA 59 307 0 NA NA NA NA NA NA 117 565 0 NA NA NA NA NA NA 352 3019 937 NA NA NA NA NA NA 500 2040 1002 NA NA NA NA NA
1550181600.0 4.26 NA 56 323 0 NA NA NA NA NA NA 122 546 0 NA NA NA NA NA NA 391 3721 1078 NA NA NA NA NA NA 541 2729 1381 NA NA NA NA NA
1550181600.0 4.27 NA 54 309 0 NA NA NA NA NA NA 124 520 0 NA NA NA NA NA NA 337 3715 1068 NA NA NA NA NA NA 588 2849 1122 NA NA NA NA NA
1550181600.0 4.28 NA 72 317 0 NA NA NA NA NA NA 129 535 0 NA NA NA NA NA NA 380 3509 4011 NA NA NA NA NA NA 854 6417 4666 NA NA NA NA NA
1550181600.0 4.29 NA 41 316 0 190 NA NA NA NA NA 97 471 0 287 NA NA NA NA NA 440 4083 915 1773 NA NA NA NA NA 599 5423 1154 2133 NA NA NA NA
1550181600.0 4.34 NA 65 320 0 NA NA NA NA NA NA 134 547 0 NA NA NA NA NA NA 412 4044 1192 NA NA NA NA NA NA 575 2930 1305 NA NA NA NA NA
1550181600.0 4.36 NA 59 318 0 NA NA NA NA NA NA 119 577 0 NA NA NA NA NA NA 534 3891 894 NA NA NA NA NA NA 916 2876 1022 NA NA NA NA NA
1550181600.0 4.37 NA 63 311 0 NA NA NA NA NA NA 114 511 0 NA NA NA NA NA NA 370 4248 902 NA NA NA NA NA NA 999 2371 968 NA NA NA NA NA
1550181600.0 4.4 NA 41 321 0 NA NA NA NA NA NA 97 582 0 NA NA NA NA NA NA 324 4228 886 NA NA NA NA NA NA 668 3207 1092 NA NA NA NA NA
1550181600.0 4.41 NA 40 326 0 NA NA NA NA NA NA 93 531 0 NA NA NA NA NA NA 271 5904 963 NA NA NA NA NA NA 520 3215 1107 NA NA NA NA NA
1550181600.0 4.42 NA 31 337 0 NA NA NA NA NA NA 96 521 0 NA NA NA NA NA NA 237 6071 840 NA NA NA NA NA NA 388 3129 1263 NA NA NA NA NA
1550181600.0 4.43 NA 34 324 0 NA NA NA NA NA NA 101 538 0 NA NA NA NA NA NA 327 4043 823 NA NA NA NA NA NA 564 2946 902 NA NA NA NA NA
1550181600.0 4.44 NA 32 328 0 NA NA NA NA NA NA 95 517 0 NA NA NA NA NA NA 291 5016 852 NA NA NA NA NA NA 445 2980 1039 NA NA NA NA NA
1550181600.0 4.45 NA 34 335 0 NA NA NA NA NA NA 97 562 0 NA NA NA NA NA NA 279 7004 1017 NA NA NA NA NA NA 457 3285 1405 NA NA NA NA NA
1550181600.0 4.51 NA 34 323 0 NA NA NA NA NA NA 93 540 0 NA NA NA NA NA NA 305 6176 937 NA NA NA NA NA NA 372 3244 999 NA NA NA NA NA
1550181600.0 4.52 NA 34 332 0 NA NA NA NA NA NA 94 522 0 NA NA NA NA NA NA 260 7898 940 NA NA NA NA NA NA 249 3758 1028 NA NA NA NA NA
1550181600.0 4.53 NA 32 331 0 NA NA NA NA NA NA 93 538 0 NA NA NA NA NA NA 284 7104 979 NA NA NA NA NA NA 626 3526 1112 NA NA NA NA NA
1550181600.0 4.54 NA 38 340 0 NA NA NA NA NA NA 94 496 0 NA NA NA NA NA NA 268 7260 924 NA NA NA NA NA NA 702 3512 1029 NA NA NA NA NA
1550181600.0 4.55 NA 31 335 0 NA NA NA NA NA NA 97 582 0 NA NA NA NA NA NA 281 7650 812 NA NA NA NA NA NA 461 3427 891 NA NA NA NA NA
1550181600.0 4.57 NA 53 343 0 NA NA NA NA NA NA 115 567 0 NA NA NA NA NA NA 385 8364 954 NA NA NA NA NA NA 571 4215 1055 NA NA NA NA NA
1550181600.0 4.58 NA 54 323 0 NA NA NA NA NA NA 111 559 0 NA NA NA NA NA NA 299 4757 851 NA NA NA NA NA NA 506 2600 928 NA NA NA NA NA
1550181600.0 4.6 NA 312 0 NA NA NA NA NA NA NA 564 0 NA NA NA NA NA NA NA 3227 1130 NA NA NA NA NA NA NA 4180 1372 NA NA NA NA NA NA
1550181600.0 4.61 NA 32 325 0 NA NA NA NA NA NA 99 562 0 NA NA NA NA NA NA 259 7076 968 NA NA NA NA NA NA 465 3600 1089 NA NA NA NA NA
1550181600.0 4.62 NA 34 326 0 NA NA NA NA NA NA 95 495 0 NA NA NA NA NA NA 271 6278 818 NA NA NA NA NA NA 354 2913 896 NA NA NA NA NA
1550181600.0 4.63 NA 35 334 0 NA NA NA NA NA NA 92 577 0 NA NA NA NA NA NA 271 6946 817 NA NA NA NA NA NA 809 3254 865 NA NA NA NA NA
1550181600.0 4.64 NA 37 342 0 NA NA NA NA NA NA 97 533 0 NA NA NA NA NA NA 300 7734 900 NA NA NA NA NA NA 653 4073 1018 NA NA NA NA NA
1550181600.0 4.65 NA 26 350 0 NA NA NA NA NA NA 95 617 0 NA NA NA NA NA NA 314 10104 975 NA NA NA NA NA NA 381 4169 1245 NA NA NA NA NA
1550181600.0 4.67 NA 61 338 0 NA NA NA NA NA NA 114 580 0 NA NA NA NA NA NA 400 8406 1025 NA NA NA NA NA NA 660 4534 1248 NA NA NA NA NA
1550181600.0 4.68 NA 52 332 0 NA NA NA NA NA NA 107 530 0 NA NA NA NA NA NA 336 6854 976 NA NA NA NA NA NA 662 3530 1145 NA NA NA NA NA
1550181600.0 4.71 NA 39 324 0 NA NA NA NA NA NA 95 561 0 NA NA NA NA NA NA 315 5010 844 NA NA NA NA NA NA 644 3001 975 NA NA NA NA NA
1550181600.0 4.72 NA 32 325 0 NA NA NA NA NA NA 97 598 0 NA NA NA NA NA NA 267 5598 812 NA NA NA NA NA NA 379 2664 1241 NA NA NA NA NA
1550181600.0 4.73 NA 40 333 0 NA NA NA NA NA NA 96 522 0 NA NA NA NA NA NA 278 7807 1019 NA NA NA NA NA NA 723 5052 1332 NA NA NA NA NA
1550181600.0 4.74 NA 31 324 0 NA NA NA NA NA NA 95 527 0 NA NA NA NA NA NA 267 5786 790 NA NA NA NA NA NA 386 2838 836 NA NA NA NA NA
1550181600.0 4.75 NA 34 329 0 NA NA NA NA NA NA 96 591 0 NA NA NA NA NA NA 283 7601 959 NA NA NA NA NA NA 401 3685 1247 NA NA NA NA NA
1550181600.0 4.76 NA 63 339 0 NA NA NA NA NA NA 125 596 0 NA NA NA NA NA NA 467 8252 1060 NA NA NA NA NA NA 818 3780 1507 NA NA NA NA NA
1550181600.0 4.77 NA 67 337 0 NA NA NA NA NA NA 118 583 0 NA NA NA NA NA NA 389 9028 996 NA NA NA NA NA NA 567 4542 1274 NA NA NA NA NA
1550181600.0 4.78 NA 52 336 0 NA NA NA NA NA NA 111 551 0 NA NA NA NA NA NA 319 7954 932 NA NA NA NA NA NA 636 3759 1092 NA NA NA NA NA
1550181600.0 4000.0 NA 137 321 NA NA NA NA NA NA NA 561 559 NA NA NA NA NA NA NA 2713 4500 NA NA NA NA NA NA NA 1581 2492 NA NA NA NA NA NA
1550181600.0 4001.0 NA 181 374 NA NA NA NA NA NA NA 572 610 NA NA NA NA NA NA NA 1558 2555 NA NA NA NA NA NA NA 2179 2395 NA NA NA NA NA NA
1550181600.0 4002.0 NA 140 302 NA NA NA NA NA NA NA 597 569 NA NA NA NA NA NA NA 2177 2924 NA NA NA NA NA NA NA 1352 2488 NA NA NA NA NA NA
1550181600.0 4003.0 NA 137 301 NA NA NA NA NA NA NA 597 594 NA NA NA NA NA NA NA 2718 3902 NA NA NA NA NA NA NA 2376 2946 NA NA NA NA NA NA
1550181600.0 4006.0 60 178 347 NA NA NA NA NA NA 145 609 598 NA NA NA NA NA NA 1506 1207 2795 NA NA NA NA NA NA 2173 1098 2694 NA NA NA NA NA NA
1550181600.0 4007.0 43 0 0 NA NA NA NA NA NA 100 0 0 NA NA NA NA NA NA 667 478 1854 NA NA NA NA NA NA 1829 1079 2936 NA NA NA NA NA NA
1550181600.0 4008.0 64 110 308 NA NA NA NA NA NA 138 573 547 NA NA NA NA NA NA 1653 1550 1611 NA NA NA NA NA NA 3374 2318 2013 NA NA NA NA NA NA
1550181600.0 43.0 NA 126 299 0 NA NA NA NA NA NA 597 559 0 NA NA NA NA NA NA 2548 4280 1308 NA NA NA NA NA NA 1772 2702 1449 NA NA NA NA NA
1550181600.0 44.0 NA 141 305 0 NA NA NA NA NA NA 560 543 0 NA NA NA NA NA NA 2564 3889 1056 NA NA NA NA NA NA 1319 2658 1139 NA NA NA NA NA
1550181600.0 45.0 NA 143 300 0 NA NA NA NA NA NA 562 577 0 NA NA NA NA NA NA 2233 3381 973 NA NA NA NA NA NA 1035 2234 1174 NA NA NA NA NA
1550181600.0 5.1 318 0 NA NA NA NA NA NA NA 776 0 NA NA NA NA NA NA NA 1752 564 NA NA NA NA NA NA NA 2484 837 NA NA NA NA NA NA NA
1550181600.0 5.2 239 0 NA NA NA NA NA NA NA 738 0 NA NA NA NA NA NA NA 1326 386 NA NA NA NA NA NA NA 1454 684 NA NA NA NA NA NA NA
1550181600.0 5.3 238 0 NA NA NA NA NA NA NA 774 0 NA NA NA NA NA NA NA 1341 377 NA NA NA NA NA NA NA 1393 472 NA NA NA NA NA NA NA
1550181600.0 5.4 302 0 NA NA NA NA NA NA NA 774 0 NA NA NA NA NA NA NA 1567 457 NA NA NA NA NA NA NA 1359 579 NA NA NA NA NA NA NA
1550181600.0 5.5 309 0 NA NA NA NA NA NA NA 722 0 NA NA NA NA NA NA NA 1405 446 NA NA NA NA NA NA NA 1693 564 NA NA NA NA NA NA NA
1550181600.0 5.6 326 0 NA NA NA NA NA NA NA 774 0 NA NA NA NA NA NA NA 1574 470 NA NA NA NA NA NA NA 1393 538 NA NA NA NA NA NA NA
1550181600.0 5.7 306 0 NA NA NA NA NA NA NA 730 0 NA NA NA NA NA NA NA 1466 458 NA NA NA NA NA NA NA 1389 673 NA NA NA NA NA NA NA
1550181600.0 500199.0 232 NA NA NA NA NA NA NA NA 622 NA NA NA NA NA NA NA NA 2808 NA NA NA NA NA NA NA NA 2639 NA NA NA NA NA NA NA NA
1550181600.0 500200.0 NA 219 351 0 NA NA NA NA NA NA 577 628 0 NA NA NA NA NA NA 8941 2850 957 NA NA NA NA NA NA 4310 2701 1079 NA NA NA NA NA
1550181600.0 500200.1 99 210 255 NA NA NA NA NA NA 182 563 479 NA NA NA NA NA NA 3063 1848 2405 NA NA NA NA NA NA 2434 2272 2713 NA NA NA NA NA NA
1550181600.0 500202.0 NA 229 354 0 NA NA NA NA NA NA 576 622 0 NA NA NA NA NA NA 9419 3388 987 NA NA NA NA NA NA 4743 2600 1233 NA NA NA NA NA
1550181600.0 500203.0 NA 216 351 0 NA NA NA NA NA NA 574 570 0 NA NA NA NA NA NA 9731 2943 1031 NA NA NA NA NA NA 6235 2512 1235 NA NA NA NA NA
1550181600.0 500205.0 NA 226 355 0 NA NA NA NA NA NA 574 587 0 NA NA NA NA NA NA 9160 2966 924 NA NA NA NA NA NA 4857 2585 1008 NA NA NA NA NA
1550181600.0 500206.0 NA 222 340 0 NA NA NA NA NA NA 577 592 0 NA NA NA NA NA NA 9879 3174 1129 NA NA NA NA NA NA 6897 3412 1407 NA NA NA NA NA
1550181600.0 50200.0 NA 243 421 0 NA NA NA NA NA NA 578 715 0 NA NA NA NA NA NA 2381 3713 950 NA NA NA NA NA NA 2417 3788 1005 NA NA NA NA NA
1550181600.0 50202.0 NA 226 446 0 NA NA NA NA NA NA 575 662 0 NA NA NA NA NA NA 2138 4153 1021 NA NA NA NA NA NA 3103 3840 1083 NA NA NA NA NA
1550181600.0 50203.0 NA 233 417 0 NA NA NA NA NA NA 577 680 0 NA NA NA NA NA NA 2069 4596 997 NA NA NA NA NA NA 3346 5581 1310 NA NA NA NA NA
1550181600.0 50205.0 NA 232 459 0 NA NA NA NA NA NA 574 645 0 NA NA NA NA NA NA 2311 3636 984 NA NA NA NA NA NA 2888 3723 1043 NA NA NA NA NA
1550181600.0 50206.0 NA 228 403 0 NA NA NA NA NA NA 620 687 0 NA NA NA NA NA NA 2627 4072 1051 NA NA NA NA NA NA 2421 4293 1145 NA NA NA NA NA
1550181600.0 503.0 37 0 NA NA NA NA NA NA NA 82 0 NA NA NA NA NA NA NA 217 137 NA NA NA NA NA NA NA 365 317 NA NA NA NA NA NA NA
1550181600.0 504.0 36 0 NA NA NA NA NA NA NA 87 0 NA NA NA NA NA NA NA 192 152 NA NA NA NA NA NA NA 347 384 NA NA NA NA NA NA NA
1550181600.0 505.0 38 0 NA NA NA NA NA NA NA 87 0 NA NA NA NA NA NA NA 211 162 NA NA NA NA NA NA NA 2072 419 NA NA NA NA NA NA NA
1550181600.0 506.0 35 0 NA NA NA NA NA NA NA 86 0 NA NA NA NA NA NA NA 160 116 NA NA NA NA NA NA NA 219 212 NA NA NA NA NA NA NA
1550181600.0 507.0 31 0 NA NA NA NA NA NA NA 85 0 NA NA NA NA NA NA NA 197 129 NA NA NA NA NA NA NA 291 287 NA NA NA NA NA NA NA
1550181600.0 508.0 34 0 NA NA NA NA NA NA NA 84 0 NA NA NA NA NA NA NA 168 129 NA NA NA NA NA NA NA 388 287 NA NA NA NA NA NA NA
1550181600.0 509.0 35 0 NA NA NA NA NA NA NA 83 0 NA NA NA NA NA NA NA 148 120 NA NA NA NA NA NA NA 326 279 NA NA NA NA NA NA NA
1550181600.0 510.0 33 0 NA NA NA NA NA NA NA 85 0 NA NA NA NA NA NA NA 264 116 NA NA NA NA NA NA NA 369 204 NA NA NA NA NA NA NA
1550181600.0 511.0 42 0 NA NA NA NA NA NA NA 89 0 NA NA NA NA NA NA NA 12455 159 NA NA NA NA NA NA NA 14652 266 NA NA NA NA NA NA NA
1550181600.0 512.0 16 35 0 NA NA NA NA NA NA 62 90 0 NA NA NA NA NA NA 2627 182 139 NA NA NA NA NA NA 22602 455 228 NA NA NA NA NA NA
1550181600.0 513.0 16 36 0 NA NA NA NA NA NA 61 92 0 NA NA NA NA NA NA 691 215 136 NA NA NA NA NA NA 1867 516 277 NA NA NA NA NA NA
1550181600.0 514.0 16 34 0 NA NA NA NA NA NA 61 91 0 NA NA NA NA NA NA 369 186 115 NA NA NA NA NA NA 722 699 226 NA NA NA NA NA NA
1550181600.0 515.0 16 39 0 NA NA NA NA NA NA 62 90 0 NA NA NA NA NA NA 1958 158 128 NA NA NA NA NA NA 15030 522 355 NA NA NA NA NA NA
1550181600.0 516.0 16 38 0 NA NA NA NA NA NA 62 91 0 NA NA NA NA NA NA 688 200 168 NA NA NA NA NA NA 3388 430 499 NA NA NA NA NA NA
1550181600.0 517.0 15 39 0 NA NA NA NA NA NA 58 92 0 NA NA NA NA NA NA 906 191 116 NA NA NA NA NA NA 1779 443 205 NA NA NA NA NA NA
1550181600.0 518.0 15 34 0 NA NA NA NA NA NA 61 89 0 NA NA NA NA NA NA 2632 208 144 NA NA NA NA NA NA 22103 629 340 NA NA NA NA NA NA
1550181600.0 519.0 14 39 0 NA NA NA NA NA NA 62 91 0 NA NA NA NA NA NA 900 227 148 NA NA NA NA NA NA 3507 807 356 NA NA NA NA NA NA
1550181600.0 520.0 16 40 0 NA NA NA NA NA NA 58 91 0 NA NA NA NA NA NA 1033 202 168 NA NA NA NA NA NA 2237 351 671 NA NA NA NA NA NA
1550181600.0 521.0 14 39 0 NA NA NA NA NA NA 61 91 0 NA NA NA NA NA NA 688 206 151 NA NA NA NA NA NA 3430 351 962 NA NA NA NA NA NA
1550181600.0 522.0 16 37 0 NA NA NA NA NA NA 61 90 0 NA NA NA NA NA NA 2652 194 150 NA NA NA NA NA NA 23898 369 436 NA NA NA NA NA NA
1550181600.0 523.0 16 45 0 NA NA NA NA NA NA 61 97 0 NA NA NA NA NA NA 1130 340 236 NA NA NA NA NA NA 2582 880 893 NA NA NA NA NA NA
1550181600.0 524.0 16 41 0 NA NA NA NA NA NA 61 92 0 NA NA NA NA NA NA 1682 169 140 NA NA NA NA NA NA 1260 285 410 NA NA NA NA NA NA
1550181600.0 525.0 14 38 0 NA NA NA NA NA NA 62 92 0 NA NA NA NA NA NA 731 191 145 NA NA NA NA NA NA 4014 427 528 NA NA NA NA NA NA
1550181600.0 526.0 16 33 0 NA NA NA NA NA NA 61 90 0 NA NA NA NA NA NA 2634 192 145 NA NA NA NA NA NA 22937 1614 433 NA NA NA NA NA NA
1550181600.0 527.0 15 34 0 NA NA NA NA NA NA 58 92 0 NA NA NA NA NA NA 904 190 144 NA NA NA NA NA NA 2102 882 330 NA NA NA NA NA NA
1550181600.0 528.0 16 34 0 NA NA NA NA NA NA 61 91 0 NA NA NA NA NA NA 761 224 181 NA NA NA NA NA NA 1954 596 567 NA NA NA NA NA NA
1550181600.0 529.0 15 37 0 NA NA NA NA NA NA 61 91 0 NA NA NA NA NA NA 2638 193 152 NA NA NA NA NA NA 20454 482 426 NA NA NA NA NA NA
1550181600.0 530.0 15 42 0 NA NA NA NA NA NA 58 91 0 NA NA NA NA NA NA 899 179 117 NA NA NA NA NA NA 1255 328 238 NA NA NA NA NA NA
1550181600.0 531.0 51 0 NA NA NA NA NA NA NA 191 0 NA NA NA NA NA NA NA 178 118 NA NA NA NA NA NA NA 384 238 NA NA NA NA NA NA NA
1550181600.0 534.0 40 0 NA NA NA NA NA NA NA 98 0 NA NA NA NA NA NA NA 262 133 NA NA NA NA NA NA NA 688 308 NA NA NA NA NA NA NA
1550181600.0 535.0 39 0 NA NA NA NA NA NA NA 92 0 NA NA NA NA NA NA NA 865 123 NA NA NA NA NA NA NA 2511 274 NA NA NA NA NA NA NA
1550181600.0 536.0 41 0 NA NA NA NA NA NA NA 101 0 NA NA NA NA NA NA NA 354 130 NA NA NA NA NA NA NA 735 280 NA NA NA NA NA NA NA
1550181600.0 541.0 41 0 NA NA NA NA NA NA NA 95 0 NA NA NA NA NA NA NA 220 155 NA NA NA NA NA NA NA 479 410 NA NA NA NA NA NA NA
1550181600.0 545.0 41 0 NA NA NA NA NA NA NA 95 0 NA NA NA NA NA NA NA 259 130 NA NA NA NA NA NA NA 290 285 NA NA NA NA NA NA NA
1550181600.0 551.0 16 40 0 NA NA NA NA NA NA 62 87 0 NA NA NA NA NA NA 1163 265 164 NA NA NA NA NA NA 3083 600 469 NA NA NA NA NA NA
1550181600.0 552.0 15 36 0 NA NA NA NA NA NA 59 91 0 NA NA NA NA NA NA 1017 209 151 NA NA NA NA NA NA 1423 508 562 NA NA NA NA NA NA
1550181600.0 554.0 16 41 0 NA NA NA NA NA NA 58 92 0 NA NA NA NA NA NA 1707 242 164 NA NA NA NA NA NA 3366 586 474 NA NA NA NA NA NA
1550181600.0 555.0 16 35 0 NA NA NA NA NA NA 61 86 0 NA NA NA NA NA NA 1594 287 171 NA NA NA NA NA NA 5246 1122 603 NA NA NA NA NA NA
1550181600.0 556.0 20 36 0 NA NA NA NA NA NA 62 92 0 NA NA NA NA NA NA 345 175 140 NA NA NA NA NA NA 1045 450 365 NA NA NA NA NA NA
1550181600.0 560.0 37 0 NA NA NA NA NA NA NA 85 0 NA NA NA NA NA NA NA 195 141 NA NA NA NA NA NA NA 508 227 NA NA NA NA NA NA NA
1550181600.0 561.0 32 0 NA NA NA NA NA NA NA 85 0 NA NA NA NA NA NA NA 181 132 NA NA NA NA NA NA NA 413 292 NA NA NA NA NA NA NA
1550181600.0 562.0 17 42 0 NA NA NA NA NA NA 62 91 0 NA NA NA NA NA NA 382 179 121 NA NA NA NA NA NA 1096 670 254 NA NA NA NA NA NA
1550181600.0 6.0 NA 98 275 0 NA NA NA NA NA NA 596 525 0 NA NA NA NA NA NA 1707 1958 800 NA NA NA NA NA NA 1185 1966 1696 NA NA NA NA NA
1550181600.0 7.0 57 112 154 53 0 NA NA NA NA 114 585 235 111 0 NA NA NA NA 911 550 608 240 414 NA NA NA NA 1299 502 1042 569 738 NA NA NA NA
1550181600.0 7.1 52 105 157 53 0 NA NA NA NA 108 586 245 105 0 NA NA NA NA 1113 516 542 433 356 NA NA NA NA 1615 655 1183 592 708 NA NA NA NA
1550181600.0 7.2 55 231 203 64 0 NA NA NA NA 114 643 360 114 0 NA NA NA NA 1014 2170 1126 775 732 NA NA NA NA 1647 4218 2232 1777 842 NA NA NA NA
1550181600.0 7.21 60 153 178 56 0 NA NA NA NA 117 601 339 106 0 NA NA NA NA 861 558 693 325 423 NA NA NA NA 850 452 1509 421 906 NA NA NA NA
1550181600.0 7.22 58 128 173 60 0 NA NA NA NA 116 555 278 104 0 NA NA NA NA 876 411 803 368 351 NA NA NA NA 1360 683 1450 494 679 NA NA NA NA
1550181600.0 7.3 53 204 184 61 0 NA NA NA NA 111 621 348 113 0 NA NA NA NA 1844 1824 1156 518 962 NA NA NA NA 3076 2887 3376 1685 1811 NA NA NA NA
1550181600.0 7.4 57 235 205 57 0 NA NA NA NA 115 669 360 114 0 NA NA NA NA 1174 1516 782 429 736 NA NA NA NA 1264 2202 1352 583 829 NA NA NA NA
1550181600.0 8.0 NA 107 133 46 0 NA NA NA NA NA 548 242 91 0 NA NA NA NA NA 1977 827 182 350 NA NA NA NA NA 1878 1231 316 504 NA NA NA NA
1550181600.0 9.0 NA 134 305 0 NA NA NA NA NA NA 551 490 0 NA NA NA NA NA NA 2782 4689 1207 NA NA NA NA NA NA 2010 3074 1314 NA NA NA NA NA
