Timestamp WorkflowId PeakValueRss1 PeakValueRss2 PeakValueRss3 PeakValueRss4 PeakValueRss5 PeakValueRss6 PeakValueRss7 PeakValueRss8 PeakValueRss9 PeakValueVsize1 PeakValueVsize2 PeakValueVsize3 PeakValueVsize4 PeakValueVsize5 PeakValueVsize6 PeakValueVsize7 PeakValueVsize8 PeakValueVsize9 TotalJobCPU1 TotalJobCPU2 TotalJobCPU3 TotalJobCPU4 TotalJobCPU5 TotalJobCPU6 TotalJobCPU7 TotalJobCPU8 TotalJobCPU9 TotalJobTime1 TotalJobTime2 TotalJobTime3 TotalJobTime4 TotalJobTime5 TotalJobTime6 TotalJobTime7 TotalJobTime8 TotalJobTime9 
1785704400.0 1.0 139 174 294 NA NA NA NA NA NA 229 253 399 NA NA NA NA NA NA 761 200 472 NA NA NA NA NA NA 596 244 726 NA NA NA NA NA NA 
1785704400.0 10.0 152 186 392 0 NA NA NA NA NA 236 268 511 0 NA NA NA NA NA 642 152 645 159 NA NA NA NA NA 343 141 659 182 NA NA NA NA NA 
1785704400.0 1000.0 NA 352 169 0 99 NA NA NA NA NA 504 278 0 167 NA NA NA NA NA 1394 249 176 204 NA NA NA NA NA 985 242 221 212 NA NA NA NA 
1785704400.0 10001.0 116 292 492 0 145 176 NA NA NA 174 398 674 0 214 270 NA NA NA 298 240 839 255 295 303 NA NA NA 300 221 1046 320 354 346 NA NA NA 
1785704400.0 10002.0 116 291 499 0 144 178 NA NA NA 173 393 687 0 211 282 NA NA NA 381 241 736 278 315 316 NA NA NA 306 253 804 300 368 379 NA NA NA 
1785704400.0 10003.0 134 296 501 0 154 190 NA NA NA 218 391 722 0 217 280 NA NA NA 2109 183 727 179 206 215 NA NA NA 828 165 741 201 237 261 NA NA NA 
1785704400.0 10004.0 116 290 494 0 145 175 NA NA NA 172 379 680 0 215 278 NA NA NA 292 263 962 282 278 300 NA NA NA 268 297 897 379 318 333 NA NA NA 
1785704400.0 10005.0 117 290 492 0 145 177 NA NA NA 171 386 685 0 212 273 NA NA NA 368 212 815 255 304 296 NA NA NA 317 224 778 276 357 348 NA NA NA 
1785704400.0 10006.0 115 290 491 0 143 177 NA NA NA 172 388 696 0 214 281 NA NA NA 279 218 755 228 272 305 NA NA NA 277 227 800 284 333 349 NA NA NA 
1785704400.0 10007.0 115 293 494 0 173 177 NA NA NA 172 387 705 0 284 272 NA NA NA 300 238 953 292 309 306 NA NA NA 329 225 1005 318 375 342 NA NA NA 
1785704400.0 10008.0 116 292 501 0 172 179 NA NA NA 173 396 697 0 275 281 NA NA NA 292 256 1012 231 259 307 NA NA NA 279 217 1011 290 294 371 NA NA NA 
1785704400.0 10009.0 116 293 498 0 175 177 NA NA NA 171 384 685 0 286 275 NA NA NA 300 239 808 246 352 291 NA NA NA 323 277 980 290 397 381 NA NA NA 
1785704400.0 1001.0 NA 338 180 0 0 0 0 0 0 NA 473 263 0 0 0 0 0 0 NA 1056 254 36 25 39 82 46 79 NA 870 274 50 34 68 100 84 97 
1785704400.0 1001.2 NA 519 224 0 0 0 0 NA NA NA 761 331 0 0 0 0 NA NA NA 4505 404 41 51 45 51 NA NA NA 1809 331 52 85 63 65 NA NA 
1785704400.0 1001.3 NA 530 206 0 NA NA NA NA NA NA 739 302 0 NA NA NA NA NA NA 3873 263 108 NA NA NA NA NA NA 2076 276 149 NA NA NA NA NA 
1785704400.0 1001.4 NA 527 172 0 0 0 NA NA NA NA 741 275 0 0 0 NA NA NA NA 4902 267 59 59 62 NA NA NA NA 2305 316 72 96 82 NA NA NA 
1785704400.0 1002.0 NA 384 126 NA NA NA NA NA NA NA 540 155 NA NA NA NA NA NA NA 1242 82 NA NA NA NA NA NA NA 1014 66 NA NA NA NA NA NA 
1785704400.0 1002.3 NA 511 221 0 NA NA NA NA NA NA 724 322 0 NA NA NA NA NA NA 3711 487 148 NA NA NA NA NA NA 2445 449 197 NA NA NA NA NA 
1785704400.0 1002.4 NA 520 0 NA NA NA NA NA NA NA 718 0 NA NA NA NA NA NA NA 6018 202 NA NA NA NA NA NA NA 2393 224 NA NA NA NA NA NA 
1785704400.0 10024.0 141 303 529 0 178 193 NA NA NA 195 392 701 0 284 283 NA NA NA 946 206 825 191 230 212 NA NA NA 431 200 756 210 279 237 NA NA NA 
1785704400.0 10024.1 140 307 312 0 NA NA NA NA NA 193 402 463 0 NA NA NA NA NA 1115 226 377 203 NA NA NA NA NA 515 208 535 236 NA NA NA NA NA 
1785704400.0 10024.2 139 310 519 0 NA NA NA NA NA 195 407 701 0 NA NA NA NA NA 964 188 770 183 NA NA NA NA NA 459 171 764 208 NA NA NA NA NA 
1785704400.0 10024.3 141 311 292 0 NA NA NA NA NA 194 412 452 0 NA NA NA NA NA 1134 223 328 170 NA NA NA NA NA 549 218 354 211 NA NA NA NA NA 
1785704400.0 10024.4 141 308 520 0 NA NA NA NA NA 193 410 683 0 NA NA NA NA NA 944 194 760 180 NA NA NA NA NA 431 188 776 204 NA NA NA NA NA 
1785704400.0 10025.0 126 295 503 0 148 178 NA NA NA 185 393 730 0 217 281 NA NA NA 823 271 836 297 249 307 NA NA NA 466 254 815 325 284 333 NA NA NA 
1785704400.0 1003.0 NA 354 0 NA NA NA NA NA NA NA 641 0 NA NA NA NA NA NA NA 1474 141 NA NA NA NA NA NA NA 1161 184 NA NA NA NA NA NA 
1785704400.0 10042.0 128 294 510 0 176 178 NA NA NA 185 398 697 0 284 272 NA NA NA 656 209 818 274 310 300 NA NA NA 481 222 807 298 355 339 NA NA NA 
1785704400.0 1005.0 NA 176 160 0 0 NA NA NA NA NA 372 245 0 0 NA NA NA NA NA 359 199 45 67 NA NA NA NA NA 609 277 83 118 NA NA NA NA 
1785704400.0 10059.0 147 312 534 0 158 194 NA NA NA 207 413 732 0 221 288 NA NA NA 2824 210 1047 200 215 223 NA NA NA 1067 176 1095 222 262 245 NA NA NA 
1785704400.0 10071.0 126 299 514 0 149 179 NA NA NA 194 395 698 0 229 278 NA NA NA 1371 264 1047 283 244 297 NA NA NA 643 291 849 304 282 393 NA NA NA 
1785704400.0 101.0 169 NA NA NA NA NA NA NA NA 305 NA NA NA NA NA NA NA NA 402 NA NA NA NA NA NA NA NA 371 NA NA NA NA NA NA NA NA 
1785704400.0 1010.0 NA 89 110 0 NA NA NA NA NA NA 154 178 0 NA NA NA NA NA NA 176 194 63 NA NA NA NA NA NA 392 239 91 NA NA NA NA NA 
1785704400.0 102.0 168 NA NA NA NA NA NA NA NA 290 NA NA NA NA NA NA NA NA 363 NA NA NA NA NA NA NA NA 358 NA NA NA NA NA NA NA NA 
1785704400.0 103.0 122 0 0 NA NA NA NA NA NA 171 0 0 NA NA NA NA NA NA 268 74 694 NA NA NA NA NA NA 340 124 982 NA NA NA NA NA NA 
1785704400.0 1030.0 NA 280 99 0 0 NA NA NA NA NA 440 163 0 0 NA NA NA NA NA 2532 165 29 26 NA NA NA NA NA 1026 170 41 38 NA NA NA NA 
1785704400.0 1040.0 NA 503 88 0 NA NA NA NA NA NA 687 144 0 NA NA NA NA NA NA 3957 129 44 NA NA NA NA NA NA 1494 143 58 NA NA NA NA NA 
1785704400.0 10424.0 132 266 522 0 NA NA NA NA NA 193 342 685 0 NA NA NA NA NA 1051 175 787 188 NA NA NA NA NA 506 157 764 210 NA NA NA NA NA 
1785704400.0 1046.0 NA 100 85 0 NA NA NA NA NA NA 171 156 0 NA NA NA NA NA NA 211 153 27 NA NA NA NA NA NA 283 189 45 NA NA NA NA NA 
1785704400.0 1047.0 NA 98 103 0 NA NA NA NA NA NA 174 169 0 NA NA NA NA NA NA 247 184 39 NA NA NA NA NA NA 343 221 80 NA NA NA NA NA 
1785704400.0 1048.0 NA 100 99 0 NA NA NA NA NA NA 173 167 0 NA NA NA NA NA NA 222 191 32 NA NA NA NA NA NA 314 233 56 NA NA NA NA NA 
1785704400.0 1049.0 NA 118 0 NA NA NA NA NA NA NA 192 0 NA NA NA NA NA NA NA 623 67 NA NA NA NA NA NA NA 893 103 NA NA NA NA NA NA 
1785704400.0 105.0 143 176 99 NA NA NA NA NA NA 228 264 152 NA NA NA NA NA NA 798 212 167 NA NA NA NA NA NA 594 285 200 NA NA NA NA NA NA 
1785704400.0 1052.0 NA 218 160 0 NA NA NA NA NA NA 394 242 0 NA NA NA NA NA NA 343 219 30 NA NA NA NA NA NA 496 311 64 NA NA NA NA NA 
1785704400.0 106.0 121 0 0 NA NA NA NA NA NA 171 0 0 NA NA NA NA NA NA 284 69 676 NA NA NA NA NA NA 357 100 892 NA NA NA NA NA NA 
1785704400.0 107.0 160 182 387 NA NA NA NA NA NA 237 259 524 NA NA NA NA NA NA 868 162 646 NA NA NA NA NA NA 401 154 682 NA NA NA NA NA NA 
1785704400.0 108.0 163 189 388 NA NA NA NA NA NA 234 265 519 NA NA NA NA NA NA 850 156 673 NA NA NA NA NA NA 412 131 726 NA NA NA NA NA NA 
1785704400.0 10801.0 83 283 495 0 145 177 NA NA NA 172 392 679 0 222 276 NA NA NA 314 249 1007 276 316 309 NA NA NA 320 215 975 300 355 415 NA NA NA 
1785704400.0 10802.0 115 285 493 0 145 177 NA NA NA 173 393 709 0 216 280 NA NA NA 396 256 917 291 261 291 NA NA NA 330 281 1283 319 305 382 NA NA NA 
1785704400.0 10803.0 139 291 510 0 146 189 NA NA NA 209 385 706 0 216 277 NA NA NA 2110 191 673 184 212 215 NA NA NA 852 180 656 210 242 247 NA NA NA 
1785704400.0 10804.0 116 284 498 0 145 176 NA NA NA 173 382 686 0 221 270 NA NA NA 297 264 725 286 255 283 NA NA NA 281 253 717 312 305 333 NA NA NA 
1785704400.0 10804.31 114 284 492 0 145 176 NA NA NA 171 382 685 0 213 278 NA NA NA 308 244 949 261 250 296 NA NA NA 388 217 1471 291 289 394 NA NA NA 
1785704400.0 10805.0 117 285 491 0 146 176 NA NA NA 171 376 662 0 212 272 NA NA NA 381 268 803 247 285 304 NA NA NA 303 286 929 284 407 393 NA NA NA 
1785704400.0 10805.31 116 283 490 0 145 175 NA NA NA 173 381 667 0 214 270 NA NA NA 362 228 964 291 312 246 NA NA NA 291 234 1491 339 360 305 NA NA NA 
1785704400.0 10806.0 116 284 488 0 144 175 NA NA NA 172 394 707 0 218 282 NA NA NA 261 245 987 261 339 293 NA NA NA 252 251 1138 303 390 348 NA NA NA 
1785704400.0 10807.0 116 284 492 0 172 177 NA NA NA 174 379 713 0 286 271 NA NA NA 295 249 985 276 259 310 NA NA NA 328 263 1335 354 353 356 NA NA NA 
1785704400.0 10808.0 117 285 497 0 171 178 NA NA NA 172 374 701 0 280 274 NA NA NA 277 266 965 266 279 310 NA NA NA 269 241 876 284 321 348 NA NA NA 
1785704400.0 10809.0 117 285 493 0 172 177 NA NA NA 172 379 689 0 278 276 NA NA NA 301 238 927 261 272 298 NA NA NA 308 217 836 339 314 331 NA NA NA 
1785704400.0 10823.0 124 287 491 0 145 175 NA NA NA 185 385 662 0 213 269 NA NA NA 764 226 875 296 243 292 NA NA NA 477 199 888 375 280 338 NA NA NA 
1785704400.0 10824.0 130 294 516 0 176 179 NA NA NA 192 386 741 0 286 276 NA NA NA 1212 297 988 248 345 293 NA NA NA 662 243 946 276 385 336 NA NA NA 
1785704400.0 10824.1 138 304 313 0 NA NA NA NA NA 195 392 471 0 NA NA NA NA NA 1084 228 354 206 NA NA NA NA NA 555 228 382 246 NA NA NA NA NA 
1785704400.0 10824.6 131 293 519 0 174 179 NA NA NA 197 381 720 0 292 281 NA NA NA 1219 287 1194 314 272 294 NA NA NA 556 250 1128 355 317 332 NA NA NA 
1785704400.0 10824.8 91 294 514 0 175 179 NA NA NA 196 402 718 0 285 280 NA NA NA 1229 271 1024 247 320 293 NA NA NA 569 236 872 275 352 380 NA NA NA 
1785704400.0 10825.0 126 289 501 0 148 178 NA NA NA 189 388 705 0 222 278 NA NA NA 816 230 843 301 256 303 NA NA NA 451 263 945 324 297 342 NA NA NA 
1785704400.0 10826.0 141 298 534 0 151 192 NA NA NA 198 392 709 0 226 276 NA NA NA 1498 223 913 193 219 212 NA NA NA 634 206 869 217 259 239 NA NA NA 
1785704400.0 10842.0 126 288 472 0 174 178 NA NA NA 185 385 703 0 286 273 NA NA NA 628 220 873 220 307 297 NA NA NA 484 256 996 265 373 326 NA NA NA 
1785704400.0 10859.0 136 309 542 0 153 194 NA NA NA 206 403 721 0 225 292 NA NA NA 2900 214 972 202 223 220 NA NA NA 1132 182 755 270 271 249 NA NA NA 
1785704400.0 10871.0 140 302 483 0 151 191 NA NA NA 193 389 705 0 221 279 NA NA NA 1081 198 796 187 213 211 NA NA NA 601 167 817 204 244 238 NA NA NA 
1785704400.0 109.0 167 187 399 NA NA NA NA NA NA 239 267 512 NA NA NA NA NA NA 896 159 681 NA NA NA NA NA NA 383 141 665 NA NA NA NA NA NA 
1785704400.0 11.0 125 175 361 0 117 NA NA NA NA 228 262 510 0 183 NA NA NA NA 701 180 840 201 239 NA NA NA NA 489 185 801 254 286 NA NA NA NA 
1785704400.0 110.0 115 181 375 NA NA NA NA NA NA 172 249 514 NA NA NA NA NA NA 315 170 800 NA NA NA NA NA NA 423 223 1054 NA NA NA NA NA NA 
1785704400.0 1102.0 143 181 383 211 105 NA NA NA NA 243 269 528 359 245 NA NA NA NA 1118 230 980 277 91 NA NA NA NA 541 203 926 312 91 NA NA NA NA 
1785704400.0 111.0 125 172 362 NA NA NA NA NA NA 201 256 511 NA NA NA NA NA NA 397 147 818 NA NA NA NA NA NA 591 207 1158 NA NA NA NA NA NA 
1785704400.0 112.0 154 185 389 NA NA NA NA NA NA 242 266 511 NA NA NA NA NA NA 836 187 722 NA NA NA NA NA NA 442 175 824 NA NA NA NA NA NA 
1785704400.0 11224.0 139 260 516 0 NA NA NA NA NA 193 349 717 0 NA NA NA NA NA 974 194 801 187 NA NA NA NA NA 478 152 823 205 NA NA NA NA NA 
1785704400.0 11224.6 130 256 508 0 NA NA NA NA NA 194 343 689 0 NA NA NA NA NA 1215 229 1077 255 NA NA NA NA NA 552 180 1121 278 NA NA NA NA NA 
1785704400.0 113.0 147 188 375 NA NA NA NA NA NA 231 264 512 NA NA NA NA NA NA 756 176 739 NA NA NA NA NA NA 442 158 823 NA NA NA NA NA NA 
1785704400.0 114.0 160 186 384 NA NA NA NA NA NA 233 270 529 NA NA NA NA NA NA 630 160 632 NA NA NA NA NA NA 344 173 618 NA NA NA NA NA NA 
1785704400.0 115.0 162 188 378 NA NA NA NA NA NA 241 266 514 NA NA NA NA NA NA 726 153 637 NA NA NA NA NA NA 363 133 676 NA NA NA NA NA NA 
1785704400.0 116.0 145 188 392 NA NA NA NA NA NA 230 263 517 NA NA NA NA NA NA 685 158 631 NA NA NA NA NA NA 375 148 615 NA NA NA NA NA NA 
1785704400.0 11601.0 104 296 530 0 147 NA NA NA NA 181 388 756 0 223 NA NA NA NA 544 269 951 262 281 NA NA NA NA 528 182 1026 309 293 NA NA NA NA 
1785704400.0 11602.0 128 298 537 0 146 NA NA NA NA 186 409 735 0 218 NA NA NA NA 609 272 1069 214 243 NA NA NA NA 525 211 975 253 262 NA NA NA NA 
1785704400.0 11603.0 144 303 555 0 154 NA NA NA NA 209 412 743 0 219 NA NA NA NA 2400 191 762 182 188 NA NA NA NA 1041 143 809 207 202 NA NA NA NA 
1785704400.0 11604.0 129 299 539 0 147 NA NA NA NA 174 396 782 0 218 NA NA NA NA 542 257 860 214 260 NA NA NA NA 477 261 922 231 283 NA NA NA NA 
1785704400.0 11605.0 128 300 530 0 147 NA NA NA NA 172 408 766 0 222 NA NA NA NA 587 281 1080 208 265 NA NA NA NA 514 188 1101 232 280 NA NA NA NA 
1785704400.0 11606.0 129 298 531 0 145 NA NA NA NA 174 395 743 0 217 NA NA NA NA 431 240 1036 216 245 NA NA NA NA 399 172 964 269 258 NA NA NA NA 
1785704400.0 11607.0 137 302 533 0 175 NA NA NA NA 189 395 764 0 284 NA NA NA NA 474 283 1011 211 277 NA NA NA NA 446 196 1063 233 343 NA NA NA NA 
1785704400.0 11608.0 131 299 538 0 175 NA NA NA NA 177 403 781 0 286 NA NA NA NA 502 262 908 215 298 NA NA NA NA 458 182 843 238 315 NA NA NA NA 
1785704400.0 11609.0 138 300 545 0 179 NA NA NA NA 188 409 758 0 291 NA NA NA NA 735 249 1042 211 289 NA NA NA NA 685 169 967 234 344 NA NA NA NA 
1785704400.0 11630.0 107 315 585 0 159 NA NA NA NA 201 421 760 0 224 NA NA NA NA 2933 225 1169 201 193 NA NA NA NA 1092 144 934 230 215 NA NA NA NA 
1785704400.0 11634.0 142 307 555 0 179 NA NA NA NA 188 399 759 0 293 NA NA NA NA 1382 297 1145 230 293 NA NA NA NA 760 201 1064 250 369 NA NA NA NA 
1785704400.0 11634.1 145 314 323 0 NA NA NA NA NA 200 396 473 0 NA NA NA NA NA 1253 235 372 214 NA NA NA NA NA 674 167 471 259 NA NA NA NA NA 
1785704400.0 11634.15 140 309 567 0 179 NA NA NA NA 190 415 790 0 297 NA NA NA NA 1389 246 1074 273 287 NA NA NA NA 813 161 973 322 307 NA NA NA NA 
1785704400.0 11634.24 130 236 506 0 140 NA NA NA NA 178 330 727 0 209 NA NA NA NA 521 140 953 275 286 NA NA NA NA 616 146 1016 319 328 NA NA NA NA 
1785704400.0 11634.5 146 309 192 0 NA NA NA NA NA 195 415 315 0 NA NA NA NA NA 1226 249 221 91 NA NA NA NA NA 663 171 328 113 NA NA NA NA NA 
1785704400.0 11634.601 142 305 100 552 0 NA NA NA NA 198 401 168 760 0 NA NA NA NA 1271 274 76 1135 272 NA NA NA NA 691 180 84 1143 294 NA NA NA NA 
1785704400.0 11634.7 142 308 553 0 NA NA NA NA NA 190 415 787 0 NA NA NA NA NA 1250 279 1145 248 NA NA NA NA NA 651 188 1143 268 NA NA NA NA NA 
1785704400.0 11634.91 142 304 554 0 181 NA NA NA NA 198 420 805 0 294 NA NA NA NA 1506 285 1125 231 306 NA NA NA NA 870 203 1025 254 373 NA NA NA NA 
1785704400.0 11634.914 133 304 556 0 179 NA NA NA NA 184 412 783 0 293 NA NA NA NA 1176 315 1038 225 318 NA NA NA NA 551 314 897 251 359 NA NA NA NA 
1785704400.0 11640.0 136 302 532 0 148 NA NA NA NA 194 399 766 0 220 NA NA NA NA 1491 302 1052 222 289 NA NA NA NA 1025 201 981 284 312 NA NA NA NA 
1785704400.0 11643.0 144 312 557 0 151 NA NA NA NA 201 415 764 0 228 NA NA NA NA 1619 292 1169 231 266 NA NA NA NA 784 183 1082 269 283 NA NA NA NA 
1785704400.0 11646.0 143 305 544 0 178 NA NA NA NA 190 406 773 0 293 NA NA NA NA 1171 267 1087 223 273 NA NA NA NA 694 170 1074 242 297 NA NA NA NA 
1785704400.0 11650.0 137 305 541 0 179 NA NA NA NA 196 409 743 0 292 NA NA NA NA 831 241 1057 219 278 NA NA NA NA 566 156 1056 242 294 NA NA NA NA 
1785704400.0 117.0 145 188 387 NA NA NA NA NA NA 236 263 514 NA NA NA NA NA NA 869 160 685 NA NA NA NA NA NA 428 148 732 NA NA NA NA NA NA 
1785704400.0 11723.17 147 312 559 0 NA NA NA NA NA 199 413 788 0 NA NA NA NA NA 3046 329 1350 254 NA NA NA NA NA 1299 205 1260 278 NA NA NA NA NA 
1785704400.0 118.0 165 181 398 NA NA NA NA NA NA 241 260 549 NA NA NA NA NA NA 844 162 671 NA NA NA NA NA NA 406 159 641 NA NA NA NA NA NA 
1785704400.0 119.0 139 177 377 NA NA NA NA NA NA 237 263 504 NA NA NA NA NA NA 710 218 799 NA NA NA NA NA NA 507 247 930 NA NA NA NA NA NA 
1785704400.0 12.0 163 187 390 0 NA NA NA NA NA 234 257 518 0 NA NA NA NA NA 613 154 674 155 NA NA NA NA NA 353 140 689 168 NA NA NA NA NA 
1785704400.0 120.0 121 181 320 NA NA NA NA NA NA 194 255 504 NA NA NA NA NA NA 255 181 820 NA NA NA NA NA NA 326 199 1073 NA NA NA NA NA NA 
1785704400.0 12034.0 109 269 545 0 NA NA NA NA NA 192 364 755 0 NA NA NA NA NA 1267 260 1122 249 NA NA NA NA NA 683 162 1180 270 NA NA NA NA NA 
1785704400.0 121.0 164 190 389 NA NA NA NA NA NA 238 260 534 NA NA NA NA NA NA 821 162 706 NA NA NA NA NA NA 400 135 761 NA NA NA NA NA NA 
1785704400.0 122.0 126 169 358 NA NA NA NA NA NA 191 245 513 NA NA NA NA NA NA 330 131 760 NA NA NA NA NA NA 455 238 988 NA NA NA NA NA NA 
1785704400.0 123.1 361 NA NA NA NA NA NA NA NA 510 NA NA NA NA NA NA NA NA 480 NA NA NA NA NA NA NA NA 481 NA NA NA NA NA NA NA NA 
1785704400.0 123.2 370 NA NA NA NA NA NA NA NA 510 NA NA NA NA NA NA NA NA 532 NA NA NA NA NA NA NA NA 519 NA NA NA NA NA NA NA NA 
1785704400.0 123.3 306 NA NA NA NA NA NA NA NA 401 NA NA NA NA NA NA NA NA 379 NA NA NA NA NA NA NA NA 462 NA NA NA NA NA NA NA NA 
1785704400.0 124.1 346 NA NA NA NA NA NA NA NA 485 NA NA NA NA NA NA NA NA 408 NA NA NA NA NA NA NA NA 469 NA NA NA NA NA NA NA NA 
1785704400.0 124.2 361 NA NA NA NA NA NA NA NA 498 NA NA NA NA NA NA NA NA 457 NA NA NA NA NA NA NA NA 487 NA NA NA NA NA NA NA NA 
1785704400.0 124.4 345 NA NA NA NA NA NA NA NA 491 NA NA NA NA NA NA NA NA 410 NA NA NA NA NA NA NA NA 463 NA NA NA NA NA NA NA NA 
1785704400.0 124.5 359 NA NA NA NA NA NA NA NA 479 NA NA NA NA NA NA NA NA 413 NA NA NA NA NA NA NA NA 479 NA NA NA NA NA NA NA NA 
1785704400.0 124.6 301 NA NA NA NA NA NA NA NA 412 NA NA NA NA NA NA NA NA 437 NA NA NA NA NA NA NA NA 548 NA NA NA NA NA NA NA NA 
1785704400.0 12434.0 110 304 556 0 178 NA NA NA NA 192 403 807 0 289 NA NA NA NA 1352 286 1186 247 301 NA NA NA NA 780 191 1072 281 357 NA NA NA NA 
1785704400.0 12434.511 146 313 152 0 NA NA NA NA NA 192 407 239 0 NA NA NA NA NA 1219 256 174 69 NA NA NA NA NA 636 194 186 89 NA NA NA NA NA 
1785704400.0 12434.521 146 311 145 0 NA NA NA NA NA 190 412 218 0 NA NA NA NA NA 1204 255 170 79 NA NA NA NA NA 645 166 199 106 NA NA NA NA NA 
1785704400.0 12434.7 143 307 553 0 NA NA NA NA NA 198 406 774 0 NA NA NA NA NA 1255 252 1132 258 NA NA NA NA NA 646 172 1064 280 NA NA NA NA NA 
1785704400.0 12446.0 142 303 544 0 177 NA NA NA NA 191 395 761 0 289 NA NA NA NA 1052 318 1103 220 275 NA NA NA NA 647 210 1040 239 298 NA NA NA NA 
1785704400.0 12461.0 123 299 531 0 144 NA NA NA NA 168 397 731 0 218 NA NA NA NA 512 277 960 211 229 NA NA NA NA 463 209 1015 268 242 NA NA NA NA 
1785704400.0 125.0 159 186 379 NA NA NA NA NA NA 239 260 509 NA NA NA NA NA NA 693 156 640 NA NA NA NA NA NA 371 135 644 NA NA NA NA NA NA 
1785704400.0 126.0 126 181 339 NA NA NA NA NA NA 186 259 512 NA NA NA NA NA NA 452 178 802 NA NA NA NA NA NA 523 244 1090 NA NA NA NA NA NA 
1785704400.0 127.0 127 175 363 NA NA NA NA NA NA 185 254 509 NA NA NA NA NA NA 345 185 819 NA NA NA NA NA NA 440 261 1121 NA NA NA NA NA NA 
1785704400.0 128.0 120 181 361 NA NA NA NA NA NA 172 259 501 NA NA NA NA NA NA 268 188 773 NA NA NA NA NA NA 406 210 1003 NA NA NA NA NA NA 
1785704400.0 12834.0 142 299 554 0 179 NA NA NA NA 192 422 786 0 290 NA NA NA NA 1409 279 1291 230 272 NA NA NA NA 731 183 1164 248 281 NA NA NA NA 
1785704400.0 12834.402 148 307 189 0 NA NA NA NA NA 203 408 266 0 NA NA NA NA NA 1189 252 195 102 NA NA NA NA NA 677 202 226 124 NA NA NA NA NA 
1785704400.0 12834.412 147 314 173 0 NA NA NA NA NA 191 443 257 0 NA NA NA NA NA 1240 250 182 76 NA NA NA NA NA 688 179 220 107 NA NA NA NA NA 
1785704400.0 12834.7 142 299 551 0 NA NA NA NA NA 194 408 775 0 NA NA NA NA NA 1173 304 1147 288 NA NA NA NA NA 611 193 1161 312 NA NA NA NA NA 
1785704400.0 12846.0 141 300 542 0 177 NA NA NA NA 193 418 762 0 291 NA NA NA NA 1134 305 1096 234 286 NA NA NA NA 744 220 1083 256 308 NA NA NA NA 
1785704400.0 12861.0 133 294 523 0 144 NA NA NA NA 175 420 760 0 217 NA NA NA NA 534 288 1040 201 246 NA NA NA NA 525 208 1108 259 295 NA NA NA NA 
1785704400.0 129.0 124 178 362 NA NA NA NA NA NA 174 254 494 NA NA NA NA NA NA 263 175 782 NA NA NA NA NA NA 373 219 1028 NA NA NA NA NA NA 
1785704400.0 13.0 134 178 382 0 NA NA NA NA NA 225 265 519 0 NA NA NA NA NA 1582 168 997 221 NA NA NA NA NA 790 209 920 263 NA NA NA NA NA 
1785704400.0 130.0 124 175 364 NA NA NA NA NA NA 177 253 495 NA NA NA NA NA NA 258 189 831 NA NA NA NA NA NA 321 255 1116 NA NA NA NA NA NA 
1785704400.0 1301.0 142 224 317 NA NA NA NA NA NA 196 307 456 NA NA NA NA NA NA 674 181 500 NA NA NA NA NA NA 548 228 747 NA NA NA NA NA NA 
1785704400.0 1301.17 131 293 309 NA NA NA NA NA NA 180 387 490 NA NA NA NA NA NA 750 220 524 NA NA NA NA NA NA 589 264 808 NA NA NA NA NA NA 
1785704400.0 1302.0 154 236 346 NA NA NA NA NA NA 215 322 482 NA NA NA NA NA NA 1006 189 532 NA NA NA NA NA NA 494 209 565 NA NA NA NA NA NA 
1785704400.0 1302.17 141 307 371 NA NA NA NA NA NA 194 395 537 NA NA NA NA NA NA 1158 215 514 NA NA NA NA NA NA 597 200 546 NA NA NA NA NA NA 
1785704400.0 1302.18 137 297 266 266 178 NA NA NA NA 189 379 461 346 267 NA NA NA NA 961 206 301 249 165 NA NA NA NA 434 185 349 228 183 NA NA NA NA 
1785704400.0 1302.181 140 294 302 257 178 NA NA NA NA 189 396 457 353 261 NA NA NA NA 1010 211 293 270 167 NA NA NA NA 434 166 322 301 197 NA NA NA NA 
1785704400.0 1303.0 155 235 301 NA NA NA NA NA NA 224 324 464 NA NA NA NA NA NA 1477 147 471 NA NA NA NA NA NA 707 148 556 NA NA NA NA NA NA 
1785704400.0 1303.17 146 300 369 NA NA NA NA NA NA 200 390 526 NA NA NA NA NA NA 1460 174 534 NA NA NA NA NA NA 683 156 605 NA NA NA NA NA NA 
1785704400.0 1304.18 134 291 288 224 172 NA NA NA NA 186 392 446 345 266 NA NA NA NA 658 192 269 240 177 NA NA NA NA 379 197 372 246 219 NA NA NA NA 
1785704400.0 1304.181 136 293 261 218 179 NA NA NA NA 184 391 439 344 273 NA NA NA NA 680 189 282 243 165 NA NA NA NA 380 167 442 270 192 NA NA NA NA 
1785704400.0 1304.182 133 287 254 213 NA NA NA NA NA 182 374 443 337 NA NA NA NA NA 817 251 349 330 NA NA NA NA NA 569 298 510 398 NA NA NA NA NA 
1785704400.0 1306.0 110 212 419 0 NA NA NA NA NA 167 313 569 0 NA NA NA NA NA 297 237 788 170 NA NA NA NA NA 292 272 807 191 NA NA NA NA NA 
1785704400.0 1307.0 109 201 262 98 0 NA NA NA NA 164 293 408 165 0 NA NA NA NA 500 153 401 153 109 NA NA NA NA 421 165 421 170 161 NA NA NA NA 
1785704400.0 1308.0 116 216 261 101 0 NA NA NA NA 164 313 417 161 0 NA NA NA NA 209 157 203 138 73 NA NA NA NA 207 159 253 154 85 NA NA NA NA 
1785704400.0 1309.0 153 239 456 0 NA NA NA NA NA 214 318 607 0 NA NA NA NA NA 1038 172 740 152 NA NA NA NA NA 482 142 662 171 NA NA NA NA NA 
1785704400.0 131.0 116 181 375 NA NA NA NA NA NA 186 261 520 NA NA NA NA NA NA 391 173 805 NA NA NA NA NA NA 443 239 1069 NA NA NA NA NA NA 
1785704400.0 1310.0 143 237 450 0 NA NA NA NA NA 207 317 622 0 NA NA NA NA NA 782 167 671 152 NA NA NA NA NA 381 148 669 181 NA NA NA NA NA 
1785704400.0 1311.0 131 224 430 0 118 NA NA NA NA 202 321 586 0 185 NA NA NA NA 778 215 703 195 232 NA NA NA NA 487 244 703 220 320 NA NA NA NA 
1785704400.0 1312.0 162 238 449 0 NA NA NA NA NA 226 315 599 0 NA NA NA NA NA 684 165 690 155 NA NA NA NA NA 360 135 653 176 NA NA NA NA NA 
1785704400.0 1313.0 146 233 455 0 NA NA NA NA NA 219 323 606 0 NA NA NA NA NA 1712 217 1088 196 NA NA NA NA NA 820 199 1039 219 NA NA NA NA NA 
1785704400.0 1314.0 144 228 435 0 NA NA NA NA NA 212 325 575 0 NA NA NA NA NA 719 206 880 184 NA NA NA NA NA 375 163 821 246 NA NA NA NA NA 
1785704400.0 1315.0 115 223 422 0 NA NA NA NA NA 175 317 601 0 NA NA NA NA NA 341 195 764 175 NA NA NA NA NA 305 189 751 193 NA NA NA NA NA 
1785704400.0 1316.0 128 224 426 0 NA NA NA NA NA 202 316 610 0 NA NA NA NA NA 2265 184 836 208 NA NA NA NA NA 896 173 949 276 NA NA NA NA NA 
1785704400.0 1317.0 83 222 423 0 163 NA NA NA NA 173 311 561 0 270 NA NA NA NA 382 221 755 164 222 NA NA NA NA 380 232 744 187 301 NA NA NA NA 
1785704400.0 1318.0 113 223 421 0 160 NA NA NA NA 172 318 583 0 258 NA NA NA NA 308 235 713 190 211 NA NA NA NA 302 211 701 237 287 NA NA NA NA 
1785704400.0 1319.0 114 222 423 0 NA NA NA NA NA 171 317 595 0 NA NA NA NA NA 417 227 801 180 NA NA NA NA NA 410 202 839 213 NA NA NA NA NA 
1785704400.0 132.0 142 185 397 NA NA NA NA NA NA 228 263 521 NA NA NA NA NA NA 769 159 659 NA NA NA NA NA NA 397 147 616 NA NA NA NA NA NA 
1785704400.0 1320.0 115 224 423 0 163 NA NA NA NA 173 318 579 0 272 NA NA NA NA 285 181 807 192 240 NA NA NA NA 266 180 761 216 321 NA NA NA NA 
1785704400.0 1321.0 115 223 427 0 164 NA NA NA NA 169 316 599 0 260 NA NA NA NA 275 226 912 169 204 NA NA NA NA 272 237 1190 190 264 NA NA NA NA 
1785704400.0 1322.0 114 223 428 0 164 NA NA NA NA 174 319 600 0 269 NA NA NA NA 310 168 991 176 202 NA NA NA NA 293 152 931 199 228 NA NA NA NA 
1785704400.0 1323.0 118 232 421 0 NA NA NA NA NA 166 316 575 0 NA NA NA NA NA 207 154 602 132 NA NA NA NA NA 229 137 655 144 NA NA NA NA NA 
1785704400.0 13234.0 79 570 0 NA NA NA NA NA NA 108 733 0 NA NA NA NA NA NA 67 901 131 NA NA NA NA NA NA 90 946 156 NA NA NA NA NA NA 
1785704400.0 1324.0 154 241 464 0 NA NA NA NA NA 224 323 588 0 NA NA NA NA NA 849 167 710 158 NA NA NA NA NA 413 146 748 188 NA NA NA NA NA 
1785704400.0 1325.0 140 231 445 0 123 165 NA NA NA 217 318 609 0 189 264 NA NA NA 983 184 814 201 253 228 NA NA NA 471 156 732 225 296 277 NA NA NA 
1785704400.0 1325.1 156 237 262 0 NA NA NA NA NA 220 329 378 0 NA NA NA NA NA 1018 203 344 151 NA NA NA NA NA 501 216 389 169 NA NA NA NA NA 
1785704400.0 1325.2 150 239 455 0 NA NA NA NA NA 216 328 597 0 NA NA NA NA NA 962 171 697 150 NA NA NA NA NA 514 161 709 169 NA NA NA NA NA 
1785704400.0 1325.3 153 242 254 0 NA NA NA NA NA 218 324 373 0 NA NA NA NA NA 1009 187 326 150 NA NA NA NA NA 485 162 352 176 NA NA NA NA NA 
1785704400.0 1325.4 152 239 448 0 NA NA NA NA NA 217 326 610 0 NA NA NA NA NA 925 178 709 156 NA NA NA NA NA 445 169 681 179 NA NA NA NA NA 
1785704400.0 1325.9 138 256 447 0 123 NA NA NA NA 216 348 603 0 186 NA NA NA NA 1219 278 1074 218 235 NA NA NA NA 537 276 940 309 285 NA NA NA NA 
1785704400.0 1325.91 140 256 443 0 123 NA NA NA NA 218 352 623 0 191 NA NA NA NA 1238 295 1084 194 246 NA NA NA NA 552 278 950 243 333 NA NA NA NA 
1785704400.0 1326.0 162 238 440 0 NA NA NA NA NA 220 321 592 0 NA NA NA NA NA 742 164 645 148 NA NA NA NA NA 412 160 625 169 NA NA NA NA NA 
1785704400.0 1327.0 160 239 441 0 NA NA NA NA NA 217 313 608 0 NA NA NA NA NA 731 161 662 146 NA NA NA NA NA 381 139 676 162 NA NA NA NA NA 
1785704400.0 1328.0 157 238 449 0 NA NA NA NA NA 222 327 609 0 NA NA NA NA NA 791 165 652 147 NA NA NA NA NA 424 151 609 165 NA NA NA NA NA 
1785704400.0 1329.0 148 230 452 0 178 NA NA NA NA 220 315 571 0 271 NA NA NA NA 622 168 645 147 172 NA NA NA NA 345 157 715 164 205 NA NA NA NA 
1785704400.0 133.0 162 183 403 NA NA NA NA NA NA 238 261 540 NA NA NA NA NA NA 994 171 732 NA NA NA NA NA NA 430 165 700 NA NA NA NA NA NA 
1785704400.0 1330.0 141 225 479 0 164 NA NA NA NA 208 316 648 0 261 NA NA NA NA 609 183 712 183 210 NA NA NA NA 382 167 794 209 253 NA NA NA NA 
1785704400.0 1331.0 138 226 431 0 164 NA NA NA NA 220 313 593 0 258 NA NA NA NA 751 252 790 187 207 NA NA NA NA 467 214 730 218 244 NA NA NA NA 
1785704400.0 1332.0 153 235 442 0 NA NA NA NA NA 214 313 586 0 NA NA NA NA NA 669 165 647 156 NA NA NA NA NA 343 176 608 187 NA NA NA NA NA 
1785704400.0 1333.0 161 233 448 0 NA NA NA NA NA 224 311 579 0 NA NA NA NA NA 594 161 621 147 NA NA NA NA NA 323 145 585 177 NA NA NA NA NA 
1785704400.0 1334.0 159 235 453 0 NA NA NA NA NA 228 319 591 0 NA NA NA NA NA 744 159 653 155 NA NA NA NA NA 362 149 618 184 NA NA NA NA NA 
1785704400.0 1335.0 159 237 446 0 NA NA NA NA NA 216 318 600 0 NA NA NA NA NA 610 161 642 143 NA NA NA NA NA 315 143 647 158 NA NA NA NA NA 
1785704400.0 1336.0 140 232 449 0 NA NA NA NA NA 218 321 614 0 NA NA NA NA NA 2330 210 1218 197 NA NA NA NA NA 997 189 893 253 NA NA NA NA NA 
1785704400.0 1337.0 150 242 460 0 NA NA NA NA NA 233 340 621 0 NA NA NA NA NA 2103 243 1045 191 NA NA NA NA NA 874 200 798 238 NA NA NA NA NA 
1785704400.0 1338.0 146 230 403 0 165 NA NA NA NA 227 316 593 0 262 NA NA NA NA 1117 241 988 212 245 NA NA NA NA 537 217 862 247 319 NA NA NA NA 
1785704400.0 1339.0 141 234 450 0 NA NA NA NA NA 217 328 631 0 NA NA NA NA NA 1782 263 1199 211 NA NA NA NA NA 786 216 1009 240 NA NA NA NA NA 
1785704400.0 134.0 NA 395 88 0 NA NA NA NA NA NA 524 149 0 NA NA NA NA NA NA 1272 122 24 NA NA NA NA NA NA 914 135 35 NA NA NA NA NA 
1785704400.0 134.701 NA 103 420 0 NA NA NA NA NA NA 183 568 0 NA NA NA NA NA NA 73 1748 128 NA NA NA NA NA NA 94 1048 146 NA NA NA NA NA 
1785704400.0 134.702 NA 104 427 0 NA NA NA NA NA NA 186 578 0 NA NA NA NA NA NA 81 2125 119 NA NA NA NA NA NA 95 1116 134 NA NA NA NA NA 
1785704400.0 134.703 NA 113 432 0 NA NA NA NA NA NA 187 589 0 NA NA NA NA NA NA 76 2146 131 NA NA NA NA NA NA 76 1128 150 NA NA NA NA NA 
1785704400.0 134.704 NA 111 423 0 NA NA NA NA NA NA 185 581 0 NA NA NA NA NA NA 74 2060 122 NA NA NA NA NA NA 72 1114 138 NA NA NA NA NA 
1785704400.0 134.705 NA 107 440 0 NA NA NA NA NA NA 186 608 0 NA NA NA NA NA NA 83 2260 135 NA NA NA NA NA NA 113 1171 150 NA NA NA NA NA 
1785704400.0 134.706 NA 114 434 0 NA NA NA NA NA NA 188 584 0 NA NA NA NA NA NA 74 2356 141 NA NA NA NA NA NA 88 1225 166 NA NA NA NA NA 
1785704400.0 134.707 NA 114 432 0 NA NA NA NA NA NA 188 576 0 NA NA NA NA NA NA 73 1988 123 NA NA NA NA NA NA 71 1023 136 NA NA NA NA NA 
1785704400.0 134.708 NA 106 419 0 NA NA NA NA NA NA 184 585 0 NA NA NA NA NA NA 79 2014 124 NA NA NA NA NA NA 104 1091 144 NA NA NA NA NA 
1785704400.0 134.709 NA 106 595 0 NA NA NA NA NA NA 188 801 0 NA NA NA NA NA NA 82 2164 130 NA NA NA NA NA NA 116 1182 150 NA NA NA NA NA 
1785704400.0 134.71 NA 104 415 0 NA NA NA NA NA NA 177 573 0 NA NA NA NA NA NA 73 1567 120 NA NA NA NA NA NA 87 1060 134 NA NA NA NA NA 
1785704400.0 134.801 NA 105 423 0 NA NA NA NA NA NA 188 576 0 NA NA NA NA NA NA 77 1648 121 NA NA NA NA NA NA 104 1020 137 NA NA NA NA NA 
1785704400.0 134.802 NA 110 433 0 NA NA NA NA NA NA 186 584 0 NA NA NA NA NA NA 80 2465 124 NA NA NA NA NA NA 97 1176 148 NA NA NA NA NA 
1785704400.0 134.803 NA 106 437 0 NA NA NA NA NA NA 183 581 0 NA NA NA NA NA NA 87 2299 121 NA NA NA NA NA NA 98 1152 135 NA NA NA NA NA 
1785704400.0 134.804 NA 112 440 0 NA NA NA NA NA NA 186 612 0 NA NA NA NA NA NA 80 2580 131 NA NA NA NA NA NA 91 1283 155 NA NA NA NA NA 
1785704400.0 134.805 NA 112 439 0 NA NA NA NA NA NA 185 586 0 NA NA NA NA NA NA 80 2531 127 NA NA NA NA NA NA 96 1264 145 NA NA NA NA NA 
1785704400.0 134.806 NA 110 443 0 NA NA NA NA NA NA 186 583 0 NA NA NA NA NA NA 85 2755 125 NA NA NA NA NA NA 93 1299 143 NA NA NA NA NA 
1785704400.0 134.809 NA 109 432 0 NA NA NA NA NA NA 183 592 0 NA NA NA NA NA NA 85 2329 126 NA NA NA NA NA NA 124 1163 144 NA NA NA NA NA 
1785704400.0 134.81 NA 92 435 0 NA NA NA NA NA NA 184 592 0 NA NA NA NA NA NA 90 2385 126 NA NA NA NA NA NA 96 1223 147 NA NA NA NA NA 
1785704400.0 134.811 NA 107 436 0 NA NA NA NA NA NA 184 615 0 NA NA NA NA NA NA 84 2500 121 NA NA NA NA NA NA 116 1252 137 NA NA NA NA NA 
1785704400.0 134.812 NA 107 410 0 NA NA NA NA NA NA 176 549 0 NA NA NA NA NA NA 75 1647 121 NA NA NA NA NA NA 78 1219 139 NA NA NA NA NA 
1785704400.0 134.813 NA 263 123 0 NA NA NA NA NA NA 401 194 0 NA NA NA NA NA NA 576 191 83 NA NA NA NA NA NA 335 200 113 NA NA NA NA NA 
1785704400.0 134.901 NA 110 411 0 NA NA NA NA NA NA 184 563 0 NA NA NA NA NA NA 75 1697 121 NA NA NA NA NA NA 92 1075 137 NA NA NA NA NA 
1785704400.0 134.902 NA 109 424 0 NA NA NA NA NA NA 186 561 0 NA NA NA NA NA NA 78 2012 122 NA NA NA NA NA NA 77 1104 137 NA NA NA NA NA 
1785704400.0 134.903 NA 113 428 0 NA NA NA NA NA NA 185 572 0 NA NA NA NA NA NA 76 1869 125 NA NA NA NA NA NA 73 1042 145 NA NA NA NA NA 
1785704400.0 134.904 NA 111 434 0 NA NA NA NA NA NA 186 584 0 NA NA NA NA NA NA 80 2242 124 NA NA NA NA NA NA 175 1139 141 NA NA NA NA NA 
1785704400.0 134.905 NA 106 423 0 NA NA NA NA NA NA 190 586 0 NA NA NA NA NA NA 81 1846 123 NA NA NA NA NA NA 89 1025 141 NA NA NA NA NA 
1785704400.0 134.906 NA 112 427 0 NA NA NA NA NA NA 186 590 0 NA NA NA NA NA NA 79 2146 127 NA NA NA NA NA NA 80 1126 145 NA NA NA NA NA 
1785704400.0 134.909 NA 112 417 0 NA NA NA NA NA NA 186 568 0 NA NA NA NA NA NA 76 1960 123 NA NA NA NA NA NA 75 1129 140 NA NA NA NA NA 
1785704400.0 134.91 NA 113 418 0 NA NA NA NA NA NA 189 580 0 NA NA NA NA NA NA 79 1811 124 NA NA NA NA NA NA 80 1044 139 NA NA NA NA NA 
1785704400.0 134.911 NA 113 428 0 NA NA NA NA NA NA 187 569 0 NA NA NA NA NA NA 75 1879 126 NA NA NA NA NA NA 73 1003 140 NA NA NA NA NA 
1785704400.0 134.912 NA 109 417 0 NA NA NA NA NA NA 176 548 0 NA NA NA NA NA NA 73 1565 129 NA NA NA NA NA NA 71 1018 149 NA NA NA NA NA 
1785704400.0 134.99601 NA 108 434 0 NA NA NA NA NA NA 185 574 0 NA NA NA NA NA NA 89 2905 122 NA NA NA NA NA NA 98 1377 137 NA NA NA NA NA 
1785704400.0 134.99602 NA 112 406 0 NA NA NA NA NA NA 185 555 0 NA NA NA NA NA NA 76 1769 121 NA NA NA NA NA NA 75 1155 137 NA NA NA NA NA 
1785704400.0 134.99603 NA 112 434 0 NA NA NA NA NA NA 184 586 0 NA NA NA NA NA NA 80 2257 125 NA NA NA NA NA NA 82 1153 142 NA NA NA NA NA 
1785704400.0 134.99901 NA 113 423 0 NA NA NA NA NA NA 192 577 0 NA NA NA NA NA NA 74 1787 122 NA NA NA NA NA NA 77 1035 139 NA NA NA NA NA 
1785704400.0 1340.0 123 199 409 0 NA NA NA NA NA 186 293 572 0 NA NA NA NA NA 568 159 754 184 NA NA NA NA NA 502 185 770 219 NA NA NA NA NA 
1785704400.0 1341.0 144 232 447 0 NA NA NA NA NA 228 322 586 0 NA NA NA NA NA 1412 259 1189 211 NA NA NA NA NA 572 255 943 268 NA NA NA NA NA 
1785704400.0 1343.0 156 234 437 0 NA NA NA NA NA 211 313 588 0 NA NA NA NA NA 575 167 698 155 NA NA NA NA NA 334 155 732 176 NA NA NA NA NA 
1785704400.0 1344.0 127 237 440 0 NA NA NA NA NA 228 313 578 0 NA NA NA NA NA 1524 159 663 147 NA NA NA NA NA 629 151 658 169 NA NA NA NA NA 
1785704400.0 1345.0 157 237 453 0 NA NA NA NA NA 225 323 607 0 NA NA NA NA NA 973 163 686 156 NA NA NA NA NA 522 194 733 176 NA NA NA NA NA 
1785704400.0 1347.0 100 227 431 0 NA NA NA NA NA 203 317 593 0 NA NA NA NA NA 621 155 858 202 NA NA NA NA NA 550 152 821 224 NA NA NA NA NA 
1785704400.0 1348.0 142 229 427 0 NA NA NA NA NA 222 322 577 0 NA NA NA NA NA 839 217 913 192 NA NA NA NA NA 591 193 914 211 NA NA NA NA NA 
1785704400.0 1349.0 85 0 0 0 NA NA NA NA NA 172 0 0 0 NA NA NA NA NA 228 88 527 139 NA NA NA NA NA 225 115 614 161 NA NA NA NA NA 
1785704400.0 135.1 406 0 217 164 NA NA NA NA NA 561 0 306 258 NA NA NA NA NA 452 106 315 230 NA NA NA NA NA 582 198 371 323 NA NA NA NA NA 
1785704400.0 135.11 411 0 221 168 NA NA NA NA NA 540 0 309 261 NA NA NA NA NA 614 118 397 226 NA NA NA NA NA 615 218 490 293 NA NA NA NA NA 
1785704400.0 135.12 403 0 168 161 NA NA NA NA NA 529 0 301 259 NA NA NA NA NA 440 105 341 218 NA NA NA NA NA 539 164 470 317 NA NA NA NA NA 
1785704400.0 135.13 388 0 NA NA NA NA NA NA NA 557 0 NA NA NA NA NA NA NA 480 168 NA NA NA NA NA NA NA 535 266 NA NA NA NA NA NA NA 
1785704400.0 135.2 299 0 198 145 NA NA NA NA NA 448 0 296 257 NA NA NA NA NA 416 98 307 248 NA NA NA NA NA 481 187 433 383 NA NA NA NA NA 
1785704400.0 135.3 339 0 208 168 NA NA NA NA NA 446 0 294 260 NA NA NA NA NA 393 105 291 219 NA NA NA NA NA 519 144 398 352 NA NA NA NA NA 
1785704400.0 135.4 413 0 211 161 NA NA NA NA NA 553 0 295 267 NA NA NA NA NA 442 119 331 236 NA NA NA NA NA 578 204 469 330 NA NA NA NA NA 
1785704400.0 135.5 387 0 203 161 NA NA NA NA NA 542 0 296 262 NA NA NA NA NA 441 112 336 232 NA NA NA NA NA 641 172 497 321 NA NA NA NA NA 
1785704400.0 135.6 419 0 221 173 NA NA NA NA NA 556 0 295 259 NA NA NA NA NA 381 93 246 166 NA NA NA NA NA 322 109 261 209 NA NA NA NA NA 
1785704400.0 135.7 390 0 209 159 NA NA NA NA NA 550 0 291 256 NA NA NA NA NA 447 105 311 242 NA NA NA NA NA 584 157 452 337 NA NA NA NA NA 
1785704400.0 135.8 188 NA NA NA NA NA NA NA NA 291 NA NA NA NA NA NA NA NA 433 NA NA NA NA NA NA NA NA 397 NA NA NA NA NA NA NA NA 
1785704400.0 135.9 390 0 207 149 NA NA NA NA NA 531 0 299 260 NA NA NA NA NA 422 116 300 237 NA NA NA NA NA 527 206 390 360 NA NA NA NA NA 
1785704400.0 1350.0 114 0 0 0 NA NA NA NA NA 166 0 0 0 NA NA NA NA NA 236 88 515 136 NA NA NA NA NA 221 122 573 154 NA NA NA NA NA 
1785704400.0 1351.0 121 200 415 0 NA NA NA NA NA 183 296 566 0 NA NA NA NA NA 355 134 819 201 NA NA NA NA NA 340 225 891 258 NA NA NA NA NA 
1785704400.0 1352.0 164 236 442 0 NA NA NA NA NA 227 321 592 0 NA NA NA NA NA 681 161 661 145 NA NA NA NA NA 377 147 664 161 NA NA NA NA NA 
1785704400.0 1353.0 146 229 439 0 NA NA NA NA NA 233 321 582 0 NA NA NA NA NA 2403 213 811 217 NA NA NA NA NA 971 205 769 321 NA NA NA NA NA 
1785704400.0 1354.0 163 236 441 0 NA NA NA NA NA 229 327 595 0 NA NA NA NA NA 913 166 666 148 NA NA NA NA NA 409 172 634 174 NA NA NA NA NA 
1785704400.0 1355.0 170 238 452 0 NA NA NA NA NA 230 317 596 0 NA NA NA NA NA 1153 178 697 149 NA NA NA NA NA 496 171 664 164 NA NA NA NA NA 
1785704400.0 1356.0 144 227 437 0 208 NA NA NA NA 221 322 634 0 331 NA NA NA NA 802 207 858 241 279 NA NA NA NA 524 200 836 277 289 NA NA NA NA 
1785704400.0 136.721 NA 176 473 0 NA NA NA NA NA NA 265 638 0 NA NA NA NA NA NA 164 2327 123 NA NA NA NA NA NA 158 1149 138 NA NA NA NA NA 
1785704400.0 136.722 NA 175 396 0 NA NA NA NA NA NA 257 595 0 NA NA NA NA NA NA 188 3248 110 NA NA NA NA NA NA 166 1564 128 NA NA NA NA NA 
1785704400.0 136.723 NA 178 472 0 NA NA NA NA NA NA 259 644 0 NA NA NA NA NA NA 167 2550 126 NA NA NA NA NA NA 190 1206 143 NA NA NA NA NA 
1785704400.0 136.724 NA 175 402 0 NA NA NA NA NA NA 261 611 0 NA NA NA NA NA NA 188 3921 110 NA NA NA NA NA NA 234 1888 131 NA NA NA NA NA 
1785704400.0 136.725 NA 176 398 0 NA NA NA NA NA NA 266 601 0 NA NA NA NA NA NA 184 3107 98 NA NA NA NA NA NA 152 1531 115 NA NA NA NA NA 
1785704400.0 136.726 NA 176 389 0 NA NA NA NA NA NA 271 566 0 NA NA NA NA NA NA 180 3450 106 NA NA NA NA NA NA 195 1689 124 NA NA NA NA NA 
1785704400.0 136.729 NA 162 462 0 NA NA NA NA NA NA 258 623 0 NA NA NA NA NA NA 216 3322 156 NA NA NA NA NA NA 197 1565 200 NA NA NA NA NA 
1785704400.0 136.73 NA 175 457 0 NA NA NA NA NA NA 257 644 0 NA NA NA NA NA NA 189 3244 112 NA NA NA NA NA NA 215 1547 129 NA NA NA NA NA 
1785704400.0 136.731 NA 176 407 0 NA NA NA NA NA NA 263 608 0 NA NA NA NA NA NA 215 3520 113 NA NA NA NA NA NA 169 1781 133 NA NA NA NA NA 
1785704400.0 136.732 NA 180 508 0 NA NA NA NA NA NA 267 710 0 NA NA NA NA NA NA 149 2164 126 NA NA NA NA NA NA 180 1145 152 NA NA NA NA NA 
1785704400.0 136.733 NA 270 135 0 NA NA NA NA NA NA 438 202 0 NA NA NA NA NA NA 488 231 108 NA NA NA NA NA NA 382 369 160 NA NA NA NA NA 
1785704400.0 136.734 NA 174 391 0 NA NA NA NA NA NA 260 562 0 NA NA NA NA NA NA 257 3028 104 NA NA NA NA NA NA 199 1542 119 NA NA NA NA NA 
1785704400.0 136.735 NA 178 396 0 NA NA NA NA NA NA 265 573 0 NA NA NA NA NA NA 202 1251 148 NA NA NA NA NA NA 194 1083 173 NA NA NA NA NA 
1785704400.0 136.736 NA 176 471 0 NA NA NA NA NA NA 271 654 0 NA NA NA NA NA NA 236 5486 167 NA NA NA NA NA NA 203 2292 187 NA NA NA NA NA 
1785704400.0 136.737 NA 174 409 0 NA NA NA NA NA NA 260 623 0 NA NA NA NA NA NA 246 5613 111 NA NA NA NA NA NA 208 2267 130 NA NA NA NA NA 
1785704400.0 136.738 NA 175 469 0 NA NA NA NA NA NA 258 659 0 NA NA NA NA NA NA 248 4845 162 NA NA NA NA NA NA 171 1872 182 NA NA NA NA NA 
1785704400.0 136.739 NA 174 461 0 NA NA NA NA NA NA 253 636 0 NA NA NA NA NA NA 194 4889 83 NA NA NA NA NA NA 205 1905 97 NA NA NA NA NA 
1785704400.0 136.74 NA 174 379 0 NA NA NA NA NA NA 262 660 0 NA NA NA NA NA NA 230 5207 120 NA NA NA NA NA NA 204 2206 137 NA NA NA NA NA 
1785704400.0 136.741 NA 175 399 0 NA NA NA NA NA NA 262 602 0 NA NA NA NA NA NA 230 6014 104 NA NA NA NA NA NA 234 2451 123 NA NA NA NA NA 
1785704400.0 136.742 NA 173 472 0 NA NA NA NA NA NA 260 645 0 NA NA NA NA NA NA 236 4442 140 NA NA NA NA NA NA 284 1828 220 NA NA NA NA NA 
1785704400.0 136.743 NA 175 514 0 NA NA NA NA NA NA 263 713 0 NA NA NA NA NA NA 258 5203 135 NA NA NA NA NA NA 211 2231 182 NA NA NA NA NA 
1785704400.0 136.744 NA 175 414 0 NA NA NA NA NA NA 265 618 0 NA NA NA NA NA NA 235 5274 123 NA NA NA NA NA NA 192 2147 163 NA NA NA NA NA 
1785704400.0 136.745 NA 174 508 0 NA NA NA NA NA NA 262 684 0 NA NA NA NA NA NA 230 3724 163 NA NA NA NA NA NA 196 1726 182 NA NA NA NA NA 
1785704400.0 136.746 NA 175 401 0 NA NA NA NA NA NA 264 580 0 NA NA NA NA NA NA 285 4830 145 NA NA NA NA NA NA 197 1999 163 NA NA NA NA NA 
1785704400.0 136.747 NA 175 481 0 NA NA NA NA NA NA 263 655 0 NA NA NA NA NA NA 234 4862 167 NA NA NA NA NA NA 182 2037 186 NA NA NA NA NA 
1785704400.0 136.748 NA 174 398 0 NA NA NA NA NA NA 264 599 0 NA NA NA NA NA NA 223 4883 112 NA NA NA NA NA NA 178 2080 127 NA NA NA NA NA 
1785704400.0 136.749 NA 176 480 0 NA NA NA NA NA NA 261 660 0 NA NA NA NA NA NA 259 5343 179 NA NA NA NA NA NA 222 2254 196 NA NA NA NA NA 
1785704400.0 136.75 NA 176 428 0 NA NA NA NA NA NA 266 656 0 NA NA NA NA NA NA 240 6426 111 NA NA NA NA NA NA 188 2596 131 NA NA NA NA NA 
1785704400.0 136.751 NA 178 431 0 NA NA NA NA NA NA 263 644 0 NA NA NA NA NA NA 189 4913 83 NA NA NA NA NA NA 201 1950 97 NA NA NA NA NA 
1785704400.0 136.752 NA 175 403 0 NA NA NA NA NA NA 260 585 0 NA NA NA NA NA NA 232 5055 110 NA NA NA NA NA NA 191 2011 163 NA NA NA NA NA 
1785704400.0 136.753 NA 175 478 0 NA NA NA NA NA NA 258 701 0 NA NA NA NA NA NA 239 5425 136 NA NA NA NA NA NA 194 2179 178 NA NA NA NA NA 
1785704400.0 136.754 NA 180 534 0 NA NA NA NA NA NA 269 730 0 NA NA NA NA NA NA 217 3931 135 NA NA NA NA NA NA 282 1680 189 NA NA NA NA NA 
1785704400.0 136.755 NA 176 422 0 NA NA NA NA NA NA 266 655 0 NA NA NA NA NA NA 230 5023 130 NA NA NA NA NA NA 223 2019 171 NA NA NA NA NA 
1785704400.0 136.756 NA 175 511 0 NA NA NA NA NA NA 259 702 0 NA NA NA NA NA NA 248 3711 164 NA NA NA NA NA NA 200 1764 182 NA NA NA NA NA 
1785704400.0 136.757 NA 177 402 0 NA NA NA NA NA NA 270 595 0 NA NA NA NA NA NA 253 5012 125 NA NA NA NA NA NA 190 2273 144 NA NA NA NA NA 
1785704400.0 136.758 NA 176 437 0 NA NA NA NA NA NA 268 680 0 NA NA NA NA NA NA 256 6385 167 NA NA NA NA NA NA 237 2620 186 NA NA NA NA NA 
1785704400.0 136.759 NA 182 481 0 NA NA NA NA NA NA 262 652 0 NA NA NA NA NA NA 182 5135 93 NA NA NA NA NA NA 181 1936 115 NA NA NA NA NA 
1785704400.0 136.76 NA 178 502 0 NA NA NA NA NA NA 260 683 0 NA NA NA NA NA NA 206 5722 126 NA NA NA NA NA NA 208 2149 140 NA NA NA NA NA 
1785704400.0 136.761 NA 184 448 0 NA NA NA NA NA NA 261 682 0 NA NA NA NA NA NA 198 6351 84 NA NA NA NA NA NA 214 2225 102 NA NA NA NA NA 
1785704400.0 136.762 NA 182 447 0 NA NA NA NA NA NA 260 635 0 NA NA NA NA NA NA 190 7104 85 NA NA NA NA NA NA 216 2450 100 NA NA NA NA NA 
1785704400.0 136.763 NA 175 427 0 NA NA NA NA NA NA 265 591 0 NA NA NA NA NA NA 193 5494 76 NA NA NA NA NA NA 193 2143 90 NA NA NA NA NA 
1785704400.0 136.764 NA 176 504 0 NA NA NA NA NA NA 266 703 0 NA NA NA NA NA NA 197 5508 102 NA NA NA NA NA NA 209 2034 117 NA NA NA NA NA 
1785704400.0 136.765 NA 174 527 0 NA NA NA NA NA NA 261 754 0 NA NA NA NA NA NA 242 5315 134 NA NA NA NA NA NA 223 2052 152 NA NA NA NA NA 
1785704400.0 136.766 NA 179 430 0 NA NA NA NA NA NA 259 676 0 NA NA NA NA NA NA 188 5469 92 NA NA NA NA NA NA 192 2075 110 NA NA NA NA NA 
1785704400.0 136.767 NA 174 517 0 NA NA NA NA NA NA 267 705 0 NA NA NA NA NA NA 262 5048 180 NA NA NA NA NA NA 200 1986 204 NA NA NA NA NA 
1785704400.0 136.768 NA 178 423 0 NA NA NA NA NA NA 265 616 0 NA NA NA NA NA NA 208 5265 91 NA NA NA NA NA NA 211 1966 108 NA NA NA NA NA 
1785704400.0 136.769 NA 177 475 0 NA NA NA NA NA NA 264 652 0 NA NA NA NA NA NA 199 4213 158 NA NA NA NA NA NA 168 1796 180 NA NA NA NA NA 
1785704400.0 136.77 NA 174 414 0 NA NA NA NA NA NA 258 622 0 NA NA NA NA NA NA 219 5115 115 NA NA NA NA NA NA 190 2267 133 NA NA NA NA NA 
1785704400.0 136.771 NA 176 476 0 NA NA NA NA NA NA 263 677 0 NA NA NA NA NA NA 248 5413 168 NA NA NA NA NA NA 191 2285 190 NA NA NA NA NA 
1785704400.0 136.772 NA 175 426 0 NA NA NA NA NA NA 261 623 0 NA NA NA NA NA NA 237 6084 117 NA NA NA NA NA NA 220 2394 140 NA NA NA NA NA 
1785704400.0 136.773 NA 176 417 0 NA NA NA NA NA NA 265 627 0 NA NA NA NA NA NA 251 5624 112 NA NA NA NA NA NA 195 2362 130 NA NA NA NA NA 
1785704400.0 136.774 NA 177 408 0 NA NA NA NA NA NA 258 583 0 NA NA NA NA NA NA 233 4823 98 NA NA NA NA NA NA 239 2170 116 NA NA NA NA NA 
1785704400.0 136.775 NA 136 477 0 NA NA NA NA NA NA 263 664 0 NA NA NA NA NA NA 219 4525 144 NA NA NA NA NA NA 195 1831 216 NA NA NA NA NA 
1785704400.0 136.776 NA 177 525 0 NA NA NA NA NA NA 259 695 0 NA NA NA NA NA NA 189 4170 144 NA NA NA NA NA NA 157 1763 215 NA NA NA NA NA 
1785704400.0 136.777 NA 176 420 0 NA NA NA NA NA NA 259 627 0 NA NA NA NA NA NA 200 5461 119 NA NA NA NA NA NA 170 2133 144 NA NA NA NA NA 
1785704400.0 136.778 NA 178 507 0 NA NA NA NA NA NA 265 696 0 NA NA NA NA NA NA 187 3482 168 NA NA NA NA NA NA 167 1645 185 NA NA NA NA NA 
1785704400.0 136.779 NA 177 368 0 NA NA NA NA NA NA 266 584 0 NA NA NA NA NA NA 243 4780 134 NA NA NA NA NA NA 181 2117 175 NA NA NA NA NA 
1785704400.0 136.78 NA 199 550 0 NA NA NA NA NA NA 291 765 0 NA NA NA NA NA NA 225 6357 168 NA NA NA NA NA NA 187 2545 188 NA NA NA NA NA 
1785704400.0 136.781 NA 200 496 0 NA NA NA NA NA NA 281 730 0 NA NA NA NA NA NA 166 4924 103 NA NA NA NA NA NA 183 1953 116 NA NA NA NA NA 
1785704400.0 136.782 NA 198 573 0 NA NA NA NA NA NA 280 782 0 NA NA NA NA NA NA 197 5437 149 NA NA NA NA NA NA 167 1929 178 NA NA NA NA NA 
1785704400.0 136.783 NA 206 501 0 NA NA NA NA NA NA 281 730 0 NA NA NA NA NA NA 175 6201 101 NA NA NA NA NA NA 169 2248 117 NA NA NA NA NA 
1785704400.0 136.784 NA 197 451 0 NA NA NA NA NA NA 292 644 0 NA NA NA NA NA NA 236 5974 140 NA NA NA NA NA NA 198 2522 163 NA NA NA NA NA 
1785704400.0 136.785 NA 199 460 0 NA NA NA NA NA NA 286 643 0 NA NA NA NA NA NA 187 5418 98 NA NA NA NA NA NA 187 2043 116 NA NA NA NA NA 
1785704400.0 136.786 NA 197 559 0 NA NA NA NA NA NA 279 803 0 NA NA NA NA NA NA 219 6442 172 NA NA NA NA NA NA 236 2577 229 NA NA NA NA NA 
1785704400.0 136.787 NA 205 653 0 NA NA NA NA NA NA 289 872 0 NA NA NA NA NA NA 168 5062 126 NA NA NA NA NA NA 151 2104 152 NA NA NA NA NA 
1785704400.0 136.788 NA 204 481 0 NA NA NA NA NA NA 291 701 0 NA NA NA NA NA NA 179 5675 103 NA NA NA NA NA NA 185 2193 119 NA NA NA NA NA 
1785704400.0 136.789 NA 194 612 0 NA NA NA NA NA NA 284 848 0 NA NA NA NA NA NA 202 6178 167 NA NA NA NA NA NA 304 2580 186 NA NA NA NA NA 
1785704400.0 136.79 NA 202 446 0 NA NA NA NA NA NA 287 593 0 NA NA NA NA NA NA 199 3381 133 NA NA NA NA NA NA 267 1556 157 NA NA NA NA NA 
1785704400.0 136.791 NA 202 469 0 NA NA NA NA NA NA 301 674 0 NA NA NA NA NA NA 176 1645 167 NA NA NA NA NA NA 261 1493 197 NA NA NA NA NA 
1785704400.0 136.792 NA 199 560 0 NA NA NA NA NA NA 290 769 0 NA NA NA NA NA NA 227 5070 207 NA NA NA NA NA NA 183 2074 263 NA NA NA NA NA 
1785704400.0 136.793 NA 197 457 0 NA NA NA NA NA NA 288 693 0 NA NA NA NA NA NA 230 5453 140 NA NA NA NA NA NA 229 2191 197 NA NA NA NA NA 
1785704400.0 136.794 NA 199 564 0 NA NA NA NA NA NA 295 765 0 NA NA NA NA NA NA 232 4732 182 NA NA NA NA NA NA 188 2019 205 NA NA NA NA NA 
1785704400.0 136.795 NA 199 442 0 NA NA NA NA NA NA 291 709 0 NA NA NA NA NA NA 216 5992 139 NA NA NA NA NA NA 207 2684 167 NA NA NA NA NA 
1785704400.0 136.796 NA 199 452 0 NA NA NA NA NA NA 289 654 0 NA NA NA NA NA NA 229 5300 142 NA NA NA NA NA NA 195 2366 176 NA NA NA NA NA 
1785704400.0 136.797 NA 200 447 0 NA NA NA NA NA NA 298 645 0 NA NA NA NA NA NA 228 4942 132 NA NA NA NA NA NA 257 1939 167 NA NA NA NA NA 
1785704400.0 136.798 NA 197 557 0 NA NA NA NA NA NA 283 759 0 NA NA NA NA NA NA 222 5669 160 NA NA NA NA NA NA 202 2152 185 NA NA NA NA NA 
1785704400.0 136.799 NA 197 646 0 NA NA NA NA NA NA 291 872 0 NA NA NA NA NA NA 212 4924 187 NA NA NA NA NA NA 232 2032 232 NA NA NA NA NA 
1785704400.0 136.8 NA 199 469 0 NA NA NA NA NA NA 297 722 0 NA NA NA NA NA NA 232 5680 139 NA NA NA NA NA NA 237 2274 169 NA NA NA NA NA 
1785704400.0 136.801 NA 198 603 0 NA NA NA NA NA NA 283 808 0 NA NA NA NA NA NA 204 3745 188 NA NA NA NA NA NA 236 1765 209 NA NA NA NA NA 
1785704400.0 136.802 NA 199 397 0 NA NA NA NA NA NA 291 675 0 NA NA NA NA NA NA 230 5002 136 NA NA NA NA NA NA 209 2393 154 NA NA NA NA NA 
1785704400.0 136.803 NA 202 476 0 NA NA NA NA NA NA 295 673 0 NA NA NA NA NA NA 167 1363 148 NA NA NA NA NA NA 165 1175 171 NA NA NA NA NA 
1785704400.0 136.804 NA 199 552 0 NA NA NA NA NA NA 289 775 0 NA NA NA NA NA NA 229 5754 183 NA NA NA NA NA NA 194 2372 203 NA NA NA NA NA 
1785704400.0 136.805 NA 199 457 0 NA NA NA NA NA NA 298 703 0 NA NA NA NA NA NA 208 4726 153 NA NA NA NA NA NA 280 1928 196 NA NA NA NA NA 
1785704400.0 136.806 NA 148 548 0 NA NA NA NA NA NA 289 783 0 NA NA NA NA NA NA 251 5110 206 NA NA NA NA NA NA 285 2015 235 NA NA NA NA NA 
1785704400.0 136.807 NA 199 453 0 NA NA NA NA NA NA 283 723 0 NA NA NA NA NA NA 225 5461 137 NA NA NA NA NA NA 203 2378 165 NA NA NA NA NA 
1785704400.0 136.808 NA 198 466 0 NA NA NA NA NA NA 286 730 0 NA NA NA NA NA NA 220 4571 123 NA NA NA NA NA NA 192 1975 143 NA NA NA NA NA 
1785704400.0 136.809 NA 201 438 0 NA NA NA NA NA NA 291 631 0 NA NA NA NA NA NA 223 4551 122 NA NA NA NA NA NA 172 1947 150 NA NA NA NA NA 
1785704400.0 136.81 NA 199 544 0 NA NA NA NA NA NA 294 786 0 NA NA NA NA NA NA 218 5738 158 NA NA NA NA NA NA 187 2444 180 NA NA NA NA NA 
1785704400.0 136.811 NA 198 606 0 NA NA NA NA NA NA 283 900 0 NA NA NA NA NA NA 210 5334 175 NA NA NA NA NA NA 290 2376 231 NA NA NA NA NA 
1785704400.0 136.812 NA 206 507 0 NA NA NA NA NA NA 290 698 0 NA NA NA NA NA NA 174 4669 103 NA NA NA NA NA NA 191 1880 119 NA NA NA NA NA 
1785704400.0 136.813 NA 198 602 0 NA NA NA NA NA NA 285 801 0 NA NA NA NA NA NA 205 3846 217 NA NA NA NA NA NA 246 1803 256 NA NA NA NA NA 
1785704400.0 136.814 NA 200 447 0 NA NA NA NA NA NA 290 633 0 NA NA NA NA NA NA 238 4842 144 NA NA NA NA NA NA 202 2094 165 NA NA NA NA NA 
1785704400.0 136.815 NA 203 474 0 NA NA NA NA NA NA 290 661 0 NA NA NA NA NA NA 163 1566 159 NA NA NA NA NA NA 179 1262 185 NA NA NA NA NA 
1785704400.0 136.816 NA 200 588 0 NA NA NA NA NA NA 281 794 0 NA NA NA NA NA NA 183 5810 148 NA NA NA NA NA NA 202 2066 177 NA NA NA NA NA 
1785704400.0 136.817 NA 203 475 0 NA NA NA NA NA NA 287 727 0 NA NA NA NA NA NA 179 5289 111 NA NA NA NA NA NA 187 1992 140 NA NA NA NA NA 
1785704400.0 136.818 NA 201 584 0 NA NA NA NA NA NA 296 779 0 NA NA NA NA NA NA 190 5395 143 NA NA NA NA NA NA 160 2052 166 NA NA NA NA NA 
1785704400.0 136.819 NA 206 502 0 NA NA NA NA NA NA 279 727 0 NA NA NA NA NA NA 173 6332 105 NA NA NA NA NA NA 214 2289 134 NA NA NA NA NA 
1785704400.0 136.82 NA 205 488 0 NA NA NA NA NA NA 295 665 0 NA NA NA NA NA NA 181 5884 104 NA NA NA NA NA NA 196 2185 125 NA NA NA NA NA 
1785704400.0 136.821 NA 205 461 0 NA NA NA NA NA NA 295 673 0 NA NA NA NA NA NA 185 5346 98 NA NA NA NA NA NA 185 2070 116 NA NA NA NA NA 
1785704400.0 136.822 NA 202 568 0 NA NA NA NA NA NA 288 777 0 NA NA NA NA NA NA 173 5354 127 NA NA NA NA NA NA 177 1935 165 NA NA NA NA NA 
1785704400.0 136.823 NA 203 670 0 NA NA NA NA NA NA 296 864 0 NA NA NA NA NA NA 181 5158 126 NA NA NA NA NA NA 209 1998 140 NA NA NA NA NA 
1785704400.0 136.824 NA 207 455 0 NA NA NA NA NA NA 295 731 0 NA NA NA NA NA NA 172 6600 111 NA NA NA NA NA NA 172 2375 139 NA NA NA NA NA 
1785704400.0 136.825 NA 199 631 0 NA NA NA NA NA NA 293 823 0 NA NA NA NA NA NA 211 5349 186 NA NA NA NA NA NA 179 2285 209 NA NA NA NA NA 
1785704400.0 136.826 NA 207 475 0 NA NA NA NA NA NA 298 679 0 NA NA NA NA NA NA 183 5317 115 NA NA NA NA NA NA 159 2021 142 NA NA NA NA NA 
1785704400.0 136.827 NA 202 478 0 NA NA NA NA NA NA 296 668 0 NA NA NA NA NA NA 188 1600 173 NA NA NA NA NA NA 201 1376 231 NA NA NA NA NA 
1785704400.0 136.828 NA 206 614 0 NA NA NA NA NA NA 287 834 0 NA NA NA NA NA NA 186 6343 140 NA NA NA NA NA NA 178 2303 157 NA NA NA NA NA 
1785704400.0 136.829 NA 203 507 0 NA NA NA NA NA NA 291 730 0 NA NA NA NA NA NA 174 6296 109 NA NA NA NA NA NA 224 2265 128 NA NA NA NA NA 
1785704400.0 136.83 NA 202 589 0 NA NA NA NA NA NA 290 777 0 NA NA NA NA NA NA 187 6063 143 NA NA NA NA NA NA 166 2185 164 NA NA NA NA NA 
1785704400.0 136.831 NA 206 508 0 NA NA NA NA NA NA 279 742 0 NA NA NA NA NA NA 185 6811 108 NA NA NA NA NA NA 180 2411 127 NA NA NA NA NA 
1785704400.0 136.832 NA 203 503 0 NA NA NA NA NA NA 284 754 0 NA NA NA NA NA NA 219 8277 128 NA NA NA NA NA NA 334 2986 154 NA NA NA NA NA 
1785704400.0 136.833 NA 208 455 0 NA NA NA NA NA NA 288 656 0 NA NA NA NA NA NA 182 6492 93 NA NA NA NA NA NA 207 2306 108 NA NA NA NA NA 
1785704400.0 136.834 NA 202 573 0 NA NA NA NA NA NA 292 816 0 NA NA NA NA NA NA 185 6035 123 NA NA NA NA NA NA 209 2167 149 NA NA NA NA NA 
1785704400.0 136.835 NA 204 688 0 NA NA NA NA NA NA 289 901 0 NA NA NA NA NA NA 183 5689 124 NA NA NA NA NA NA 202 2146 140 NA NA NA NA NA 
1785704400.0 136.836 NA 206 488 0 NA NA NA NA NA NA 294 778 0 NA NA NA NA NA NA 174 6620 103 NA NA NA NA NA NA 188 2342 121 NA NA NA NA NA 
1785704400.0 136.837 NA 199 626 0 NA NA NA NA NA NA 288 884 0 NA NA NA NA NA NA 211 6495 176 NA NA NA NA NA NA 216 2658 197 NA NA NA NA NA 
1785704400.0 136.838 NA 205 472 0 NA NA NA NA NA NA 286 680 0 NA NA NA NA NA NA 192 5938 108 NA NA NA NA NA NA 165 2253 122 NA NA NA NA NA 
1785704400.0 136.839 NA 207 477 0 NA NA NA NA NA NA 297 665 0 NA NA NA NA NA NA 191 1486 148 NA NA NA NA NA NA 195 1314 169 NA NA NA NA NA 
1785704400.0 136.84 NA 200 411 0 NA NA NA NA NA NA 292 629 0 NA NA NA NA NA NA 210 6457 129 NA NA NA NA NA NA 237 2610 184 NA NA NA NA NA 
1785704400.0 136.841 NA 202 463 0 NA NA NA NA NA NA 292 690 0 NA NA NA NA NA NA 181 5111 96 NA NA NA NA NA NA 187 1999 118 NA NA NA NA NA 
1785704400.0 136.842 NA 205 463 0 NA NA NA NA NA NA 301 684 0 NA NA NA NA NA NA 183 6633 96 NA NA NA NA NA NA 217 2379 116 NA NA NA NA NA 
1785704400.0 136.843 NA 202 460 0 NA NA NA NA NA NA 290 701 0 NA NA NA NA NA NA 239 9020 109 NA NA NA NA NA NA 391 3048 130 NA NA NA NA NA 
1785704400.0 136.844 NA 199 402 0 NA NA NA NA NA NA 291 641 0 NA NA NA NA NA NA 228 6071 125 NA NA NA NA NA NA 177 2603 152 NA NA NA NA NA 
1785704400.0 136.845 NA 199 442 0 NA NA NA NA NA NA 294 626 0 NA NA NA NA NA NA 229 4520 137 NA NA NA NA NA NA 175 1977 177 NA NA NA NA NA 
1785704400.0 136.846 NA 199 430 0 NA NA NA NA NA NA 284 608 0 NA NA NA NA NA NA 235 4696 135 NA NA NA NA NA NA 175 2038 179 NA NA NA NA NA 
1785704400.0 136.847 NA 206 465 0 NA NA NA NA NA NA 292 641 0 NA NA NA NA NA NA 193 5381 94 NA NA NA NA NA NA 200 1994 114 NA NA NA NA NA 
1785704400.0 136.848 NA 206 466 0 NA NA NA NA NA NA 285 686 0 NA NA NA NA NA NA 196 6418 96 NA NA NA NA NA NA 199 2332 116 NA NA NA NA NA 
1785704400.0 136.849 NA 198 545 0 NA NA NA NA NA NA 291 762 0 NA NA NA NA NA NA 234 5536 183 NA NA NA NA NA NA 236 2267 202 NA NA NA NA NA 
1785704400.0 136.85 NA 147 487 0 NA NA NA NA NA NA 291 770 0 NA NA NA NA NA NA 249 4739 146 NA NA NA NA NA NA 250 2001 164 NA NA NA NA NA 
1785704400.0 136.8501 NA 198 448 0 NA NA NA NA NA NA 293 641 0 NA NA NA NA NA NA 214 4951 133 NA NA NA NA NA NA 230 2118 193 NA NA NA NA NA 
1785704400.0 136.851 NA 198 546 0 NA NA NA NA NA NA 293 756 0 NA NA NA NA NA NA 231 4822 180 NA NA NA NA NA NA 241 1900 200 NA NA NA NA NA 
1785704400.0 136.852 NA 199 471 0 NA NA NA NA NA NA 290 730 0 NA NA NA NA NA NA 233 6245 140 NA NA NA NA NA NA 244 2503 169 NA NA NA NA NA 
1785704400.0 136.853 NA 198 465 0 NA NA NA NA NA NA 293 722 0 NA NA NA NA NA NA 217 4617 142 NA NA NA NA NA NA 216 1964 189 NA NA NA NA NA 
1785704400.0 136.854 NA 198 448 0 NA NA NA NA NA NA 297 662 0 NA NA NA NA NA NA 251 5679 130 NA NA NA NA NA NA 242 2455 209 NA NA NA NA NA 
1785704400.0 136.855 NA 206 636 0 NA NA NA NA NA NA 291 882 0 NA NA NA NA NA NA 168 4165 124 NA NA NA NA NA NA 162 1809 139 NA NA NA NA NA 
1785704400.0 136.856 NA 198 622 0 NA NA NA NA NA NA 284 839 0 NA NA NA NA NA NA 189 3585 181 NA NA NA NA NA NA 243 1788 215 NA NA NA NA NA 
1785704400.0 136.8561 NA 187 463 0 NA NA NA NA NA NA 280 668 0 NA NA NA NA NA NA 164 1478 212 NA NA NA NA NA NA 218 1255 254 NA NA NA NA NA 
1785704400.0 136.8562 NA 188 454 0 NA NA NA NA NA NA 282 632 0 NA NA NA NA NA NA 140 1229 192 NA NA NA NA NA NA 212 1086 218 NA NA NA NA NA 
1785704400.0 136.857 NA 199 446 0 NA NA NA NA NA NA 280 656 0 NA NA NA NA NA NA 244 4556 153 NA NA NA NA NA NA 216 2102 205 NA NA NA NA NA 
1785704400.0 136.858 NA 201 470 0 NA NA NA NA NA NA 299 682 0 NA NA NA NA NA NA 194 1821 149 NA NA NA NA NA NA 167 1797 171 NA NA NA NA NA 
1785704400.0 136.859 NA 208 474 0 NA NA NA NA NA NA 302 680 0 NA NA NA NA NA NA 170 5445 94 NA NA NA NA NA NA 159 1994 107 NA NA NA NA NA 
1785704400.0 136.86 NA 198 449 0 NA NA NA NA NA NA 286 673 0 NA NA NA NA NA NA 248 5427 147 NA NA NA NA NA NA 220 2316 172 NA NA NA NA NA 
1785704400.0 136.861 NA 204 573 0 NA NA NA NA NA NA 293 784 0 NA NA NA NA NA NA 180 5550 146 NA NA NA NA NA NA 157 2036 182 NA NA NA NA NA 
1785704400.0 136.862 NA 202 529 0 NA NA NA NA NA NA 283 745 0 NA NA NA NA NA NA 175 5714 105 NA NA NA NA NA NA 180 2092 119 NA NA NA NA NA 
1785704400.0 136.863 NA 207 570 0 NA NA NA NA NA NA 293 777 0 NA NA NA NA NA NA 196 5813 142 NA NA NA NA NA NA 203 2085 161 NA NA NA NA NA 
1785704400.0 136.864 NA 204 479 0 NA NA NA NA NA NA 286 737 0 NA NA NA NA NA NA 186 6824 106 NA NA NA NA NA NA 177 2457 127 NA NA NA NA NA 
1785704400.0 136.8642 NA 204 495 0 NA NA NA NA NA NA 291 769 0 NA NA NA NA NA NA 188 6825 105 NA NA NA NA NA NA 237 2418 124 NA NA NA NA NA 
1785704400.0 136.865 NA 203 504 0 NA NA NA NA NA NA 300 737 0 NA NA NA NA NA NA 226 7114 138 NA NA NA NA NA NA 330 2723 164 NA NA NA NA NA 
1785704400.0 136.866 NA 204 475 0 NA NA NA NA NA NA 286 670 0 NA NA NA NA NA NA 189 5661 94 NA NA NA NA NA NA 182 2154 112 NA NA NA NA NA 
1785704400.0 136.867 NA 204 674 0 NA NA NA NA NA NA 284 925 0 NA NA NA NA NA NA 181 5714 129 NA NA NA NA NA NA 221 2196 147 NA NA NA NA NA 
1785704400.0 136.868 NA 205 644 0 NA NA NA NA NA NA 279 838 0 NA NA NA NA NA NA 168 4630 157 NA NA NA NA NA NA 187 1946 179 NA NA NA NA NA 
1785704400.0 136.869 NA 206 483 0 NA NA NA NA NA NA 290 708 0 NA NA NA NA NA NA 192 5908 111 NA NA NA NA NA NA 175 2180 126 NA NA NA NA NA 
1785704400.0 136.87 NA 204 477 0 NA NA NA NA NA NA 292 683 0 NA NA NA NA NA NA 206 1467 186 NA NA NA NA NA NA 210 1167 213 NA NA NA NA NA 
1785704400.0 136.871 NA 204 483 0 NA NA NA NA NA NA 298 725 0 NA NA NA NA NA NA 246 8280 111 NA NA NA NA NA NA 382 2857 128 NA NA NA NA NA 
1785704400.0 136.872 NA 202 483 0 NA NA NA NA NA NA 284 662 0 NA NA NA NA NA NA 197 5794 97 NA NA NA NA NA NA 207 2328 115 NA NA NA NA NA 
1785704400.0 136.873 NA 199 557 0 NA NA NA NA NA NA 294 764 0 NA NA NA NA NA NA 247 6299 174 NA NA NA NA NA NA 225 2393 198 NA NA NA NA NA 
1785704400.0 136.874 NA 199 577 0 NA NA NA NA NA NA 283 774 0 NA NA NA NA NA NA 180 5171 105 NA NA NA NA NA NA 171 1972 126 NA NA NA NA NA 
1785704400.0 136.875 NA 205 534 0 NA NA NA NA NA NA 281 784 0 NA NA NA NA NA NA 187 5301 143 NA NA NA NA NA NA 214 2169 159 NA NA NA NA NA 
1785704400.0 136.876 NA 205 530 0 NA NA NA NA NA NA 283 759 0 NA NA NA NA NA NA 222 7019 131 NA NA NA NA NA NA 321 2714 162 NA NA NA NA NA 
1785704400.0 136.877 NA 206 470 0 NA NA NA NA NA NA 291 705 0 NA NA NA NA NA NA 176 5075 104 NA NA NA NA NA NA 167 1958 124 NA NA NA NA NA 
1785704400.0 136.878 NA 202 468 0 NA NA NA NA NA NA 286 675 0 NA NA NA NA NA NA 188 5410 93 NA NA NA NA NA NA 204 2130 109 NA NA NA NA NA 
1785704400.0 136.879 NA 204 675 0 NA NA NA NA NA NA 291 911 0 NA NA NA NA NA NA 179 5086 125 NA NA NA NA NA NA 201 2039 140 NA NA NA NA NA 
1785704400.0 136.88 NA 198 624 0 NA NA NA NA NA NA 289 821 0 NA NA NA NA NA NA 203 4965 210 NA NA NA NA NA NA 186 2394 282 NA NA NA NA NA 
1785704400.0 136.881 NA 198 465 0 NA NA NA NA NA NA 285 666 0 NA NA NA NA NA NA 193 4669 112 NA NA NA NA NA NA 206 1876 139 NA NA NA NA NA 
1785704400.0 136.882 NA 202 511 0 NA NA NA NA NA NA 299 725 0 NA NA NA NA NA NA 195 2104 149 NA NA NA NA NA NA 224 1554 175 NA NA NA NA NA 
1785704400.0 136.883 NA 203 472 0 NA NA NA NA NA NA 290 713 0 NA NA NA NA NA NA 235 7546 115 NA NA NA NA NA NA 353 2843 140 NA NA NA NA NA 
1785704400.0 136.884 NA 204 464 0 NA NA NA NA NA NA 283 642 0 NA NA NA NA NA NA 184 4961 100 NA NA NA NA NA NA 175 2027 125 NA NA NA NA NA 
1785704400.0 136.885 NA 203 577 0 NA NA NA NA NA NA 280 812 0 NA NA NA NA NA NA 171 5221 140 NA NA NA NA NA NA 173 1922 159 NA NA NA NA NA 
1785704400.0 136.8855 NA 207 162 0 NA NA NA NA NA NA 301 293 0 NA NA NA NA NA NA 218 283 65 NA NA NA NA NA NA 218 380 104 NA NA NA NA NA 
1785704400.0 136.886 NA 199 516 0 NA NA NA NA NA NA 278 735 0 NA NA NA NA NA NA 178 5007 106 NA NA NA NA NA NA 215 2025 125 NA NA NA NA NA 
1785704400.0 136.8861 NA 207 498 0 NA NA NA NA NA NA 287 775 0 NA NA NA NA NA NA 191 4526 125 NA NA NA NA NA NA 313 2019 148 NA NA NA NA NA 
1785704400.0 136.8862 NA 203 515 0 NA NA NA NA NA NA 289 761 0 NA NA NA NA NA NA 177 5365 105 NA NA NA NA NA NA 280 2100 121 NA NA NA NA NA 
1785704400.0 136.887 NA 208 575 0 NA NA NA NA NA NA 288 787 0 NA NA NA NA NA NA 182 4872 144 NA NA NA NA NA NA 169 1842 164 NA NA NA NA NA 
1785704400.0 136.888 NA 205 536 0 NA NA NA NA NA NA 291 740 0 NA NA NA NA NA NA 182 5945 104 NA NA NA NA NA NA 219 2168 121 NA NA NA NA NA 
1785704400.0 136.8885 NA 201 161 0 NA NA NA NA NA NA 288 287 0 NA NA NA NA NA NA 216 287 68 NA NA NA NA NA NA 275 488 120 NA NA NA NA NA 
1785704400.0 136.889 NA 205 507 0 NA NA NA NA NA NA 294 738 0 NA NA NA NA NA NA 174 5539 105 NA NA NA NA NA NA 187 2121 121 NA NA NA NA NA 
1785704400.0 136.89 NA 206 473 0 NA NA NA NA NA NA 290 680 0 NA NA NA NA NA NA 186 5103 94 NA NA NA NA NA NA 196 2015 112 NA NA NA NA NA 
1785704400.0 136.891 NA 201 649 0 NA NA NA NA NA NA 290 913 0 NA NA NA NA NA NA 182 5017 132 NA NA NA NA NA NA 188 2041 153 NA NA NA NA NA 
1785704400.0 136.892 NA 197 612 0 NA NA NA NA NA NA 290 861 0 NA NA NA NA NA NA 211 5775 191 NA NA NA NA NA NA 242 2612 217 NA NA NA NA NA 
1785704400.0 136.893 NA 207 472 0 NA NA NA NA NA NA 294 644 0 NA NA NA NA NA NA 190 5095 108 NA NA NA NA NA NA 186 2027 124 NA NA NA NA NA 
1785704400.0 136.894 NA 202 534 0 NA NA NA NA NA NA 299 744 0 NA NA NA NA NA NA 248 3221 176 NA NA NA NA NA NA 212 1768 200 NA NA NA NA NA 
1785704400.0 136.895 NA 207 479 0 NA NA NA NA NA NA 294 669 0 NA NA NA NA NA NA 174 5927 98 NA NA NA NA NA NA 229 2215 113 NA NA NA NA NA 
1785704400.0 136.896 NA 198 423 0 NA NA NA NA NA NA 299 693 0 NA NA NA NA NA NA 236 5465 128 NA NA NA NA NA NA 195 2249 163 NA NA NA NA NA 
1785704400.0 136.897 NA 325 146 0 NA NA NA NA NA NA 481 249 0 NA NA NA NA NA NA 546 232 142 NA NA NA NA NA NA 535 336 181 NA NA NA NA NA 
1785704400.0 136.898 NA 202 509 0 NA NA NA NA NA NA 284 711 0 NA NA NA NA NA NA 184 5123 92 NA NA NA NA NA NA 232 1981 106 NA NA NA NA NA 
1785704400.0 136.899 NA 331 162 0 NA NA NA NA NA NA 526 280 0 NA NA NA NA NA NA 643 242 131 NA NA NA NA NA NA 538 351 180 NA NA NA NA NA 
1785704400.0 136.901 NA 297 281 331 173 285 267 165 NA NA 451 417 443 242 431 384 268 NA NA 3467 572 616 211 357 459 210 NA NA 1310 388 439 146 418 447 241 NA 
1785704400.0 136.902 NA 299 275 309 160 272 266 165 NA NA 437 415 424 246 435 391 277 NA NA 3156 604 846 258 438 569 239 NA NA 1355 448 605 175 427 603 373 NA 
1785704400.0 136.903 NA 321 332 399 191 325 259 169 NA NA 526 523 569 309 515 435 272 NA NA 5470 2270 1966 926 711 743 251 NA NA 3563 1169 1293 549 835 748 363 NA 
1785704400.0 136.904 NA 341 330 385 186 321 292 169 NA NA 535 503 561 276 510 427 284 NA NA 5242 1285 1265 575 595 586 221 NA NA 3754 676 737 308 489 507 265 NA 
1785704400.0 136.905 NA 346 325 394 172 340 292 172 NA NA 526 495 509 264 509 403 288 NA NA 4143 880 971 385 435 503 199 NA NA 1543 421 737 294 418 472 214 NA 
1785704400.0 136.906 NA 322 310 356 152 297 284 156 NA NA 526 472 470 260 466 405 284 NA NA 6130 696 1001 291 399 474 243 NA NA 3800 651 952 248 547 674 364 NA 
1785704400.0 1360.0 137 194 444 0 NA NA NA NA NA 221 310 596 0 NA NA NA NA NA 1499 192 853 201 NA NA NA NA NA 602 256 807 226 NA NA NA NA NA 
1785704400.0 1361.0 148 228 438 0 NA NA NA NA NA 239 313 614 0 NA NA NA NA NA 3760 249 892 204 NA NA NA NA NA 1269 200 830 292 NA NA NA NA NA 
1785704400.0 1361.17 99 304 479 0 154 NA NA NA NA 204 398 720 0 271 NA NA NA NA 4178 244 939 242 250 NA NA NA NA 1993 294 1252 356 351 NA NA NA NA 
1785704400.0 1361.18 103 255 511 0 171 NA NA NA NA 199 385 708 0 276 NA NA NA NA 3955 247 946 259 253 NA NA NA NA 1845 252 1541 398 349 NA NA NA NA 
1785704400.0 1361.181 144 295 474 0 177 NA NA NA NA 207 383 721 0 277 NA NA NA NA 3161 207 762 207 175 NA NA NA NA 1529 192 833 243 201 NA NA NA NA 
1785704400.0 1362.0 113 230 439 0 NA NA NA NA NA 232 318 587 0 NA NA NA NA NA 4887 249 877 192 NA NA NA NA NA 1695 211 823 211 NA NA NA NA NA 
1785704400.0 1362.17 138 303 501 0 166 NA NA NA NA 203 406 707 0 274 NA NA NA NA 4778 250 981 233 243 NA NA NA NA 1998 314 1268 317 332 NA NA NA NA 
1785704400.0 1362.18 130 295 520 0 167 NA NA NA NA 202 394 709 0 270 NA NA NA NA 4917 249 908 234 230 NA NA NA NA 2633 317 1094 301 304 NA NA NA NA 
1785704400.0 1363.0 106 229 442 0 NA NA NA NA NA 226 322 596 0 NA NA NA NA NA 5024 237 964 208 NA NA NA NA NA 1788 198 921 291 NA NA NA NA NA 
1785704400.0 1363.17 132 303 518 0 175 NA NA NA NA 204 398 718 0 274 NA NA NA NA 4878 249 928 255 233 NA NA NA NA 2608 320 1170 374 311 NA NA NA NA 
1785704400.0 1363.18 140 296 515 0 171 NA NA NA NA 201 392 699 0 267 NA NA NA NA 4735 244 965 270 235 NA NA NA NA 1868 228 1208 399 319 NA NA NA NA 
1785704400.0 1364.0 123 0 0 0 NA NA NA NA NA 172 0 0 0 NA NA NA NA NA 225 83 515 137 NA NA NA NA NA 228 141 557 157 NA NA NA NA NA 
1785704400.0 1365.0 123 0 0 0 NA NA NA NA NA 172 0 0 0 NA NA NA NA NA 227 79 531 139 NA NA NA NA NA 225 101 543 168 NA NA NA NA NA 
1785704400.0 1366.0 123 0 0 0 NA NA NA NA NA 172 0 0 0 NA NA NA NA NA 223 81 514 138 NA NA NA NA NA 222 139 537 160 NA NA NA NA NA 
1785704400.0 137.8 NA 205 540 NA 205 495 0 NA NA NA 293 822 NA 287 724 0 NA NA NA 197 6909 NA 198 5567 153 NA NA NA 251 5110 NA 317 2392 180 NA NA 
1785704400.0 1370.0 61 142 228 436 0 165 NA NA NA 91 228 326 603 0 268 NA NA NA 30 954 259 1086 232 215 NA NA NA 70 495 250 1053 253 255 NA NA NA 
1785704400.0 1370.17 61 130 299 510 0 166 NA NA NA 91 194 395 728 0 273 NA NA NA 34 1094 277 933 225 244 NA NA NA 70 527 273 842 248 268 NA NA NA 
1785704400.0 1370.18 61 129 293 507 0 164 NA NA NA 91 196 401 709 0 273 NA NA NA 27 1026 296 1080 230 265 NA NA NA 73 539 270 1062 292 333 NA NA NA 
1785704400.0 138.3 NA 73 466 0 NA NA NA NA NA NA 115 638 0 NA NA NA NA NA NA 27 1862 133 NA NA NA NA NA NA 171 1687 160 NA NA NA NA NA 
1785704400.0 138.4 NA 411 0 NA NA NA NA NA NA NA 604 0 NA NA NA NA NA NA NA 741 140 NA NA NA NA NA NA NA 674 161 NA NA NA NA NA NA 
1785704400.0 138.5 NA 440 207 0 NA NA NA NA NA NA 640 308 0 NA NA NA NA NA NA 1278 306 207 NA NA NA NA NA NA 1478 325 279 NA NA NA NA NA 
1785704400.0 139.001 NA 206 448 0 NA NA NA NA NA NA 297 678 0 NA NA NA NA NA NA 169 1784 129 NA NA NA NA NA NA 193 1679 152 NA NA NA NA NA 
1785704400.0 139.002 NA 207 543 0 NA NA NA NA NA NA 282 733 0 NA NA NA NA NA NA 141 1426 143 NA NA NA NA NA NA 117 1521 162 NA NA NA NA NA 
1785704400.0 139.003 NA 204 357 0 NA NA NA NA NA NA 296 536 0 NA NA NA NA NA NA 159 1461 88 NA NA NA NA NA NA 138 1460 117 NA NA NA NA NA 
1785704400.0 139.004 NA 205 460 0 NA NA NA NA NA NA 291 655 0 NA NA NA NA NA NA 195 1388 164 NA NA NA NA NA NA 120 1175 189 NA NA NA NA NA 
1785704400.0 139901.0 155 230 441 0 NA NA NA NA NA 210 311 604 0 NA NA NA NA NA 456 147 641 145 NA NA NA NA NA 324 167 669 158 NA NA NA NA NA 
1785704400.0 139902.0 151 243 450 0 NA NA NA NA NA 218 330 614 0 NA NA NA NA NA 928 170 731 152 NA NA NA NA NA 480 154 688 169 NA NA NA NA NA 
1785704400.0 14.0 148 183 384 0 NA NA NA NA NA 249 269 532 0 NA NA NA NA NA 1679 268 1090 216 NA NA NA NA NA 697 217 1070 239 NA NA NA NA NA 
1785704400.0 140.001 NA 202 483 0 NA NA NA NA NA NA 286 714 0 NA NA NA NA NA NA 224 1337 160 NA NA NA NA NA NA 149 1038 184 NA NA NA NA NA 
1785704400.0 140.002 NA 207 494 0 NA NA NA NA NA NA 299 730 0 NA NA NA NA NA NA 231 1471 163 NA NA NA NA NA NA 135 1122 185 NA NA NA NA NA 
1785704400.0 140.003 NA 206 519 0 NA NA NA NA NA NA 289 728 0 NA NA NA NA NA NA 160 1316 158 NA NA NA NA NA NA 106 997 181 NA NA NA NA NA 
1785704400.0 140.004 NA 0 0 0 NA NA NA NA NA NA 0 0 0 NA NA NA NA NA NA 91 1226 261 NA NA NA NA NA NA 110 1142 306 NA NA NA NA NA 
1785704400.0 140.005 NA 199 489 0 NA NA NA NA NA NA 291 708 0 NA NA NA NA NA NA 204 1369 170 NA NA NA NA NA NA 136 1275 247 NA NA NA NA NA 
1785704400.0 140.006 NA 0 0 0 NA NA NA NA NA NA 0 0 0 NA NA NA NA NA NA 87 1236 253 NA NA NA NA NA NA 114 1376 279 NA NA NA NA NA 
1785704400.0 140.007 NA 189 484 0 NA NA NA NA NA NA 283 677 0 NA NA NA NA NA NA 128 1575 256 NA NA NA NA NA NA 108 1621 276 NA NA NA NA NA 
1785704400.0 140.008 NA 177 424 0 NA NA NA NA NA NA 268 703 0 NA NA NA NA NA NA 105 1395 253 NA NA NA NA NA NA 137 1448 274 NA NA NA NA NA 
1785704400.0 140.009 NA 0 0 0 NA NA NA NA NA NA 0 0 0 NA NA NA NA NA NA 92 1317 258 NA NA NA NA NA NA 124 1287 284 NA NA NA NA NA 
1785704400.0 140.01 NA 209 498 0 NA NA NA NA NA NA 301 725 0 NA NA NA NA NA NA 276 2035 186 NA NA NA NA NA NA 151 1590 219 NA NA NA NA NA 
1785704400.0 140.011 NA 0 0 0 NA NA NA NA NA NA 0 0 0 NA NA NA NA NA NA 88 1221 251 NA NA NA NA NA NA 130 1315 304 NA NA NA NA NA 
1785704400.0 140.021 NA 0 0 0 NA NA NA NA NA NA 0 0 0 NA NA NA NA NA NA 92 1198 262 NA NA NA NA NA NA 119 1268 299 NA NA NA NA NA 
1785704400.0 140.022 NA 201 554 0 NA NA NA NA NA NA 287 814 0 NA NA NA NA NA NA 265 5096 177 NA NA NA NA NA NA 151 2031 266 NA NA NA NA NA 
1785704400.0 140.023 NA 204 588 0 NA NA NA NA NA NA 291 794 0 NA NA NA NA NA NA 255 3377 171 NA NA NA NA NA NA 160 1614 199 NA NA NA NA NA 
1785704400.0 140.024 NA 202 526 0 NA NA NA NA NA NA 295 815 0 NA NA NA NA NA NA 291 6509 192 NA NA NA NA NA NA 299 2500 290 NA NA NA NA NA 
1785704400.0 140.025 NA 203 565 0 NA NA NA NA NA NA 301 803 0 NA NA NA NA NA NA 265 5787 170 NA NA NA NA NA NA 244 2326 193 NA NA NA NA NA 
1785704400.0 140.026 NA 212 596 0 NA NA NA NA NA NA 298 833 0 NA NA NA NA NA NA 223 5437 128 NA NA NA NA NA NA 146 1892 145 NA NA NA NA NA 
1785704400.0 140.027 NA 200 539 0 NA NA NA NA NA NA 294 786 0 NA NA NA NA NA NA 283 5626 169 NA NA NA NA NA NA 202 2194 260 NA NA NA NA NA 
1785704400.0 140.028 NA 202 563 0 NA NA NA NA NA NA 295 799 0 NA NA NA NA NA NA 243 5147 176 NA NA NA NA NA NA 142 2041 199 NA NA NA NA NA 
1785704400.0 140.029 NA 201 562 0 NA NA NA NA NA NA 297 808 0 NA NA NA NA NA NA 285 4702 166 NA NA NA NA NA NA 216 1975 186 NA NA NA NA NA 
1785704400.0 140.03 NA 202 567 0 NA NA NA NA NA NA 293 817 0 NA NA NA NA NA NA 294 4931 166 NA NA NA NA NA NA 160 1963 189 NA NA NA NA NA 
1785704400.0 140.031 NA 201 574 0 NA NA NA NA NA NA 300 834 0 NA NA NA NA NA NA 310 4627 168 NA NA NA NA NA NA 201 1910 190 NA NA NA NA NA 
1785704400.0 140.042 NA 199 556 0 NA NA NA NA NA NA 292 833 0 NA NA NA NA NA NA 315 6225 166 NA NA NA NA NA NA 221 2408 187 NA NA NA NA NA 
1785704400.0 140.043 NA 204 594 0 NA NA NA NA NA NA 295 789 0 NA NA NA NA NA NA 210 3823 162 NA NA NA NA NA NA 144 1892 210 NA NA NA NA NA 
1785704400.0 140.044 NA 208 614 0 NA NA NA NA NA NA 305 820 0 NA NA NA NA NA NA 218 5478 129 NA NA NA NA NA NA 147 1930 152 NA NA NA NA NA 
1785704400.0 140.045 NA 210 566 0 NA NA NA NA NA NA 291 864 0 NA NA NA NA NA NA 224 6073 126 NA NA NA NA NA NA 198 2308 144 NA NA NA NA NA 
1785704400.0 140.046 NA 206 623 0 NA NA NA NA NA NA 294 862 0 NA NA NA NA NA NA 253 6606 132 NA NA NA NA NA NA 296 2573 153 NA NA NA NA NA 
1785704400.0 140.047 NA 201 612 0 NA NA NA NA NA NA 286 837 0 NA NA NA NA NA NA 226 5680 138 NA NA NA NA NA NA 182 1992 197 NA NA NA NA NA 
1785704400.0 140.048 NA 202 576 0 NA NA NA NA NA NA 293 799 0 NA NA NA NA NA NA 219 5137 128 NA NA NA NA NA NA 201 1911 161 NA NA NA NA NA 
1785704400.0 140.049 NA 204 595 0 NA NA NA NA NA NA 297 843 0 NA NA NA NA NA NA 224 5340 132 NA NA NA NA NA NA 186 1993 157 NA NA NA NA NA 
1785704400.0 140.05 NA 199 577 0 NA NA NA NA NA NA 300 828 0 NA NA NA NA NA NA 291 6377 188 NA NA NA NA NA NA 297 2434 269 NA NA NA NA NA 
1785704400.0 140.051 NA 207 620 NA NA NA NA NA NA NA 292 826 NA NA NA NA NA NA NA 225 4930 NA NA NA NA NA NA NA 178 1872 NA NA NA NA NA NA 
1785704400.0 140.062 NA 206 595 0 NA NA NA NA NA NA 290 808 0 NA NA NA NA NA NA 248 5880 132 NA NA NA NA NA NA 232 2065 152 NA NA NA NA NA 
1785704400.0 140.063 NA 199 599 0 NA NA NA NA NA NA 293 806 0 NA NA NA NA NA NA 269 5252 194 NA NA NA NA NA NA 177 2107 266 NA NA NA NA NA 
1785704400.0 140.064 NA 207 602 0 NA NA NA NA NA NA 297 862 0 NA NA NA NA NA NA 238 6207 130 NA NA NA NA NA NA 157 2160 163 NA NA NA NA NA 
1785704400.0 140.065 NA 207 598 0 NA NA NA NA NA NA 281 836 0 NA NA NA NA NA NA 243 6598 133 NA NA NA NA NA NA 224 2411 158 NA NA NA NA NA 
1785704400.0 140.066 NA 204 624 0 NA NA NA NA NA NA 302 863 0 NA NA NA NA NA NA 336 8940 148 NA NA NA NA NA NA 402 2910 170 NA NA NA NA NA 
1785704400.0 140.067 NA 202 577 0 NA NA NA NA NA NA 279 872 0 NA NA NA NA NA NA 236 6155 122 NA NA NA NA NA NA 169 2161 139 NA NA NA NA NA 
1785704400.0 140.068 NA 209 569 0 NA NA NA NA NA NA 300 848 0 NA NA NA NA NA NA 235 6066 126 NA NA NA NA NA NA 189 2310 154 NA NA NA NA NA 
1785704400.0 140.069 NA 198 565 0 NA NA NA NA NA NA 297 861 0 NA NA NA NA NA NA 310 7494 166 NA NA NA NA NA NA 297 2797 187 NA NA NA NA NA 
1785704400.0 140.071 NA 204 547 0 NA NA NA NA NA NA 290 789 0 NA NA NA NA NA NA 267 4589 170 NA NA NA NA NA NA 165 1784 194 NA NA NA NA NA 
1785704400.0 140.072 NA 203 588 0 NA NA NA NA NA NA 297 801 0 NA NA NA NA NA NA 251 3237 155 NA NA NA NA NA NA 165 1467 174 NA NA NA NA NA 
1785704400.0 140.073 NA 202 556 0 NA NA NA NA NA NA 297 801 0 NA NA NA NA NA NA 296 4666 168 NA NA NA NA NA NA 199 1815 190 NA NA NA NA NA 
1785704400.0 140.074 NA 201 548 0 NA NA NA NA NA NA 301 807 0 NA NA NA NA NA NA 258 5431 183 NA NA NA NA NA NA 284 2160 209 NA NA NA NA NA 
1785704400.0 140.075 NA 203 555 0 NA NA NA NA NA NA 300 805 0 NA NA NA NA NA NA 278 4872 184 NA NA NA NA NA NA 156 1920 211 NA NA NA NA NA 
1785704400.0 140.076 NA 168 549 0 NA NA NA NA NA NA 293 767 0 NA NA NA NA NA NA 260 4528 184 NA NA NA NA NA NA 221 2007 221 NA NA NA NA NA 
1785704400.0 140.077 NA 201 546 0 NA NA NA NA NA NA 292 789 0 NA NA NA NA NA NA 254 4972 165 NA NA NA NA NA NA 172 2145 186 NA NA NA NA NA 
1785704400.0 140.078 NA 202 547 0 NA NA NA NA NA NA 289 803 0 NA NA NA NA NA NA 287 4669 176 NA NA NA NA NA NA 162 2026 202 NA NA NA NA NA 
1785704400.0 140.101 NA 200 602 0 NA NA NA NA NA NA 283 905 0 NA NA NA NA NA NA 244 4821 187 NA NA NA NA NA NA 253 2118 238 NA NA NA NA NA 
1785704400.0 140.102 NA 205 638 0 NA NA NA NA NA NA 299 886 0 NA NA NA NA NA NA 317 7143 176 NA NA NA NA NA NA 352 2529 202 NA NA NA NA NA 
1785704400.0 140.103 NA 212 658 0 NA NA NA NA NA NA 295 979 0 NA NA NA NA NA NA 321 7621 148 NA NA NA NA NA NA 342 2743 170 NA NA NA NA NA 
1785704400.0 140.104 NA 177 629 0 NA NA NA NA NA NA 299 934 0 NA NA NA NA NA NA 353 9180 161 NA NA NA NA NA NA 495 3082 182 NA NA NA NA NA 
1785704400.0 140.105 NA 204 606 0 NA NA NA NA NA NA 277 944 0 NA NA NA NA NA NA 246 6440 129 NA NA NA NA NA NA 234 2491 154 NA NA NA NA NA 
1785704400.0 140.106 NA 212 627 0 NA NA NA NA NA NA 306 859 0 NA NA NA NA NA NA 283 7338 147 NA NA NA NA NA NA 252 2653 181 NA NA NA NA NA 
1785704400.0 140.107 NA 200 613 0 NA NA NA NA NA NA 289 892 0 NA NA NA NA NA NA 323 6999 158 NA NA NA NA NA NA 319 2698 191 NA NA NA NA NA 
1785704400.0 140.108 NA 206 581 0 NA NA NA NA NA NA 291 884 0 NA NA NA NA NA NA 236 6073 127 NA NA NA NA NA NA 161 2179 145 NA NA NA NA NA 
1785704400.0 140.109 NA 203 576 0 NA NA NA NA NA NA 289 844 0 NA NA NA NA NA NA 283 3667 181 NA NA NA NA NA NA 167 1783 205 NA NA NA NA NA 
1785704400.0 140.11 NA 207 609 0 NA NA NA NA NA NA 289 870 0 NA NA NA NA NA NA 243 5629 125 NA NA NA NA NA NA 166 2069 145 NA NA NA NA NA 
1785704400.0 140.111 NA 207 621 0 NA NA NA NA NA NA 289 838 0 NA NA NA NA NA NA 238 5985 132 NA NA NA NA NA NA 189 2192 155 NA NA NA NA NA 
1785704400.0 140.112 NA 209 603 0 NA NA NA NA NA NA 297 860 0 NA NA NA NA NA NA 243 6298 128 NA NA NA NA NA NA 200 2376 148 NA NA NA NA NA 
1785704400.0 140.113 NA 0 0 0 NA NA NA NA NA NA 0 0 0 NA NA NA NA NA NA 95 1114 533 NA NA NA NA NA NA 175 1180 559 NA NA NA NA NA 
1785704400.0 140.56 NA 768 0 NA NA NA NA NA NA NA 1292 0 NA NA NA NA NA NA NA 5809 138 NA NA NA NA NA NA NA 2283 163 NA NA NA NA NA NA 
1785704400.0 140.57 NA 538 0 NA NA NA NA NA NA NA 765 0 NA NA NA NA NA NA NA 1083 125 NA NA NA NA NA NA NA 750 143 NA NA NA NA NA NA 
1785704400.0 140.58 NA 102 778 0 NA NA NA NA NA NA 162 1200 0 NA NA NA NA NA NA 106 6891 208 NA NA NA NA NA NA 259 2653 317 NA NA NA NA NA 
1785704400.0 140.6 NA 90 399 0 NA NA NA NA NA NA 133 609 0 NA NA NA NA NA NA 55 490 147 NA NA NA NA NA NA 157 804 219 NA NA NA NA NA 
1785704400.0 140.61 NA 449 0 NA NA NA NA NA NA NA 625 0 NA NA NA NA NA NA NA 901 139 NA NA NA NA NA NA NA 671 172 NA NA NA NA NA NA 
1785704400.0 14034.0 82 569 0 NA NA NA NA NA NA 110 754 0 NA NA NA NA NA NA 66 874 140 NA NA NA NA NA NA 104 901 202 NA NA NA NA NA NA 
1785704400.0 141.001 NA 210 602 0 NA NA NA NA NA NA 293 837 0 NA NA NA NA NA NA 216 5908 130 NA NA NA NA NA NA 160 2096 151 NA NA NA NA NA 
1785704400.0 141.002 NA 201 596 0 NA NA NA NA NA NA 292 826 0 NA NA NA NA NA NA 258 4343 174 NA NA NA NA NA NA 254 1951 192 NA NA NA NA NA 
1785704400.0 141.003 NA 208 596 0 NA NA NA NA NA NA 297 815 0 NA NA NA NA NA NA 218 5637 130 NA NA NA NA NA NA 155 2013 154 NA NA NA NA NA 
1785704400.0 141.004 NA 204 543 0 NA NA NA NA NA NA 297 763 0 NA NA NA NA NA NA 226 1897 153 NA NA NA NA NA NA 150 1136 173 NA NA NA NA NA 
1785704400.0 141.005 NA 202 543 0 NA NA NA NA NA NA 299 774 0 NA NA NA NA NA NA 260 3987 169 NA NA NA NA NA NA 184 1777 191 NA NA NA NA NA 
1785704400.0 141.006 NA 200 542 0 NA NA NA NA NA NA 293 774 0 NA NA NA NA NA NA 248 4225 180 NA NA NA NA NA NA 155 1778 200 NA NA NA NA NA 
1785704400.0 141.007 NA 204 560 0 NA NA NA NA NA NA 299 785 0 NA NA NA NA NA NA 255 5279 194 NA NA NA NA NA NA 227 2100 277 NA NA NA NA NA 
1785704400.0 141.008 NA 205 603 0 NA NA NA NA NA NA 297 900 0 NA NA NA NA NA NA 294 7692 147 NA NA NA NA NA NA 334 2801 168 NA NA NA NA NA 
1785704400.0 141.008405 NA 210 168 0 NA NA NA NA NA NA 290 255 0 NA NA NA NA NA NA 285 484 55 NA NA NA NA NA NA 187 260 68 NA NA NA NA NA 
1785704400.0 141.008411 NA 213 148 0 NA NA NA NA NA NA 297 229 0 NA NA NA NA NA NA 278 239 77 NA NA NA NA NA NA 183 235 120 NA NA NA NA NA 
1785704400.0 141.008421 NA 210 159 0 NA NA NA NA NA NA 286 234 0 NA NA NA NA NA NA 277 269 76 NA NA NA NA NA NA 175 225 112 NA NA NA NA NA 
1785704400.0 141.009 NA 0 0 0 NA NA NA NA NA NA 0 0 0 NA NA NA NA NA NA 65 1460 384 NA NA NA NA NA NA 106 1604 403 NA NA NA NA NA 
1785704400.0 141.01 NA 203 612 0 NA NA NA NA NA NA 293 867 0 NA NA NA NA NA NA 242 6692 128 NA NA NA NA NA NA 295 2583 147 NA NA NA NA NA 
1785704400.0 141.011 NA 208 604 0 NA NA NA NA NA NA 295 839 0 NA NA NA NA NA NA 220 5619 129 NA NA NA NA NA NA 179 2044 145 NA NA NA NA NA 
1785704400.0 141.012 NA 200 554 0 NA NA NA NA NA NA 300 794 0 NA NA NA NA NA NA 261 4655 161 NA NA NA NA NA NA 206 1814 182 NA NA NA NA NA 
1785704400.0 141.013 NA 201 592 0 NA NA NA NA NA NA 297 853 0 NA NA NA NA NA NA 237 5798 131 NA NA NA NA NA NA 165 2047 159 NA NA NA NA NA 
1785704400.0 141.031 NA 203 550 0 NA NA NA NA NA NA 290 881 0 NA NA NA NA NA NA 251 6595 130 NA NA NA NA NA NA 296 2534 152 NA NA NA NA NA 
1785704400.0 141.032 NA 200 606 0 NA NA NA NA NA NA 286 823 0 NA NA NA NA NA NA 258 5365 170 NA NA NA NA NA NA 155 2212 190 NA NA NA NA NA 
1785704400.0 141.033 NA 203 614 0 NA NA NA NA NA NA 291 844 0 NA NA NA NA NA NA 269 7081 128 NA NA NA NA NA NA 302 2557 145 NA NA NA NA NA 
1785704400.0 141.034 NA 206 604 0 NA NA NA NA NA NA 292 857 0 NA NA NA NA NA NA 242 7494 134 NA NA NA NA NA NA 300 2769 171 NA NA NA NA NA 
1785704400.0 141.035 NA 204 647 0 NA NA NA NA NA NA 285 882 0 NA NA NA NA NA NA 311 8200 159 NA NA NA NA NA NA 426 2782 183 NA NA NA NA NA 
1785704400.0 141.036 NA 205 579 0 NA NA NA NA NA NA 291 737 0 NA NA NA NA NA NA 170 2087 127 NA NA NA NA NA NA 132 1060 156 NA NA NA NA NA 
1785704400.0 141.037 NA 211 630 0 NA NA NA NA NA NA 291 838 0 NA NA NA NA NA NA 229 5804 127 NA NA NA NA NA NA 159 2141 143 NA NA NA NA NA 
1785704400.0 141.038 NA 174 614 0 NA NA NA NA NA NA 300 862 0 NA NA NA NA NA NA 318 7490 153 NA NA NA NA NA NA 388 2640 173 NA NA NA NA NA 
1785704400.0 141.039 NA 205 633 0 NA NA NA NA NA NA 285 836 0 NA NA NA NA NA NA 243 6482 126 NA NA NA NA NA NA 157 2203 145 NA NA NA NA NA 
1785704400.0 141.041 NA 198 613 0 NA NA NA NA NA NA 293 875 0 NA NA NA NA NA NA 368 9898 175 NA NA NA NA NA NA 550 3065 198 NA NA NA NA NA 
1785704400.0 141.042 NA 202 580 0 NA NA NA NA NA NA 289 842 0 NA NA NA NA NA NA 258 6900 164 NA NA NA NA NA NA 206 2601 187 NA NA NA NA NA 
1785704400.0 141.043 NA 200 657 0 NA NA NA NA NA NA 292 938 0 NA NA NA NA NA NA 339 11239 157 NA NA NA NA NA NA 399 3651 237 NA NA NA NA NA 
1785704400.0 141.044 NA 201 611 0 NA NA NA NA NA NA 283 900 0 NA NA NA NA NA NA 346 9931 165 NA NA NA NA NA NA 457 3174 188 NA NA NA NA NA 
1785704400.0 141.045 NA 206 663 0 NA NA NA NA NA NA 289 919 0 NA NA NA NA NA NA 329 13987 195 NA NA NA NA NA NA 329 4894 227 NA NA NA NA NA 
1785704400.0 141.046 NA 203 626 0 NA NA NA NA NA NA 287 877 0 NA NA NA NA NA NA 324 9756 162 NA NA NA NA NA NA 424 3112 183 NA NA NA NA NA 
1785704400.0 141.047 NA 198 622 0 NA NA NA NA NA NA 301 910 0 NA NA NA NA NA NA 348 10530 162 NA NA NA NA NA NA 488 3437 248 NA NA NA NA NA 
1785704400.0 141.048 NA 203 624 0 NA NA NA NA NA NA 298 896 0 NA NA NA NA NA NA 339 10219 159 NA NA NA NA NA NA 473 3311 179 NA NA NA NA NA 
1785704400.0 141.049 NA 202 604 0 NA NA NA NA NA NA 292 854 0 NA NA NA NA NA NA 314 7379 149 NA NA NA NA NA NA 325 2517 173 NA NA NA NA NA 
1785704400.0 141.101 NA 199 625 0 NA NA NA NA NA NA 294 908 0 NA NA NA NA NA NA 245 5405 174 NA NA NA NA NA NA 224 2446 195 NA NA NA NA NA 
1785704400.0 141.102 NA 206 599 0 NA NA NA NA NA NA 303 925 0 NA NA NA NA NA NA 290 8198 135 NA NA NA NA NA NA 329 2925 165 NA NA NA NA NA 
1785704400.0 141.103 NA 203 608 0 NA NA NA NA NA NA 291 971 0 NA NA NA NA NA NA 317 8560 148 NA NA NA NA NA NA 413 2973 167 NA NA NA NA NA 
1785704400.0 141.104 NA 200 623 0 NA NA NA NA NA NA 291 900 0 NA NA NA NA NA NA 311 9002 167 NA NA NA NA NA NA 387 3155 193 NA NA NA NA NA 
1785704400.0 141.105 NA 203 553 0 NA NA NA NA NA NA 288 795 0 NA NA NA NA NA NA 204 2842 162 NA NA NA NA NA NA 139 1662 181 NA NA NA NA NA 
1785704400.0 141.106 NA 209 579 0 NA NA NA NA NA NA 294 886 0 NA NA NA NA NA NA 213 6046 133 NA NA NA NA NA NA 186 2253 161 NA NA NA NA NA 
1785704400.0 141.107 NA 211 611 0 NA NA NA NA NA NA 291 885 0 NA NA NA NA NA NA 308 7456 150 NA NA NA NA NA NA 291 2789 174 NA NA NA NA NA 
1785704400.0 141.108 NA 207 614 0 NA NA NA NA NA NA 290 870 0 NA NA NA NA NA NA 309 7740 149 NA NA NA NA NA NA 282 2655 168 NA NA NA NA NA 
1785704400.0 141.109 NA 202 608 0 NA NA NA NA NA NA 303 861 0 NA NA NA NA NA NA 276 5253 158 NA NA NA NA NA NA 181 2298 184 NA NA NA NA NA 
1785704400.0 141.11 NA 203 617 0 NA NA NA NA NA NA 302 886 0 NA NA NA NA NA NA 349 8742 173 NA NA NA NA NA NA 438 2930 201 NA NA NA NA NA 
1785704400.0 141.111 NA 206 654 0 NA NA NA NA NA NA 298 900 0 NA NA NA NA NA NA 289 7629 154 NA NA NA NA NA NA 320 2592 174 NA NA NA NA NA 
1785704400.0 141.112 NA 201 614 0 NA NA NA NA NA NA 301 901 0 NA NA NA NA NA NA 318 8441 146 NA NA NA NA NA NA 393 2883 167 NA NA NA NA NA 
1785704400.0 141.113 NA 0 0 0 NA NA NA NA NA NA 0 0 0 NA NA NA NA NA NA 81 534 270 NA NA NA NA NA NA 193 725 393 NA NA NA NA NA 
1785704400.0 141.114 NA 206 609 0 NA NA NA NA NA NA 284 870 0 NA NA NA NA NA NA 331 7802 166 NA NA NA NA NA NA 333 2741 201 NA NA NA NA NA 
1785704400.0 141.201 136 243 560 0 NA NA NA NA NA 185 318 766 0 NA NA NA NA NA 895 124 901 192 NA NA NA NA NA 958 124 1148 219 NA NA NA NA NA 
1785704400.0 141.202 124 228 104 518 0 NA NA NA NA 177 321 150 691 0 NA NA NA NA 807 142 80 1020 211 NA NA NA NA 834 134 97 1060 233 NA NA NA NA 
1785704400.0 141.301 NA 382 836 0 NA NA NA NA NA NA 600 1314 0 NA NA NA NA NA NA 1499 13055 177 NA NA NA NA NA NA 1637 5011 265 NA NA NA NA NA 
1785704400.0 141.901 NA 542 0 NA NA NA NA NA NA NA 770 0 NA NA NA NA NA NA NA 3403 113 NA NA NA NA NA NA NA 1358 130 NA NA NA NA NA NA 
1785704400.0 141.902 NA 479 0 NA NA NA NA NA NA NA 665 0 NA NA NA NA NA NA NA 2946 115 NA NA NA NA NA NA NA 1202 134 NA NA NA NA NA NA 
1785704400.0 142.201 136 236 554 0 NA NA NA NA NA 171 328 766 0 NA NA NA NA NA 887 133 927 208 NA NA NA NA NA 805 151 1206 229 NA NA NA NA NA 
1785704400.0 142.202 124 225 104 504 0 NA NA NA NA 180 355 146 714 0 NA NA NA NA 884 160 65 945 238 NA NA NA NA 727 147 92 979 268 NA NA NA NA 
1785704400.0 142.901 NA 482 0 NA NA NA NA NA NA NA 655 0 NA NA NA NA NA NA NA 3367 114 NA NA NA NA NA NA NA 1380 130 NA NA NA NA NA NA 
1785704400.0 142.902 NA 476 0 NA NA NA NA NA NA NA 649 0 NA NA NA NA NA NA NA 3229 115 NA NA NA NA NA NA NA 1299 135 NA NA NA NA NA NA 
1785704400.0 142.903 NA 412 0 NA NA NA NA NA NA NA 582 0 NA NA NA NA NA NA NA 1184 95 NA NA NA NA NA NA NA 874 118 NA NA NA NA NA NA 
1785704400.0 143.201 136 241 519 0 NA NA NA NA NA 176 352 789 0 NA NA NA NA NA 900 137 936 213 NA NA NA NA NA 849 147 1149 234 NA NA NA NA NA 
1785704400.0 143.202 126 226 104 497 0 NA NA NA NA 167 353 143 715 0 NA NA NA NA 783 177 62 945 232 NA NA NA NA 815 202 74 954 251 NA NA NA NA 
1785704400.0 143.901 NA 534 0 NA NA NA NA NA NA NA 797 0 NA NA NA NA NA NA NA 5929 160 NA NA NA NA NA NA NA 2194 186 NA NA NA NA NA NA 
1785704400.0 143.902 NA 490 0 NA NA NA NA NA NA NA 653 0 NA NA NA NA NA NA NA 3533 119 NA NA NA NA NA NA NA 1422 144 NA NA NA NA NA NA 
1785704400.0 143.911 NA 485 0 NA NA NA NA NA NA NA 702 0 NA NA NA NA NA NA NA 6801 179 NA NA NA NA NA NA NA 2494 258 NA NA NA NA NA NA 
1785704400.0 143.912 NA 520 0 NA NA NA NA NA NA NA 737 0 NA NA NA NA NA NA NA 10238 142 NA NA NA NA NA NA NA 3325 165 NA NA NA NA NA NA 
1785704400.0 143.921 NA 507 0 NA NA NA NA NA NA NA 783 0 NA NA NA NA NA NA NA 6507 156 NA NA NA NA NA NA NA 2299 176 NA NA NA NA NA NA 
1785704400.0 144.201 89 373 578 0 NA NA NA NA NA 175 567 829 0 NA NA NA NA NA 1180 380 1314 287 NA NA NA NA NA 2367 656 1665 375 NA NA NA NA NA 
1785704400.0 144.202 131 355 167 534 0 NA NA NA NA 168 559 268 766 0 NA NA NA NA 663 276 121 725 225 NA NA NA NA 629 319 142 948 307 NA NA NA NA 
1785704400.0 144.6 NA 383 NA NA NA NA NA NA NA NA 518 NA NA NA NA NA NA NA NA 1417 NA NA NA NA NA NA NA NA 1277 NA NA NA NA NA NA NA 
1785704400.0 144.901 NA 522 0 NA NA NA NA NA NA NA 773 0 NA NA NA NA NA NA NA 5660 170 NA NA NA NA NA NA NA 2121 234 NA NA NA NA NA NA 
1785704400.0 144.902 NA 481 0 NA NA NA NA NA NA NA 681 0 NA NA NA NA NA NA NA 3471 117 NA NA NA NA NA NA NA 1440 136 NA NA NA NA NA NA 
1785704400.0 144.903 NA 541 0 NA NA NA NA NA NA NA 775 0 NA NA NA NA NA NA NA 5361 142 NA NA NA NA NA NA NA 2144 162 NA NA NA NA NA NA 
1785704400.0 145.415 197 580 0 NA NA NA NA NA NA 305 799 0 NA NA NA NA NA NA 134 2112 198 NA NA NA NA NA NA 154 1951 224 NA NA NA NA NA NA 
1785704400.0 146.101 NA 206 681 0 NA NA NA NA NA NA 315 943 0 NA NA NA NA NA NA 274 7772 174 NA NA NA NA NA NA 399 3127 198 NA NA NA NA NA 
1785704400.0 146.102 NA 199 647 0 NA NA NA NA NA NA 325 993 0 NA NA NA NA NA NA 356 11898 197 NA NA NA NA NA NA 485 4921 222 NA NA NA NA NA 
1785704400.0 146.103 NA 206 677 0 NA NA NA NA NA NA 312 1084 0 NA NA NA NA NA NA 286 14894 182 NA NA NA NA NA NA 261 11981 232 NA NA NA NA NA 
1785704400.0 146.104 NA 206 670 0 NA NA NA NA NA NA 303 977 0 NA NA NA NA NA NA 297 13321 173 NA NA NA NA NA NA 251 6722 232 NA NA NA NA NA 
1785704400.0 146.105 NA 206 648 0 NA NA NA NA NA NA 317 1015 0 NA NA NA NA NA NA 317 11233 172 NA NA NA NA NA NA 367 4454 196 NA NA NA NA NA 
1785704400.0 146.106 NA 206 638 0 NA NA NA NA NA NA 307 946 0 NA NA NA NA NA NA 307 11642 162 NA NA NA NA NA NA 338 4683 190 NA NA NA NA NA 
1785704400.0 146.107 NA 182 668 0 NA NA NA NA NA NA 319 968 0 NA NA NA NA NA NA 343 11672 192 NA NA NA NA NA NA 457 4680 218 NA NA NA NA NA 
1785704400.0 146.108 NA 199 696 0 NA NA NA NA NA NA 322 976 0 NA NA NA NA NA NA 363 12278 163 NA NA NA NA NA NA 452 4830 277 NA NA NA NA NA 
1785704400.0 146.109 NA 210 661 0 NA NA NA NA NA NA 329 946 0 NA NA NA NA NA NA 334 8114 153 NA NA NA NA NA NA 470 3158 174 NA NA NA NA NA 
1785704400.0 146.11 NA 206 657 0 NA NA NA NA NA NA 326 937 0 NA NA NA NA NA NA 347 10182 194 NA NA NA NA NA NA 362 3900 217 NA NA NA NA NA 
1785704400.0 146.111 NA 204 658 0 NA NA NA NA NA NA 320 946 0 NA NA NA NA NA NA 329 10352 146 NA NA NA NA NA NA 361 3963 205 NA NA NA NA NA 
1785704400.0 148.0 113 253 471 0 NA NA NA NA NA 166 350 660 0 NA NA NA NA NA 605 159 755 194 NA NA NA NA NA 414 247 798 214 NA NA NA NA NA 
1785704400.0 149.0 123 266 490 0 NA NA NA NA NA 180 357 707 0 NA NA NA NA NA 500 182 773 200 NA NA NA NA NA 457 193 786 225 NA NA NA NA NA 
1785704400.0 149.1 110 242 497 0 NA NA NA NA NA 181 363 686 0 NA NA NA NA NA 590 214 971 203 NA NA NA NA NA 514 193 978 229 NA NA NA NA NA 
1785704400.0 15.0 129 181 373 0 NA NA NA NA NA 194 255 490 0 NA NA NA NA NA 304 179 772 176 NA NA NA NA NA 417 270 1039 212 NA NA NA NA NA 
1785704400.0 158.0 128 230 441 124 0 NA NA NA NA 172 319 668 186 0 NA NA NA NA 813 137 760 182 188 NA NA NA NA 931 227 828 220 219 NA NA NA NA 
1785704400.0 158.1 136 279 510 0 NA NA NA NA NA 184 360 716 0 NA NA NA NA NA 826 185 770 194 NA NA NA NA NA 389 147 814 220 NA NA NA NA NA 
1785704400.0 158.2 129 267 505 0 NA NA NA NA NA 184 355 683 0 NA NA NA NA NA 844 214 928 242 NA NA NA NA NA 492 180 843 273 NA NA NA NA NA 
1785704400.0 158.3 125 268 508 0 NA NA NA NA NA 184 362 687 0 NA NA NA NA NA 802 270 869 243 NA NA NA NA NA 437 257 866 270 NA NA NA NA NA 
1785704400.0 158.5 118 222 476 124 0 NA NA NA NA 163 298 669 187 0 NA NA NA NA 705 126 705 178 178 NA NA NA NA 449 152 696 220 195 NA NA NA NA 
1785704400.0 159.0 134 226 466 122 0 NA NA NA NA 175 314 650 190 0 NA NA NA NA 888 119 540 168 179 NA NA NA NA 798 120 651 201 214 NA NA NA NA 
1785704400.0 159.02 136 227 120 456 126 0 NA NA NA 174 309 154 655 191 0 NA NA NA 896 118 58 565 163 180 NA NA NA 943 128 79 706 193 204 NA NA NA 
1785704400.0 159.03 127 222 117 275 221 NA NA NA NA 166 303 154 395 290 NA NA NA NA 664 104 53 217 152 NA NA NA NA 470 105 66 402 158 NA NA NA NA 
1785704400.0 159.1 108 262 486 0 NA NA NA NA NA 187 352 672 0 NA NA NA NA NA 1337 220 808 266 NA NA NA NA NA 826 158 718 300 NA NA NA NA NA 
1785704400.0 159.2 137 261 480 0 NA NA NA NA NA 182 365 646 0 NA NA NA NA NA 876 241 758 217 NA NA NA NA NA 562 177 877 268 NA NA NA NA NA 
1785704400.0 159.3 138 264 482 0 NA NA NA NA NA 183 352 661 0 NA NA NA NA NA 847 195 825 248 NA NA NA NA NA 626 154 852 271 NA NA NA NA NA 
1785704400.0 159.4 140 261 486 0 NA NA NA NA NA 184 354 682 0 NA NA NA NA NA 1106 266 855 266 NA NA NA NA NA 682 176 777 288 NA NA NA NA NA 
1785704400.0 16.0 128 174 362 0 NA NA NA NA NA 210 255 516 0 NA NA NA NA NA 2623 182 788 207 NA NA NA NA NA 1053 168 857 287 NA NA NA NA NA 
1785704400.0 160.0 136 239 486 126 0 NA NA NA NA 175 323 657 190 0 NA NA NA NA 900 121 553 165 182 NA NA NA NA 844 126 574 187 202 NA NA NA NA 
1785704400.0 160.02 135 243 121 492 126 0 NA NA NA 176 323 162 672 189 0 NA NA NA 882 125 56 538 163 180 NA NA NA 802 133 72 594 179 252 NA NA NA 
1785704400.0 160.03 130 230 114 294 221 NA NA NA NA 168 320 146 466 289 NA NA NA NA 670 113 53 212 154 NA NA NA NA 491 109 65 261 162 NA NA NA NA 
1785704400.0 160.1 138 289 494 0 NA NA NA NA NA 186 385 669 0 NA NA NA NA NA 1091 276 876 262 NA NA NA NA NA 721 179 788 380 NA NA NA NA NA 
1785704400.0 160.2 140 286 489 0 NA NA NA NA NA 194 394 691 0 NA NA NA NA NA 897 260 757 204 NA NA NA NA NA 598 189 846 225 NA NA NA NA NA 
1785704400.0 160.3 135 292 491 0 NA NA NA NA NA 182 393 679 0 NA NA NA NA NA 908 278 799 219 NA NA NA NA NA 739 190 834 250 NA NA NA NA NA 
1785704400.0 160.4 136 286 488 0 NA NA NA NA NA 182 396 673 0 NA NA NA NA NA 898 268 786 202 NA NA NA NA NA 645 201 912 226 NA NA NA NA NA 
1785704400.0 160.401 126 225 104 453 173 NA NA NA NA 163 315 148 603 262 NA NA NA NA 792 142 56 592 171 NA NA NA NA 579 140 64 559 188 NA NA NA NA 
1785704400.0 161.0 135 242 533 125 0 NA NA NA NA 178 356 746 188 0 NA NA NA NA 897 125 712 168 206 NA NA NA NA 973 136 692 197 222 NA NA NA NA 
1785704400.0 161.02 89 236 122 524 126 0 NA NA NA 177 356 159 710 187 0 NA NA NA 1144 169 76 897 219 272 NA NA NA 2120 294 144 1145 318 412 NA NA NA 
1785704400.0 161.03 127 227 105 252 178 NA NA NA NA 167 343 150 455 296 NA NA NA NA 859 173 76 338 197 NA NA NA NA 659 158 90 453 228 NA NA NA NA 
1785704400.0 161.1 138 284 539 0 NA NA NA NA NA 187 397 728 0 NA NA NA NA NA 1112 306 891 246 NA NA NA NA NA 751 253 865 282 NA NA NA NA NA 
1785704400.0 161.2 136 290 538 0 NA NA NA NA NA 196 404 737 0 NA NA NA NA NA 852 304 1043 245 NA NA NA NA NA 753 200 1052 278 NA NA NA NA NA 
1785704400.0 161.3 137 289 541 0 NA NA NA NA NA 186 406 750 0 NA NA NA NA NA 856 278 949 252 NA NA NA NA NA 778 190 913 289 NA NA NA NA NA 
1785704400.0 161.4 136 285 532 0 NA NA NA NA NA 182 395 748 0 NA NA NA NA NA 877 309 1036 246 NA NA NA NA NA 571 186 994 271 NA NA NA NA NA 
1785704400.0 162.0 103 244 517 126 0 NA NA NA NA 175 368 738 187 0 NA NA NA NA 1115 180 909 225 256 NA NA NA NA 1805 260 1132 294 393 NA NA NA NA 
1785704400.0 162.02 103 239 120 514 122 0 NA NA NA 177 354 155 754 190 0 NA NA NA 1175 181 81 914 218 259 NA NA NA 2256 281 176 1182 405 377 NA NA NA 
1785704400.0 162.03 88 228 117 256 221 NA NA NA NA 167 345 149 454 294 NA NA NA NA 676 130 52 220 157 NA NA NA NA 566 175 76 290 168 NA NA NA NA 
1785704400.0 162.1 138 287 529 0 NA NA NA NA NA 194 392 738 0 NA NA NA NA NA 1051 343 1110 245 NA NA NA NA NA 1020 223 1030 273 NA NA NA NA NA 
1785704400.0 162.2 136 283 527 0 NA NA NA NA NA 183 402 714 0 NA NA NA NA NA 892 333 1074 239 NA NA NA NA NA 696 212 987 262 NA NA NA NA NA 
1785704400.0 162.3 137 286 530 0 NA NA NA NA NA 194 405 738 0 NA NA NA NA NA 822 272 976 247 NA NA NA NA NA 767 239 824 273 NA NA NA NA NA 
1785704400.0 162.4 137 281 528 0 NA NA NA NA NA 182 412 766 0 NA NA NA NA NA 887 324 861 277 NA NA NA NA NA 931 270 812 318 NA NA NA NA NA 
1785704400.0 163.0 91 373 538 126 0 NA NA NA NA 176 579 746 187 0 NA NA NA NA 1129 392 1010 209 273 NA NA NA NA 1972 660 1336 339 373 NA NA NA NA 
1785704400.0 163.02 134 322 186 510 124 0 NA NA NA 178 564 280 755 186 0 NA NA NA 1129 428 160 976 220 290 NA NA NA 1238 1082 374 1415 300 389 NA NA NA 
1785704400.0 163.03 123 343 167 235 182 NA NA NA NA 166 567 274 404 293 NA NA NA NA 903 336 164 351 228 NA NA NA NA 645 315 193 437 258 NA NA NA NA 
1785704400.0 163.1 140 426 562 0 NA NA NA NA NA 185 628 762 0 NA NA NA NA NA 837 412 812 223 NA NA NA NA NA 541 381 1041 248 NA NA NA NA NA 
1785704400.0 163.2 139 419 550 0 NA NA NA NA NA 183 619 753 0 NA NA NA NA NA 673 411 794 223 NA NA NA NA NA 469 337 923 245 NA NA NA NA NA 
1785704400.0 163.3 140 437 568 0 NA NA NA NA NA 186 630 734 0 NA NA NA NA NA 699 392 780 225 NA NA NA NA NA 594 308 842 246 NA NA NA NA NA 
1785704400.0 163.4 136 418 547 0 NA NA NA NA NA 193 642 739 0 NA NA NA NA NA 922 517 875 250 NA NA NA NA NA 684 427 958 271 NA NA NA NA NA 
1785704400.0 16434.0 83 594 0 NA NA NA NA NA NA 113 759 0 NA NA NA NA NA NA 65 937 134 NA NA NA NA NA NA 78 1015 203 NA NA NA NA NA NA 
1785704400.0 16834.0 141 332 547 0 171 NA NA NA NA 202 419 797 0 279 NA NA NA NA 1362 315 966 234 291 NA NA NA NA 753 224 890 256 328 NA NA NA NA 
1785704400.0 17.0 129 179 372 0 NA NA NA NA NA 203 253 513 0 NA NA NA NA NA 298 146 632 142 NA NA NA NA NA 261 138 751 159 NA NA NA NA NA 
1785704400.0 17034.96 141 129 449 702 0 NA NA NA NA 191 178 616 936 0 NA NA NA NA 1483 848 875 1470 285 NA NA NA NA 930 482 423 1015 404 NA NA NA NA 
1785704400.0 18.0 123 179 374 0 NA NA NA NA NA 185 257 507 0 NA NA NA NA NA 294 179 760 198 NA NA NA NA NA 382 263 1058 241 NA NA NA NA NA 
1785704400.0 180.0 136 291 512 126 0 NA NA NA NA 176 391 689 187 0 NA NA NA NA 446 194 678 161 178 NA NA NA NA 421 142 717 179 212 NA NA NA NA 
1785704400.0 180.1 130 288 512 126 0 NA NA NA NA 198 385 709 186 0 NA NA NA NA 3466 232 778 189 206 NA NA NA NA 1405 144 851 215 231 NA NA NA NA 
1785704400.0 18034.0 83 557 0 NA NA NA NA NA NA 111 758 0 NA NA NA NA NA NA 69 946 151 NA NA NA NA NA NA 89 862 225 NA NA NA NA NA NA 
1785704400.0 181.0 134 286 571 122 0 NA NA NA NA 190 397 733 187 0 NA NA NA NA 451 207 839 167 212 NA NA NA NA 516 168 860 198 245 NA NA NA NA 
1785704400.0 181.1 102 284 552 122 0 NA NA NA NA 203 396 756 189 0 NA NA NA NA 3593 253 1058 211 266 NA NA NA NA 1615 238 1663 318 403 NA NA NA NA 
1785704400.0 182.0 135 293 547 123 0 NA NA NA NA 175 400 753 190 0 NA NA NA NA 448 215 867 172 222 NA NA NA NA 486 157 891 217 263 NA NA NA NA 
1785704400.0 182.1 132 282 547 124 0 NA NA NA NA 201 393 762 184 0 NA NA NA NA 3620 280 1097 223 277 NA NA NA NA 1419 260 1416 300 385 NA NA NA NA 
1785704400.0 183.0 132 423 581 129 0 NA NA NA NA 174 571 781 195 0 NA NA NA NA 459 378 916 164 228 NA NA NA NA 594 347 896 178 256 NA NA NA NA 
1785704400.0 183.01 131 408 597 127 0 NA NA NA NA 177 551 853 195 0 NA NA NA NA 570 506 1395 213 288 NA NA NA NA 689 983 2146 337 412 NA NA NA NA 
1785704400.0 183.1 100 416 566 125 0 NA NA NA NA 205 557 765 189 0 NA NA NA NA 3712 465 1131 244 278 NA NA NA NA 1756 644 1749 337 406 NA NA NA NA 
1785704400.0 18434.0 146 545 669 0 173 NA NA NA NA 202 708 884 0 235 NA NA NA NA 1117 604 1252 271 211 NA NA NA NA 838 513 1105 295 218 NA NA NA NA 
1785704400.0 19.0 123 181 371 0 NA NA NA NA NA 174 253 507 0 NA NA NA NA NA 278 141 625 152 NA NA NA NA NA 229 135 706 181 NA NA NA NA NA 
1785704400.0 2.0 166 186 317 NA NA NA NA NA NA 236 263 417 NA NA NA NA NA NA 883 193 507 NA NA NA NA NA NA 434 162 543 NA NA NA NA NA NA 
1785704400.0 20.0 124 181 367 0 NA NA NA NA NA 176 259 498 0 NA NA NA NA NA 272 173 766 187 NA NA NA NA NA 363 244 876 233 NA NA NA NA NA 
1785704400.0 2017.1 483 0 219 171 NA NA NA NA NA 601 0 299 259 NA NA NA NA NA 440 107 252 177 NA NA NA NA NA 426 126 260 201 NA NA NA NA NA 
1785704400.0 2017.11 494 0 230 176 NA NA NA NA NA 612 0 322 260 NA NA NA NA NA 489 105 307 172 NA NA NA NA NA 412 127 261 205 NA NA NA NA NA 
1785704400.0 2017.12 464 0 220 169 NA NA NA NA NA 626 0 308 262 NA NA NA NA NA 482 135 299 219 NA NA NA NA NA 630 208 367 282 NA NA NA NA NA 
1785704400.0 2017.13 472 0 NA NA NA NA NA NA NA 640 0 NA NA NA NA NA NA NA 525 174 NA NA NA NA NA NA NA 573 207 NA NA NA NA NA NA NA 
1785704400.0 2017.2 414 0 207 161 NA NA NA NA NA 542 0 290 260 NA NA NA NA NA 458 129 286 240 NA NA NA NA NA 587 188 369 360 NA NA NA NA NA 
1785704400.0 2017.3 412 0 208 169 NA NA NA NA NA 539 0 303 257 NA NA NA NA NA 432 106 335 231 NA NA NA NA NA 528 175 448 357 NA NA NA NA NA 
1785704400.0 2017.4 459 0 214 169 NA NA NA NA NA 598 0 301 266 NA NA NA NA NA 494 115 320 231 NA NA NA NA NA 660 191 461 348 NA NA NA NA NA 
1785704400.0 2017.5 459 0 191 164 NA NA NA NA NA 620 0 306 254 NA NA NA NA NA 496 116 314 221 NA NA NA NA NA 635 207 469 324 NA NA NA NA NA 
1785704400.0 2017.6 457 0 222 174 NA NA NA NA NA 601 0 310 267 NA NA NA NA NA 437 104 252 167 NA NA NA NA NA 433 139 258 197 NA NA NA NA NA 
1785704400.0 2017.7 460 0 208 166 NA NA NA NA NA 614 0 302 266 NA NA NA NA NA 491 121 317 216 NA NA NA NA NA 579 183 425 325 NA NA NA NA NA 
1785704400.0 2017.8 218 NA NA NA NA NA NA NA NA 328 NA NA NA NA NA NA NA NA 477 NA NA NA NA NA NA NA NA 425 NA NA NA NA NA NA NA NA 
1785704400.0 2017.9 463 0 214 165 NA NA NA NA NA 622 0 292 259 NA NA NA NA NA 533 130 305 237 NA NA NA NA NA 557 280 443 334 NA NA NA NA NA 
1785704400.0 2018.1 480 0 215 162 NA NA NA NA NA 622 0 308 263 NA NA NA NA NA 554 138 332 242 NA NA NA NA NA 663 217 474 332 NA NA NA NA NA 
1785704400.0 2018.11 465 0 224 175 NA NA NA NA NA 644 0 311 263 NA NA NA NA NA 506 107 303 170 NA NA NA NA NA 480 125 279 191 NA NA NA NA NA 
1785704400.0 2018.12 458 0 212 162 NA NA NA NA NA 638 0 301 256 NA NA NA NA NA 514 119 331 239 NA NA NA NA NA 644 196 423 332 NA NA NA NA NA 
1785704400.0 2018.13 434 0 NA NA NA NA NA NA NA 637 0 NA NA NA NA NA NA NA 547 190 NA NA NA NA NA NA NA 551 244 NA NA NA NA NA NA NA 
1785704400.0 2018.2 410 0 199 170 NA NA NA NA NA 522 0 292 264 NA NA NA NA NA 438 124 303 228 NA NA NA NA NA 555 172 426 321 NA NA NA NA NA 
1785704400.0 2018.3 410 0 207 161 NA NA NA NA NA 542 0 292 266 NA NA NA NA NA 458 121 331 233 NA NA NA NA NA 643 185 467 318 NA NA NA NA NA 
1785704400.0 2018.4 467 0 209 160 NA NA NA NA NA 615 0 298 260 NA NA NA NA NA 492 120 325 236 NA NA NA NA NA 577 213 447 314 NA NA NA NA NA 
1785704400.0 2018.5 462 0 202 164 NA NA NA NA NA 616 0 298 254 NA NA NA NA NA 549 125 327 226 NA NA NA NA NA 594 160 448 319 NA NA NA NA NA 
1785704400.0 2018.6 458 0 212 162 NA NA NA NA NA 623 0 304 257 NA NA NA NA NA 558 135 324 232 NA NA NA NA NA 660 170 387 338 NA NA NA NA NA 
1785704400.0 2018.7 458 0 213 173 NA NA NA NA NA 632 0 290 256 NA NA NA NA NA 415 101 243 163 NA NA NA NA NA 396 150 262 185 NA NA NA NA NA 
1785704400.0 2018.8 210 NA NA NA NA NA NA NA NA 324 NA NA NA NA NA NA NA NA 459 NA NA NA NA NA NA NA NA 455 NA NA NA NA NA NA NA NA 
1785704400.0 2018.9 484 0 213 160 NA NA NA NA NA 619 0 300 257 NA NA NA NA NA 465 126 318 233 NA NA NA NA NA 531 222 458 324 NA NA NA NA NA 
1785704400.0 2022.0000001 NA 209 596 0 NA NA NA NA NA NA 293 818 0 NA NA NA NA NA NA 223 5819 133 NA NA NA NA NA NA 171 1997 170 NA NA NA NA NA 
1785704400.0 2022.0000002 NA 201 490 0 NA NA NA NA NA NA 297 754 0 NA NA NA NA NA NA 311 7054 184 NA NA NA NA NA NA 309 2791 237 NA NA NA NA NA 
1785704400.0 2022.0010001 NA 198 565 0 NA NA NA NA NA NA 300 825 0 NA NA NA NA NA NA 301 7465 174 NA NA NA NA NA NA 297 2652 200 NA NA NA NA NA 
1785704400.0 2022.0010002 NA 199 481 0 NA NA NA NA NA NA 301 752 0 NA NA NA NA NA NA 307 7658 184 NA NA NA NA NA NA 305 2903 233 NA NA NA NA NA 
1785704400.0 2022.0020001 NA 206 595 0 NA NA NA NA NA NA 290 811 0 NA NA NA NA NA NA 248 6084 130 NA NA NA NA NA NA 181 2156 161 NA NA NA NA NA 
1785704400.0 2022.0020002 NA 204 532 0 NA NA NA NA NA NA 292 732 0 NA NA NA NA NA NA 261 6094 133 NA NA NA NA NA NA 296 2456 153 NA NA NA NA NA 
1785704400.0 2023.0000001 NA 201 578 0 NA NA NA NA NA NA 286 809 0 NA NA NA NA NA NA 259 6127 173 NA NA NA NA NA NA 169 2431 241 NA NA NA NA NA 
1785704400.0 2023.0000002 NA 201 498 0 NA NA NA NA NA NA 295 740 0 NA NA NA NA NA NA 242 6364 175 NA NA NA NA NA NA 225 2629 199 NA NA NA NA NA 
1785704400.0 2023.0010001 NA 206 604 0 NA NA NA NA NA NA 283 838 0 NA NA NA NA NA NA 254 7729 127 NA NA NA NA NA NA 292 2746 146 NA NA NA NA NA 
1785704400.0 2023.0010002 NA 201 552 0 NA NA NA NA NA NA 284 740 0 NA NA NA NA NA NA 323 8272 166 NA NA NA NA NA NA 445 2735 184 NA NA NA NA NA 
1785704400.0 2023.0020001 NA 202 625 0 NA NA NA NA NA NA 291 858 0 NA NA NA NA NA NA 297 11191 162 NA NA NA NA NA NA 379 3603 233 NA NA NA NA NA 
1785704400.0 2023.0020002 NA 201 588 0 NA NA NA NA NA NA 284 793 0 NA NA NA NA NA NA 314 10823 157 NA NA NA NA NA NA 312 3509 223 NA NA NA NA NA 
1785704400.0 2024.0000001 NA 205 551 0 NA NA NA NA NA NA 327 769 0 NA NA NA NA NA NA 235 4194 158 NA NA NA NA NA NA 157 1731 187 NA NA NA NA NA 
1785704400.0 2024.0000002 NA 211 524 0 NA NA NA NA NA NA 323 698 0 NA NA NA NA NA NA 172 3274 130 NA NA NA NA NA NA 130 1446 162 NA NA NA NA NA 
1785704400.0 2024.0010001 NA 200 604 0 NA NA NA NA NA NA 318 852 0 NA NA NA NA NA NA 343 9955 152 NA NA NA NA NA NA 504 3108 171 NA NA NA NA NA 
1785704400.0 2024.0010002 NA 206 518 0 NA NA NA NA NA NA 322 786 0 NA NA NA NA NA NA 306 10764 156 NA NA NA NA NA NA 271 5290 199 NA NA NA NA NA 
1785704400.0 2024.0020001 NA 200 562 0 NA NA NA NA NA NA 329 817 0 NA NA NA NA NA NA 262 6945 157 NA NA NA NA NA NA 176 2678 182 NA NA NA NA NA 
1785704400.0 2024.0020002 NA 199 520 0 NA NA NA NA NA NA 314 738 0 NA NA NA NA NA NA 268 6213 185 NA NA NA NA NA NA 220 2541 208 NA NA NA NA NA 
1785704400.0 2024.0030001 NA 199 615 0 NA NA NA NA NA NA 313 839 0 NA NA NA NA NA NA 350 11013 159 NA NA NA NA NA NA 369 3471 191 NA NA NA NA NA 
1785704400.0 2024.0030002 NA 209 579 0 NA NA NA NA NA NA 319 774 0 NA NA NA NA NA NA 331 10762 148 NA NA NA NA NA NA 365 3538 170 NA NA NA NA NA 
1785704400.0 2024.0040001 NA 205 576 0 NA NA NA NA NA NA 316 805 0 NA NA NA NA NA NA 241 6557 127 NA NA NA NA NA NA 230 2312 143 NA NA NA NA NA 
1785704400.0 2024.0040002 NA 206 540 0 NA NA NA NA NA NA 312 738 0 NA NA NA NA NA NA 241 6396 136 NA NA NA NA NA NA 196 2295 164 NA NA NA NA NA 
1785704400.0 2024.0050001 NA 216 615 0 NA NA NA NA NA NA 317 834 0 NA NA NA NA NA NA 338 9969 156 NA NA NA NA NA NA 485 3107 174 NA NA NA NA NA 
1785704400.0 2024.0050002 NA 199 566 0 NA NA NA NA NA NA 331 760 0 NA NA NA NA NA NA 364 9749 160 NA NA NA NA NA NA 494 3173 184 NA NA NA NA NA 
1785704400.0 2024.0060001 NA 205 586 0 NA NA NA NA NA NA 323 835 0 NA NA NA NA NA NA 224 5714 133 NA NA NA NA NA NA 192 2001 166 NA NA NA NA NA 
1785704400.0 2024.0060002 NA 198 524 0 NA NA NA NA NA NA 317 731 0 NA NA NA NA NA NA 313 7234 158 NA NA NA NA NA NA 325 3085 182 NA NA NA NA NA 
1785704400.0 2024.0070001 NA 204 587 0 NA NA NA NA NA NA 319 770 0 NA NA NA NA NA NA 212 5794 125 NA NA NA NA NA NA 178 2097 146 NA NA NA NA NA 
1785704400.0 2024.0070002 NA 198 523 0 NA NA NA NA NA NA 316 723 0 NA NA NA NA NA NA 284 6797 187 NA NA NA NA NA NA 201 2662 263 NA NA NA NA NA 
1785704400.0 2025.0000001 NA 462 664 0 NA NA NA NA NA NA 685 911 0 NA NA NA NA NA NA 1732 9746 206 NA NA NA NA NA NA 1536 9060 277 NA NA NA NA NA 
1785704400.0 2025.0000002 NA 479 540 0 NA NA NA NA NA NA 702 800 0 NA NA NA NA NA NA 1676 9002 217 NA NA NA NA NA NA 1656 7484 287 NA NA NA NA NA 
1785704400.0 2025.0010001 NA 484 718 0 NA NA NA NA NA NA 753 1016 0 NA NA NA NA NA NA 2314 15431 235 NA NA NA NA NA NA 1903 12366 299 NA NA NA NA NA 
1785704400.0 2025.0010002 NA 475 621 0 NA NA NA NA NA NA 741 852 0 NA NA NA NA NA NA 2319 14365 224 NA NA NA NA NA NA 1915 11088 303 NA NA NA NA NA 
1785704400.0 2025.0020001 NA 481 677 0 NA NA NA NA NA NA 722 992 0 NA NA NA NA NA NA 2093 13287 231 NA NA NA NA NA NA 1716 11322 298 NA NA NA NA NA 
1785704400.0 2025.0020002 NA 471 593 0 NA NA NA NA NA NA 740 839 0 NA NA NA NA NA NA 2163 12321 206 NA NA NA NA NA NA 1811 9901 266 NA NA NA NA NA 
1785704400.0 21.0 115 173 371 0 NA NA NA NA NA 176 257 528 0 NA NA NA NA NA 227 164 628 143 NA NA NA NA NA 241 176 652 158 NA NA NA NA NA 
1785704400.0 22.0 123 182 383 0 NA NA NA NA NA 176 250 527 0 NA NA NA NA NA 271 185 795 179 NA NA NA NA NA 343 259 964 203 NA NA NA NA NA 
1785704400.0 23.0 113 0 0 0 NA NA NA NA NA 172 0 0 0 NA NA NA NA NA 274 66 664 170 NA NA NA NA NA 414 136 875 200 NA NA NA NA NA 
1785704400.0 24.0 166 187 383 0 NA NA NA NA NA 241 263 533 0 NA NA NA NA NA 688 157 669 152 NA NA NA NA NA 354 144 655 169 NA NA NA NA NA 
1785704400.0 25.0 145 181 390 0 121 NA NA NA NA 241 266 541 0 185 NA NA NA NA 1178 191 952 193 253 NA NA NA NA 571 173 953 240 291 NA NA NA NA 
1785704400.0 2500.1501 NA 157 NA NA NA NA NA NA NA NA 261 NA NA NA NA NA NA NA NA 3369 NA NA NA NA NA NA NA NA 1015 NA NA NA NA NA NA NA 
1785704400.0 2500.1502 NA 145 NA NA NA NA NA NA NA NA 241 NA NA NA NA NA NA NA NA 8551 NA NA NA NA NA NA NA NA 10083 NA NA NA NA NA NA NA 
1785704400.0 2500.1503 NA 161 NA NA NA NA NA NA NA NA 251 NA NA NA NA NA NA NA NA 4417 NA NA NA NA NA NA NA NA 1273 NA NA NA NA NA NA NA 
1785704400.0 2500.1504 NA 148 NA NA NA NA NA NA NA NA 236 NA NA NA NA NA NA NA NA 11159 NA NA NA NA NA NA NA NA 11469 NA NA NA NA NA NA NA 
1785704400.0 2500.2307 NA 164 NA NA NA NA NA NA NA NA 254 NA NA NA NA NA NA NA NA 3795 NA NA NA NA NA NA NA NA 1141 NA NA NA NA NA NA NA 
1785704400.0 2500.231 NA 97 NA NA NA NA NA NA NA NA 152 NA NA NA NA NA NA NA NA 3165 NA NA NA NA NA NA NA NA 1693 NA NA NA NA NA NA NA 
1785704400.0 2500.2311 NA 69 NA NA NA NA NA NA NA NA 149 NA NA NA NA NA NA NA NA 328 NA NA NA NA NA NA NA NA 317 NA NA NA NA NA NA NA 
1785704400.0 2500.2403 NA 115 NA NA NA NA NA NA NA NA 188 NA NA NA NA NA NA NA NA 164 NA NA NA NA NA NA NA NA 272 NA NA NA NA NA NA NA 
1785704400.0 2500.2404 NA 181 NA NA NA NA NA NA NA NA 282 NA NA NA NA NA NA NA NA 1018 NA NA NA NA NA NA NA NA 414 NA NA NA NA NA NA NA 
1785704400.0 2500.2405 NA 181 NA NA NA NA NA NA NA NA 270 NA NA NA NA NA NA NA NA 820 NA NA NA NA NA NA NA NA 351 NA NA NA NA NA NA NA 
1785704400.0 2500.3307 NA 161 NA NA NA NA NA NA NA NA 242 NA NA NA NA NA NA NA NA 3561 NA NA NA NA NA NA NA NA 1141 NA NA NA NA NA NA NA 
1785704400.0 2500.3312 NA 86 NA NA NA NA NA NA NA NA 154 NA NA NA NA NA NA NA NA 4495 NA NA NA NA NA NA NA NA 2552 NA NA NA NA NA NA NA 
1785704400.0 2500.3313 NA 91 NA NA NA NA NA NA NA NA 151 NA NA NA NA NA NA NA NA 584 NA NA NA NA NA NA NA NA 501 NA NA NA NA NA NA NA 
1785704400.0 2500.4301 NA 95 NA NA NA NA NA NA NA NA 140 NA NA NA NA NA NA NA NA 5948 NA NA NA NA NA NA NA NA 4138 NA NA NA NA NA NA NA 
1785704400.0 2500.4302 NA 88 NA NA NA NA NA NA NA NA 143 NA NA NA NA NA NA NA NA 760 NA NA NA NA NA NA NA NA 615 NA NA NA NA NA NA NA 
1785704400.0 2500.9101 91 111 NA NA NA NA NA NA NA 122 193 NA NA NA NA NA NA NA 110 129 NA NA NA NA NA NA NA 138 193 NA NA NA NA NA NA NA 
1785704400.0 2500.9102 62 91 111 NA NA NA NA NA NA 103 122 195 NA NA NA NA NA NA 4808 148 132 NA NA NA NA NA NA 3816 119 191 NA NA NA NA NA NA 
1785704400.0 2500.9103 66 96 115 NA NA NA NA NA NA 102 128 200 NA NA NA NA NA NA 496 113 115 NA NA NA NA NA NA 208 107 143 NA NA NA NA NA NA 
1785704400.0 26.0 162 180 393 0 NA NA NA NA NA 237 259 524 0 NA NA NA NA NA 561 154 765 151 NA NA NA NA NA 314 135 802 167 NA NA NA NA NA 
1785704400.0 27.0 162 185 379 0 NA NA NA NA NA 236 259 524 0 NA NA NA NA NA 528 154 655 154 NA NA NA NA NA 310 137 793 169 NA NA NA NA NA 
1785704400.0 27234.0 219 666 804 0 274 NA NA NA NA 285 916 989 0 371 NA NA NA NA 2214 1082 1495 332 491 NA NA NA NA 1009 648 1195 382 513 NA NA NA NA 
1785704400.0 28.0 138 186 391 0 NA NA NA NA NA 232 263 526 0 NA NA NA NA NA 717 156 642 153 NA NA NA NA NA 421 139 662 171 NA NA NA NA NA 
1785704400.0 280.0 132 177 365 0 NA NA NA NA NA 234 261 510 0 NA NA NA NA NA 878 192 1077 214 NA NA NA NA NA 505 204 956 241 NA NA NA NA NA 
1785704400.0 281.0 135 247 455 0 NA NA NA NA NA 203 335 653 0 NA NA NA NA NA 784 204 786 177 NA NA NA NA NA 507 186 720 199 NA NA NA NA NA 
1785704400.0 29.0 143 185 399 0 NA NA NA NA NA 233 266 549 0 NA NA NA NA NA 615 152 746 161 NA NA NA NA NA 354 137 743 193 NA NA NA NA NA 
1785704400.0 29634.0 184 673 785 0 266 NA NA NA NA 279 920 966 0 371 NA NA NA NA 2340 1014 1570 321 476 NA NA NA NA 1099 642 1299 346 494 NA NA NA NA 
1785704400.0 3.0 156 179 317 NA NA NA NA NA NA 226 266 431 NA NA NA NA NA NA 1258 139 612 NA NA NA NA NA NA 663 135 584 NA NA NA NA NA NA 
1785704400.0 30.0 158 184 384 0 NA NA NA NA NA 232 258 520 0 NA NA NA NA NA 421 131 640 153 NA NA NA NA NA 307 171 689 180 NA NA NA NA NA 
1785704400.0 3000.0001 NA 594 NA NA NA NA NA NA NA NA 922 NA NA NA NA NA NA NA NA 1038 NA NA NA NA NA NA NA NA 586 NA NA NA NA NA NA NA 
1785704400.0 3000.0002 NA 669 NA NA NA NA NA NA NA NA 936 NA NA NA NA NA NA NA NA 1148 NA NA NA NA NA NA NA NA 643 NA NA NA NA NA NA NA 
1785704400.0 3000.0003 NA 569 NA NA NA NA NA NA NA NA 771 NA NA NA NA NA NA NA NA 875 NA NA NA NA NA NA NA NA 474 NA NA NA NA NA NA NA 
1785704400.0 3000.0004 NA 620 NA NA NA NA NA NA NA NA 822 NA NA NA NA NA NA NA NA 1028 NA NA NA NA NA NA NA NA 546 NA NA NA NA NA NA NA 
1785704400.0 3000.0005 NA 718 NA NA NA NA NA NA NA NA 941 NA NA NA NA NA NA NA NA 1196 NA NA NA NA NA NA NA NA 663 NA NA NA NA NA NA NA 
1785704400.0 30034.0 220 682 763 0 272 NA NA NA NA 280 921 1008 0 380 NA NA NA NA 2305 1223 1541 334 513 NA NA NA NA 1020 665 1227 378 556 NA NA NA NA 
1785704400.0 30434.0 215 654 788 0 265 NA NA NA NA 273 889 1025 0 364 NA NA NA NA 2284 1102 1621 369 477 NA NA NA NA 991 600 1203 415 504 NA NA NA NA 
1785704400.0 30834.0 214 657 784 0 276 NA NA NA NA 273 897 948 0 369 NA NA NA NA 2390 1041 1498 326 439 NA NA NA NA 1029 654 1175 405 461 NA NA NA NA 
1785704400.0 31.0 157 184 380 0 NA NA NA NA NA 232 265 519 0 NA NA NA NA NA 535 151 631 150 NA NA NA NA NA 316 132 666 167 NA NA NA NA NA 
1785704400.0 31234.0 220 672 770 0 276 NA NA NA NA 272 919 948 0 371 NA NA NA NA 2377 1054 1506 336 503 NA NA NA NA 1030 624 1166 393 537 NA NA NA NA 
1785704400.0 32.0 118 187 381 0 NA NA NA NA NA 232 263 510 0 NA NA NA NA NA 694 157 632 156 NA NA NA NA NA 399 154 637 175 NA NA NA NA NA 
1785704400.0 32034.0 215 689 786 0 280 NA NA NA NA 269 917 1028 0 374 NA NA NA NA 2771 1131 1560 330 466 NA NA NA NA 1162 670 1244 391 462 NA NA NA NA 
1785704400.0 33.0 163 186 375 0 NA NA NA NA NA 239 260 523 0 NA NA NA NA NA 637 153 610 149 NA NA NA NA NA 334 130 624 170 NA NA NA NA NA 
1785704400.0 34.0 142 185 379 0 NA NA NA NA NA 231 259 513 0 NA NA NA NA NA 734 159 671 154 NA NA NA NA NA 431 153 709 173 NA NA NA NA NA 
1785704400.0 34034.0 237 674 760 0 280 NA NA NA NA 300 902 983 0 375 NA NA NA NA 2121 902 1311 294 410 NA NA NA NA 1381 488 1031 311 395 NA NA NA NA 
1785704400.0 34434.0 NA 697 753 0 276 NA NA NA NA NA 1017 973 0 375 NA NA NA NA NA 870 1483 293 416 NA NA NA NA NA 475 1032 321 403 NA NA NA NA 
1785704400.0 34434.21 NA 634 333 282 NA NA NA NA NA NA 879 476 377 NA NA NA NA NA NA 1043 499 367 NA NA NA NA NA NA 571 452 340 NA NA NA NA NA 
1785704400.0 34434.402 NA 685 378 0 NA NA NA NA NA NA 1004 562 0 NA NA NA NA NA NA 988 487 99 NA NA NA NA NA NA 552 453 124 NA NA NA NA NA 
1785704400.0 34434.5 NA 685 274 0 NA NA NA NA NA NA 927 417 0 NA NA NA NA NA NA 1015 403 86 NA NA NA NA NA NA 580 390 148 NA NA NA NA NA 
1785704400.0 34434.702 NA 688 774 0 277 NA NA NA NA NA 1027 971 0 383 NA NA NA NA NA 933 1480 283 419 NA NA NA NA NA 589 1324 306 404 NA NA NA NA 
1785704400.0 34434.711 NA 697 364 0 NA NA NA NA NA NA 938 473 0 NA NA NA NA NA NA 945 544 123 NA NA NA NA NA NA 550 493 153 NA NA NA NA NA 
1785704400.0 34434.75 NA 710 0 NA NA NA NA NA NA NA 943 0 NA NA NA NA NA NA NA 1158 99 NA NA NA NA NA NA NA 675 116 NA NA NA NA NA NA 
1785704400.0 34434.7501 NA 601 0 NA NA NA NA NA NA NA 822 0 NA NA NA NA NA NA NA 1049 76 NA NA NA NA NA NA NA 584 108 NA NA NA NA NA NA 
1785704400.0 34434.7502 NA 608 NA NA NA NA NA NA NA NA 880 NA NA NA NA NA NA NA NA 985 NA NA NA NA NA NA NA NA 534 NA NA NA NA NA NA NA 
1785704400.0 34434.7503 NA 742 0 NA NA NA NA NA NA NA 1071 0 NA NA NA NA NA NA NA 1245 105 NA NA NA NA NA NA NA 657 131 NA NA NA NA NA NA 
1785704400.0 34434.751 NA 715 0 NA NA NA NA NA NA NA 1044 0 NA NA NA NA NA NA NA 1167 102 NA NA NA NA NA NA NA 626 126 NA NA NA NA NA NA 
1785704400.0 34434.7521 NA 718 0 NA NA NA NA NA NA NA 969 0 NA NA NA NA NA NA NA 1218 96 NA NA NA NA NA NA NA 668 121 NA NA NA NA NA NA 
1785704400.0 34434.7522 NA 721 0 NA NA NA NA NA NA NA 963 0 NA NA NA NA NA NA NA 1178 101 NA NA NA NA NA NA NA 637 133 NA NA NA NA NA NA 
1785704400.0 34434.753 NA 705 0 NA NA NA NA NA NA NA 967 0 NA NA NA NA NA NA NA 1164 101 NA NA NA NA NA NA NA 625 121 NA NA NA NA NA NA 
1785704400.0 34434.754 NA 699 0 NA NA NA NA NA NA NA 955 0 NA NA NA NA NA NA NA 1327 109 NA NA NA NA NA NA NA 836 192 NA NA NA NA NA NA 
1785704400.0 34434.755 NA 723 0 NA NA NA NA NA NA NA 962 0 NA NA NA NA NA NA NA 1132 95 NA NA NA NA NA NA NA 650 115 NA NA NA NA NA NA 
1785704400.0 34434.756 NA 709 0 NA NA NA NA NA NA NA 967 0 NA NA NA NA NA NA NA 1356 112 NA NA NA NA NA NA NA 892 171 NA NA NA NA NA NA 
1785704400.0 34434.757 NA 728 0 NA NA NA NA NA NA NA 946 0 NA NA NA NA NA NA NA 1114 99 NA NA NA NA NA NA NA 620 123 NA NA NA NA NA NA 
1785704400.0 34434.758 NA 718 0 NA NA NA NA NA NA NA 973 0 NA NA NA NA NA NA NA 1132 105 NA NA NA NA NA NA NA 599 134 NA NA NA NA NA NA 
1785704400.0 34434.759 NA 605 NA NA NA NA NA NA NA NA 933 NA NA NA NA NA NA NA NA 967 NA NA NA NA NA NA NA NA 521 NA NA NA NA NA NA NA 
1785704400.0 34434.7591 NA 664 NA NA NA NA NA NA NA NA 907 NA NA NA NA NA NA NA NA 1146 NA NA NA NA NA NA NA NA 634 NA NA NA NA NA NA NA 
1785704400.0 34434.77 NA 686 0 NA NA NA NA NA NA NA 931 0 NA NA NA NA NA NA NA 1151 98 NA NA NA NA NA NA NA 675 127 NA NA NA NA NA NA 
1785704400.0 34434.771 NA 700 0 NA NA NA NA NA NA NA 965 0 NA NA NA NA NA NA NA 1165 98 NA NA NA NA NA NA NA 629 122 NA NA NA NA NA NA 
1785704400.0 34434.772 NA 568 NA NA NA NA NA NA NA NA 737 NA NA NA NA NA NA NA NA 910 NA NA NA NA NA NA NA NA 490 NA NA NA NA NA NA NA 
1785704400.0 34434.773 NA 614 NA NA NA NA NA NA NA NA 808 NA NA NA NA NA NA NA NA 1015 NA NA NA NA NA NA NA NA 580 NA NA NA NA NA NA NA 
1785704400.0 34434.774 NA 709 NA NA NA NA NA NA NA NA 938 NA NA NA NA NA NA NA NA 1245 NA NA NA NA NA NA NA NA 718 NA NA NA NA NA NA NA 
1785704400.0 34434.775 NA 707 0 NA NA NA NA NA NA NA 916 0 NA NA NA NA NA NA NA 1175 97 NA NA NA NA NA NA NA 646 121 NA NA NA NA NA NA 
1785704400.0 34434.9 NA 662 764 0 265 NA NA NA NA NA 916 985 0 386 NA NA NA NA NA 1198 1954 480 478 NA NA NA NA NA 900 1406 578 507 NA NA NA NA 
1785704400.0 34434.911 185 659 765 0 277 NA NA NA NA 273 934 1028 0 377 NA NA NA NA 4850 2907 3457 876 487 NA NA NA NA 2779 2137 2554 1055 512 NA NA NA NA 
1785704400.0 34461.0 NA 603 638 0 250 NA NA NA NA NA 855 847 0 373 NA NA NA NA NA 1042 1534 370 442 NA NA NA NA NA 903 1337 401 496 NA NA NA NA 
1785704400.0 34496.0 NA 613 599 0 250 NA NA NA NA NA 887 824 0 355 NA NA NA NA NA 1074 1481 372 445 NA NA NA NA NA 815 1425 408 527 NA NA NA NA 
1785704400.0 34500.0 NA 615 621 0 250 NA NA NA NA NA 867 862 0 366 NA NA NA NA NA 1033 1435 318 450 NA NA NA NA NA 839 1220 342 522 NA NA NA NA 
1785704400.0 34551.85 NA 737 1061 0 273 NA NA NA NA NA 1219 1514 0 377 NA NA NA NA NA 1572 127191 351 434 NA NA NA NA NA 2460 51503 397 451 NA NA NA NA 
1785704400.0 34634.0 NA 1620 2366 0 NA NA NA NA NA NA 2266 3708 0 NA NA NA NA NA NA 6954 10890 402 NA NA NA NA NA NA 2839 3711 425 NA NA NA NA NA 
1785704400.0 34834.0 230 670 775 0 279 NA NA NA NA 285 937 1003 0 384 NA NA NA NA 1877 852 1291 265 375 NA NA NA NA 970 500 1055 287 445 NA NA NA NA 
1785704400.0 35.0 153 184 376 0 NA NA NA NA NA 231 265 529 0 NA NA NA NA NA 568 157 648 153 NA NA NA NA NA 326 142 665 168 NA NA NA NA NA 
1785704400.0 35234.0 233 668 797 0 271 NA NA NA NA 292 918 973 0 369 NA NA NA NA 1858 880 1263 266 365 NA NA NA NA 932 648 1055 291 385 NA NA NA NA 
1785704400.0 35634.0 220 657 802 0 272 NA NA NA NA 276 916 1028 0 377 NA NA NA NA 2356 1063 1551 348 514 NA NA NA NA 1046 594 1288 404 501 NA NA NA NA 
1785704400.0 36.0 138 178 382 0 NA NA NA NA NA 238 267 514 0 NA NA NA NA NA 2145 217 979 210 NA NA NA NA NA 880 187 907 230 NA NA NA NA NA 
1785704400.0 36034.0 215 646 763 0 277 NA NA NA NA 274 921 968 0 378 NA NA NA NA 1999 922 1250 292 403 NA NA NA NA 1088 608 968 318 391 NA NA NA NA 
1785704400.0 36434.0 83 418 0 NA NA NA NA NA NA 111 547 0 NA NA NA NA NA NA 65 631 138 NA NA NA NA NA NA 90 341 175 NA NA NA NA NA NA 
1785704400.0 36834.0 80 415 0 NA NA NA NA NA NA 111 547 0 NA NA NA NA NA NA 70 616 132 NA NA NA NA NA NA 107 334 166 NA NA NA NA NA NA 
1785704400.0 37.0 153 189 395 0 NA NA NA NA NA 222 266 514 0 NA NA NA NA NA 1082 164 757 157 NA NA NA NA NA 454 141 701 177 NA NA NA NA NA 
1785704400.0 37234.0 231 668 770 0 275 NA NA NA NA 296 888 967 0 370 NA NA NA NA 1856 833 1310 252 372 NA NA NA NA 838 466 1071 270 422 NA NA NA NA 
1785704400.0 38.0 160 184 392 0 NA NA NA NA NA 236 263 519 0 NA NA NA NA NA 758 164 680 162 NA NA NA NA NA 363 158 667 188 NA NA NA NA NA 
1785704400.0 39.0 163 188 394 0 NA NA NA NA NA 234 261 533 0 NA NA NA NA NA 1165 164 765 160 NA NA NA NA NA 521 154 713 197 NA NA NA NA NA 
1785704400.0 4.17 NA 102 382 0 170 NA NA NA NA NA 171 511 0 279 NA NA NA NA NA 93 1630 146 388 NA NA NA NA NA 89 1154 186 440 NA NA NA NA 
1785704400.0 4.22 NA 209 128 123 0 NA NA NA NA NA 331 189 206 0 NA NA NA NA NA 460 218 123 91 NA NA NA NA NA 379 348 188 159 NA NA NA NA 
1785704400.0 4.29 NA 103 389 0 174 NA NA NA NA NA 171 508 0 285 NA NA NA NA NA 110 1588 143 360 NA NA NA NA NA 103 1118 175 398 NA NA NA NA 
1785704400.0 4.4 NA 111 471 0 NA NA NA NA NA NA 185 684 0 NA NA NA NA NA NA 71 1528 120 NA NA NA NA NA NA 91 1074 135 NA NA NA NA NA 
1785704400.0 4.41 NA 109 473 0 NA NA NA NA NA NA 178 695 0 NA NA NA NA NA NA 73 1892 119 NA NA NA NA NA NA 109 1047 134 NA NA NA NA NA 
1785704400.0 4.42 NA 102 484 0 NA NA NA NA NA NA 180 713 0 NA NA NA NA NA NA 77 2169 119 NA NA NA NA NA NA 135 1089 133 NA NA NA NA NA 
1785704400.0 4.43 NA 110 470 0 NA NA NA NA NA NA 186 690 0 NA NA NA NA NA NA 69 1517 119 NA NA NA NA NA NA 104 1117 136 NA NA NA NA NA 
1785704400.0 4.44 NA 70 474 0 NA NA NA NA NA NA 182 684 0 NA NA NA NA NA NA 77 1718 119 NA NA NA NA NA NA 160 995 134 NA NA NA NA NA 
1785704400.0 4.45 NA 102 480 0 NA NA NA NA NA NA 179 719 0 NA NA NA NA NA NA 80 2438 121 NA NA NA NA NA NA 178 1199 134 NA NA NA NA NA 
1785704400.0 4.51 NA 102 482 0 NA NA NA NA NA NA 184 720 0 NA NA NA NA NA NA 78 1953 116 NA NA NA NA NA NA 183 1109 129 NA NA NA NA NA 
1785704400.0 4.52 NA 67 487 0 NA NA NA NA NA NA 178 702 0 NA NA NA NA NA NA 77 2399 121 NA NA NA NA NA NA 100 1225 138 NA NA NA NA NA 
1785704400.0 4.53 NA 109 482 0 NA NA NA NA NA NA 183 705 0 NA NA NA NA NA NA 78 2326 124 NA NA NA NA NA NA 141 1181 143 NA NA NA NA NA 
1785704400.0 4.54 NA 109 483 0 NA NA NA NA NA NA 180 708 0 NA NA NA NA NA NA 73 2283 128 NA NA NA NA NA NA 111 1169 156 NA NA NA NA NA 
1785704400.0 4.55 NA 103 485 0 NA NA NA NA NA NA 183 710 0 NA NA NA NA NA NA 80 2915 131 NA NA NA NA NA NA 162 1333 154 NA NA NA NA NA 
1785704400.0 4.61 NA 108 486 0 NA NA NA NA NA NA 180 724 0 NA NA NA NA NA NA 75 2186 120 NA NA NA NA NA NA 101 1115 137 NA NA NA NA NA 
1785704400.0 4.62 NA 110 481 0 NA NA NA NA NA NA 184 708 0 NA NA NA NA NA NA 76 2260 122 NA NA NA NA NA NA 106 1159 139 NA NA NA NA NA 
1785704400.0 4.63 NA 108 482 0 NA NA NA NA NA NA 180 711 0 NA NA NA NA NA NA 75 2593 122 NA NA NA NA NA NA 142 1348 142 NA NA NA NA NA 
1785704400.0 4.64 NA 107 483 0 NA NA NA NA NA NA 179 697 0 NA NA NA NA NA NA 74 2424 122 NA NA NA NA NA NA 73 1231 144 NA NA NA NA NA 
1785704400.0 4.65 NA 101 487 0 NA NA NA NA NA NA 182 740 0 NA NA NA NA NA NA 101 4067 177 NA NA NA NA NA NA 146 1902 205 NA NA NA NA NA 
1785704400.0 4.71 NA 110 475 0 NA NA NA NA NA NA 178 725 0 NA NA NA NA NA NA 74 1812 120 NA NA NA NA NA NA 109 1097 137 NA NA NA NA NA 
1785704400.0 4.72 NA 108 483 0 NA NA NA NA NA NA 185 703 0 NA NA NA NA NA NA 77 2031 118 NA NA NA NA NA NA 139 1055 135 NA NA NA NA NA 
1785704400.0 4.73 NA 103 489 0 NA NA NA NA NA NA 182 696 0 NA NA NA NA NA NA 80 2417 125 NA NA NA NA NA NA 156 1188 142 NA NA NA NA NA 
1785704400.0 4.74 NA 106 481 0 NA NA NA NA NA NA 181 715 0 NA NA NA NA NA NA 77 2080 122 NA NA NA NA NA NA 164 1147 141 NA NA NA NA NA 
1785704400.0 4.75 NA 109 488 0 NA NA NA NA NA NA 178 717 0 NA NA NA NA NA NA 75 2620 132 NA NA NA NA NA NA 117 1296 157 NA NA NA NA NA 
1785704400.0 4000.0 167 189 399 NA NA NA NA NA NA 240 260 523 NA NA NA NA NA NA 856 159 709 NA NA NA NA NA NA 412 129 712 NA NA NA NA NA NA 
1785704400.0 4002.0 160 184 384 NA NA NA NA NA NA 230 256 544 NA NA NA NA NA NA 574 149 632 NA NA NA NA NA NA 333 132 707 NA NA NA NA NA NA 
1785704400.0 4003.0 157 177 387 NA NA NA NA NA NA 228 252 513 NA NA NA NA NA NA 506 160 814 NA NA NA NA NA NA 464 230 1091 NA NA NA NA NA NA 
1785704400.0 43.0 160 185 384 0 NA NA NA NA NA 233 258 511 0 NA NA NA NA NA 586 153 668 159 NA NA NA NA NA 320 130 629 194 NA NA NA NA NA 
1785704400.0 44.0 138 177 378 0 NA NA NA NA NA 241 257 513 0 NA NA NA NA NA 2014 222 956 204 NA NA NA NA NA 803 202 902 225 NA NA NA NA NA 
1785704400.0 45.0 162 186 389 0 NA NA NA NA NA 235 263 521 0 NA NA NA NA NA 742 157 692 158 NA NA NA NA NA 372 146 709 183 NA NA NA NA NA 
1785704400.0 5.1 374 0 NA NA NA NA NA NA NA 528 0 NA NA NA NA NA NA NA 467 111 NA NA NA NA NA NA NA 514 158 NA NA NA NA NA NA NA 
1785704400.0 5.2 309 0 NA NA NA NA NA NA NA 415 0 NA NA NA NA NA NA NA 393 100 NA NA NA NA NA NA NA 545 165 NA NA NA NA NA NA NA 
1785704400.0 5.3 311 0 NA NA NA NA NA NA NA 415 0 NA NA NA NA NA NA NA 388 110 NA NA NA NA NA NA NA 520 186 NA NA NA NA NA NA NA 
1785704400.0 5.4 362 0 NA NA NA NA NA NA NA 501 0 NA NA NA NA NA NA NA 441 119 NA NA NA NA NA NA NA 484 179 NA NA NA NA NA NA NA 
1785704400.0 5.5 349 0 NA NA NA NA NA NA NA 490 0 NA NA NA NA NA NA NA 408 110 NA NA NA NA NA NA NA 498 169 NA NA NA NA NA NA NA 
1785704400.0 5.6 361 0 NA NA NA NA NA NA NA 521 0 NA NA NA NA NA NA NA 464 115 NA NA NA NA NA NA NA 536 176 NA NA NA NA NA NA NA 
1785704400.0 5.7 387 0 NA NA NA NA NA NA NA 510 0 NA NA NA NA NA NA NA 452 107 NA NA NA NA NA NA NA 504 162 NA NA NA NA NA NA NA 
1785704400.0 503.0 88 0 NA NA NA NA NA NA NA 114 0 NA NA NA NA NA NA NA 816 64 NA NA NA NA NA NA NA 484 81 NA NA NA NA NA NA NA 
1785704400.0 504.0 90 0 NA NA NA NA NA NA NA 123 0 NA NA NA NA NA NA NA 99 67 NA NA NA NA NA NA NA 118 118 NA NA NA NA NA NA NA 
1785704400.0 505.0 93 0 NA NA NA NA NA NA NA 124 0 NA NA NA NA NA NA NA 102 61 NA NA NA NA NA NA NA 176 107 NA NA NA NA NA NA NA 
1785704400.0 506.0 91 0 NA NA NA NA NA NA NA 124 0 NA NA NA NA NA NA NA 96 67 NA NA NA NA NA NA NA 141 99 NA NA NA NA NA NA NA 
1785704400.0 507.0 88 0 NA NA NA NA NA NA NA 113 0 NA NA NA NA NA NA NA 531 54 NA NA NA NA NA NA NA 324 76 NA NA NA NA NA NA NA 
1785704400.0 508.0 89 0 NA NA NA NA NA NA NA 115 0 NA NA NA NA NA NA NA 102 74 NA NA NA NA NA NA NA 126 140 NA NA NA NA NA NA NA 
1785704400.0 509.0 86 0 NA NA NA NA NA NA NA 111 0 NA NA NA NA NA NA NA 92 63 NA NA NA NA NA NA NA 121 102 NA NA NA NA NA NA NA 
1785704400.0 510.0 87 0 NA NA NA NA NA NA NA 118 0 NA NA NA NA NA NA NA 786 63 NA NA NA NA NA NA NA 450 81 NA NA NA NA NA NA NA 
1785704400.0 511.0 74 0 NA NA NA NA NA NA NA 121 0 NA NA NA NA NA NA NA 3230 63 NA NA NA NA NA NA NA 5949 113 NA NA NA NA NA NA NA 
1785704400.0 512.0 67 91 0 NA NA NA NA NA NA 102 124 0 NA NA NA NA NA NA 4316 114 67 NA NA NA NA NA NA 4081 121 122 NA NA NA NA NA NA 
1785704400.0 513.0 66 95 0 NA NA NA NA NA NA 102 126 0 NA NA NA NA NA NA 1026 124 63 NA NA NA NA NA NA 514 119 103 NA NA NA NA NA NA 
1785704400.0 514.0 66 95 0 NA NA NA NA NA NA 102 127 0 NA NA NA NA NA NA 538 84 51 NA NA NA NA NA NA 213 82 66 NA NA NA NA NA NA 
1785704400.0 515.0 66 94 0 NA NA NA NA NA NA 102 127 0 NA NA NA NA NA NA 4936 104 62 NA NA NA NA NA NA 7612 149 96 NA NA NA NA NA NA 
1785704400.0 516.0 28 92 0 NA NA NA NA NA NA 102 122 0 NA NA NA NA NA NA 4314 100 71 NA NA NA NA NA NA 4698 140 113 NA NA NA NA NA NA 
1785704400.0 517.0 65 95 0 NA NA NA NA NA NA 100 126 0 NA NA NA NA NA NA 539 92 57 NA NA NA NA NA NA 196 99 71 NA NA NA NA NA NA 
1785704400.0 518.0 63 90 0 NA NA NA NA NA NA 101 124 0 NA NA NA NA NA NA 4102 111 65 NA NA NA NA NA NA 2660 116 81 NA NA NA NA NA NA 
1785704400.0 519.0 65 94 0 NA NA NA NA NA NA 103 124 0 NA NA NA NA NA NA 3487 82 53 NA NA NA NA NA NA 2214 115 76 NA NA NA NA NA NA 
1785704400.0 520.0 65 95 0 NA NA NA NA NA NA 100 126 0 NA NA NA NA NA NA 552 95 57 NA NA NA NA NA NA 221 93 85 NA NA NA NA NA NA 
1785704400.0 521.0 26 88 0 NA NA NA NA NA NA 102 117 0 NA NA NA NA NA NA 5041 80 65 NA NA NA NA NA NA 6999 158 134 NA NA NA NA NA NA 
1785704400.0 522.0 67 89 0 NA NA NA NA NA NA 101 119 0 NA NA NA NA NA NA 940 71 56 NA NA NA NA NA NA 302 105 76 NA NA NA NA NA NA 
1785704400.0 523.0 67 91 0 NA NA NA NA NA NA 101 120 0 NA NA NA NA NA NA 1237 87 70 NA NA NA NA NA NA 458 105 105 NA NA NA NA NA NA 
1785704400.0 524.0 65 90 0 NA NA NA NA NA NA 101 122 0 NA NA NA NA NA NA 540 78 57 NA NA NA NA NA NA 205 102 73 NA NA NA NA NA NA 
1785704400.0 525.0 28 89 0 NA NA NA NA NA NA 102 119 0 NA NA NA NA NA NA 4297 85 66 NA NA NA NA NA NA 3865 188 106 NA NA NA NA NA NA 
1785704400.0 526.0 27 87 0 NA NA NA NA NA NA 103 118 0 NA NA NA NA NA NA 4189 91 66 NA NA NA NA NA NA 4797 128 130 NA NA NA NA NA NA 
1785704400.0 527.0 65 90 0 NA NA NA NA NA NA 100 120 0 NA NA NA NA NA NA 576 74 51 NA NA NA NA NA NA 204 98 65 NA NA NA NA NA NA 
1785704400.0 528.0 63 88 0 NA NA NA NA NA NA 102 119 0 NA NA NA NA NA NA 4309 86 62 NA NA NA NA NA NA 4745 229 88 NA NA NA NA NA NA 
1785704400.0 529.0 64 86 0 NA NA NA NA NA NA 103 119 0 NA NA NA NA NA NA 4140 77 72 NA NA NA NA NA NA 4445 124 135 NA NA NA NA NA NA 
1785704400.0 530.0 65 90 0 NA NA NA NA NA NA 100 122 0 NA NA NA NA NA NA 554 70 56 NA NA NA NA NA NA 193 90 73 NA NA NA NA NA NA 
1785704400.0 531.0 112 0 NA NA NA NA NA NA NA 222 0 NA NA NA NA NA NA NA 71 68 NA NA NA NA NA NA NA 102 125 NA NA NA NA NA NA NA 
1785704400.0 534.0 233 0 NA NA NA NA NA NA NA 300 0 NA NA NA NA NA NA NA 882 68 NA NA NA NA NA NA NA 1125 127 NA NA NA NA NA NA NA 
1785704400.0 535.0 100 0 NA NA NA NA NA NA NA 142 0 NA NA NA NA NA NA NA 616 56 NA NA NA NA NA NA NA 315 81 NA NA NA NA NA NA NA 
1785704400.0 536.0 95 0 NA NA NA NA NA NA NA 150 0 NA NA NA NA NA NA NA 137 63 NA NA NA NA NA NA NA 504 95 NA NA NA NA NA NA NA 
1785704400.0 537.0 97 0 NA NA NA NA NA NA NA 142 0 NA NA NA NA NA NA NA 1830 69 NA NA NA NA NA NA NA 711 102 NA NA NA NA NA NA NA 
1785704400.0 538.0 60 0 NA NA NA NA NA NA NA 139 0 NA NA NA NA NA NA NA 4464 63 NA NA NA NA NA NA NA 5117 115 NA NA NA NA NA NA NA 
1785704400.0 539.0 80 0 NA NA NA NA NA NA NA 127 0 NA NA NA NA NA NA NA 13445 65 NA NA NA NA NA NA NA 25012 124 NA NA NA NA NA NA NA 
1785704400.0 541.0 89 0 NA NA NA NA NA NA NA 115 0 NA NA NA NA NA NA NA 92 65 NA NA NA NA NA NA NA 160 106 NA NA NA NA NA NA NA 
1785704400.0 545.0 87 0 NA NA NA NA NA NA NA 115 0 NA NA NA NA NA NA NA 105 62 NA NA NA NA NA NA NA 200 107 NA NA NA NA NA NA NA 
1785704400.0 551.0 67 96 0 NA NA NA NA NA NA 101 124 0 NA NA NA NA NA NA 1227 123 64 NA NA NA NA NA NA 429 100 80 NA NA NA NA NA NA 
1785704400.0 552.0 65 96 0 NA NA NA NA NA NA 100 126 0 NA NA NA NA NA NA 529 89 57 NA NA NA NA NA NA 209 97 82 NA NA NA NA NA NA 
1785704400.0 554.0 65 95 0 NA NA NA NA NA NA 100 128 0 NA NA NA NA NA NA 2571 101 59 NA NA NA NA NA NA 780 97 78 NA NA NA NA NA NA 
1785704400.0 555.0 66 87 0 NA NA NA NA NA NA 101 120 0 NA NA NA NA NA NA 1612 92 65 NA NA NA NA NA NA 551 104 111 NA NA NA NA NA NA 
1785704400.0 556.0 66 96 0 NA NA NA NA NA NA 101 130 0 NA NA NA NA NA NA 497 112 57 NA NA NA NA NA NA 185 106 72 NA NA NA NA NA NA 
1785704400.0 560.0 91 0 NA NA NA NA NA NA NA 122 0 NA NA NA NA NA NA NA 103 71 NA NA NA NA NA NA NA 179 125 NA NA NA NA NA NA NA 
1785704400.0 561.0 90 0 NA NA NA NA NA NA NA 120 0 NA NA NA NA NA NA NA 112 69 NA NA NA NA NA NA NA 148 133 NA NA NA NA NA NA NA 
1785704400.0 562.0 26 90 0 NA NA NA NA NA NA 101 123 0 NA NA NA NA NA NA 553 103 65 NA NA NA NA NA NA 334 146 93 NA NA NA NA NA NA 
1785704400.0 570.0 83 0 NA NA NA NA NA NA NA 109 0 NA NA NA NA NA NA NA 177 64 NA NA NA NA NA NA NA 241 122 NA NA NA NA NA NA NA 
1785704400.0 571.0 81 0 NA NA NA NA NA NA NA 108 0 NA NA NA NA NA NA NA 190 64 NA NA NA NA NA NA NA 185 105 NA NA NA NA NA NA NA 
1785704400.0 572.0 82 0 NA NA NA NA NA NA NA 105 0 NA NA NA NA NA NA NA 144 65 NA NA NA NA NA NA NA 172 92 NA NA NA NA NA NA NA 
1785704400.0 573.0 84 0 NA NA NA NA NA NA NA 108 0 NA NA NA NA NA NA NA 416 66 NA NA NA NA NA NA NA 338 139 NA NA NA NA NA NA NA 
1785704400.0 574.0 83 0 NA NA NA NA NA NA NA 107 0 NA NA NA NA NA NA NA 369 65 NA NA NA NA NA NA NA 289 126 NA NA NA NA NA NA NA 
1785704400.0 575.0 82 0 NA NA NA NA NA NA NA 106 0 NA NA NA NA NA NA NA 740 69 NA NA NA NA NA NA NA 708 89 NA NA NA NA NA NA NA 
1785704400.0 576.0 84 0 NA NA NA NA NA NA NA 107 0 NA NA NA NA NA NA NA 121 72 NA NA NA NA NA NA NA 123 127 NA NA NA NA NA NA NA 
1785704400.0 577.0 82 0 NA NA NA NA NA NA NA 106 0 NA NA NA NA NA NA NA 122 72 NA NA NA NA NA NA NA 146 124 NA NA NA NA NA NA NA 
1785704400.0 6.0 80 175 364 0 NA NA NA NA NA 172 256 500 0 NA NA NA NA NA 275 175 760 199 NA NA NA NA NA 327 263 1015 269 NA NA NA NA NA 
1785704400.0 7.0 114 170 195 117 0 NA NA NA NA 170 242 303 177 0 NA NA NA NA 299 132 257 212 93 NA NA NA NA 425 163 403 312 170 NA NA NA NA 
1785704400.0 7.1 111 161 194 114 0 NA NA NA NA 170 245 313 181 0 NA NA NA NA 537 131 249 235 82 NA NA NA NA 686 200 353 335 136 NA NA NA NA 
1785704400.0 7.2 116 274 325 124 0 NA NA NA NA 169 362 498 193 0 NA NA NA NA 314 161 460 249 113 NA NA NA NA 470 238 676 345 163 NA NA NA NA 
1785704400.0 7.21 117 261 319 122 0 NA NA NA NA 167 355 483 189 0 NA NA NA NA 319 152 404 230 116 NA NA NA NA 458 248 628 331 185 NA NA NA NA 
1785704400.0 7.22 112 208 259 119 0 NA NA NA NA 168 288 413 188 0 NA NA NA NA 332 129 389 233 96 NA NA NA NA 490 212 596 300 177 NA NA NA NA 
1785704400.0 7.23 94 220 307 119 0 NA NA NA NA 172 311 461 194 0 NA NA NA NA 436 106 337 160 96 NA NA NA NA 395 121 392 179 114 NA NA NA NA 
1785704400.0 7.24 94 224 303 115 0 NA NA NA NA 173 316 465 180 0 NA NA NA NA 431 119 328 153 92 NA NA NA NA 391 128 427 186 109 NA NA NA NA 
1785704400.0 7.25 127 342 230 123 0 NA NA NA NA 169 475 397 191 0 NA NA NA NA 445 246 291 157 40 NA NA NA NA 417 229 331 177 63 NA NA NA NA 
1785704400.0 7.3 113 250 309 125 0 NA NA NA NA 166 331 462 188 0 NA NA NA NA 510 125 333 174 87 NA NA NA NA 480 158 418 216 104 NA NA NA NA 
1785704400.0 7.4 118 269 325 76 0 NA NA NA NA 167 360 497 186 0 NA NA NA NA 321 171 434 247 115 NA NA NA NA 468 279 503 419 170 NA NA NA NA 
1785704400.0 7.5 140 350 177 NA NA NA NA NA NA 181 551 339 NA NA NA NA NA NA 704 436 460 NA NA NA NA NA NA 1025 400 529 NA NA NA NA NA NA 
1785704400.0 77.0 150 NA NA NA NA NA NA NA NA 448 NA NA NA NA NA NA NA NA 166 NA NA NA NA NA NA NA NA 198 NA NA NA NA NA NA NA NA 
1785704400.0 8.0 118 171 195 99 0 NA NA NA NA 168 247 300 158 0 NA NA NA NA 246 176 255 182 88 NA NA NA NA 333 207 458 252 146 NA NA NA NA 
1785704400.0 8.1 114 287 327 99 0 NA NA NA NA 167 386 503 160 0 NA NA NA NA 255 198 439 182 117 NA NA NA NA 344 250 675 228 175 NA NA NA NA 
1785704400.0 8.2 125 258 329 101 0 NA NA NA NA 168 352 475 160 0 NA NA NA NA 412 161 328 138 91 NA NA NA NA 383 108 431 152 104 NA NA NA NA 
1785704400.0 9.0 149 189 393 0 NA NA NA NA NA 228 261 526 0 NA NA NA NA NA 767 162 711 161 NA NA NA NA NA 377 169 748 202 NA NA NA NA NA 
