Timestamp WorkflowId PeakValueRss1 PeakValueRss2 PeakValueRss3 PeakValueRss4 PeakValueRss5 PeakValueRss6 PeakValueRss7 PeakValueRss8 PeakValueRss9 PeakValueVsize1 PeakValueVsize2 PeakValueVsize3 PeakValueVsize4 PeakValueVsize5 PeakValueVsize6 PeakValueVsize7 PeakValueVsize8 PeakValueVsize9 TotalJobCPU1 TotalJobCPU2 TotalJobCPU3 TotalJobCPU4 TotalJobCPU5 TotalJobCPU6 TotalJobCPU7 TotalJobCPU8 TotalJobCPU9 TotalJobTime1 TotalJobTime2 TotalJobTime3 TotalJobTime4 TotalJobTime5 TotalJobTime6 TotalJobTime7 TotalJobTime8 TotalJobTime9 
1763330400.0 1.0 145 166 245 NA NA NA NA NA NA 274 241 394 NA NA NA NA NA NA 902 234 538 NA NA NA NA NA NA 906 323 759 NA NA NA NA NA NA 
1763330400.0 10.0 NA 202 381 0 NA NA NA NA NA NA 291 594 0 NA NA NA NA NA NA 739 1626 232 NA NA NA NA NA NA 343 1111 260 NA NA NA NA NA 
1763330400.0 1000.0 NA 372 224 0 114 NA NA NA NA NA 520 341 0 175 NA NA NA NA NA 1132 369 132 124 NA NA NA NA NA 801 440 169 137 NA NA NA NA 
1763330400.0 10001.0 NA 295 475 0 155 177 NA NA NA NA 377 662 0 223 262 NA NA NA NA 564 699 182 161 252 NA NA NA NA 279 720 218 219 303 NA NA NA 
1763330400.0 10002.0 NA 297 479 0 154 177 NA NA NA NA 388 656 0 216 261 NA NA NA NA 562 723 180 161 253 NA NA NA NA 264 766 208 235 297 NA NA NA 
1763330400.0 10003.0 NA 289 483 0 154 178 NA NA NA NA 387 662 0 223 259 NA NA NA NA 579 745 179 160 248 NA NA NA NA 342 827 207 211 286 NA NA NA 
1763330400.0 10004.0 NA 294 474 0 155 177 NA NA NA NA 378 663 0 215 268 NA NA NA NA 571 693 186 163 256 NA NA NA NA 284 753 238 225 320 NA NA NA 
1763330400.0 10005.0 NA 296 477 0 154 177 NA NA NA NA 386 657 0 218 257 NA NA NA NA 566 715 177 155 250 NA NA NA NA 280 717 202 192 300 NA NA NA 
1763330400.0 10006.0 NA 295 437 0 154 175 NA NA NA NA 380 683 0 224 263 NA NA NA NA 566 701 181 156 249 NA NA NA NA 274 768 211 197 300 NA NA NA 
1763330400.0 10007.0 NA 286 474 0 184 176 NA NA NA NA 394 654 0 288 259 NA NA NA NA 573 717 181 160 251 NA NA NA NA 286 797 209 198 291 NA NA NA 
1763330400.0 10008.0 NA 300 480 0 187 176 NA NA NA NA 387 663 0 292 261 NA NA NA NA 589 752 188 160 249 NA NA NA NA 317 1020 225 209 299 NA NA NA 
1763330400.0 10009.0 NA 299 481 0 185 176 NA NA NA NA 389 679 0 289 264 NA NA NA NA 568 722 182 168 249 NA NA NA NA 280 786 209 222 288 NA NA NA 
1763330400.0 1001.0 NA 326 192 0 0 0 0 0 0 NA 459 256 0 0 0 0 0 0 NA 1053 193 45 32 45 87 55 84 NA 947 240 67 45 68 110 74 117 
1763330400.0 1001.2 NA 546 241 0 0 0 0 NA NA NA 782 356 0 0 0 0 NA NA NA 4534 374 52 64 57 66 NA NA NA 1621 281 74 103 73 97 NA NA 
1763330400.0 1001.3 NA 519 210 0 NA NA NA NA NA NA 764 325 0 NA NA NA NA NA NA 4204 215 122 NA NA NA NA NA NA 3072 251 164 NA NA NA NA NA 
1763330400.0 1001.4 NA 533 185 0 0 0 NA NA NA NA 732 286 0 0 0 NA NA NA NA 3876 168 54 56 57 NA NA NA NA 1823 227 70 80 89 NA NA NA 
1763330400.0 1002.0 NA 322 135 NA NA NA NA NA NA NA 539 174 NA NA NA NA NA NA NA 1174 99 NA NA NA NA NA NA NA 872 94 NA NA NA NA NA NA 
1763330400.0 1002.3 NA 513 231 0 NA NA NA NA NA NA 715 353 0 NA NA NA NA NA NA 3021 326 127 NA NA NA NA NA NA 1498 298 181 NA NA NA NA NA 
1763330400.0 1002.4 NA 521 0 NA NA NA NA NA NA NA 758 0 NA NA NA NA NA NA NA 4860 174 NA NA NA NA NA NA NA 3302 195 NA NA NA NA NA NA 
1763330400.0 10023.0 NA 297 473 0 154 174 NA NA NA NA 386 667 0 227 258 NA NA NA NA 565 716 187 155 249 NA NA NA NA 273 779 244 198 296 NA NA NA 
1763330400.0 10024.0 NA 303 499 0 187 179 NA NA NA NA 396 692 0 288 271 NA NA NA NA 578 782 198 167 255 NA NA NA NA 298 733 224 213 295 NA NA NA 
1763330400.0 10024.1 NA 294 288 0 NA NA NA NA NA NA 395 420 0 NA NA NA NA NA NA 625 360 199 NA NA NA NA NA NA 292 436 250 NA NA NA NA NA 
1763330400.0 10024.2 NA 287 487 0 NA NA NA NA NA NA 390 697 0 NA NA NA NA NA NA 580 810 183 NA NA NA NA NA NA 277 838 206 NA NA NA NA NA 
1763330400.0 10024.3 NA 291 268 0 NA NA NA NA NA NA 407 388 0 NA NA NA NA NA NA 610 382 171 NA NA NA NA NA NA 304 535 211 NA NA NA NA NA 
1763330400.0 10024.4 NA 310 486 0 NA NA NA NA NA NA 385 701 0 NA NA NA NA NA NA 575 785 183 NA NA NA NA NA NA 271 789 220 NA NA NA NA NA 
1763330400.0 10025.0 NA 299 486 0 155 177 NA NA NA NA 392 678 0 219 254 NA NA NA NA 570 733 189 156 252 NA NA NA NA 262 783 212 195 298 NA NA NA 
1763330400.0 10026.0 NA 301 507 0 159 179 NA NA NA NA 393 745 0 228 255 NA NA NA NA 583 892 207 164 256 NA NA NA NA 330 760 267 221 323 NA NA NA 
1763330400.0 1003.0 NA 376 0 NA NA NA NA NA NA NA 635 0 NA NA NA NA NA NA NA 1881 158 NA NA NA NA NA NA NA 1364 226 NA NA NA NA NA NA 
1763330400.0 10042.0 NA 302 487 0 187 175 NA NA NA NA 387 700 0 293 259 NA NA NA NA 590 751 193 163 249 NA NA NA NA 292 751 217 206 289 NA NA NA 
1763330400.0 1005.0 NA 203 156 0 0 NA NA NA NA NA 353 260 0 0 NA NA NA NA NA 352 135 56 65 NA NA NA NA NA 630 209 75 100 NA NA NA NA 
1763330400.0 10059.0 NA 303 509 0 158 178 NA NA NA NA 393 721 0 227 262 NA NA NA NA 616 1057 202 158 254 NA NA NA NA 358 902 226 194 300 NA NA NA 
1763330400.0 10071.0 NA 300 497 0 158 180 NA NA NA NA 382 707 0 225 268 NA NA NA NA 577 799 201 161 252 NA NA NA NA 318 976 234 219 291 NA NA NA 
1763330400.0 101.0 162 NA NA NA NA NA NA NA NA 293 NA NA NA NA NA NA NA NA 478 NA NA NA NA NA NA NA NA 409 NA NA NA NA NA NA NA NA 
1763330400.0 1010.0 NA 85 103 0 NA NA NA NA NA NA 155 163 0 NA NA NA NA NA NA 99 96 84 NA NA NA NA NA NA 170 142 100 NA NA NA NA NA 
1763330400.0 102.0 162 NA NA NA NA NA NA NA NA 275 NA NA NA NA NA NA NA NA 465 NA NA NA NA NA NA NA NA 449 NA NA NA NA NA NA NA NA 
1763330400.0 1020.0 NA 90 49 0 87 NA NA NA NA NA 173 158 0 172 NA NA NA NA NA 119 81 44 83 NA NA NA NA NA 198 114 81 154 NA NA NA NA 
1763330400.0 10224.0 NA 484 719 0 177 NA NA NA NA NA 673 1083 0 261 NA NA NA NA NA 1290 1487 208 258 NA NA NA NA NA 648 1169 229 309 NA NA NA NA 
1763330400.0 10224.15 NA 497 757 0 193 NA NA NA NA NA 644 1081 0 279 NA NA NA NA NA 1274 1524 208 300 NA NA NA NA NA 603 1121 228 319 NA NA NA NA 
1763330400.0 10225.0 NA 481 724 0 177 NA NA NA NA NA 651 1049 0 259 NA NA NA NA NA 1388 1452 206 250 NA NA NA NA NA 809 1340 233 273 NA NA NA NA 
1763330400.0 103.0 127 0 0 NA NA NA NA NA NA 208 0 0 NA NA NA NA NA NA 275 56 566 NA NA NA NA NA NA 292 69 691 NA NA NA NA NA NA 
1763330400.0 1030.0 NA 264 96 0 0 NA NA NA NA NA 406 163 0 0 NA NA NA NA NA 2420 83 33 33 NA NA NA NA NA 895 114 55 60 NA NA NA NA 
1763330400.0 1040.0 NA 496 89 0 NA NA NA NA NA NA 701 145 0 NA NA NA NA NA NA 3955 61 53 NA NA NA NA NA NA 1367 80 65 NA NA NA NA NA 
1763330400.0 1040.1 NA 123 84 0 NA NA NA NA NA NA 201 145 0 NA NA NA NA NA NA 196 68 68 NA NA NA NA NA NA 286 100 82 NA NA NA NA NA 
1763330400.0 1041.0 NA 121 90 0 NA NA NA NA NA NA 199 150 0 NA NA NA NA NA NA 165 77 40 NA NA NA NA NA NA 222 99 52 NA NA NA NA NA 
1763330400.0 1042.0 NA 121 86 0 NA NA NA NA NA NA 198 145 0 NA NA NA NA NA NA 313 73 44 NA NA NA NA NA NA 636 106 58 NA NA NA NA NA 
1763330400.0 10424.0 NA 242 473 0 NA NA NA NA NA NA 345 692 0 NA NA NA NA NA NA 199 815 198 NA NA NA NA NA NA 263 1500 235 NA NA NA NA NA 
1763330400.0 1043.0 NA 98 87 0 NA NA NA NA NA NA 172 152 0 NA NA NA NA NA NA 181 76 41 NA NA NA NA NA NA 272 105 56 NA NA NA NA NA 
1763330400.0 1044.0 NA 99 98 0 NA NA NA NA NA NA 176 168 0 NA NA NA NA NA NA 154 107 46 NA NA NA NA NA NA 176 114 58 NA NA NA NA NA 
1763330400.0 1045.0 NA 98 91 0 NA NA NA NA NA NA 175 157 0 NA NA NA NA NA NA 152 94 37 NA NA NA NA NA NA 190 103 49 NA NA NA NA NA 
1763330400.0 105.0 145 169 83 NA NA NA NA NA NA 272 249 142 NA NA NA NA NA NA 958 188 72 NA NA NA NA NA NA 593 191 111 NA NA NA NA NA NA 
1763330400.0 1052.0 NA 203 154 0 NA NA NA NA NA NA 352 257 0 NA NA NA NA NA NA 297 137 38 NA NA NA NA NA NA 460 183 52 NA NA NA NA NA 
1763330400.0 1052.1 NA 140 0 NA NA NA NA NA NA NA 242 0 NA NA NA NA NA NA NA 115 41 NA NA NA NA NA NA NA 136 53 NA NA NA NA NA NA 
1763330400.0 106.0 127 0 0 NA NA NA NA NA NA 207 0 0 NA NA NA NA NA NA 277 55 573 NA NA NA NA NA NA 277 66 626 NA NA NA NA NA NA 
1763330400.0 1060.1 NA 165 NA NA NA NA NA NA NA NA 256 NA NA NA NA NA NA NA NA 359 NA NA NA NA NA NA NA NA 301 NA NA NA NA NA NA NA 
1763330400.0 1060.2 NA 165 NA NA NA NA NA NA NA NA 264 NA NA NA NA NA NA NA NA 289 NA NA NA NA NA NA NA NA 286 NA NA NA NA NA NA NA 
1763330400.0 107.0 162 175 367 NA NA NA NA NA NA 276 254 529 NA NA NA NA NA NA 757 167 686 NA NA NA NA NA NA 398 160 700 NA NA NA NA NA NA 
1763330400.0 108.0 161 183 332 NA NA NA NA NA NA 276 260 546 NA NA NA NA NA NA 926 167 714 NA NA NA NA NA NA 512 159 742 NA NA NA NA NA NA 
1763330400.0 10801.0 NA 288 475 0 155 181 NA NA NA NA 383 664 0 222 272 NA NA NA NA 553 705 184 158 253 NA NA NA NA 286 739 245 206 290 NA NA NA 
1763330400.0 10802.0 NA 249 471 0 155 180 NA NA NA NA 379 666 0 225 269 NA NA NA NA 550 728 182 162 255 NA NA NA NA 275 802 214 220 302 NA NA NA 
1763330400.0 10803.0 NA 287 475 0 156 179 NA NA NA NA 371 662 0 222 265 NA NA NA NA 575 777 182 156 252 NA NA NA NA 292 1075 211 201 328 NA NA NA 
1763330400.0 10804.0 NA 289 474 0 155 180 NA NA NA NA 389 675 0 217 266 NA NA NA NA 553 705 176 163 254 NA NA NA NA 256 810 206 224 298 NA NA NA 
1763330400.0 10804.31 NA 285 473 0 154 179 NA NA NA NA 377 673 0 221 265 NA NA NA NA 572 731 176 155 272 NA NA NA NA 276 969 201 190 360 NA NA NA 
1763330400.0 10805.0 NA 288 473 0 154 177 NA NA NA NA 373 663 0 221 263 NA NA NA NA 551 723 178 163 258 NA NA NA NA 264 762 208 234 304 NA NA NA 
1763330400.0 10805.31 NA 288 465 0 155 179 NA NA NA NA 382 668 0 222 271 NA NA NA NA 591 792 180 155 252 NA NA NA NA 283 1212 215 190 289 NA NA NA 
1763330400.0 10806.0 NA 286 473 0 155 177 NA NA NA NA 368 677 0 221 266 NA NA NA NA 554 690 179 156 259 NA NA NA NA 270 747 208 196 316 NA NA NA 
1763330400.0 10807.0 NA 288 474 0 186 180 NA NA NA NA 379 663 0 288 261 NA NA NA NA 572 723 181 163 259 NA NA NA NA 275 781 207 206 312 NA NA NA 
1763330400.0 10808.0 NA 292 479 0 183 179 NA NA NA NA 386 680 0 289 256 NA NA NA NA 555 728 183 163 258 NA NA NA NA 273 748 210 206 311 NA NA NA 
1763330400.0 10809.0 NA 290 476 0 185 179 NA NA NA NA 378 685 0 290 271 NA NA NA NA 563 738 186 169 255 NA NA NA NA 283 812 217 253 299 NA NA NA 
1763330400.0 10823.0 NA 289 474 0 154 178 NA NA NA NA 379 676 0 226 255 NA NA NA NA 540 724 190 154 255 NA NA NA NA 263 800 242 189 305 NA NA NA 
1763330400.0 10824.0 NA 299 499 0 185 181 NA NA NA NA 390 721 0 292 261 NA NA NA NA 582 789 198 166 262 NA NA NA NA 268 735 227 212 318 NA NA NA 
1763330400.0 10824.1 NA 274 289 0 NA NA NA NA NA NA 389 424 0 NA NA NA NA NA NA 599 364 198 NA NA NA NA NA NA 318 401 235 NA NA NA NA NA 
1763330400.0 10824.6 NA 298 489 0 187 181 NA NA NA NA 396 716 0 304 263 NA NA NA NA 586 812 206 171 261 NA NA NA NA 270 887 268 226 313 NA NA NA 
1763330400.0 10824.8 NA 298 496 0 186 182 NA NA NA NA 392 708 0 297 268 NA NA NA NA 592 811 199 171 260 NA NA NA NA 299 852 227 236 302 NA NA NA 
1763330400.0 10825.0 NA 291 483 0 156 183 NA NA NA NA 387 710 0 220 268 NA NA NA NA 556 736 200 162 254 NA NA NA NA 258 760 254 214 286 NA NA NA 
1763330400.0 10826.0 NA 300 503 0 155 181 NA NA NA NA 388 733 0 226 258 NA NA NA NA 575 864 201 161 257 NA NA NA NA 280 867 240 204 292 NA NA NA 
1763330400.0 10842.0 NA 294 486 0 188 180 NA NA NA NA 383 689 0 292 259 NA NA NA NA 561 755 196 165 258 NA NA NA NA 269 849 223 208 304 NA NA NA 
1763330400.0 10859.0 NA 307 509 0 158 182 NA NA NA NA 383 752 0 228 259 NA NA NA NA 583 1081 202 164 257 NA NA NA NA 274 840 227 213 293 NA NA NA 
1763330400.0 10871.0 NA 298 497 0 158 182 NA NA NA NA 389 701 0 228 267 NA NA NA NA 572 824 202 165 259 NA NA NA NA 271 786 231 239 319 NA NA NA 
1763330400.0 109.0 169 183 360 NA NA NA NA NA NA 275 253 524 NA NA NA NA NA NA 991 186 757 NA NA NA NA NA NA 541 210 926 NA NA NA NA NA NA 
1763330400.0 11.0 NA 185 356 0 124 NA NA NA NA NA 282 496 0 189 NA NA NA NA NA 648 846 208 187 NA NA NA NA NA 328 800 232 339 NA NA NA NA 
1763330400.0 110.0 135 170 338 NA NA NA NA NA NA 219 250 495 NA NA NA NA NA NA 293 159 676 NA NA NA NA NA NA 308 158 848 NA NA NA NA NA NA 
1763330400.0 1102.0 NA 216 410 272 223 NA NA NA NA NA 301 603 367 276 NA NA NA NA NA 753 1691 920 135 NA NA NA NA NA 313 982 433 113 NA NA NA NA 
1763330400.0 11024.0 NA 554 801 0 180 NA NA NA NA NA 731 1173 0 257 NA NA NA NA NA 1743 1825 207 261 NA NA NA NA NA 805 1185 228 327 NA NA NA NA 
1763330400.0 11024.15 NA 520 798 0 197 NA NA NA NA NA 727 1151 0 281 NA NA NA NA NA 1761 1802 214 315 NA NA NA NA NA 827 1280 264 372 NA NA NA NA 
1763330400.0 11024.2 NA 532 835 0 176 NA NA NA NA NA 770 1193 0 255 NA NA NA NA NA 1767 1894 218 202 NA NA NA NA NA 820 1237 244 247 NA NA NA NA 
1763330400.0 11024.6 NA 525 792 0 169 NA NA NA NA NA 730 1120 0 263 NA NA NA NA NA 2220 2286 252 355 NA NA NA NA NA 922 1405 285 420 NA NA NA NA 
1763330400.0 11025.0 NA 534 781 0 170 NA NA NA NA NA 733 1209 0 270 NA NA NA NA NA 1761 1794 206 259 NA NA NA NA NA 825 1105 236 303 NA NA NA NA 
1763330400.0 111.0 160 179 344 NA NA NA NA NA NA 274 246 525 NA NA NA NA NA NA 525 138 664 NA NA NA NA NA NA 320 189 758 NA NA NA NA NA NA 
1763330400.0 112.0 162 178 297 NA NA NA NA NA NA 271 243 479 NA NA NA NA NA NA 670 163 676 NA NA NA NA NA NA 393 146 795 NA NA NA NA NA NA 
1763330400.0 11224.0 NA 251 481 0 NA NA NA NA NA NA 345 706 0 NA NA NA NA NA NA 193 813 193 NA NA NA NA NA NA 188 983 229 NA NA NA NA NA 
1763330400.0 11224.6 NA 260 494 0 NA NA NA NA NA NA 349 715 0 NA NA NA NA NA NA 207 862 209 NA NA NA NA NA NA 244 918 252 NA NA NA NA NA 
1763330400.0 113.0 173 181 347 NA NA NA NA NA NA 276 252 502 NA NA NA NA NA NA 685 161 697 NA NA NA NA NA NA 380 150 850 NA NA NA NA NA NA 
1763330400.0 114.0 171 184 355 NA NA NA NA NA NA 274 254 508 NA NA NA NA NA NA 739 166 690 NA NA NA NA NA NA 379 155 1014 NA NA NA NA NA NA 
1763330400.0 115.0 167 184 366 NA NA NA NA NA NA 276 256 529 NA NA NA NA NA NA 836 164 706 NA NA NA NA NA NA 460 160 759 NA NA NA NA NA NA 
1763330400.0 116.0 151 174 353 NA NA NA NA NA NA 275 257 525 NA NA NA NA NA NA 1028 186 765 NA NA NA NA NA NA 514 182 860 NA NA NA NA NA NA 
1763330400.0 11601.0 NA 297 506 0 158 NA NA NA NA NA 396 714 0 218 NA NA NA NA NA 533 776 177 138 NA NA NA NA NA 244 786 199 152 NA NA NA NA 
1763330400.0 11602.0 NA 295 487 0 154 NA NA NA NA NA 395 733 0 221 NA NA NA NA NA 544 771 179 140 NA NA NA NA NA 327 799 211 159 NA NA NA NA 
1763330400.0 11603.0 NA 301 496 0 155 NA NA NA NA NA 405 727 0 218 NA NA NA NA NA 543 775 182 141 NA NA NA NA NA 243 742 210 183 NA NA NA NA 
1763330400.0 11604.0 NA 302 507 0 157 NA NA NA NA NA 390 721 0 230 NA NA NA NA NA 522 754 175 132 NA NA NA NA NA 240 789 201 146 NA NA NA NA 
1763330400.0 11605.0 NA 305 485 0 157 NA NA NA NA NA 397 726 0 220 NA NA NA NA NA 521 773 177 134 NA NA NA NA NA 263 791 213 150 NA NA NA NA 
1763330400.0 11606.0 NA 302 502 0 151 NA NA NA NA NA 398 725 0 226 NA NA NA NA NA 526 766 183 144 NA NA NA NA NA 247 835 226 214 NA NA NA NA 
1763330400.0 11607.0 NA 300 507 0 188 NA NA NA NA NA 398 755 0 302 NA NA NA NA NA 545 779 184 142 NA NA NA NA NA 245 817 222 171 NA NA NA NA 
1763330400.0 11608.0 NA 300 481 0 187 NA NA NA NA NA 393 763 0 295 NA NA NA NA NA 554 829 195 141 NA NA NA NA NA 267 856 228 165 NA NA NA NA 
1763330400.0 11609.0 NA 302 501 0 187 NA NA NA NA NA 397 709 0 301 NA NA NA NA NA 526 782 190 146 NA NA NA NA NA 241 790 229 179 NA NA NA NA 
1763330400.0 11630.0 NA 319 532 0 161 NA NA NA NA NA 421 816 0 230 NA NA NA NA NA 566 1120 205 135 NA NA NA NA NA 256 920 245 178 NA NA NA NA 
1763330400.0 11634.0 NA 313 527 0 190 NA NA NA NA NA 403 775 0 308 NA NA NA NA NA 549 872 205 150 NA NA NA NA NA 235 770 245 214 NA NA NA NA 
1763330400.0 11634.1 NA 302 293 0 NA NA NA NA NA NA 407 427 0 NA NA NA NA NA NA 601 348 200 NA NA NA NA NA NA 257 395 236 NA NA NA NA NA 
1763330400.0 11634.15 NA 308 511 0 191 NA NA NA NA NA 396 772 0 304 NA NA NA NA NA 564 962 206 149 NA NA NA NA NA 251 945 238 197 NA NA NA NA 
1763330400.0 11634.24 NA 229 463 0 149 NA NA NA NA NA 313 658 0 212 NA NA NA NA NA 217 728 181 143 NA NA NA NA NA 253 839 214 180 NA NA NA NA 
1763330400.0 11634.601 NA 306 101 538 0 NA NA NA NA NA 404 160 799 0 NA NA NA NA NA 565 49 858 203 NA NA NA NA NA 235 56 828 252 NA NA NA NA 
1763330400.0 11634.7 NA 316 537 0 NA NA NA NA NA NA 403 798 0 NA NA NA NA NA NA 561 882 201 NA NA NA NA NA NA 328 906 234 NA NA NA NA NA 
1763330400.0 11634.91 NA 314 525 0 191 NA NA NA NA NA 397 805 0 296 NA NA NA NA NA 539 876 199 146 NA NA NA NA NA 228 832 231 191 NA NA NA NA 
1763330400.0 11634.914 149 306 530 0 159 NA NA NA NA 223 388 768 0 230 NA NA NA NA 1034 565 879 199 159 NA NA NA NA 493 273 894 224 196 NA NA NA NA 
1763330400.0 11640.0 NA 296 502 0 157 NA NA NA NA NA 387 711 0 226 NA NA NA NA NA 545 765 191 137 NA NA NA NA NA 236 830 214 159 NA NA NA NA 
1763330400.0 11643.0 NA 306 509 0 161 NA NA NA NA NA 397 798 0 233 NA NA NA NA NA 555 900 200 144 NA NA NA NA NA 250 826 226 192 NA NA NA NA 
1763330400.0 11646.0 NA 303 514 0 156 NA NA NA NA NA 390 752 0 223 NA NA NA NA NA 541 810 194 144 NA NA NA NA NA 233 846 240 188 NA NA NA NA 
1763330400.0 11650.0 NA 310 517 0 193 NA NA NA NA NA 397 730 0 302 NA NA NA NA NA 539 817 195 144 NA NA NA NA NA 234 856 215 182 NA NA NA NA 
1763330400.0 117.0 141 174 347 NA NA NA NA NA NA 277 257 535 NA NA NA NA NA NA 1028 228 936 NA NA NA NA NA NA 509 192 943 NA NA NA NA NA NA 
1763330400.0 11723.17 NA 302 512 0 NA NA NA NA NA NA 415 805 0 NA NA NA NA NA NA 609 1420 272 NA NA NA NA NA NA 271 1274 331 NA NA NA NA NA 
1763330400.0 118.0 165 187 365 NA NA NA NA NA NA 280 261 537 NA NA NA NA NA NA 1070 167 734 NA NA NA NA NA NA 503 145 774 NA NA NA NA NA NA 
1763330400.0 11834.0 NA 639 1062 0 NA NA NA NA NA NA 931 1573 0 NA NA NA NA NA NA 2090 3065 215 NA NA NA NA NA NA 929 1701 252 NA NA NA NA NA 
1763330400.0 11834.13 NA 629 1032 0 NA NA NA NA NA NA 892 1554 0 NA NA NA NA NA NA 3261 3417 239 NA NA NA NA NA NA 1600 1664 343 NA NA NA NA NA 
1763330400.0 11834.19 NA 676 1086 0 NA NA NA NA NA NA 930 1723 0 NA NA NA NA NA NA 2130 2936 213 NA NA NA NA NA NA 939 1564 246 NA NA NA NA NA 
1763330400.0 11834.21 NA 540 372 227 170 NA NA NA NA NA 687 542 340 251 NA NA NA NA NA 1809 949 276 176 NA NA NA NA NA 799 463 285 226 NA NA NA NA 
1763330400.0 11834.24 NA 240 484 0 NA NA NA NA NA NA 325 729 0 NA NA NA NA NA NA 224 737 190 NA NA NA NA NA NA 261 794 219 NA NA NA NA NA 
1763330400.0 11834.99 NA 547 671 701 0 NA NA NA NA NA 839 935 1010 0 NA NA NA NA NA 2034 874 2041 212 NA NA NA NA NA 1183 363 1078 254 NA NA NA NA 
1763330400.0 11846.0 NA 640 1027 0 NA NA NA NA NA NA 909 1493 0 NA NA NA NA NA NA 2086 2388 206 NA NA NA NA NA NA 856 1404 239 NA NA NA NA NA 
1763330400.0 11846.19 NA 656 974 0 NA NA NA NA NA NA 921 1483 0 NA NA NA NA NA NA 2139 2469 209 NA NA NA NA NA NA 1065 1394 247 NA NA NA NA NA 
1763330400.0 119.0 165 182 359 NA NA NA NA NA NA 273 251 516 NA NA NA NA NA NA 624 159 671 NA NA NA NA NA NA 397 139 765 NA NA NA NA NA NA 
1763330400.0 12.0 NA 200 373 0 NA NA NA NA NA NA 296 579 0 NA NA NA NA NA NA 732 1718 251 NA NA NA NA NA NA 362 1130 315 NA NA NA NA NA 
1763330400.0 120.0 126 179 349 NA NA NA NA NA NA 226 249 494 NA NA NA NA NA NA 268 154 659 NA NA NA NA NA NA 262 185 744 NA NA NA NA NA NA 
1763330400.0 12034.0 NA 266 498 0 NA NA NA NA NA NA 362 761 0 NA NA NA NA NA NA 195 853 199 NA NA NA NA NA NA 174 942 227 NA NA NA NA NA 
1763330400.0 121.0 168 178 377 NA NA NA NA NA NA 282 254 564 NA NA NA NA NA NA 1141 182 750 NA NA NA NA NA NA 520 187 785 NA NA NA NA NA NA 
1763330400.0 122.0 120 0 0 NA NA NA NA NA NA 204 0 0 NA NA NA NA NA NA 274 58 555 NA NA NA NA NA NA 288 72 599 NA NA NA NA NA NA 
1763330400.0 123.1 366 NA NA NA NA NA NA NA NA 520 NA NA NA NA NA NA NA NA 505 NA NA NA NA NA NA NA NA 488 NA NA NA NA NA NA NA NA 
1763330400.0 123.2 362 NA NA NA NA NA NA NA NA 546 NA NA NA NA NA NA NA NA 586 NA NA NA NA NA NA NA NA 642 NA NA NA NA NA NA NA NA 
1763330400.0 123.3 314 NA NA NA NA NA NA NA NA 442 NA NA NA NA NA NA NA NA 448 NA NA NA NA NA NA NA NA 491 NA NA NA NA NA NA NA NA 
1763330400.0 124.1 347 NA NA NA NA NA NA NA NA 503 NA NA NA NA NA NA NA NA 442 NA NA NA NA NA NA NA NA 463 NA NA NA NA NA NA NA NA 
1763330400.0 124.2 352 NA NA NA NA NA NA NA NA 513 NA NA NA NA NA NA NA NA 491 NA NA NA NA NA NA NA NA 463 NA NA NA NA NA NA NA NA 
1763330400.0 124.4 348 NA NA NA NA NA NA NA NA 503 NA NA NA NA NA NA NA NA 493 NA NA NA NA NA NA NA NA 524 NA NA NA NA NA NA NA NA 
1763330400.0 124.5 357 NA NA NA NA NA NA NA NA 514 NA NA NA NA NA NA NA NA 436 NA NA NA NA NA NA NA NA 555 NA NA NA NA NA NA NA NA 
1763330400.0 124.6 316 NA NA NA NA NA NA NA NA 436 NA NA NA NA NA NA NA NA 504 NA NA NA NA NA NA NA NA 537 NA NA NA NA NA NA NA NA 
1763330400.0 12434.0 NA 309 529 0 195 NA NA NA NA NA 396 799 0 304 NA NA NA NA NA 721 882 202 142 NA NA NA NA NA 287 874 252 166 NA NA NA NA 
1763330400.0 12434.501 NA 294 163 0 NA NA NA NA NA NA 396 316 0 NA NA NA NA NA NA 750 224 105 NA NA NA NA NA NA 310 285 150 NA NA NA NA NA 
1763330400.0 12434.505 NA 295 161 0 NA NA NA NA NA NA 401 315 0 NA NA NA NA NA NA 745 237 112 NA NA NA NA NA NA 306 353 163 NA NA NA NA NA 
1763330400.0 12434.511 NA 296 129 0 NA NA NA NA NA NA 403 220 0 NA NA NA NA NA NA 739 168 77 NA NA NA NA NA NA 286 207 116 NA NA NA NA NA 
1763330400.0 12434.521 NA 298 123 0 NA NA NA NA NA NA 397 197 0 NA NA NA NA NA NA 735 168 81 NA NA NA NA NA NA 292 209 120 NA NA NA NA NA 
1763330400.0 12434.7 NA 308 513 0 NA NA NA NA NA NA 398 797 0 NA NA NA NA NA NA 709 873 199 NA NA NA NA NA NA 289 820 242 NA NA NA NA NA 
1763330400.0 12446.0 NA 296 521 0 159 NA NA NA NA NA 396 735 0 222 NA NA NA NA NA 711 802 193 136 NA NA NA NA NA 290 764 217 163 NA NA NA NA 
1763330400.0 12450.501 NA 292 159 0 NA NA NA NA NA NA 401 317 0 NA NA NA NA NA NA 764 228 100 NA NA NA NA NA NA 318 345 147 NA NA NA NA NA 
1763330400.0 12450.505 NA 296 164 0 NA NA NA NA NA NA 398 304 0 NA NA NA NA NA NA 741 229 106 NA NA NA NA NA NA 311 344 162 NA NA NA NA NA 
1763330400.0 12461.0 NA 293 502 0 150 NA NA NA NA NA 400 702 0 219 NA NA NA NA NA 711 722 180 140 NA NA NA NA NA 291 790 203 190 NA NA NA NA 
1763330400.0 125.0 173 177 354 NA NA NA NA NA NA 275 255 514 NA NA NA NA NA NA 782 167 675 NA NA NA NA NA NA 420 146 671 NA NA NA NA NA NA 
1763330400.0 126.0 123 178 349 NA NA NA NA NA NA 209 250 494 NA NA NA NA NA NA 472 154 659 NA NA NA NA NA NA 396 147 733 NA NA NA NA NA NA 
1763330400.0 12634.0 NA 649 966 0 NA NA NA NA NA NA 898 1475 0 NA NA NA NA NA NA 2072 2293 216 NA NA NA NA NA NA 857 1560 263 NA NA NA NA NA 
1763330400.0 12634.99 NA 553 649 745 0 NA NA NA NA NA 857 907 1014 0 NA NA NA NA NA 2073 1033 2162 219 NA NA NA NA NA 1340 470 1097 265 NA NA NA NA 
1763330400.0 127.0 132 176 341 NA NA NA NA NA NA 207 249 497 NA NA NA NA NA NA 359 165 710 NA NA NA NA NA NA 293 207 1049 NA NA NA NA NA NA 
1763330400.0 128.0 127 178 332 NA NA NA NA NA NA 206 246 494 NA NA NA NA NA NA 263 155 648 NA NA NA NA NA NA 267 141 732 NA NA NA NA NA NA 
1763330400.0 12834.0 NA 426 608 0 190 NA NA NA NA NA 599 892 0 311 NA NA NA NA NA 882 1982 397 237 NA NA NA NA NA 1091 2737 502 292 NA NA NA NA 
1763330400.0 12834.402 NA 465 181 0 NA NA NA NA NA NA 615 266 0 NA NA NA NA NA NA 581 242 99 NA NA NA NA NA NA 497 305 122 NA NA NA NA NA 
1763330400.0 12834.412 NA 429 164 0 NA NA NA NA NA NA 630 252 0 NA NA NA NA NA NA 827 320 99 NA NA NA NA NA NA 899 418 124 NA NA NA NA NA 
1763330400.0 12834.7 NA 478 627 0 NA NA NA NA NA NA 645 888 0 NA NA NA NA NA NA 583 1301 260 NA NA NA NA NA NA 546 1309 286 NA NA NA NA NA 
1763330400.0 12846.0 NA 433 604 0 168 NA NA NA NA NA 599 854 0 241 NA NA NA NA NA 527 1165 256 158 NA NA NA NA NA 450 1394 392 168 NA NA NA NA 
1763330400.0 12861.0 NA 414 587 0 163 NA NA NA NA NA 566 833 0 228 NA NA NA NA NA 495 1104 240 162 NA NA NA NA NA 404 1296 272 179 NA NA NA NA 
1763330400.0 129.0 128 178 337 NA NA NA NA NA NA 207 254 491 NA NA NA NA NA NA 273 160 672 NA NA NA NA NA NA 313 162 1122 NA NA NA NA NA NA 
1763330400.0 13.0 NA 192 371 0 NA NA NA NA NA NA 271 530 0 NA NA NA NA NA NA 141 902 168 NA NA NA NA NA NA 167 999 192 NA NA NA NA NA 
1763330400.0 130.0 136 179 331 NA NA NA NA NA NA 217 244 511 NA NA NA NA NA NA 279 155 656 NA NA NA NA NA NA 263 209 817 NA NA NA NA NA NA 
1763330400.0 1301.0 141 204 263 NA NA NA NA NA NA 246 292 434 NA NA NA NA NA NA 955 260 586 NA NA NA NA NA NA 792 306 824 NA NA NA NA NA NA 
1763330400.0 1301.17 142 287 337 NA NA NA NA NA NA 214 370 489 NA NA NA NA NA NA 657 570 458 NA NA NA NA NA NA 419 274 553 NA NA NA NA NA NA 
1763330400.0 1302.0 153 212 279 NA NA NA NA NA NA 269 304 494 NA NA NA NA NA NA 1079 203 574 NA NA NA NA NA NA 494 179 557 NA NA NA NA NA NA 
1763330400.0 1302.17 153 296 356 NA NA NA NA NA NA 232 379 519 NA NA NA NA NA NA 1068 595 550 NA NA NA NA NA NA 486 270 594 NA NA NA NA NA NA 
1763330400.0 1302.18 138 253 301 220 174 NA NA NA NA 222 368 421 330 258 NA NA NA NA 1094 627 366 282 188 NA NA NA NA 511 279 370 287 203 NA NA NA NA 
1763330400.0 1302.181 145 289 260 222 175 NA NA NA NA 225 370 442 329 259 NA NA NA NA 1107 599 363 290 200 NA NA NA NA 541 262 352 330 262 NA NA NA NA 
1763330400.0 1303.0 162 223 329 NA NA NA NA NA NA 258 308 490 NA NA NA NA NA NA 1741 164 581 NA NA NA NA NA NA 875 168 516 NA NA NA NA NA NA 
1763330400.0 1303.17 152 296 361 NA NA NA NA NA NA 235 371 530 NA NA NA NA NA NA 1742 569 595 NA NA NA NA NA NA 864 277 513 NA NA NA NA NA NA 
1763330400.0 13034.0 NA 799 1106 0 NA NA NA NA NA NA 1130 1553 0 NA NA NA NA NA NA 2224 2956 280 NA NA NA NA NA NA 1337 2050 321 NA NA NA NA NA 
1763330400.0 13034.99 NA 529 753 771 0 NA NA NA NA NA 859 1245 1119 0 NA NA NA NA NA 2975 1510 3435 376 NA NA NA NA NA 1909 1031 2685 446 NA NA NA NA 
1763330400.0 1304.18 136 272 294 223 174 NA NA NA NA 220 367 425 320 257 NA NA NA NA 862 588 322 263 185 NA NA NA NA 442 275 372 253 202 NA NA NA NA 
1763330400.0 1304.181 142 282 296 224 174 NA NA NA NA 219 369 438 314 254 NA NA NA NA 879 607 319 269 194 NA NA NA NA 446 259 347 284 207 NA NA NA NA 
1763330400.0 1304.182 141 281 295 221 NA NA NA NA NA 221 375 460 321 NA NA NA NA NA 868 586 326 260 NA NA NA NA NA 429 258 385 249 NA NA NA NA NA 
1763330400.0 1306.0 NA 222 385 0 NA NA NA NA NA NA 308 547 0 NA NA NA NA NA NA 163 669 144 NA NA NA NA NA NA 194 770 169 NA NA NA NA NA 
1763330400.0 1307.0 NA 199 239 99 0 NA NA NA NA NA 298 373 162 0 NA NA NA NA NA 253 417 104 108 NA NA NA NA NA 331 587 128 131 NA NA NA NA 
1763330400.0 1308.0 NA 198 234 99 0 NA NA NA NA NA 299 380 162 0 NA NA NA NA NA 236 353 107 109 NA NA NA NA NA 331 766 165 149 NA NA NA NA 
1763330400.0 1309.0 NA 235 408 0 NA NA NA NA NA NA 319 582 0 NA NA NA NA NA NA 176 828 164 NA NA NA NA NA NA 184 1016 193 NA NA NA NA NA 
1763330400.0 131.0 123 177 301 NA NA NA NA NA NA 208 245 508 NA NA NA NA NA NA 396 155 654 NA NA NA NA NA NA 324 146 783 NA NA NA NA NA NA 
1763330400.0 1310.0 NA 236 408 0 NA NA NA NA NA NA 322 579 0 NA NA NA NA NA NA 172 739 159 NA NA NA NA NA NA 159 801 230 NA NA NA NA NA 
1763330400.0 1311.0 NA 211 401 0 124 NA NA NA NA NA 311 565 0 190 NA NA NA NA NA 255 883 222 159 NA NA NA NA NA 387 1323 261 239 NA NA NA NA 
1763330400.0 1312.0 NA 217 406 0 NA NA NA NA NA NA 314 598 0 NA NA NA NA NA NA 193 758 159 NA NA NA NA NA NA 249 823 182 NA NA NA NA NA 
1763330400.0 1313.0 NA 220 406 0 NA NA NA NA NA NA 318 614 0 NA NA NA NA NA NA 158 848 154 NA NA NA NA NA NA 159 832 171 NA NA NA NA NA 
1763330400.0 1314.0 NA 218 393 0 NA NA NA NA NA NA 315 564 0 NA NA NA NA NA NA 277 1170 183 NA NA NA NA NA NA 273 1700 216 NA NA NA NA NA 
1763330400.0 1315.0 NA 217 382 0 NA NA NA NA NA NA 302 550 0 NA NA NA NA NA NA 168 681 144 NA NA NA NA NA NA 182 854 171 NA NA NA NA NA 
1763330400.0 1316.0 NA 216 394 0 NA NA NA NA NA NA 318 544 0 NA NA NA NA NA NA 169 668 145 NA NA NA NA NA NA 199 773 174 NA NA NA NA NA 
1763330400.0 1317.0 NA 224 400 0 170 NA NA NA NA NA 315 561 0 261 NA NA NA NA NA 164 728 141 192 NA NA NA NA NA 183 960 165 227 NA NA NA NA 
1763330400.0 1318.0 NA 218 379 0 171 NA NA NA NA NA 312 551 0 246 NA NA NA NA NA 167 697 148 193 NA NA NA NA NA 198 1388 175 228 NA NA NA NA 
1763330400.0 1319.0 NA 208 376 0 NA NA NA NA NA NA 312 568 0 NA NA NA NA NA NA 267 1069 195 NA NA NA NA NA NA 264 1657 218 NA NA NA NA NA 
1763330400.0 132.0 159 187 357 NA NA NA NA NA NA 273 258 542 NA NA NA NA NA NA 843 169 716 NA NA NA NA NA NA 440 152 733 NA NA NA NA NA NA 
1763330400.0 1320.0 NA 215 397 0 164 NA NA NA NA NA 308 559 0 251 NA NA NA NA NA 172 678 147 196 NA NA NA NA NA 216 882 197 235 NA NA NA NA 
1763330400.0 1321.0 NA 228 401 0 170 NA NA NA NA NA 315 579 0 254 NA NA NA NA NA 170 712 150 193 NA NA NA NA NA 169 851 180 221 NA NA NA NA 
1763330400.0 1322.0 NA 229 407 0 169 NA NA NA NA NA 314 557 0 256 NA NA NA NA NA 171 728 145 192 NA NA NA NA NA 177 773 170 217 NA NA NA NA 
1763330400.0 1323.0 NA 220 382 0 NA NA NA NA NA NA 305 552 0 NA NA NA NA NA NA 164 665 144 NA NA NA NA NA NA 205 885 174 NA NA NA NA NA 
1763330400.0 13234.0 NA 576 0 NA NA NA NA NA NA NA 838 0 NA NA NA NA NA NA NA 2017 143 NA NA NA NA NA NA NA 1018 160 NA NA NA NA NA NA 
1763330400.0 1324.0 NA 236 419 0 NA NA NA NA NA NA 311 598 0 NA NA NA NA NA NA 183 723 165 NA NA NA NA NA NA 241 763 202 NA NA NA NA NA 
1763330400.0 1325.0 NA 233 414 0 133 172 NA NA NA NA 323 602 0 194 255 NA NA NA NA 188 766 164 133 207 NA NA NA NA 214 777 189 183 248 NA NA NA 
1763330400.0 1325.1 NA 220 237 0 NA NA NA NA NA NA 317 384 0 NA NA NA NA NA NA 281 480 176 NA NA NA NA NA NA 378 681 236 NA NA NA NA NA 
1763330400.0 1325.2 NA 232 417 0 NA NA NA NA NA NA 320 590 0 NA NA NA NA NA NA 185 736 164 NA NA NA NA NA NA 197 692 202 NA NA NA NA NA 
1763330400.0 1325.3 NA 219 231 0 NA NA NA NA NA NA 322 376 0 NA NA NA NA NA NA 277 455 180 NA NA NA NA NA NA 344 663 236 NA NA NA NA NA 
1763330400.0 1325.4 NA 232 408 0 NA NA NA NA NA NA 319 615 0 NA NA NA NA NA NA 177 758 153 NA NA NA NA NA NA 169 980 170 NA NA NA NA NA 
1763330400.0 1325.5 NA 240 0 NA NA NA NA NA NA NA 384 0 NA NA NA NA NA NA NA 1127 93 NA NA NA NA NA NA NA 1219 135 NA NA NA NA NA NA 
1763330400.0 1325.51 NA 233 0 NA NA NA NA NA NA NA 375 0 NA NA NA NA NA NA NA 1122 95 NA NA NA NA NA NA NA 1156 121 NA NA NA NA NA NA 
1763330400.0 1325.516 NA 248 0 NA NA NA NA NA NA NA 414 0 NA NA NA NA NA NA NA 1237 96 NA NA NA NA NA NA NA 1351 122 NA NA NA NA NA NA 
1763330400.0 1325.5161 NA 245 0 NA NA NA NA NA NA NA 412 0 NA NA NA NA NA NA NA 1248 91 NA NA NA NA NA NA NA 1322 152 NA NA NA NA NA NA 
1763330400.0 1325.517 NA 242 0 NA NA NA NA NA NA NA 400 0 NA NA NA NA NA NA NA 1218 77 NA NA NA NA NA NA NA 1131 94 NA NA NA NA NA NA 
1763330400.0 1325.518 NA 264 0 NA NA NA NA NA NA NA 438 0 NA NA NA NA NA NA NA 1489 94 NA NA NA NA NA NA NA 1321 141 NA NA NA NA NA NA 
1763330400.0 1325.9 NA 248 413 0 131 NA NA NA NA NA 347 603 0 193 NA NA NA NA NA 214 774 165 136 NA NA NA NA NA 259 1018 219 217 NA NA NA NA 
1763330400.0 1325.91 NA 259 420 0 134 NA NA NA NA NA 355 617 0 189 NA NA NA NA NA 205 780 164 137 NA NA NA NA NA 220 975 193 183 NA NA NA NA 
1763330400.0 1326.0 NA 215 397 0 NA NA NA NA NA NA 310 565 0 NA NA NA NA NA NA 178 708 154 NA NA NA NA NA NA 190 862 176 NA NA NA NA NA 
1763330400.0 1327.0 NA 215 394 0 NA NA NA NA NA NA 322 569 0 NA NA NA NA NA NA 180 708 153 NA NA NA NA NA NA 242 886 178 NA NA NA NA NA 
1763330400.0 1328.0 NA 237 412 0 NA NA NA NA NA NA 317 578 0 NA NA NA NA NA NA 178 730 160 NA NA NA NA NA NA 190 702 200 NA NA NA NA NA 
1763330400.0 1329.0 NA 231 413 0 170 NA NA NA NA NA 312 596 0 252 NA NA NA NA NA 171 682 155 193 NA NA NA NA NA 170 716 180 225 NA NA NA NA 
1763330400.0 133.0 151 177 357 NA NA NA NA NA NA 281 266 555 NA NA NA NA NA NA 1312 194 839 NA NA NA NA NA NA 685 197 828 NA NA NA NA NA NA 
1763330400.0 1330.0 NA 229 452 0 170 NA NA NA NA NA 311 612 0 250 NA NA NA NA NA 192 704 165 201 NA NA NA NA NA 216 741 209 222 NA NA NA NA 
1763330400.0 1331.0 NA 229 409 0 170 NA NA NA NA NA 314 575 0 257 NA NA NA NA NA 183 694 152 193 NA NA NA NA NA 215 764 174 215 NA NA NA NA 
1763330400.0 1332.0 NA 177 409 0 NA NA NA NA NA NA 323 603 0 NA NA NA NA NA NA 189 743 163 NA NA NA NA NA NA 180 884 189 NA NA NA NA NA 
1763330400.0 1333.0 NA 228 394 0 NA NA NA NA NA NA 314 567 0 NA NA NA NA NA NA 168 683 151 NA NA NA NA NA NA 161 799 187 NA NA NA NA NA 
1763330400.0 1334.0 NA 223 413 0 NA NA NA NA NA NA 316 597 0 NA NA NA NA NA NA 181 720 153 NA NA NA NA NA NA 178 870 171 NA NA NA NA NA 
1763330400.0 1335.0 NA 220 398 0 NA NA NA NA NA NA 311 575 0 NA NA NA NA NA NA 174 694 148 NA NA NA NA NA NA 283 739 169 NA NA NA NA NA 
1763330400.0 1336.0 NA 230 414 0 NA NA NA NA NA NA 317 616 0 NA NA NA NA NA NA 191 1075 160 NA NA NA NA NA NA 188 1148 177 NA NA NA NA NA 
1763330400.0 1337.0 NA 246 430 0 NA NA NA NA NA NA 329 654 0 NA NA NA NA NA NA 193 921 166 NA NA NA NA NA NA 167 956 190 NA NA NA NA NA 
1763330400.0 1338.0 NA 233 421 0 172 NA NA NA NA NA 315 591 0 251 NA NA NA NA NA 183 739 159 196 NA NA NA NA NA 174 763 188 231 NA NA NA NA 
1763330400.0 1339.0 NA 238 428 0 NA NA NA NA NA NA 321 610 0 NA NA NA NA NA NA 181 902 160 NA NA NA NA NA NA 164 775 185 NA NA NA NA NA 
1763330400.0 134.0 NA 371 90 0 NA NA NA NA NA NA 561 147 0 NA NA NA NA NA NA 1282 61 34 NA NA NA NA NA NA 884 77 49 NA NA NA NA NA 
1763330400.0 134.701 NA 98 394 0 NA NA NA NA NA NA 175 579 0 NA NA NA NA NA NA 117 1893 154 NA NA NA NA NA NA 202 1088 188 NA NA NA NA NA 
1763330400.0 134.702 NA 105 410 0 NA NA NA NA NA NA 170 617 0 NA NA NA NA NA NA 75 2172 129 NA NA NA NA NA NA 114 1084 150 NA NA NA NA NA 
1763330400.0 134.703 NA 106 429 0 NA NA NA NA NA NA 181 631 0 NA NA NA NA NA NA 77 2154 137 NA NA NA NA NA NA 124 1123 159 NA NA NA NA NA 
1763330400.0 134.704 NA 104 406 0 NA NA NA NA NA NA 170 625 0 NA NA NA NA NA NA 74 2078 137 NA NA NA NA NA NA 108 1066 162 NA NA NA NA NA 
1763330400.0 134.705 NA 107 402 0 NA NA NA NA NA NA 176 623 0 NA NA NA NA NA NA 73 2297 147 NA NA NA NA NA NA 115 1156 184 NA NA NA NA NA 
1763330400.0 134.706 NA 104 384 0 NA NA NA NA NA NA 180 628 0 NA NA NA NA NA NA 76 2325 153 NA NA NA NA NA NA 97 1142 195 NA NA NA NA NA 
1763330400.0 134.707 NA 106 405 0 NA NA NA NA NA NA 178 604 0 NA NA NA NA NA NA 75 2078 129 NA NA NA NA NA NA 96 1121 147 NA NA NA NA NA 
1763330400.0 134.708 NA 105 415 0 NA NA NA NA NA NA 175 606 0 NA NA NA NA NA NA 72 2013 132 NA NA NA NA NA NA 88 1103 147 NA NA NA NA NA 
1763330400.0 134.709 NA 102 586 0 NA NA NA NA NA NA 173 853 0 NA NA NA NA NA NA 72 2126 134 NA NA NA NA NA NA 83 1059 171 NA NA NA NA NA 
1763330400.0 134.71 NA 100 396 0 NA NA NA NA NA NA 172 569 0 NA NA NA NA NA NA 70 1584 142 NA NA NA NA NA NA 110 1126 180 NA NA NA NA NA 
1763330400.0 134.801 NA 105 399 0 NA NA NA NA NA NA 172 583 0 NA NA NA NA NA NA 68 1650 139 NA NA NA NA NA NA 79 1004 175 NA NA NA NA NA 
1763330400.0 134.802 NA 104 423 0 NA NA NA NA NA NA 169 623 0 NA NA NA NA NA NA 79 2505 137 NA NA NA NA NA NA 91 1185 169 NA NA NA NA NA 
1763330400.0 134.803 NA 106 422 0 NA NA NA NA NA NA 168 630 0 NA NA NA NA NA NA 79 2294 133 NA NA NA NA NA NA 90 1111 150 NA NA NA NA NA 
1763330400.0 134.804 NA 100 426 0 NA NA NA NA NA NA 169 650 0 NA NA NA NA NA NA 81 2555 137 NA NA NA NA NA NA 90 1255 159 NA NA NA NA NA 
1763330400.0 134.805 NA 108 422 0 NA NA NA NA NA NA 177 652 0 NA NA NA NA NA NA 75 2504 136 NA NA NA NA NA NA 85 1205 153 NA NA NA NA NA 
1763330400.0 134.806 NA 104 430 0 NA NA NA NA NA NA 169 661 0 NA NA NA NA NA NA 80 2711 144 NA NA NA NA NA NA 93 1258 185 NA NA NA NA NA 
1763330400.0 134.807 NA 209 423 0 NA NA NA NA NA NA 299 674 0 NA NA NA NA NA NA 267 2651 179 NA NA NA NA NA NA 317 1335 219 NA NA NA NA NA 
1763330400.0 134.808 NA 210 463 0 NA NA NA NA NA NA 285 689 0 NA NA NA NA NA NA 219 2633 160 NA NA NA NA NA NA 159 1211 201 NA NA NA NA NA 
1763330400.0 134.809 NA 105 416 0 NA NA NA NA NA NA 169 618 0 NA NA NA NA NA NA 78 2373 136 NA NA NA NA NA NA 96 1120 159 NA NA NA NA NA 
1763330400.0 134.81 NA 105 387 0 NA NA NA NA NA NA 171 631 0 NA NA NA NA NA NA 77 2369 141 NA NA NA NA NA NA 97 1169 179 NA NA NA NA NA 
1763330400.0 134.811 NA 105 428 0 NA NA NA NA NA NA 168 636 0 NA NA NA NA NA NA 79 2484 132 NA NA NA NA NA NA 88 1228 154 NA NA NA NA NA 
1763330400.0 134.812 NA 103 409 0 NA NA NA NA NA NA 169 567 0 NA NA NA NA NA NA 70 1576 134 NA NA NA NA NA NA 76 979 171 NA NA NA NA NA 
1763330400.0 134.813 NA 236 121 0 NA NA NA NA NA NA 391 192 0 NA NA NA NA NA NA 491 108 98 NA NA NA NA NA NA 320 165 148 NA NA NA NA NA 
1763330400.0 134.901 NA 104 398 0 NA NA NA NA NA NA 171 605 0 NA NA NA NA NA NA 71 1703 128 NA NA NA NA NA NA 88 1142 144 NA NA NA NA NA 
1763330400.0 134.902 NA 105 411 0 NA NA NA NA NA NA 176 609 0 NA NA NA NA NA NA 77 2008 140 NA NA NA NA NA NA 109 1037 179 NA NA NA NA NA 
1763330400.0 134.903 NA 102 396 0 NA NA NA NA NA NA 178 610 0 NA NA NA NA NA NA 113 1989 151 NA NA NA NA NA NA 138 1115 200 NA NA NA NA NA 
1763330400.0 134.904 NA 103 417 0 NA NA NA NA NA NA 172 636 0 NA NA NA NA NA NA 78 2239 137 NA NA NA NA NA NA 103 1116 162 NA NA NA NA NA 
1763330400.0 134.905 NA 105 410 0 NA NA NA NA NA NA 173 614 0 NA NA NA NA NA NA 76 1853 136 NA NA NA NA NA NA 87 1011 169 NA NA NA NA NA 
1763330400.0 134.906 NA 105 413 0 NA NA NA NA NA NA 174 628 0 NA NA NA NA NA NA 74 2157 133 NA NA NA NA NA NA 90 1083 150 NA NA NA NA NA 
1763330400.0 134.907 NA 206 454 0 NA NA NA NA NA NA 289 646 0 NA NA NA NA NA NA 203 2047 144 NA NA NA NA NA NA 198 1120 169 NA NA NA NA NA 
1763330400.0 134.908 NA 214 453 0 NA NA NA NA NA NA 310 661 0 NA NA NA NA NA NA 191 2065 140 NA NA NA NA NA NA 161 1094 163 NA NA NA NA NA 
1763330400.0 134.909 NA 106 408 0 NA NA NA NA NA NA 176 600 0 NA NA NA NA NA NA 73 1962 135 NA NA NA NA NA NA 85 1026 170 NA NA NA NA NA 
1763330400.0 134.91 NA 99 389 0 NA NA NA NA NA NA 179 596 0 NA NA NA NA NA NA 120 1975 148 NA NA NA NA NA NA 139 1175 187 NA NA NA NA NA 
1763330400.0 134.911 NA 100 395 0 NA NA NA NA NA NA 175 621 0 NA NA NA NA NA NA 117 2080 148 NA NA NA NA NA NA 192 1129 179 NA NA NA NA NA 
1763330400.0 134.912 NA 103 392 0 NA NA NA NA NA NA 171 555 0 NA NA NA NA NA NA 73 1557 140 NA NA NA NA NA NA 102 1102 168 NA NA NA NA NA 
1763330400.0 134.99601 NA 105 428 0 NA NA NA NA NA NA 165 653 0 NA NA NA NA NA NA 78 2807 142 NA NA NA NA NA NA 85 1268 180 NA NA NA NA NA 
1763330400.0 134.99602 NA 105 406 0 NA NA NA NA NA NA 175 554 0 NA NA NA NA NA NA 76 1728 134 NA NA NA NA NA NA 80 1086 157 NA NA NA NA NA 
1763330400.0 134.99603 NA 108 409 0 NA NA NA NA NA NA 177 629 0 NA NA NA NA NA NA 78 2306 136 NA NA NA NA NA NA 82 1168 166 NA NA NA NA NA 
1763330400.0 134.99901 NA 105 408 0 NA NA NA NA NA NA 177 593 0 NA NA NA NA NA NA 76 1821 139 NA NA NA NA NA NA 96 1024 171 NA NA NA NA NA 
1763330400.0 1340.0 NA 223 405 0 NA NA NA NA NA NA 311 568 0 NA NA NA NA NA NA 175 734 154 NA NA NA NA NA NA 214 931 175 NA NA NA NA NA 
1763330400.0 1341.0 NA 241 416 0 NA NA NA NA NA NA 326 608 0 NA NA NA NA NA NA 188 1023 166 NA NA NA NA NA NA 188 1110 186 NA NA NA NA NA 
1763330400.0 1343.0 NA 219 407 0 NA NA NA NA NA NA 317 610 0 NA NA NA NA NA NA 187 747 168 NA NA NA NA NA NA 197 772 200 NA NA NA NA NA 
1763330400.0 13434.0 NA 802 0 NA NA NA NA NA NA NA 1097 0 NA NA NA NA NA NA NA 2592 128 NA NA NA NA NA NA NA 1232 147 NA NA NA NA NA NA 
1763330400.0 1344.0 NA 223 417 0 NA NA NA NA NA NA 322 580 0 NA NA NA NA NA NA 179 723 153 NA NA NA NA NA NA 174 726 174 NA NA NA NA NA 
1763330400.0 1345.0 NA 229 402 0 NA NA NA NA NA NA 313 614 0 NA NA NA NA NA NA 179 743 155 NA NA NA NA NA NA 194 818 177 NA NA NA NA NA 
1763330400.0 1347.0 NA 179 398 0 NA NA NA NA NA NA 308 576 0 NA NA NA NA NA NA 193 715 158 NA NA NA NA NA NA 185 704 189 NA NA NA NA NA 
1763330400.0 1348.0 NA 225 388 0 NA NA NA NA NA NA 311 551 0 NA NA NA NA NA NA 178 690 150 NA NA NA NA NA NA 198 896 169 NA NA NA NA NA 
1763330400.0 1349.0 NA 221 389 0 NA NA NA NA NA NA 322 569 0 NA NA NA NA NA NA 181 715 159 NA NA NA NA NA NA 191 887 192 NA NA NA NA NA 
1763330400.0 135.1 382 0 192 156 NA NA NA NA NA 555 0 303 249 NA NA NA NA NA 647 159 463 217 NA NA NA NA NA 967 274 470 237 NA NA NA NA NA 
1763330400.0 135.11 391 0 196 160 NA NA NA NA NA 566 0 337 250 NA NA NA NA NA 758 171 521 272 NA NA NA NA NA 850 299 495 295 NA NA NA NA NA 
1763330400.0 135.12 389 0 187 155 NA NA NA NA NA 574 0 304 250 NA NA NA NA NA 660 170 416 253 NA NA NA NA NA 670 320 431 279 NA NA NA NA NA 
1763330400.0 135.13 390 0 NA NA NA NA NA NA NA 578 0 NA NA NA NA NA NA NA 627 153 NA NA NA NA NA NA NA 727 175 NA NA NA NA NA NA NA 
1763330400.0 135.14 387 0 193 155 NA NA NA NA NA 578 0 300 253 NA NA NA NA NA 684 169 435 275 NA NA NA NA NA 677 286 561 300 NA NA NA NA NA 
1763330400.0 135.2 334 0 184 153 NA NA NA NA NA 473 0 278 245 NA NA NA NA NA 572 155 335 251 NA NA NA NA NA 804 228 361 280 NA NA NA NA NA 
1763330400.0 135.3 346 0 200 166 NA NA NA NA NA 487 0 291 250 NA NA NA NA NA 362 92 258 188 NA NA NA NA NA 370 111 275 233 NA NA NA NA NA 
1763330400.0 135.4 374 0 189 156 NA NA NA NA NA 560 0 303 252 NA NA NA NA NA 642 159 420 226 NA NA NA NA NA 816 234 426 255 NA NA NA NA NA 
1763330400.0 135.5 378 0 191 153 NA NA NA NA NA 549 0 282 245 NA NA NA NA NA 625 160 399 250 NA NA NA NA NA 839 231 414 337 NA NA NA NA NA 
1763330400.0 135.6 421 0 207 167 NA NA NA NA NA 580 0 317 252 NA NA NA NA NA 413 107 267 193 NA NA NA NA NA 371 143 267 227 NA NA NA NA NA 
1763330400.0 135.7 379 0 188 155 NA NA NA NA NA 564 0 292 250 NA NA NA NA NA 649 176 341 296 NA NA NA NA NA 786 297 405 322 NA NA NA NA NA 
1763330400.0 135.8 179 NA NA NA NA NA NA NA NA 285 NA NA NA NA NA NA NA NA 418 NA NA NA NA NA NA NA NA 270 NA NA NA NA NA NA NA NA 
1763330400.0 135.9 422 0 198 166 NA NA NA NA NA 545 0 287 248 NA NA NA NA NA 370 102 256 189 NA NA NA NA NA 419 129 315 218 NA NA NA NA NA 
1763330400.0 1350.0 NA 216 407 0 NA NA NA NA NA NA 314 572 0 NA NA NA NA NA NA 182 695 159 NA NA NA NA NA NA 198 978 186 NA NA NA NA NA 
1763330400.0 1351.0 NA 234 409 0 NA NA NA NA NA NA 321 572 0 NA NA NA NA NA NA 180 678 163 NA NA NA NA NA NA 192 714 192 NA NA NA NA NA 
1763330400.0 1352.0 NA 218 402 0 NA NA NA NA NA NA 313 565 0 NA NA NA NA NA NA 175 677 149 NA NA NA NA NA NA 181 763 169 NA NA NA NA NA 
1763330400.0 1353.0 NA 220 399 0 NA NA NA NA NA NA 319 606 0 NA NA NA NA NA NA 180 747 159 NA NA NA NA NA NA 197 940 194 NA NA NA NA NA 
1763330400.0 1354.0 NA 234 404 0 NA NA NA NA NA NA 311 582 0 NA NA NA NA NA NA 176 752 160 NA NA NA NA NA NA 178 808 184 NA NA NA NA NA 
1763330400.0 1355.0 NA 220 394 0 NA NA NA NA NA NA 318 582 0 NA NA NA NA NA NA 281 1204 193 NA NA NA NA NA NA 315 1657 255 NA NA NA NA NA 
1763330400.0 1356.0 169 227 405 0 223 NA NA NA NA 255 304 603 0 315 NA NA NA NA 836 170 798 158 272 NA NA NA NA 475 152 967 184 277 NA NA NA NA 
1763330400.0 136.721 NA 169 444 0 NA NA NA NA NA NA 240 660 0 NA NA NA NA NA NA 179 2337 134 NA NA NA NA NA NA 191 1106 153 NA NA NA NA NA 
1763330400.0 136.722 NA 171 435 0 NA NA NA NA NA NA 236 663 0 NA NA NA NA NA NA 184 2716 103 NA NA NA NA NA NA 189 1296 163 NA NA NA NA NA 
1763330400.0 136.723 NA 173 447 0 NA NA NA NA NA NA 239 662 0 NA NA NA NA NA NA 200 2626 136 NA NA NA NA NA NA 181 1344 158 NA NA NA NA NA 
1763330400.0 136.724 NA 172 450 0 NA NA NA NA NA NA 246 680 0 NA NA NA NA NA NA 179 3051 100 NA NA NA NA NA NA 148 1392 144 NA NA NA NA NA 
1763330400.0 136.72411 NA 245 0 NA NA NA NA NA NA NA 421 0 NA NA NA NA NA NA NA 1138 85 NA NA NA NA NA NA NA 1136 127 NA NA NA NA NA NA 
1763330400.0 136.72412 NA 269 0 NA NA NA NA NA NA NA 449 0 NA NA NA NA NA NA NA 1274 81 NA NA NA NA NA NA NA 1220 120 NA NA NA NA NA NA 
1763330400.0 136.725 NA 172 441 0 NA NA NA NA NA NA 241 658 0 NA NA NA NA NA NA 175 2630 99 NA NA NA NA NA NA 149 1280 133 NA NA NA NA NA 
1763330400.0 136.726 NA 175 403 0 NA NA NA NA NA NA 243 615 0 NA NA NA NA NA NA 191 2765 91 NA NA NA NA NA NA 155 1293 111 NA NA NA NA NA 
1763330400.0 136.727 NA 278 481 0 NA NA NA NA NA NA 377 678 0 NA NA NA NA NA NA 307 2633 139 NA NA NA NA NA NA 253 1245 163 NA NA NA NA NA 
1763330400.0 136.728 NA 269 496 0 NA NA NA NA NA NA 391 720 0 NA NA NA NA NA NA 384 2919 137 NA NA NA NA NA NA 391 1416 165 NA NA NA NA NA 
1763330400.0 136.729 NA 172 455 0 NA NA NA NA NA NA 238 686 0 NA NA NA NA NA NA 192 2701 111 NA NA NA NA NA NA 210 1272 129 NA NA NA NA NA 
1763330400.0 136.73 NA 175 458 0 NA NA NA NA NA NA 248 661 0 NA NA NA NA NA NA 188 2700 111 NA NA NA NA NA NA 176 1278 157 NA NA NA NA NA 
1763330400.0 136.731 NA 172 457 0 NA NA NA NA NA NA 247 682 0 NA NA NA NA NA NA 179 2731 103 NA NA NA NA NA NA 175 1284 139 NA NA NA NA NA 
1763330400.0 136.732 NA 163 467 0 NA NA NA NA NA NA 241 632 0 NA NA NA NA NA NA 176 2171 133 NA NA NA NA NA NA 193 1116 155 NA NA NA NA NA 
1763330400.0 136.733 NA 246 128 0 NA NA NA NA NA NA 397 204 0 NA NA NA NA NA NA 675 151 108 NA NA NA NA NA NA 894 208 127 NA NA NA NA NA 
1763330400.0 136.734 NA 172 373 0 NA NA NA NA NA NA 241 579 0 NA NA NA NA NA NA 213 2696 105 NA NA NA NA NA NA 171 1280 126 NA NA NA NA NA 
1763330400.0 136.735 NA 169 376 0 NA NA NA NA NA NA 247 546 0 NA NA NA NA NA NA 194 1062 119 NA NA NA NA NA NA 177 1026 143 NA NA NA NA NA 
1763330400.0 136.736 NA 172 459 0 NA NA NA NA NA NA 249 697 0 NA NA NA NA NA NA 218 3872 136 NA NA NA NA NA NA 205 1615 160 NA NA NA NA NA 
1763330400.0 136.737 NA 172 412 0 NA NA NA NA NA NA 239 697 0 NA NA NA NA NA NA 208 4531 106 NA NA NA NA NA NA 181 1853 127 NA NA NA NA NA 
1763330400.0 136.738 NA 172 462 0 NA NA NA NA NA NA 247 709 0 NA NA NA NA NA NA 251 4324 138 NA NA NA NA NA NA 210 1662 160 NA NA NA NA NA 
1763330400.0 136.739 NA 172 459 0 NA NA NA NA NA NA 238 705 0 NA NA NA NA NA NA 227 4942 101 NA NA NA NA NA NA 210 1906 121 NA NA NA NA NA 
1763330400.0 136.74 NA 172 461 0 NA NA NA NA NA NA 247 695 0 NA NA NA NA NA NA 223 4279 99 NA NA NA NA NA NA 218 1707 120 NA NA NA NA NA 
1763330400.0 136.741 NA 172 409 0 NA NA NA NA NA NA 245 644 0 NA NA NA NA NA NA 234 4302 90 NA NA NA NA NA NA 185 1747 107 NA NA NA NA NA 
1763330400.0 136.742 NA 171 459 0 NA NA NA NA NA NA 237 684 0 NA NA NA NA NA NA 217 4082 118 NA NA NA NA NA NA 221 1639 195 NA NA NA NA NA 
1763330400.0 136.743 NA 174 497 0 NA NA NA NA NA NA 239 748 0 NA NA NA NA NA NA 233 3884 118 NA NA NA NA NA NA 222 1538 181 NA NA NA NA NA 
1763330400.0 136.744 NA 170 456 0 NA NA NA NA NA NA 246 705 0 NA NA NA NA NA NA 216 4393 107 NA NA NA NA NA NA 185 1758 154 NA NA NA NA NA 
1763330400.0 136.745 NA 163 441 0 NA NA NA NA NA NA 247 658 0 NA NA NA NA NA NA 201 3131 140 NA NA NA NA NA NA 207 1343 188 NA NA NA NA NA 
1763330400.0 136.746 NA 171 385 0 NA NA NA NA NA NA 250 618 0 NA NA NA NA NA NA 253 4021 112 NA NA NA NA NA NA 221 1599 176 NA NA NA NA NA 
1763330400.0 136.747 NA 173 473 0 NA NA NA NA NA NA 245 704 0 NA NA NA NA NA NA 220 3971 135 NA NA NA NA NA NA 167 1558 162 NA NA NA NA NA 
1763330400.0 136.748 NA 172 408 0 NA NA NA NA NA NA 244 641 0 NA NA NA NA NA NA 212 3959 103 NA NA NA NA NA NA 201 1631 126 NA NA NA NA NA 
1763330400.0 136.749 NA 173 469 0 NA NA NA NA NA NA 247 708 0 NA NA NA NA NA NA 262 4451 143 NA NA NA NA NA NA 230 1728 165 NA NA NA NA NA 
1763330400.0 136.75 NA 172 471 0 NA NA NA NA NA NA 245 730 0 NA NA NA NA NA NA 234 5239 102 NA NA NA NA NA NA 223 2025 123 NA NA NA NA NA 
1763330400.0 136.751 NA 170 461 0 NA NA NA NA NA NA 249 720 0 NA NA NA NA NA NA 232 5109 101 NA NA NA NA NA NA 348 1951 121 NA NA NA NA NA 
1763330400.0 136.752 NA 173 412 0 NA NA NA NA NA NA 243 645 0 NA NA NA NA NA NA 234 4207 90 NA NA NA NA NA NA 202 1736 109 NA NA NA NA NA 
1763330400.0 136.753 NA 173 468 0 NA NA NA NA NA NA 241 717 0 NA NA NA NA NA NA 216 4217 118 NA NA NA NA NA NA 210 1627 182 NA NA NA NA NA 
1763330400.0 136.754 NA 178 504 0 NA NA NA NA NA NA 259 719 0 NA NA NA NA NA NA 219 3566 124 NA NA NA NA NA NA 202 1487 173 NA NA NA NA NA 
1763330400.0 136.755 NA 172 436 0 NA NA NA NA NA NA 238 702 0 NA NA NA NA NA NA 226 4837 107 NA NA NA NA NA NA 290 2180 136 NA NA NA NA NA 
1763330400.0 136.756 NA 167 487 0 NA NA NA NA NA NA 247 665 0 NA NA NA NA NA NA 199 2932 135 NA NA NA NA NA NA 229 1288 157 NA NA NA NA NA 
1763330400.0 136.757 NA 164 406 0 NA NA NA NA NA NA 256 628 0 NA NA NA NA NA NA 264 3889 113 NA NA NA NA NA NA 274 1594 158 NA NA NA NA NA 
1763330400.0 136.758 NA 170 470 0 NA NA NA NA NA NA 251 693 0 NA NA NA NA NA NA 230 4998 143 NA NA NA NA NA NA 438 1870 166 NA NA NA NA NA 
1763330400.0 136.759 NA 170 457 0 NA NA NA NA NA NA 239 696 0 NA NA NA NA NA NA 213 5547 103 NA NA NA NA NA NA 201 2236 137 NA NA NA NA NA 
1763330400.0 136.76 NA 162 471 0 NA NA NA NA NA NA 246 741 0 NA NA NA NA NA NA 238 6055 134 NA NA NA NA NA NA 243 2322 152 NA NA NA NA NA 
1763330400.0 136.761 NA 170 467 0 NA NA NA NA NA NA 247 786 0 NA NA NA NA NA NA 241 6923 105 NA NA NA NA NA NA 443 2606 127 NA NA NA NA NA 
1763330400.0 136.7611 NA 225 0 NA NA NA NA NA NA NA 455 0 NA NA NA NA NA NA NA 1353 80 NA NA NA NA NA NA NA 1125 123 NA NA NA NA NA NA 
1763330400.0 136.76111 NA 255 0 NA NA NA NA NA NA NA 446 0 NA NA NA NA NA NA NA 1280 93 NA NA NA NA NA NA NA 1308 117 NA NA NA NA NA NA 
1763330400.0 136.762 NA 171 441 0 NA NA NA NA NA NA 246 708 0 NA NA NA NA NA NA 214 7505 102 NA NA NA NA NA NA 198 2771 166 NA NA NA NA NA 
1763330400.0 136.763 NA 170 411 0 NA NA NA NA NA NA 247 655 0 NA NA NA NA NA NA 229 5929 96 NA NA NA NA NA NA 216 2254 122 NA NA NA NA NA 
1763330400.0 136.764 NA 171 465 0 NA NA NA NA NA NA 237 706 0 NA NA NA NA NA NA 208 5859 116 NA NA NA NA NA NA 188 2197 146 NA NA NA NA NA 
1763330400.0 136.765 NA 173 513 0 NA NA NA NA NA NA 239 760 0 NA NA NA NA NA NA 239 4959 121 NA NA NA NA NA NA 297 1951 147 NA NA NA NA NA 
1763330400.0 136.766 NA 169 429 0 NA NA NA NA NA NA 245 718 0 NA NA NA NA NA NA 207 5664 106 NA NA NA NA NA NA 156 2068 133 NA NA NA NA NA 
1763330400.0 136.767 NA 169 495 0 NA NA NA NA NA NA 248 676 0 NA NA NA NA NA NA 223 4306 147 NA NA NA NA NA NA 299 1728 172 NA NA NA NA NA 
1763330400.0 136.768 NA 172 416 0 NA NA NA NA NA NA 244 649 0 NA NA NA NA NA NA 247 5482 111 NA NA NA NA NA NA 266 2276 129 NA NA NA NA NA 
1763330400.0 136.769 NA 172 475 0 NA NA NA NA NA NA 240 689 0 NA NA NA NA NA NA 202 3838 138 NA NA NA NA NA NA 192 1542 164 NA NA NA NA NA 
1763330400.0 136.77 NA 168 442 0 NA NA NA NA NA NA 242 688 0 NA NA NA NA NA NA 215 4058 104 NA NA NA NA NA NA 253 1645 133 NA NA NA NA NA 
1763330400.0 136.771 NA 173 466 0 NA NA NA NA NA NA 247 700 0 NA NA NA NA NA NA 235 3845 138 NA NA NA NA NA NA 214 1623 166 NA NA NA NA NA 
1763330400.0 136.772 NA 171 454 0 NA NA NA NA NA NA 240 746 0 NA NA NA NA NA NA 223 4744 104 NA NA NA NA NA NA 265 1891 135 NA NA NA NA NA 
1763330400.0 136.7721 NA 250 0 NA NA NA NA NA NA NA 447 0 NA NA NA NA NA NA NA 1181 81 NA NA NA NA NA NA NA 1143 102 NA NA NA NA NA NA 
1763330400.0 136.77211 NA 249 0 NA NA NA NA NA NA NA 426 0 NA NA NA NA NA NA NA 1110 89 NA NA NA NA NA NA NA 920 133 NA NA NA NA NA NA 
1763330400.0 136.773 NA 175 462 0 NA NA NA NA NA NA 249 695 0 NA NA NA NA NA NA 213 4082 99 NA NA NA NA NA NA 189 1644 128 NA NA NA NA NA 
1763330400.0 136.774 NA 173 412 0 NA NA NA NA NA NA 239 645 0 NA NA NA NA NA NA 227 4061 89 NA NA NA NA NA NA 218 1638 103 NA NA NA NA NA 
1763330400.0 136.775 NA 173 466 0 NA NA NA NA NA NA 242 717 0 NA NA NA NA NA NA 206 3780 117 NA NA NA NA NA NA 217 1498 193 NA NA NA NA NA 
1763330400.0 136.776 NA 174 496 0 NA NA NA NA NA NA 238 740 0 NA NA NA NA NA NA 211 3601 118 NA NA NA NA NA NA 183 1453 163 NA NA NA NA NA 
1763330400.0 136.777 NA 169 473 0 NA NA NA NA NA NA 252 694 0 NA NA NA NA NA NA 207 4222 100 NA NA NA NA NA NA 236 1769 134 NA NA NA NA NA 
1763330400.0 136.778 NA 174 482 0 NA NA NA NA NA NA 242 644 0 NA NA NA NA NA NA 178 2666 135 NA NA NA NA NA NA 162 1230 151 NA NA NA NA NA 
1763330400.0 136.779 NA 171 394 0 NA NA NA NA NA NA 244 618 0 NA NA NA NA NA NA 247 3841 107 NA NA NA NA NA NA 228 1614 131 NA NA NA NA NA 
1763330400.0 136.78 NA 195 549 0 NA NA NA NA NA NA 270 825 0 NA NA NA NA NA NA 193 4826 152 NA NA NA NA NA NA 188 1786 177 NA NA NA NA NA 
1763330400.0 136.7801 NA 178 0 NA NA NA NA NA NA NA 272 0 NA NA NA NA NA NA NA 325 127 NA NA NA NA NA NA NA 436 183 NA NA NA NA NA NA 
1763330400.0 136.7802 NA 121 0 NA NA NA NA NA NA NA 194 0 NA NA NA NA NA NA NA 218 93 NA NA NA NA NA NA NA 329 139 NA NA NA NA NA NA 
1763330400.0 136.7803 NA 180 0 NA NA NA NA NA NA NA 274 0 NA NA NA NA NA NA NA 445 82 NA NA NA NA NA NA NA 929 103 NA NA NA NA NA NA 
1763330400.0 136.781 NA 193 486 0 NA NA NA NA NA NA 266 769 0 NA NA NA NA NA NA 204 4961 123 NA NA NA NA NA NA 350 1975 144 NA NA NA NA NA 
1763330400.0 136.782 NA 194 553 0 NA NA NA NA NA NA 268 838 0 NA NA NA NA NA NA 228 5476 150 NA NA NA NA NA NA 196 2027 168 NA NA NA NA NA 
1763330400.0 136.783 NA 194 480 0 NA NA NA NA NA NA 272 845 0 NA NA NA NA NA NA 211 6608 120 NA NA NA NA NA NA 219 2562 142 NA NA NA NA NA 
1763330400.0 136.784 NA 194 456 0 NA NA NA NA NA NA 273 676 0 NA NA NA NA NA NA 201 4839 122 NA NA NA NA NA NA 262 2240 142 NA NA NA NA NA 
1763330400.0 136.785 NA 194 463 0 NA NA NA NA NA NA 271 722 0 NA NA NA NA NA NA 239 5465 112 NA NA NA NA NA NA 284 2112 131 NA NA NA NA NA 
1763330400.0 136.786 NA 194 563 0 NA NA NA NA NA NA 258 848 0 NA NA NA NA NA NA 187 5266 138 NA NA NA NA NA NA 208 1966 181 NA NA NA NA NA 
1763330400.0 136.787 NA 195 619 0 NA NA NA NA NA NA 260 904 0 NA NA NA NA NA NA 221 5082 136 NA NA NA NA NA NA 272 2213 156 NA NA NA NA NA 
1763330400.0 136.788 NA 189 461 0 NA NA NA NA NA NA 271 819 0 NA NA NA NA NA NA 195 5964 121 NA NA NA NA NA NA 197 2372 157 NA NA NA NA NA 
1763330400.0 136.789 NA 191 593 0 NA NA NA NA NA NA 263 863 0 NA NA NA NA NA NA 203 4662 162 NA NA NA NA NA NA 268 1825 194 NA NA NA NA NA 
1763330400.0 136.79 NA 198 456 0 NA NA NA NA NA NA 281 663 0 NA NA NA NA NA NA 219 3007 129 NA NA NA NA NA NA 210 1421 176 NA NA NA NA NA 
1763330400.0 136.791 NA 197 461 0 NA NA NA NA NA NA 272 639 0 NA NA NA NA NA NA 194 1181 134 NA NA NA NA NA NA 200 1064 155 NA NA NA NA NA 
1763330400.0 136.792 NA 193 557 0 NA NA NA NA NA NA 276 805 0 NA NA NA NA NA NA 215 4097 157 NA NA NA NA NA NA 374 1666 190 NA NA NA NA NA 
1763330400.0 136.793 NA 192 494 0 NA NA NA NA NA NA 272 760 0 NA NA NA NA NA NA 199 3861 119 NA NA NA NA NA NA 239 1615 138 NA NA NA NA NA 
1763330400.0 136.794 NA 196 555 0 NA NA NA NA NA NA 271 831 0 NA NA NA NA NA NA 230 4238 154 NA NA NA NA NA NA 205 1672 185 NA NA NA NA NA 
1763330400.0 136.795 NA 195 507 0 NA NA NA NA NA NA 263 780 0 NA NA NA NA NA NA 204 4943 119 NA NA NA NA NA NA 201 2210 139 NA NA NA NA NA 
1763330400.0 136.796 NA 196 457 0 NA NA NA NA NA NA 268 676 0 NA NA NA NA NA NA 194 3935 123 NA NA NA NA NA NA 203 1666 177 NA NA NA NA NA 
1763330400.0 136.797 NA 196 455 0 NA NA NA NA NA NA 271 703 0 NA NA NA NA NA NA 222 4480 117 NA NA NA NA NA NA 205 1831 145 NA NA NA NA NA 
1763330400.0 136.798 NA 194 556 0 NA NA NA NA NA NA 269 807 0 NA NA NA NA NA NA 202 4181 136 NA NA NA NA NA NA 362 1694 186 NA NA NA NA NA 
1763330400.0 136.799 NA 195 632 0 NA NA NA NA NA NA 263 892 0 NA NA NA NA NA NA 223 4309 137 NA NA NA NA NA NA 248 1836 157 NA NA NA NA NA 
1763330400.0 136.8 NA 195 504 0 NA NA NA NA NA NA 269 761 0 NA NA NA NA NA NA 198 4442 119 NA NA NA NA NA NA 193 1861 140 NA NA NA NA NA 
1763330400.0 136.801 NA 196 583 0 NA NA NA NA NA NA 271 767 0 NA NA NA NA NA NA 183 2898 153 NA NA NA NA NA NA 217 1385 182 NA NA NA NA NA 
1763330400.0 136.802 NA 190 455 0 NA NA NA NA NA NA 269 682 0 NA NA NA NA NA NA 240 3686 121 NA NA NA NA NA NA 272 1555 140 NA NA NA NA NA 
1763330400.0 136.803 NA 197 433 0 NA NA NA NA NA NA 269 653 0 NA NA NA NA NA NA 199 1273 137 NA NA NA NA NA NA 233 1135 163 NA NA NA NA NA 
1763330400.0 136.804 NA 196 548 0 NA NA NA NA NA NA 273 813 0 NA NA NA NA NA NA 197 4024 154 NA NA NA NA NA NA 185 1590 176 NA NA NA NA NA 
1763330400.0 136.805 NA 195 495 0 NA NA NA NA NA NA 277 790 0 NA NA NA NA NA NA 200 4304 124 NA NA NA NA NA NA 292 1758 149 NA NA NA NA NA 
1763330400.0 136.806 NA 196 550 0 NA NA NA NA NA NA 267 804 0 NA NA NA NA NA NA 234 4042 154 NA NA NA NA NA NA 215 1595 174 NA NA NA NA NA 
1763330400.0 136.807 NA 191 492 0 NA NA NA NA NA NA 277 788 0 NA NA NA NA NA NA 209 4651 117 NA NA NA NA NA NA 335 1959 136 NA NA NA NA NA 
1763330400.0 136.808 NA 195 507 0 NA NA NA NA NA NA 268 785 0 NA NA NA NA NA NA 208 4261 123 NA NA NA NA NA NA 299 1815 160 NA NA NA NA NA 
1763330400.0 136.809 NA 198 451 0 NA NA NA NA NA NA 272 702 0 NA NA NA NA NA NA 225 4000 117 NA NA NA NA NA NA 226 1662 158 NA NA NA NA NA 
1763330400.0 136.81 NA 196 543 0 NA NA NA NA NA NA 271 830 0 NA NA NA NA NA NA 193 4031 134 NA NA NA NA NA NA 179 1581 163 NA NA NA NA NA 
1763330400.0 136.811 NA 196 619 0 NA NA NA NA NA NA 265 918 0 NA NA NA NA NA NA 201 4044 137 NA NA NA NA NA NA 176 1707 181 NA NA NA NA NA 
1763330400.0 136.812 NA 193 496 0 NA NA NA NA NA NA 264 774 0 NA NA NA NA NA NA 202 4621 123 NA NA NA NA NA NA 312 1851 141 NA NA NA NA NA 
1763330400.0 136.813 NA 195 547 0 NA NA NA NA NA NA 270 805 0 NA NA NA NA NA NA 181 2948 153 NA NA NA NA NA NA 211 1358 177 NA NA NA NA NA 
1763330400.0 136.814 NA 195 459 0 NA NA NA NA NA NA 265 703 0 NA NA NA NA NA NA 226 3849 123 NA NA NA NA NA NA 203 1656 146 NA NA NA NA NA 
1763330400.0 136.815 NA 199 461 0 NA NA NA NA NA NA 279 637 0 NA NA NA NA NA NA 181 1220 139 NA NA NA NA NA NA 181 1025 169 NA NA NA NA NA 
1763330400.0 136.816 NA 184 557 0 NA NA NA NA NA NA 266 851 0 NA NA NA NA NA NA 210 6081 151 NA NA NA NA NA NA 218 2287 183 NA NA NA NA NA 
1763330400.0 136.817 NA 193 463 0 NA NA NA NA NA NA 270 809 0 NA NA NA NA NA NA 186 5387 122 NA NA NA NA NA NA 177 2155 148 NA NA NA NA NA 
1763330400.0 136.818 NA 195 545 0 NA NA NA NA NA NA 268 873 0 NA NA NA NA NA NA 217 5576 152 NA NA NA NA NA NA 174 2086 173 NA NA NA NA NA 
1763330400.0 136.819 NA 196 505 0 NA NA NA NA NA NA 264 813 0 NA NA NA NA NA NA 193 6377 120 NA NA NA NA NA NA 185 2353 144 NA NA NA NA NA 
1763330400.0 136.82 NA 195 473 0 NA NA NA NA NA NA 274 747 0 NA NA NA NA NA NA 211 5994 119 NA NA NA NA NA NA 210 2254 137 NA NA NA NA NA 
1763330400.0 136.821 NA 196 410 0 NA NA NA NA NA NA 270 756 0 NA NA NA NA NA NA 224 5806 116 NA NA NA NA NA NA 201 2356 141 NA NA NA NA NA 
1763330400.0 136.822 NA 195 557 0 NA NA NA NA NA NA 263 831 0 NA NA NA NA NA NA 183 5326 129 NA NA NA NA NA NA 204 1948 149 NA NA NA NA NA 
1763330400.0 136.823 NA 191 626 0 NA NA NA NA NA NA 270 924 0 NA NA NA NA NA NA 209 5204 131 NA NA NA NA NA NA 197 2104 149 NA NA NA NA NA 
1763330400.0 136.824 NA 195 512 0 NA NA NA NA NA NA 266 828 0 NA NA NA NA NA NA 197 6738 126 NA NA NA NA NA NA 203 2516 163 NA NA NA NA NA 
1763330400.0 136.825 NA 197 601 0 NA NA NA NA NA NA 268 850 0 NA NA NA NA NA NA 189 3669 155 NA NA NA NA NA NA 186 1523 182 NA NA NA NA NA 
1763330400.0 136.826 NA 196 451 0 NA NA NA NA NA NA 272 711 0 NA NA NA NA NA NA 224 5360 124 NA NA NA NA NA NA 205 2106 140 NA NA NA NA NA 
1763330400.0 136.827 NA 199 464 0 NA NA NA NA NA NA 270 670 0 NA NA NA NA NA NA 176 1303 135 NA NA NA NA NA NA 196 1282 161 NA NA NA NA NA 
1763330400.0 136.828 NA 186 518 0 NA NA NA NA NA NA 272 870 0 NA NA NA NA NA NA 337 7378 168 NA NA NA NA NA NA 327 2658 214 NA NA NA NA NA 
1763330400.0 136.829 NA 195 506 0 NA NA NA NA NA NA 274 818 0 NA NA NA NA NA NA 204 6542 124 NA NA NA NA NA NA 276 2505 144 NA NA NA NA NA 
1763330400.0 136.83 NA 196 569 0 NA NA NA NA NA NA 275 906 0 NA NA NA NA NA NA 240 6657 159 NA NA NA NA NA NA 283 2504 188 NA NA NA NA NA 
1763330400.0 136.831 NA 195 514 0 NA NA NA NA NA NA 268 822 0 NA NA NA NA NA NA 204 6909 123 NA NA NA NA NA NA 268 2501 147 NA NA NA NA NA 
1763330400.0 136.8311 NA 252 0 NA NA NA NA NA NA NA 438 0 NA NA NA NA NA NA NA 1244 91 NA NA NA NA NA NA NA 960 138 NA NA NA NA NA NA 
1763330400.0 136.83111 NA 257 0 NA NA NA NA NA NA NA 448 0 NA NA NA NA NA NA NA 1305 85 NA NA NA NA NA NA NA 1140 126 NA NA NA NA NA NA 
1763330400.0 136.832 NA 184 488 0 NA NA NA NA NA NA 271 818 0 NA NA NA NA NA NA 310 8353 131 NA NA NA NA NA NA 309 2962 174 NA NA NA NA NA 
1763330400.0 136.833 NA 194 470 0 NA NA NA NA NA NA 268 749 0 NA NA NA NA NA NA 235 6660 115 NA NA NA NA NA NA 470 2445 142 NA NA NA NA NA 
1763330400.0 136.834 NA 192 560 0 NA NA NA NA NA NA 262 870 0 NA NA NA NA NA NA 199 6356 129 NA NA NA NA NA NA 225 2323 145 NA NA NA NA NA 
1763330400.0 136.835 NA 189 607 0 NA NA NA NA NA NA 258 938 0 NA NA NA NA NA NA 216 6004 137 NA NA NA NA NA NA 226 2484 164 NA NA NA NA NA 
1763330400.0 136.836 NA 183 465 0 NA NA NA NA NA NA 274 826 0 NA NA NA NA NA NA 316 7909 136 NA NA NA NA NA NA 367 2860 168 NA NA NA NA NA 
1763330400.0 136.837 NA 197 615 0 NA NA NA NA NA NA 268 848 0 NA NA NA NA NA NA 202 4773 156 NA NA NA NA NA NA 223 1808 185 NA NA NA NA NA 
1763330400.0 136.838 NA 195 461 0 NA NA NA NA NA NA 276 746 0 NA NA NA NA NA NA 230 6052 124 NA NA NA NA NA NA 243 2453 143 NA NA NA NA NA 
1763330400.0 136.839 NA 202 467 0 NA NA NA NA NA NA 270 656 0 NA NA NA NA NA NA 188 1250 133 NA NA NA NA NA NA 204 984 155 NA NA NA NA NA 
1763330400.0 136.8391 NA 227 511 0 NA NA NA NA NA NA 333 840 0 NA NA NA NA NA NA 424 5537 135 NA NA NA NA NA NA 422 2061 157 NA NA NA NA NA 
1763330400.0 136.84 NA 198 469 0 NA NA NA NA NA NA 281 721 0 NA NA NA NA NA NA 214 4946 116 NA NA NA NA NA NA 213 1908 167 NA NA NA NA NA 
1763330400.0 136.841 NA 196 419 0 NA NA NA NA NA NA 268 750 0 NA NA NA NA NA NA 201 5186 115 NA NA NA NA NA NA 242 2171 137 NA NA NA NA NA 
1763330400.0 136.842 NA 198 467 0 NA NA NA NA NA NA 273 765 0 NA NA NA NA NA NA 203 6711 114 NA NA NA NA NA NA 211 2499 139 NA NA NA NA NA 
1763330400.0 136.843 NA 182 452 0 NA NA NA NA NA NA 275 803 0 NA NA NA NA NA NA 312 9156 137 NA NA NA NA NA NA 336 3173 192 NA NA NA NA NA 
1763330400.0 136.844 NA 194 417 0 NA NA NA NA NA NA 267 694 0 NA NA NA NA NA NA 248 4343 116 NA NA NA NA NA NA 245 1850 158 NA NA NA NA NA 
1763330400.0 136.845 NA 186 446 0 NA NA NA NA NA NA 269 656 0 NA NA NA NA NA NA 242 3789 115 NA NA NA NA NA NA 277 1595 188 NA NA NA NA NA 
1763330400.0 136.846 NA 198 422 0 NA NA NA NA NA NA 271 648 0 NA NA NA NA NA NA 220 3605 114 NA NA NA NA NA NA 202 1550 160 NA NA NA NA NA 
1763330400.0 136.847 NA 196 442 0 NA NA NA NA NA NA 271 699 0 NA NA NA NA NA NA 252 5457 115 NA NA NA NA NA NA 231 2173 139 NA NA NA NA NA 
1763330400.0 136.848 NA 186 459 0 NA NA NA NA NA NA 271 710 0 NA NA NA NA NA NA 237 6579 114 NA NA NA NA NA NA 233 2496 146 NA NA NA NA NA 
1763330400.0 136.849 NA 195 541 0 NA NA NA NA NA NA 271 790 0 NA NA NA NA NA NA 183 4018 156 NA NA NA NA NA NA 199 1629 179 NA NA NA NA NA 
1763330400.0 136.85 NA 194 557 0 NA NA NA NA NA NA 269 853 0 NA NA NA NA NA NA 183 4419 122 NA NA NA NA NA NA 344 2735 141 NA NA NA NA NA 
1763330400.0 136.8501 NA 194 448 0 NA NA NA NA NA NA 258 707 0 NA NA NA NA NA NA 164 4603 114 NA NA NA NA NA NA 169 1871 139 NA NA NA NA NA 
1763330400.0 136.851 NA 194 542 0 NA NA NA NA NA NA 271 827 0 NA NA NA NA NA NA 200 4244 154 NA NA NA NA NA NA 175 2087 171 NA NA NA NA NA 
1763330400.0 136.852 NA 195 513 0 NA NA NA NA NA NA 267 793 0 NA NA NA NA NA NA 181 4907 125 NA NA NA NA NA NA 194 1948 168 NA NA NA NA NA 
1763330400.0 136.853 NA 194 500 0 NA NA NA NA NA NA 274 797 0 NA NA NA NA NA NA 183 4182 123 NA NA NA NA NA NA 298 1834 149 NA NA NA NA NA 
1763330400.0 136.854 NA 196 454 0 NA NA NA NA NA NA 276 734 0 NA NA NA NA NA NA 206 4511 118 NA NA NA NA NA NA 188 1924 163 NA NA NA NA NA 
1763330400.0 136.855 NA 194 607 0 NA NA NA NA NA NA 268 884 0 NA NA NA NA NA NA 208 4236 139 NA NA NA NA NA NA 343 1847 160 NA NA NA NA NA 
1763330400.0 136.856 NA 195 612 0 NA NA NA NA NA NA 268 860 0 NA NA NA NA NA NA 160 3173 158 NA NA NA NA NA NA 193 1537 180 NA NA NA NA NA 
1763330400.0 136.8561 NA 148 433 0 NA NA NA NA NA NA 263 669 0 NA NA NA NA NA NA 136 995 145 NA NA NA NA NA NA 159 951 202 NA NA NA NA NA 
1763330400.0 136.8562 NA 180 425 0 NA NA NA NA NA NA 257 626 0 NA NA NA NA NA NA 120 917 136 NA NA NA NA NA NA 158 1012 184 NA NA NA NA NA 
1763330400.0 136.857 NA 196 456 0 NA NA NA NA NA NA 272 701 0 NA NA NA NA NA NA 214 4082 126 NA NA NA NA NA NA 203 1860 177 NA NA NA NA NA 
1763330400.0 136.858 NA 201 458 0 NA NA NA NA NA NA 281 656 0 NA NA NA NA NA NA 177 1329 138 NA NA NA NA NA NA 172 1089 167 NA NA NA NA NA 
1763330400.0 136.859 NA 196 470 0 NA NA NA NA NA NA 275 755 0 NA NA NA NA NA NA 177 5543 117 NA NA NA NA NA NA 208 2264 145 NA NA NA NA NA 
1763330400.0 136.86 NA 196 451 0 NA NA NA NA NA NA 270 685 0 NA NA NA NA NA NA 208 4028 113 NA NA NA NA NA NA 198 1791 163 NA NA NA NA NA 
1763330400.0 136.861 NA 190 552 0 NA NA NA NA NA NA 272 823 0 NA NA NA NA NA NA 185 5543 154 NA NA NA NA NA NA 208 2075 188 NA NA NA NA NA 
1763330400.0 136.862 NA 188 486 0 NA NA NA NA NA NA 267 828 0 NA NA NA NA NA NA 178 5915 122 NA NA NA NA NA NA 224 2364 155 NA NA NA NA NA 
1763330400.0 136.863 NA 194 551 0 NA NA NA NA NA NA 273 848 0 NA NA NA NA NA NA 205 5912 156 NA NA NA NA NA NA 226 2243 182 NA NA NA NA NA 
1763330400.0 136.864 NA 192 487 0 NA NA NA NA NA NA 263 812 0 NA NA NA NA NA NA 184 6866 126 NA NA NA NA NA NA 216 2559 154 NA NA NA NA NA 
1763330400.0 136.8642 NA 192 516 0 NA NA NA NA NA NA 268 923 0 NA NA NA NA NA NA 205 7225 126 NA NA NA NA NA NA 428 2879 174 NA NA NA NA NA 
1763330400.0 136.865 NA 189 543 0 NA NA NA NA NA NA 274 830 0 NA NA NA NA NA NA 205 6331 118 NA NA NA NA NA NA 349 2545 143 NA NA NA NA NA 
1763330400.0 136.866 NA 189 471 0 NA NA NA NA NA NA 261 756 0 NA NA NA NA NA NA 202 5880 107 NA NA NA NA NA NA 217 2378 123 NA NA NA NA NA 
1763330400.0 136.867 NA 193 634 0 NA NA NA NA NA NA 265 935 0 NA NA NA NA NA NA 213 5806 142 NA NA NA NA NA NA 306 2233 172 NA NA NA NA NA 
1763330400.0 136.868 NA 195 626 0 NA NA NA NA NA NA 269 887 0 NA NA NA NA NA NA 167 4711 154 NA NA NA NA NA NA 199 2189 174 NA NA NA NA NA 
1763330400.0 136.869 NA 195 468 0 NA NA NA NA NA NA 273 745 0 NA NA NA NA NA NA 217 5936 127 NA NA NA NA NA NA 207 2322 150 NA NA NA NA NA 
1763330400.0 136.87 NA 199 458 0 NA NA NA NA NA NA 283 653 0 NA NA NA NA NA NA 210 1363 137 NA NA NA NA NA NA 240 1380 166 NA NA NA NA NA 
1763330400.0 136.871 NA 185 483 0 NA NA NA NA NA NA 277 820 0 NA NA NA NA NA NA 194 7518 114 NA NA NA NA NA NA 208 2629 140 NA NA NA NA NA 
1763330400.0 136.872 NA 195 480 0 NA NA NA NA NA NA 271 711 0 NA NA NA NA NA NA 203 5803 115 NA NA NA NA NA NA 184 2965 151 NA NA NA NA NA 
1763330400.0 136.873 NA 193 544 0 NA NA NA NA NA NA 270 814 0 NA NA NA NA NA NA 183 5196 154 NA NA NA NA NA NA 238 2016 174 NA NA NA NA NA 
1763330400.0 136.874 NA 187 538 0 NA NA NA NA NA NA 263 848 0 NA NA NA NA NA NA 176 5146 122 NA NA NA NA NA NA 198 2017 146 NA NA NA NA NA 
1763330400.0 136.875 NA 194 545 0 NA NA NA NA NA NA 269 811 0 NA NA NA NA NA NA 202 5244 152 NA NA NA NA NA NA 187 1929 171 NA NA NA NA NA 
1763330400.0 136.876 NA 194 525 0 NA NA NA NA NA NA 265 852 0 NA NA NA NA NA NA 199 6224 119 NA NA NA NA NA NA 306 2363 137 NA NA NA NA NA 
1763330400.0 136.877 NA 195 470 0 NA NA NA NA NA NA 268 788 0 NA NA NA NA NA NA 174 5220 120 NA NA NA NA NA NA 206 2131 143 NA NA NA NA NA 
1763330400.0 136.878 NA 194 471 0 NA NA NA NA NA NA 268 735 0 NA NA NA NA NA NA 189 5440 112 NA NA NA NA NA NA 167 2176 133 NA NA NA NA NA 
1763330400.0 136.879 NA 194 617 0 NA NA NA NA NA NA 270 888 0 NA NA NA NA NA NA 184 5112 135 NA NA NA NA NA NA 182 2017 155 NA NA NA NA NA 
1763330400.0 136.88 NA 194 620 0 NA NA NA NA NA NA 264 871 0 NA NA NA NA NA NA 167 4135 166 NA NA NA NA NA NA 231 1973 202 NA NA NA NA NA 
1763330400.0 136.881 NA 194 473 0 NA NA NA NA NA NA 269 705 0 NA NA NA NA NA NA 227 4585 132 NA NA NA NA NA NA 238 1895 178 NA NA NA NA NA 
1763330400.0 136.882 NA 200 484 0 NA NA NA NA NA NA 281 701 0 NA NA NA NA NA NA 186 1578 143 NA NA NA NA NA NA 181 1262 173 NA NA NA NA NA 
1763330400.0 136.883 NA 181 458 0 NA NA NA NA NA NA 263 803 0 NA NA NA NA NA NA 306 7514 129 NA NA NA NA NA NA 359 2674 151 NA NA NA NA NA 
1763330400.0 136.884 NA 194 464 0 NA NA NA NA NA NA 278 670 0 NA NA NA NA NA NA 235 4850 114 NA NA NA NA NA NA 239 2018 142 NA NA NA NA NA 
1763330400.0 136.885 NA 192 549 0 NA NA NA NA NA NA 273 821 0 NA NA NA NA NA NA 182 5187 153 NA NA NA NA NA NA 200 1985 178 NA NA NA NA NA 
1763330400.0 136.8855 NA 183 146 0 NA NA NA NA NA NA 273 290 0 NA NA NA NA NA NA 273 318 83 NA NA NA NA NA NA 313 368 118 NA NA NA NA NA 
1763330400.0 136.886 NA 195 503 0 NA NA NA NA NA NA 272 819 0 NA NA NA NA NA NA 167 5154 118 NA NA NA NA NA NA 178 2092 136 NA NA NA NA NA 
1763330400.0 136.8861 NA 202 515 0 NA NA NA NA NA NA 280 824 0 NA NA NA NA NA NA 202 4518 138 NA NA NA NA NA NA 317 2121 164 NA NA NA NA NA 
1763330400.0 136.8862 NA 195 510 0 NA NA NA NA NA NA 271 813 0 NA NA NA NA NA NA 178 5504 119 NA NA NA NA NA NA 243 2224 139 NA NA NA NA NA 
1763330400.0 136.887 NA 195 514 0 NA NA NA NA NA NA 270 849 0 NA NA NA NA NA NA 216 5164 159 NA NA NA NA NA NA 285 2212 187 NA NA NA NA NA 
1763330400.0 136.888 NA 186 491 0 NA NA NA NA NA NA 273 812 0 NA NA NA NA NA NA 185 6010 117 NA NA NA NA NA NA 213 2404 142 NA NA NA NA NA 
1763330400.0 136.88811 NA 254 0 NA NA NA NA NA NA NA 449 0 NA NA NA NA NA NA NA 1224 86 NA NA NA NA NA NA NA 1033 111 NA NA NA NA NA NA 
1763330400.0 136.8885 NA 181 146 0 NA NA NA NA NA NA 265 292 0 NA NA NA NA NA NA 296 327 92 NA NA NA NA NA NA 366 458 118 NA NA NA NA NA 
1763330400.0 136.889 NA 195 475 0 NA NA NA NA NA NA 277 825 0 NA NA NA NA NA NA 177 5701 121 NA NA NA NA NA NA 207 2295 149 NA NA NA NA NA 
1763330400.0 136.89 NA 195 473 0 NA NA NA NA NA NA 268 738 0 NA NA NA NA NA NA 205 5300 115 NA NA NA NA NA NA 187 2181 136 NA NA NA NA NA 
1763330400.0 136.891 NA 188 613 0 NA NA NA NA NA NA 275 918 0 NA NA NA NA NA NA 195 5059 134 NA NA NA NA NA NA 230 2146 151 NA NA NA NA NA 
1763330400.0 136.892 NA 193 596 0 NA NA NA NA NA NA 260 856 0 NA NA NA NA NA NA 180 4845 165 NA NA NA NA NA NA 276 2200 194 NA NA NA NA NA 
1763330400.0 136.893 NA 193 433 0 NA NA NA NA NA NA 272 729 0 NA NA NA NA NA NA 205 5114 123 NA NA NA NA NA NA 193 2204 141 NA NA NA NA NA 
1763330400.0 136.894 NA 192 525 0 NA NA NA NA NA NA 277 752 0 NA NA NA NA NA NA 210 2537 138 NA NA NA NA NA NA 250 1334 159 NA NA NA NA NA 
1763330400.0 136.895 NA 196 485 0 NA NA NA NA NA NA 276 768 0 NA NA NA NA NA NA 194 5998 116 NA NA NA NA NA NA 285 2436 141 NA NA NA NA NA 
1763330400.0 136.896 NA 191 466 0 NA NA NA NA NA NA 264 702 0 NA NA NA NA NA NA 240 4853 113 NA NA NA NA NA NA 292 2035 133 NA NA NA NA NA 
1763330400.0 136.897 NA 288 145 0 NA NA NA NA NA NA 496 248 0 NA NA NA NA NA NA 723 163 159 NA NA NA NA NA NA 1664 187 187 NA NA NA NA NA 
1763330400.0 136.898 NA 196 464 0 NA NA NA NA NA NA 275 751 0 NA NA NA NA NA NA 187 5263 117 NA NA NA NA NA NA 178 2251 146 NA NA NA NA NA 
1763330400.0 136.899 NA 302 159 0 NA NA NA NA NA NA 517 277 0 NA NA NA NA NA NA 679 137 160 NA NA NA NA NA NA 528 170 212 NA NA NA NA NA 
1763330400.0 136.901 NA 294 272 301 164 274 262 164 NA NA 474 426 445 246 435 427 262 NA NA 3978 679 808 332 435 553 262 NA NA 1730 571 587 236 491 514 312 NA 
1763330400.0 136.902 NA 292 262 291 157 270 259 161 NA NA 457 401 426 241 433 401 257 NA NA 4195 764 1004 335 504 625 301 NA NA 1962 775 846 277 839 874 342 NA 
1763330400.0 136.903 NA 354 327 389 192 308 288 161 NA NA 535 495 556 318 479 453 260 NA NA 5835 2436 2454 1146 891 813 248 NA NA 2276 1030 1121 508 731 753 283 NA 
1763330400.0 136.904 NA 352 320 371 184 308 282 167 NA NA 519 483 507 284 470 432 271 NA NA 5458 1481 1950 604 540 621 252 NA NA 2199 955 928 288 540 582 323 NA 
1763330400.0 136.905 NA 350 326 399 177 305 284 162 NA NA 515 475 539 267 495 441 263 NA NA 4453 965 1627 504 551 625 251 NA NA 1627 688 905 274 489 510 293 NA 
1763330400.0 136.906 NA 331 304 357 166 292 281 161 NA NA 504 453 492 252 483 429 261 NA NA 6806 828 1391 410 537 734 250 NA NA 3003 773 1086 295 596 681 269 NA 
1763330400.0 1360.0 157 224 416 0 NA NA NA NA NA 253 309 579 0 NA NA NA NA NA 1206 142 692 160 NA NA NA NA NA 570 181 782 183 NA NA NA NA NA 
1763330400.0 1361.0 171 226 408 0 NA NA NA NA NA 264 305 591 0 NA NA NA NA NA 3066 176 725 166 NA NA NA NA NA 1099 162 782 189 NA NA NA NA NA 
1763330400.0 1361.17 148 287 478 0 171 NA NA NA NA 233 385 700 0 257 NA NA NA NA 3144 582 746 200 196 NA NA NA NA 1105 370 891 257 230 NA NA NA NA 
1763330400.0 1361.18 149 285 474 0 176 NA NA NA NA 243 386 699 0 263 NA NA NA NA 3130 566 790 195 201 NA NA NA NA 1327 315 868 220 235 NA NA NA NA 
1763330400.0 1361.181 146 281 479 0 176 NA NA NA NA 237 374 698 0 257 NA NA NA NA 3080 602 771 198 198 NA NA NA NA 1063 337 831 234 223 NA NA NA NA 
1763330400.0 1362.0 174 219 408 0 NA NA NA NA NA 272 300 576 0 NA NA NA NA NA 3886 177 741 161 NA NA NA NA NA 1392 163 1057 196 NA NA NA NA NA 
1763330400.0 1362.17 148 294 481 0 166 NA NA NA NA 234 387 690 0 256 NA NA NA NA 3956 607 758 190 197 NA NA NA NA 1411 329 857 214 225 NA NA NA NA 
1763330400.0 1362.18 149 276 491 0 156 NA NA NA NA 239 373 720 0 266 NA NA NA NA 4088 603 795 199 207 NA NA NA NA 1488 408 927 231 262 NA NA NA NA 
1763330400.0 1363.0 162 229 412 0 NA NA NA NA NA 271 319 586 0 NA NA NA NA NA 4067 178 734 163 NA NA NA NA NA 1443 173 961 190 NA NA NA NA NA 
1763330400.0 1363.17 144 287 476 0 171 NA NA NA NA 233 382 705 0 254 NA NA NA NA 3950 583 786 196 192 NA NA NA NA 1500 338 848 226 215 NA NA NA NA 
1763330400.0 1363.18 146 284 482 0 174 NA NA NA NA 233 382 704 0 259 NA NA NA NA 3944 609 769 203 206 NA NA NA NA 1520 317 814 234 242 NA NA NA NA 
1763330400.0 1364.0 NA 226 397 0 NA NA NA NA NA NA 311 557 0 NA NA NA NA NA NA 175 700 159 NA NA NA NA NA NA 173 934 189 NA NA NA NA NA 
1763330400.0 1365.0 NA 237 413 0 NA NA NA NA NA NA 325 575 0 NA NA NA NA NA NA 175 683 159 NA NA NA NA NA NA 233 712 190 NA NA NA NA NA 
1763330400.0 1366.0 NA 216 399 0 NA NA NA NA NA NA 314 566 0 NA NA NA NA NA NA 183 721 162 NA NA NA NA NA NA 236 844 198 NA NA NA NA NA 
1763330400.0 137.8 NA 183 453 NA 183 475 0 NA NA NA 269 870 NA 269 806 0 NA NA NA 285 7778 NA 285 5843 154 NA NA NA 513 3756 NA 318 2397 201 NA NA 
1763330400.0 1370.0 70 170 228 413 0 169 NA NA NA 99 258 311 583 0 254 NA NA NA 30 873 175 708 156 195 NA NA NA 89 440 158 750 177 210 NA NA NA 
1763330400.0 1370.17 70 148 298 493 0 171 NA NA NA 99 231 397 718 0 260 NA NA NA 27 1108 576 766 193 196 NA NA NA 80 525 283 842 212 213 NA NA NA 
1763330400.0 1370.18 70 148 291 478 0 174 NA NA NA 99 226 378 691 0 264 NA NA NA 26 857 563 779 193 196 NA NA NA 77 425 269 885 216 220 NA NA NA 
1763330400.0 138.1 NA 294 148 0 NA NA NA NA NA NA 485 251 0 NA NA NA NA NA NA 724 155 133 NA NA NA NA NA NA 829 203 155 NA NA NA NA NA 
1763330400.0 138.2 NA 293 149 0 NA NA NA NA NA NA 491 255 0 NA NA NA NA NA NA 712 146 165 NA NA NA NA NA NA 587 203 216 NA NA NA NA NA 
1763330400.0 138.3 NA 70 473 0 NA NA NA NA NA NA 123 695 0 NA NA NA NA NA NA 52 24095 194 NA NA NA NA NA NA 304 15465 247 NA NA NA NA NA 
1763330400.0 138.4 NA 372 0 NA NA NA NA NA NA NA 579 0 NA NA NA NA NA NA NA 1025 196 NA NA NA NA NA NA NA 1089 257 NA NA NA NA NA NA 
1763330400.0 138.5 NA 440 217 0 NA NA NA NA NA NA 639 335 0 NA NA NA NA NA NA 1088 167 157 NA NA NA NA NA NA 1754 201 189 NA NA NA NA NA 
1763330400.0 139.001 NA 201 441 0 NA NA NA NA NA NA 274 652 0 NA NA NA NA NA NA 157 1362 124 NA NA NA NA NA NA 128 1570 146 NA NA NA NA NA 
1763330400.0 139.002 NA 196 532 0 NA NA NA NA NA NA 277 723 0 NA NA NA NA NA NA 150 1443 167 NA NA NA NA NA NA 125 1571 197 NA NA NA NA NA 
1763330400.0 139.003 NA 198 362 0 NA NA NA NA NA NA 285 527 0 NA NA NA NA NA NA 149 1099 85 NA NA NA NA NA NA 128 1143 124 NA NA NA NA NA 
1763330400.0 139.004 NA 200 442 0 NA NA NA NA NA NA 282 647 0 NA NA NA NA NA NA 215 1265 145 NA NA NA NA NA NA 174 1239 174 NA NA NA NA NA 
1763330400.0 139.005 NA 153 113 NA NA NA NA NA NA NA 258 261 NA NA NA NA NA NA NA 9787 5617 NA NA NA NA NA NA NA 5180 1859 NA NA NA NA NA NA 
1763330400.0 139901.0 NA 220 416 0 NA NA NA NA NA NA 315 575 0 NA NA NA NA NA NA 183 722 156 NA NA NA NA NA NA 211 825 174 NA NA NA NA NA 
1763330400.0 139902.0 NA 225 408 0 NA NA NA NA NA NA 323 611 0 NA NA NA NA NA NA 192 783 158 NA NA NA NA NA NA 240 880 187 NA NA NA NA NA 
1763330400.0 13992501.0 NA 426 652 0 NA NA NA NA NA NA 562 885 0 NA NA NA NA NA NA 831 1397 177 NA NA NA NA NA NA 506 1197 201 NA NA NA NA NA 
1763330400.0 13992502.0 NA 422 672 0 NA NA NA NA NA NA 554 977 0 NA NA NA NA NA NA 915 1329 170 NA NA NA NA NA NA 594 985 190 NA NA NA NA NA 
1763330400.0 14.0 NA 212 395 0 NA NA NA NA NA NA 304 625 0 NA NA NA NA NA NA 724 1867 190 NA NA NA NA NA NA 320 1032 228 NA NA NA NA NA 
1763330400.0 140.001 NA 195 473 0 NA NA NA NA NA NA 259 691 0 NA NA NA NA NA NA 149 1105 140 NA NA NA NA NA NA 111 1386 169 NA NA NA NA NA 
1763330400.0 140.002 NA 200 502 0 NA NA NA NA NA NA 276 675 0 NA NA NA NA NA NA 244 1514 145 NA NA NA NA NA NA 247 1022 187 NA NA NA NA NA 
1763330400.0 140.003 NA 189 485 0 NA NA NA NA NA NA 284 700 0 NA NA NA NA NA NA 161 1062 134 NA NA NA NA NA NA 155 1974 179 NA NA NA NA NA 
1763330400.0 140.004 NA 0 0 0 NA NA NA NA NA NA 0 0 0 NA NA NA NA NA NA 72 997 226 NA NA NA NA NA NA 101 1020 264 NA NA NA NA NA 
1763330400.0 140.005 NA 191 461 0 NA NA NA NA NA NA 277 683 0 NA NA NA NA NA NA 158 1144 136 NA NA NA NA NA NA 130 1160 167 NA NA NA NA NA 
1763330400.0 140.006 NA 0 0 0 NA NA NA NA NA NA 0 0 0 NA NA NA NA NA NA 72 1039 219 NA NA NA NA NA NA 97 1059 258 NA NA NA NA NA 
1763330400.0 140.007 NA 184 489 0 NA NA NA NA NA NA 255 687 0 NA NA NA NA NA NA 113 1290 224 NA NA NA NA NA NA 132 1310 256 NA NA NA NA NA 
1763330400.0 140.008 NA 165 442 0 NA NA NA NA NA NA 239 678 0 NA NA NA NA NA NA 83 1156 233 NA NA NA NA NA NA 128 1248 261 NA NA NA NA NA 
1763330400.0 140.009 NA 0 0 0 NA NA NA NA NA NA 0 0 0 NA NA NA NA NA NA 70 1030 218 NA NA NA NA NA NA 91 1094 240 NA NA NA NA NA 
1763330400.0 140.01 NA 199 510 0 NA NA NA NA NA NA 278 723 0 NA NA NA NA NA NA 313 1652 156 NA NA NA NA NA NA 242 1047 189 NA NA NA NA NA 
1763330400.0 140.011 NA 0 0 0 NA NA NA NA NA NA 0 0 0 NA NA NA NA NA NA 74 986 218 NA NA NA NA NA NA 119 985 268 NA NA NA NA NA 
1763330400.0 140.021 NA 0 0 0 NA NA NA NA NA NA 0 0 0 NA NA NA NA NA NA 71 1009 224 NA NA NA NA NA NA 122 1029 253 NA NA NA NA NA 
1763330400.0 140.022 NA 196 580 0 NA NA NA NA NA NA 274 853 0 NA NA NA NA NA NA 254 4271 145 NA NA NA NA NA NA 184 1696 178 NA NA NA NA NA 
1763330400.0 140.023 NA 197 580 0 NA NA NA NA NA NA 279 777 0 NA NA NA NA NA NA 198 2793 145 NA NA NA NA NA NA 161 1303 168 NA NA NA NA NA 
1763330400.0 140.024 NA 192 582 0 NA NA NA NA NA NA 275 869 0 NA NA NA NA NA NA 273 5185 147 NA NA NA NA NA NA 262 2002 179 NA NA NA NA NA 
1763330400.0 140.025 NA 195 583 0 NA NA NA NA NA NA 277 863 0 NA NA NA NA NA NA 232 5170 148 NA NA NA NA NA NA 212 2014 186 NA NA NA NA NA 
1763330400.0 140.026 NA 196 568 0 NA NA NA NA NA NA 275 889 0 NA NA NA NA NA NA 247 5821 139 NA NA NA NA NA NA 206 2107 161 NA NA NA NA NA 
1763330400.0 140.027 NA 191 567 0 NA NA NA NA NA NA 276 862 0 NA NA NA NA NA NA 251 4667 144 NA NA NA NA NA NA 237 1941 175 NA NA NA NA NA 
1763330400.0 140.028 NA 194 583 0 NA NA NA NA NA NA 271 858 0 NA NA NA NA NA NA 237 4577 149 NA NA NA NA NA NA 214 1786 179 NA NA NA NA NA 
1763330400.0 140.029 NA 195 581 0 NA NA NA NA NA NA 269 873 0 NA NA NA NA NA NA 242 4614 143 NA NA NA NA NA NA 175 1967 170 NA NA NA NA NA 
1763330400.0 140.03 NA 198 584 0 NA NA NA NA NA NA 270 843 0 NA NA NA NA NA NA 262 4386 153 NA NA NA NA NA NA 172 1909 185 NA NA NA NA NA 
1763330400.0 140.031 NA 194 578 0 NA NA NA NA NA NA 270 851 0 NA NA NA NA NA NA 261 4917 150 NA NA NA NA NA NA 178 1976 185 NA NA NA NA NA 
1763330400.0 140.042 NA 197 567 0 NA NA NA NA NA NA 268 888 0 NA NA NA NA NA NA 247 5455 139 NA NA NA NA NA NA 171 1998 158 NA NA NA NA NA 
1763330400.0 140.043 NA 198 588 0 NA NA NA NA NA NA 278 807 0 NA NA NA NA NA NA 211 3276 142 NA NA NA NA NA NA 182 1379 166 NA NA NA NA NA 
1763330400.0 140.044 NA 197 562 0 NA NA NA NA NA NA 265 870 0 NA NA NA NA NA NA 249 6129 145 NA NA NA NA NA NA 183 2444 201 NA NA NA NA NA 
1763330400.0 140.045 NA 194 596 0 NA NA NA NA NA NA 265 899 0 NA NA NA NA NA NA 293 6784 151 NA NA NA NA NA NA 471 2499 176 NA NA NA NA NA 
1763330400.0 140.046 NA 196 562 0 NA NA NA NA NA NA 271 927 0 NA NA NA NA NA NA 274 7049 149 NA NA NA NA NA NA 211 2616 189 NA NA NA NA NA 
1763330400.0 140.047 NA 188 581 0 NA NA NA NA NA NA 276 890 0 NA NA NA NA NA NA 264 6409 139 NA NA NA NA NA NA 275 2356 169 NA NA NA NA NA 
1763330400.0 140.048 NA 197 578 0 NA NA NA NA NA NA 273 874 0 NA NA NA NA NA NA 233 5720 141 NA NA NA NA NA NA 174 2213 170 NA NA NA NA NA 
1763330400.0 140.049 NA 197 561 0 NA NA NA NA NA NA 286 894 0 NA NA NA NA NA NA 238 5905 142 NA NA NA NA NA NA 220 2501 183 NA NA NA NA NA 
1763330400.0 140.05 NA 191 556 0 NA NA NA NA NA NA 274 862 0 NA NA NA NA NA NA 266 5530 146 NA NA NA NA NA NA 220 2205 185 NA NA NA NA NA 
1763330400.0 140.051 NA 195 552 0 NA NA NA NA NA NA 268 886 0 NA NA NA NA NA NA 259 5717 137 NA NA NA NA NA NA 163 2221 158 NA NA NA NA NA 
1763330400.0 140.062 NA 196 615 0 NA NA NA NA NA NA 274 903 0 NA NA NA NA NA NA 314 6590 145 NA NA NA NA NA NA 241 2413 174 NA NA NA NA NA 
1763330400.0 140.063 NA 195 593 0 NA NA NA NA NA NA 268 828 0 NA NA NA NA NA NA 240 4157 146 NA NA NA NA NA NA 230 1600 178 NA NA NA NA NA 
1763330400.0 140.064 NA 193 549 0 NA NA NA NA NA NA 272 914 0 NA NA NA NA NA NA 288 6905 139 NA NA NA NA NA NA 213 2617 164 NA NA NA NA NA 
1763330400.0 140.065 NA 191 599 0 NA NA NA NA NA NA 267 904 0 NA NA NA NA NA NA 290 7042 137 NA NA NA NA NA NA 213 2518 158 NA NA NA NA NA 
1763330400.0 140.066 NA 183 581 0 NA NA NA NA NA NA 270 962 0 NA NA NA NA NA NA 437 9609 166 NA NA NA NA NA NA 413 3267 206 NA NA NA NA NA 
1763330400.0 140.067 NA 183 566 0 NA NA NA NA NA NA 273 905 0 NA NA NA NA NA NA 390 7853 170 NA NA NA NA NA NA 330 2852 224 NA NA NA NA NA 
1763330400.0 140.068 NA 192 603 0 NA NA NA NA NA NA 273 919 0 NA NA NA NA NA NA 297 7109 147 NA NA NA NA NA NA 471 2805 176 NA NA NA NA NA 
1763330400.0 140.069 NA 194 555 0 NA NA NA NA NA NA 268 908 0 NA NA NA NA NA NA 310 6909 150 NA NA NA NA NA NA 226 2647 177 NA NA NA NA NA 
1763330400.0 140.071 NA 197 573 0 NA NA NA NA NA NA 269 846 0 NA NA NA NA NA NA 252 3944 141 NA NA NA NA NA NA 166 1950 172 NA NA NA NA NA 
1763330400.0 140.072 NA 199 570 0 NA NA NA NA NA NA 272 825 0 NA NA NA NA NA NA 196 2842 144 NA NA NA NA NA NA 154 1305 171 NA NA NA NA NA 
1763330400.0 140.073 NA 197 577 0 NA NA NA NA NA NA 275 860 0 NA NA NA NA NA NA 259 4495 149 NA NA NA NA NA NA 193 1769 181 NA NA NA NA NA 
1763330400.0 140.074 NA 197 546 0 NA NA NA NA NA NA 280 842 0 NA NA NA NA NA NA 218 4688 138 NA NA NA NA NA NA 163 1797 155 NA NA NA NA NA 
1763330400.0 140.075 NA 195 541 0 NA NA NA NA NA NA 264 875 0 NA NA NA NA NA NA 261 4800 145 NA NA NA NA NA NA 203 1905 173 NA NA NA NA NA 
1763330400.0 140.076 NA 197 570 0 NA NA NA NA NA NA 277 833 0 NA NA NA NA NA NA 233 4138 143 NA NA NA NA NA NA 176 1675 177 NA NA NA NA NA 
1763330400.0 140.077 NA 197 566 0 NA NA NA NA NA NA 279 814 0 NA NA NA NA NA NA 233 3937 138 NA NA NA NA NA NA 196 2270 175 NA NA NA NA NA 
1763330400.0 140.078 NA 197 565 0 NA NA NA NA NA NA 275 837 0 NA NA NA NA NA NA 271 4197 143 NA NA NA NA NA NA 197 1689 179 NA NA NA NA NA 
1763330400.0 140.101 NA 193 585 0 NA NA NA NA NA NA 269 882 0 NA NA NA NA NA NA 224 4426 148 NA NA NA NA NA NA 171 1863 188 NA NA NA NA NA 
1763330400.0 140.102 NA 196 541 0 NA NA NA NA NA NA 274 918 0 NA NA NA NA NA NA 286 6749 147 NA NA NA NA NA NA 187 2616 177 NA NA NA NA NA 
1763330400.0 140.103 NA 183 574 0 NA NA NA NA NA NA 263 945 0 NA NA NA NA NA NA 428 8249 178 NA NA NA NA NA NA 370 3352 218 NA NA NA NA NA 
1763330400.0 140.104 NA 183 599 0 NA NA NA NA NA NA 271 1000 0 NA NA NA NA NA NA 455 9775 183 NA NA NA NA NA NA 373 3533 216 NA NA NA NA NA 
1763330400.0 140.105 NA 191 631 0 NA NA NA NA NA NA 266 994 0 NA NA NA NA NA NA 292 6736 137 NA NA NA NA NA NA 226 2554 157 NA NA NA NA NA 
1763330400.0 140.106 NA 189 615 0 NA NA NA NA NA NA 274 929 0 NA NA NA NA NA NA 313 6866 151 NA NA NA NA NA NA 377 2730 192 NA NA NA NA NA 
1763330400.0 140.107 NA 195 582 0 NA NA NA NA NA NA 263 960 0 NA NA NA NA NA NA 297 6415 139 NA NA NA NA NA NA 231 2436 166 NA NA NA NA NA 
1763330400.0 140.108 NA 193 586 0 NA NA NA NA NA NA 268 890 0 NA NA NA NA NA NA 317 6223 146 NA NA NA NA NA NA 204 2391 175 NA NA NA NA NA 
1763330400.0 140.109 NA 197 559 0 NA NA NA NA NA NA 274 856 0 NA NA NA NA NA NA 229 2830 140 NA NA NA NA NA NA 202 1413 173 NA NA NA NA NA 
1763330400.0 140.11 NA 195 549 0 NA NA NA NA NA NA 274 913 0 NA NA NA NA NA NA 287 5944 145 NA NA NA NA NA NA 215 2349 192 NA NA NA NA NA 
1763330400.0 140.111 NA 194 592 0 NA NA NA NA NA NA 269 880 0 NA NA NA NA NA NA 304 6253 146 NA NA NA NA NA NA 203 2339 174 NA NA NA NA NA 
1763330400.0 140.112 NA 195 563 0 NA NA NA NA NA NA 276 919 0 NA NA NA NA NA NA 291 6489 140 NA NA NA NA NA NA 212 2781 161 NA NA NA NA NA 
1763330400.0 140.113 NA 0 0 0 NA NA NA NA NA NA 0 0 0 NA NA NA NA NA NA 75 981 407 NA NA NA NA NA NA 153 1608 446 NA NA NA NA NA 
1763330400.0 140.201 NA 244 NA NA NA NA NA NA NA NA 410 NA NA NA NA NA NA NA NA 663 NA NA NA NA NA NA NA NA 378 NA NA NA NA NA NA NA 
1763330400.0 140.202 NA 265 NA NA NA NA NA NA NA NA 453 NA NA NA NA NA NA NA NA 1336 NA NA NA NA NA NA NA NA 1166 NA NA NA NA NA NA NA 
1763330400.0 140.56 NA 833 0 NA NA NA NA NA NA NA 1266 0 NA NA NA NA NA NA NA 5839 150 NA NA NA NA NA NA NA 2292 192 NA NA NA NA NA NA 
1763330400.0 140.5611 NA 234 0 NA NA NA NA NA NA NA 355 0 NA NA NA NA NA NA NA 1478 88 NA NA NA NA NA NA NA 869 112 NA NA NA NA NA NA 
1763330400.0 140.57 NA 493 0 NA NA NA NA NA NA NA 700 0 NA NA NA NA NA NA NA 1479 157 NA NA NA NA NA NA NA 1621 183 NA NA NA NA NA NA 
1763330400.0 140.58 NA 119 799 0 NA NA NA NA NA NA 186 1231 0 NA NA NA NA NA NA 87 5374 148 NA NA NA NA NA NA 186 2129 205 NA NA NA NA NA 
1763330400.0 140.6 NA 98 370 0 NA NA NA NA NA NA 159 611 0 NA NA NA NA NA NA 80 656 145 NA NA NA NA NA NA 166 1196 172 NA NA NA NA NA 
1763330400.0 140.61 NA 380 0 NA NA NA NA NA NA NA 615 0 NA NA NA NA NA NA NA 1285 179 NA NA NA NA NA NA NA 927 208 NA NA NA NA NA NA 
1763330400.0 14034.0 NA 582 0 NA NA NA NA NA NA NA 884 0 NA NA NA NA NA NA NA 2127 148 NA NA NA NA NA NA NA 1033 194 NA NA NA NA NA NA 
1763330400.0 141.001 NA 388 606 0 NA NA NA NA NA NA 598 1010 0 NA NA NA NA NA NA 1918 8723 196 NA NA NA NA NA NA 857 3426 278 NA NA NA NA NA 
1763330400.0 141.002 NA 379 646 0 NA NA NA NA NA NA 546 918 0 NA NA NA NA NA NA 930 4195 167 NA NA NA NA NA NA 611 2318 190 NA NA NA NA NA 
1763330400.0 141.003 NA 391 619 0 NA NA NA NA NA NA 623 1000 0 NA NA NA NA NA NA 1668 8316 201 NA NA NA NA NA NA 849 3350 268 NA NA NA NA NA 
1763330400.0 141.004 NA 361 574 0 NA NA NA NA NA NA 553 876 0 NA NA NA NA NA NA 1028 3805 206 NA NA NA NA NA NA 1026 4739 236 NA NA NA NA NA 
1763330400.0 141.005 NA 378 613 0 NA NA NA NA NA NA 579 912 0 NA NA NA NA NA NA 1053 4382 173 NA NA NA NA NA NA 578 2390 193 NA NA NA NA NA 
1763330400.0 141.006 NA 376 609 0 NA NA NA NA NA NA 568 908 0 NA NA NA NA NA NA 996 4697 167 NA NA NA NA NA NA 576 2372 190 NA NA NA NA NA 
1763330400.0 141.007 NA 395 627 0 NA NA NA NA NA NA 621 956 0 NA NA NA NA NA NA 1089 5374 181 NA NA NA NA NA NA 604 2540 201 NA NA NA NA NA 
1763330400.0 141.008 NA 398 650 0 NA NA NA NA NA NA 668 1053 0 NA NA NA NA NA NA 1760 10277 242 NA NA NA NA NA NA 819 3927 271 NA NA NA NA NA 
1763330400.0 141.008505 NA 407 188 0 NA NA NA NA NA NA 644 319 0 NA NA NA NA NA NA 1504 489 72 NA NA NA NA NA NA 643 382 96 NA NA NA NA NA 
1763330400.0 141.008511 NA 398 164 0 NA NA NA NA NA NA 667 256 0 NA NA NA NA NA NA 1489 322 80 NA NA NA NA NA NA 696 373 118 NA NA NA NA NA 
1763330400.0 141.008521 NA 399 164 0 NA NA NA NA NA NA 645 234 0 NA NA NA NA NA NA 1518 322 75 NA NA NA NA NA NA 647 349 105 NA NA NA NA NA 
1763330400.0 141.009 NA 0 0 0 NA NA NA NA NA NA 0 0 0 NA NA NA NA NA NA 693 4038 642 NA NA NA NA NA NA 1253 5645 769 NA NA NA NA NA 
1763330400.0 141.01 NA 396 611 0 NA NA NA NA NA NA 618 1062 0 NA NA NA NA NA NA 1643 9583 194 NA NA NA NA NA NA 942 3778 217 NA NA NA NA NA 
1763330400.0 141.011 NA 386 650 0 NA NA NA NA NA NA 626 1042 0 NA NA NA NA NA NA 1664 8281 206 NA NA NA NA NA NA 882 3345 230 NA NA NA NA NA 
1763330400.0 141.012 NA 396 584 0 NA NA NA NA NA NA 619 977 0 NA NA NA NA NA NA 1114 5195 169 NA NA NA NA NA NA 585 2464 194 NA NA NA NA NA 
1763330400.0 141.013 NA 388 657 0 NA NA NA NA NA NA 636 994 0 NA NA NA NA NA NA 2187 8263 221 NA NA NA NA NA NA 1397 3359 254 NA NA NA NA NA 
1763330400.0 141.031 NA 387 652 0 NA NA NA NA NA NA 637 1048 0 NA NA NA NA NA NA 1959 9183 203 NA NA NA NA NA NA 889 3586 233 NA NA NA NA NA 
1763330400.0 141.032 NA 364 651 0 NA NA NA NA NA NA 565 947 0 NA NA NA NA NA NA 1546 6156 205 NA NA NA NA NA NA 1019 2845 259 NA NA NA NA NA 
1763330400.0 141.033 NA 393 657 0 NA NA NA NA NA NA 668 1039 0 NA NA NA NA NA NA 2103 10232 220 NA NA NA NA NA NA 912 3908 249 NA NA NA NA NA 
1763330400.0 141.034 NA 399 631 0 NA NA NA NA NA NA 651 1031 0 NA NA NA NA NA NA 2307 10451 235 NA NA NA NA NA NA 1296 4094 268 NA NA NA NA NA 
1763330400.0 141.035 NA 396 669 0 NA NA NA NA NA NA 657 1104 0 NA NA NA NA NA NA 2376 11113 211 NA NA NA NA NA NA 1074 4517 241 NA NA NA NA NA 
1763330400.0 141.036 NA 365 574 0 NA NA NA NA NA NA 588 885 0 NA NA NA NA NA NA 1201 4871 230 NA NA NA NA NA NA 1673 4223 261 NA NA NA NA NA 
1763330400.0 141.037 NA 395 624 0 NA NA NA NA NA NA 650 1038 0 NA NA NA NA NA NA 1691 8402 197 NA NA NA NA NA NA 824 3392 251 NA NA NA NA NA 
1763330400.0 141.038 NA 371 673 0 NA NA NA NA NA NA 636 1032 0 NA NA NA NA NA NA 2404 9837 206 NA NA NA NA NA NA 1374 3860 251 NA NA NA NA NA 
1763330400.0 141.039 NA 345 649 0 NA NA NA NA NA NA 578 968 0 NA NA NA NA NA NA 2476 9036 214 NA NA NA NA NA NA 1312 3619 274 NA NA NA NA NA 
1763330400.0 141.041 NA 391 632 0 NA NA NA NA NA NA 656 1081 0 NA NA NA NA NA NA 2649 12896 222 NA NA NA NA NA NA 1103 4794 287 NA NA NA NA NA 
1763330400.0 141.042 NA 375 667 0 NA NA NA NA NA NA 555 952 0 NA NA NA NA NA NA 1648 7449 216 NA NA NA NA NA NA 1015 3780 244 NA NA NA NA NA 
1763330400.0 141.043 NA 399 669 0 NA NA NA NA NA NA 678 1107 0 NA NA NA NA NA NA 2739 17955 232 NA NA NA NA NA NA 2315 9884 260 NA NA NA NA NA 
1763330400.0 141.044 NA 402 670 0 NA NA NA NA NA NA 671 1078 0 NA NA NA NA NA NA 2441 13069 214 NA NA NA NA NA NA 1486 4964 240 NA NA NA NA NA 
1763330400.0 141.045 NA 435 701 0 NA NA NA NA NA NA 722 1110 0 NA NA NA NA NA NA 3267 20435 228 NA NA NA NA NA NA 2801 11250 259 NA NA NA NA NA 
1763330400.0 141.046 NA 408 664 0 NA NA NA NA NA NA 669 1045 0 NA NA NA NA NA NA 2420 12311 223 NA NA NA NA NA NA 1469 4717 249 NA NA NA NA NA 
1763330400.0 141.047 NA 406 673 0 NA NA NA NA NA NA 680 1075 0 NA NA NA NA NA NA 2444 15123 231 NA NA NA NA NA NA 1465 6054 277 NA NA NA NA NA 
1763330400.0 141.048 NA 405 673 0 NA NA NA NA NA NA 668 1039 0 NA NA NA NA NA NA 2864 13612 230 NA NA NA NA NA NA 1736 5137 270 NA NA NA NA NA 
1763330400.0 141.049 NA 381 603 0 NA NA NA NA NA NA 605 975 0 NA NA NA NA NA NA 2476 9533 191 NA NA NA NA NA NA 1162 3820 215 NA NA NA NA NA 
1763330400.0 141.101 NA 370 659 0 NA NA NA NA NA NA 551 980 0 NA NA NA NA NA NA 1570 6421 212 NA NA NA NA NA NA 819 3088 271 NA NA NA NA NA 
1763330400.0 141.102 NA 387 660 0 NA NA NA NA NA NA 652 1087 0 NA NA NA NA NA NA 2434 9692 238 NA NA NA NA NA NA 1268 3783 287 NA NA NA NA NA 
1763330400.0 141.103 NA 393 703 0 NA NA NA NA NA NA 659 1195 0 NA NA NA NA NA NA 2227 10792 205 NA NA NA NA NA NA 1145 4322 230 NA NA NA NA NA 
1763330400.0 141.104 NA 398 705 0 NA NA NA NA NA NA 635 1314 0 NA NA NA NA NA NA 2411 11096 208 NA NA NA NA NA NA 1230 4343 233 NA NA NA NA NA 
1763330400.0 141.105 NA 365 614 0 NA NA NA NA NA NA 595 981 0 NA NA NA NA NA NA 1290 5183 226 NA NA NA NA NA NA 1050 5535 293 NA NA NA NA NA 
1763330400.0 141.106 NA 401 635 0 NA NA NA NA NA NA 633 1085 0 NA NA NA NA NA NA 1697 8352 196 NA NA NA NA NA NA 723 3466 240 NA NA NA NA NA 
1763330400.0 141.107 NA 386 684 0 NA NA NA NA NA NA 627 1117 0 NA NA NA NA NA NA 2154 9502 206 NA NA NA NA NA NA 1231 3871 232 NA NA NA NA NA 
1763330400.0 141.108 NA 402 664 0 NA NA NA NA NA NA 630 1058 0 NA NA NA NA NA NA 1947 9452 211 NA NA NA NA NA NA 824 3824 264 NA NA NA NA NA 
1763330400.0 141.109 NA 375 657 0 NA NA NA NA NA NA 566 974 0 NA NA NA NA NA NA 1273 5899 257 NA NA NA NA NA NA 867 2890 319 NA NA NA NA NA 
1763330400.0 141.11 NA 391 670 0 NA NA NA NA NA NA 626 1041 0 NA NA NA NA NA NA 2456 10959 258 NA NA NA NA NA NA 1093 4277 289 NA NA NA NA NA 
1763330400.0 141.111 NA 387 631 0 NA NA NA NA NA NA 600 1072 0 NA NA NA NA NA NA 2099 9842 252 NA NA NA NA NA NA 1364 4017 300 NA NA NA NA NA 
1763330400.0 141.112 NA 376 673 0 NA NA NA NA NA NA 656 1109 0 NA NA NA NA NA NA 2232 10643 230 NA NA NA NA NA NA 1157 4287 317 NA NA NA NA NA 
1763330400.0 141.113 NA 0 0 0 NA NA NA NA NA NA 0 0 0 NA NA NA NA NA NA 371 636 236 NA NA NA NA NA NA 313 634 277 NA NA NA NA NA 
1763330400.0 141.114 NA 379 619 0 NA NA NA NA NA NA 574 1059 0 NA NA NA NA NA NA 2403 9289 189 NA NA NA NA NA NA 1008 3928 211 NA NA NA NA NA 
1763330400.0 141.901 NA 461 0 NA NA NA NA NA NA NA 687 0 NA NA NA NA NA NA NA 3866 188 NA NA NA NA NA NA NA 1507 222 NA NA NA NA NA NA 
1763330400.0 141.902 NA 397 0 NA NA NA NA NA NA NA 604 0 NA NA NA NA NA NA NA 2714 139 NA NA NA NA NA NA NA 1084 187 NA NA NA NA NA NA 
1763330400.0 142.0 NA 498 873 0 NA NA NA NA NA NA 1127 1386 0 NA NA NA NA NA NA 4503 13780 205 NA NA NA NA NA NA 1839 4628 232 NA NA NA NA NA 
1763330400.0 14234.0 NA 775 0 NA NA NA NA NA NA NA 1135 0 NA NA NA NA NA NA NA 2521 133 NA NA NA NA NA NA NA 1283 168 NA NA NA NA NA NA 
1763330400.0 144.6 NA 363 NA NA NA NA NA NA NA NA 513 NA NA NA NA NA NA NA NA 1217 NA NA NA NA NA NA NA NA 1200 NA NA NA NA NA NA NA 
1763330400.0 148.0 150 269 402 0 NA NA NA NA NA 242 377 668 0 NA NA NA NA NA 2609 439 1066 215 NA NA NA NA NA 5164 735 911 284 NA NA NA NA NA 
1763330400.0 149.0 141 266 470 0 NA NA NA NA NA 219 354 661 0 NA NA NA NA NA 522 345 729 193 NA NA NA NA NA 475 284 886 222 NA NA NA NA NA 
1763330400.0 15.0 NA 172 331 0 NA NA NA NA NA NA 265 498 0 NA NA NA NA NA NA 700 930 171 NA NA NA NA NA NA 316 799 202 NA NA NA NA NA 
1763330400.0 158.0 140 229 464 119 0 NA NA NA NA 223 308 684 177 0 NA NA NA NA 888 142 708 96 199 NA NA NA NA 1110 191 843 115 249 NA NA NA NA 
1763330400.0 158.01 NA 206 0 NA NA NA NA NA NA NA 310 0 NA NA NA NA NA NA NA 1189 88 NA NA NA NA NA NA NA 925 130 NA NA NA NA NA NA 
1763330400.0 158.1 NA 273 483 0 NA NA NA NA NA NA 369 689 0 NA NA NA NA NA NA 199 775 201 NA NA NA NA NA NA 218 1092 237 NA NA NA NA NA 
1763330400.0 158.2 NA 256 481 0 NA NA NA NA NA NA 356 706 0 NA NA NA NA NA NA 203 723 198 NA NA NA NA NA NA 199 1037 231 NA NA NA NA NA 
1763330400.0 158.3 NA 256 476 0 NA NA NA NA NA NA 356 659 0 NA NA NA NA NA NA 203 730 202 NA NA NA NA NA NA 199 1307 249 NA NA NA NA NA 
1763330400.0 158.5 246 434 638 116 0 NA NA NA NA 413 723 937 179 0 NA NA NA NA 16984 1631 23513 135 250 NA NA NA NA 26358 1933 12115 162 295 NA NA NA NA 
1763330400.0 159.0 151 223 460 119 0 NA NA NA NA 224 295 638 180 0 NA NA NA NA 1020 127 628 100 199 NA NA NA NA 1511 160 623 123 241 NA NA NA NA 
1763330400.0 159.01 NA 198 0 NA NA NA NA NA NA NA 290 0 NA NA NA NA NA NA NA 932 103 NA NA NA NA NA NA NA 826 129 NA NA NA NA NA NA 
1763330400.0 159.02 152 222 121 457 118 0 NA NA NA 222 302 165 655 179 0 NA NA NA 989 138 81 581 100 198 NA NA NA 1586 177 118 675 125 224 NA NA NA 
1763330400.0 159.03 133 198 100 200 176 NA NA NA NA 214 278 150 415 265 NA NA NA NA 844 196 115 375 212 NA NA NA NA 2030 304 227 568 205 NA NA NA NA 
1763330400.0 159.1 156 264 436 0 NA NA NA NA NA 225 348 660 0 NA NA NA NA NA 1181 194 651 194 NA NA NA NA NA 632 135 708 226 NA NA NA NA NA 
1763330400.0 159.2 152 261 477 0 NA NA NA NA NA 219 349 664 0 NA NA NA NA NA 909 186 590 191 NA NA NA NA NA 607 136 596 211 NA NA NA NA NA 
1763330400.0 159.3 150 256 476 0 NA NA NA NA NA 220 333 644 0 NA NA NA NA NA 846 186 617 201 NA NA NA NA NA 561 155 658 230 NA NA NA NA NA 
1763330400.0 159.4 151 260 475 0 NA NA NA NA NA 234 336 662 0 NA NA NA NA NA 1009 183 596 199 NA NA NA NA NA 657 137 602 225 NA NA NA NA NA 
1763330400.0 16.0 NA 185 352 0 NA NA NA NA NA NA 276 520 0 NA NA NA NA NA NA 679 1076 180 NA NA NA NA NA NA 313 818 219 NA NA NA NA NA 
1763330400.0 160.0 144 227 466 119 0 NA NA NA NA 219 312 648 179 0 NA NA NA NA 801 162 562 101 198 NA NA NA NA 1123 195 745 124 260 NA NA NA NA 
1763330400.0 160.02 143 227 118 460 119 0 NA NA NA 218 309 162 666 178 0 NA NA NA 750 164 74 569 97 193 NA NA NA 1376 218 135 696 116 236 NA NA NA 
1763330400.0 160.03 200 305 174 288 184 NA NA NA NA 319 444 247 509 273 NA NA NA NA 6495 685 143 535 259 NA NA NA NA 10081 808 183 511 281 NA NA NA NA 
1763330400.0 160.1 151 286 463 0 NA NA NA NA NA 225 380 676 0 NA NA NA NA NA 1003 287 626 196 NA NA NA NA NA 766 158 682 258 NA NA NA NA NA 
1763330400.0 160.2 150 282 487 0 NA NA NA NA NA 233 369 699 0 NA NA NA NA NA 758 300 605 190 NA NA NA NA NA 556 174 598 208 NA NA NA NA NA 
1763330400.0 160.3 150 283 444 0 NA NA NA NA NA 219 371 663 0 NA NA NA NA NA 721 278 600 197 NA NA NA NA NA 636 153 635 272 NA NA NA NA NA 
1763330400.0 160.4 149 280 487 0 NA NA NA NA NA 222 376 677 0 NA NA NA NA NA 824 289 603 192 NA NA NA NA NA 652 163 657 253 NA NA NA NA NA 
1763330400.0 160.501 132 203 102 428 173 NA NA NA NA 221 302 155 730 253 NA NA NA NA 799 239 116 866 224 NA NA NA NA 1715 372 227 1235 265 NA NA NA NA 
1763330400.0 17.0 NA 173 336 0 NA NA NA NA NA NA 269 518 0 NA NA NA NA NA NA 647 975 171 NA NA NA NA NA NA 314 873 213 NA NA NA NA NA 
1763330400.0 18.0 NA 172 330 0 NA NA NA NA NA NA 267 489 0 NA NA NA NA NA NA 604 843 165 NA NA NA NA NA NA 278 776 196 NA NA NA NA NA 
1763330400.0 19.0 NA 171 333 0 NA NA NA NA NA NA 261 484 0 NA NA NA NA NA NA 687 1087 169 NA NA NA NA NA NA 325 963 218 NA NA NA NA NA 
1763330400.0 2.0 150 175 263 NA NA NA NA NA NA 281 253 439 NA NA NA NA NA NA 1475 263 579 NA NA NA NA NA NA 632 200 561 NA NA NA NA NA NA 
1763330400.0 20.0 NA 174 333 0 NA NA NA NA NA NA 275 501 0 NA NA NA NA NA NA 718 1000 189 NA NA NA NA NA NA 314 798 235 NA NA NA NA NA 
1763330400.0 200.0 NA 241 430 0 NA NA NA NA NA NA 359 601 0 NA NA NA NA NA NA 341 966 165 NA NA NA NA NA NA 372 951 184 NA NA NA NA NA 
1763330400.0 20034.0 171 519 534 0 203 NA NA NA NA 256 686 785 0 306 NA NA NA NA 3177 971 1421 284 389 NA NA NA NA 1559 569 1132 314 397 NA NA NA NA 
1763330400.0 2017.1 451 0 196 155 NA NA NA NA NA 627 0 307 252 NA NA NA NA NA 667 200 427 243 NA NA NA NA NA 956 293 443 292 NA NA NA NA NA 
1763330400.0 2017.11 470 0 203 170 NA NA NA NA NA 653 0 332 253 NA NA NA NA NA 518 120 338 184 NA NA NA NA NA 405 142 305 207 NA NA NA NA NA 
1763330400.0 2017.12 496 0 204 167 NA NA NA NA NA 631 0 309 242 NA NA NA NA NA 464 116 270 188 NA NA NA NA NA 518 139 290 231 NA NA NA NA NA 
1763330400.0 2017.13 423 0 NA NA NA NA NA NA NA 627 0 NA NA NA NA NA NA NA 688 194 NA NA NA NA NA NA NA 765 260 NA NA NA NA NA NA NA 
1763330400.0 2017.2 410 0 188 154 NA NA NA NA NA 562 0 277 247 NA NA NA NA NA 619 169 423 258 NA NA NA NA NA 956 251 505 314 NA NA NA NA NA 
1763330400.0 2017.3 407 0 198 167 NA NA NA NA NA 538 0 283 249 NA NA NA NA NA 392 106 261 190 NA NA NA NA NA 368 125 343 222 NA NA NA NA NA 
1763330400.0 2017.4 454 0 204 166 NA NA NA NA NA 641 0 298 251 NA NA NA NA NA 429 111 269 191 NA NA NA NA NA 411 128 379 223 NA NA NA NA NA 
1763330400.0 2017.5 447 0 190 154 NA NA NA NA NA 627 0 297 255 NA NA NA NA NA 642 188 414 271 NA NA NA NA NA 918 304 510 316 NA NA NA NA NA 
1763330400.0 2017.6 454 0 195 156 NA NA NA NA NA 663 0 313 250 NA NA NA NA NA 747 191 440 224 NA NA NA NA NA 723 285 531 252 NA NA NA NA NA 
1763330400.0 2017.7 443 0 195 156 NA NA NA NA NA 625 0 304 244 NA NA NA NA NA 665 181 410 238 NA NA NA NA NA 1012 303 428 308 NA NA NA NA NA 
1763330400.0 2017.8 223 NA NA NA NA NA NA NA NA 336 NA NA NA NA NA NA NA NA 400 NA NA NA NA NA NA NA NA 281 NA NA NA NA NA NA NA NA 
1763330400.0 2017.9 449 0 192 153 NA NA NA NA NA 619 0 289 246 NA NA NA NA NA 662 201 430 262 NA NA NA NA NA 1050 330 477 384 NA NA NA NA NA 
1763330400.0 2018.1 450 0 195 159 NA NA NA NA NA 635 0 316 257 NA NA NA NA NA 742 206 441 238 NA NA NA NA NA 1112 310 441 281 NA NA NA NA NA 
1763330400.0 2018.11 495 0 209 171 NA NA NA NA NA 635 0 332 264 NA NA NA NA NA 524 119 341 193 NA NA NA NA NA 441 133 306 217 NA NA NA NA NA 
1763330400.0 2018.12 487 0 191 172 NA NA NA NA NA 623 0 310 250 NA NA NA NA NA 437 118 278 190 NA NA NA NA NA 465 150 300 228 NA NA NA NA NA 
1763330400.0 2018.13 466 0 NA NA NA NA NA NA NA 670 0 NA NA NA NA NA NA NA 696 197 NA NA NA NA NA NA NA 767 220 NA NA NA NA NA NA NA 
1763330400.0 2018.2 416 0 192 169 NA NA NA NA NA 556 0 266 256 NA NA NA NA NA 388 110 252 190 NA NA NA NA NA 371 134 280 224 NA NA NA NA NA 
1763330400.0 2018.3 404 0 180 158 NA NA NA NA NA 537 0 267 251 NA NA NA NA NA 631 157 361 230 NA NA NA NA NA 944 290 400 272 NA NA NA NA NA 
1763330400.0 2018.4 455 0 199 170 NA NA NA NA NA 637 0 294 249 NA NA NA NA NA 441 113 261 191 NA NA NA NA NA 444 133 269 235 NA NA NA NA NA 
1763330400.0 2018.5 482 0 190 168 NA NA NA NA NA 617 0 298 247 NA NA NA NA NA 431 113 272 198 NA NA NA NA NA 397 131 305 245 NA NA NA NA NA 
1763330400.0 2018.6 459 0 200 171 NA NA NA NA NA 653 0 320 258 NA NA NA NA NA 468 114 267 187 NA NA NA NA NA 467 135 272 207 NA NA NA NA NA 
1763330400.0 2018.7 449 0 202 171 NA NA NA NA NA 632 0 296 259 NA NA NA NA NA 425 111 264 187 NA NA NA NA NA 410 127 275 209 NA NA NA NA NA 
1763330400.0 2018.8 207 NA NA NA NA NA NA NA NA 315 NA NA NA NA NA NA NA NA 414 NA NA NA NA NA NA NA NA 288 NA NA NA NA NA NA NA NA 
1763330400.0 2018.9 488 0 195 169 NA NA NA NA NA 624 0 292 255 NA NA NA NA NA 406 112 257 190 NA NA NA NA NA 387 127 276 229 NA NA NA NA NA 
1763330400.0 202.0 NA 258 455 0 NA NA NA NA NA NA 356 646 0 NA NA NA NA NA NA 300 1010 176 NA NA NA NA NA NA 289 993 201 NA NA NA NA NA 
1763330400.0 203.0 NA 269 439 0 NA NA NA NA NA NA 369 599 0 NA NA NA NA NA NA 316 946 169 NA NA NA NA NA NA 280 1092 188 NA NA NA NA NA 
1763330400.0 204.0 167 248 437 0 NA NA NA NA NA 277 341 624 0 NA NA NA NA NA 829 286 906 181 NA NA NA NA NA 494 373 1414 214 NA NA NA NA NA 
1763330400.0 205.0 NA 262 449 0 NA NA NA NA NA NA 347 626 0 NA NA NA NA NA NA 332 973 165 NA NA NA NA NA NA 308 1004 184 NA NA NA NA NA 
1763330400.0 20834.0 NA 624 551 0 221 NA NA NA NA NA 799 808 0 308 NA NA NA NA NA 843 1186 239 343 NA NA NA NA NA 489 973 273 331 NA NA NA NA 
1763330400.0 21.0 NA 174 358 0 NA NA NA NA NA NA 270 513 0 NA NA NA NA NA NA 594 966 169 NA NA NA NA NA NA 278 740 188 NA NA NA NA NA 
1763330400.0 22.0 NA 187 340 0 NA NA NA NA NA NA 275 530 0 NA NA NA NA NA NA 654 1422 224 NA NA NA NA NA NA 285 1195 259 NA NA NA NA NA 
1763330400.0 22034.0 178 532 548 0 207 NA NA NA NA 256 704 783 0 301 NA NA NA NA 2158 748 1056 227 309 NA NA NA NA 1143 440 1009 262 342 NA NA NA NA 
1763330400.0 22434.0 188 540 546 0 209 NA NA NA NA 270 662 780 0 301 NA NA NA NA 2119 741 1066 238 307 NA NA NA NA 1049 412 815 262 337 NA NA NA NA 
1763330400.0 22834.0 177 518 502 0 203 NA NA NA NA 265 683 767 0 311 NA NA NA NA 2451 857 1089 211 321 NA NA NA NA 1165 521 955 236 463 NA NA NA NA 
1763330400.0 23.0 NA 212 388 0 NA NA NA NA NA NA 297 550 0 NA NA NA NA NA NA 675 1162 200 NA NA NA NA NA NA 309 804 246 NA NA NA NA NA 
1763330400.0 23234.0 189 555 573 0 212 NA NA NA NA 265 710 781 0 319 NA NA NA NA 2707 804 1073 250 320 NA NA NA NA 1335 424 864 306 383 NA NA NA NA 
1763330400.0 23634.0 NA 614 593 0 225 NA NA NA NA NA 810 791 0 311 NA NA NA NA NA 916 1176 240 340 NA NA NA NA NA 675 1171 277 333 NA NA NA NA 
1763330400.0 24.0 NA 215 396 0 NA NA NA NA NA NA 308 592 0 NA NA NA NA NA NA 719 1514 197 NA NA NA NA NA NA 344 955 232 NA NA NA NA NA 
1763330400.0 24034.0 NA 554 567 0 223 NA NA NA NA NA 720 758 0 317 NA NA NA NA NA 733 1049 237 339 NA NA NA NA NA 387 843 263 308 NA NA NA NA 
1763330400.0 24434.0 173 525 529 0 203 NA NA NA NA 261 682 745 0 302 NA NA NA NA 2953 904 1330 263 384 NA NA NA NA 1684 458 1033 289 395 NA NA NA NA 
1763330400.0 24834.0 NA 617 568 0 227 NA NA NA NA NA 823 804 0 309 NA NA NA NA NA 847 1131 243 337 NA NA NA NA NA 494 931 321 322 NA NA NA NA 
1763330400.0 24834.103 NA 621 592 0 216 NA NA NA NA NA 818 809 0 302 NA NA NA NA NA 1146 1202 237 352 NA NA NA NA NA 599 861 300 458 NA NA NA NA 
1763330400.0 24834.21 NA 411 277 226 NA NA NA NA NA NA 634 470 367 NA NA NA NA NA NA 777 504 414 NA NA NA NA NA NA 391 354 439 NA NA NA NA NA 
1763330400.0 24834.5 NA 599 204 0 NA NA NA NA NA NA 808 302 0 NA NA NA NA NA NA 1320 419 90 NA NA NA NA NA NA 766 434 110 NA NA NA NA NA 
1763330400.0 24834.501 NA 628 292 0 NA NA NA NA NA NA 792 733 0 NA NA NA NA NA NA 852 395 98 NA NA NA NA NA NA 470 447 118 NA NA NA NA NA 
1763330400.0 24834.502 NA 591 324 0 NA NA NA NA NA NA 804 739 0 NA NA NA NA NA NA 1275 507 114 NA NA NA NA NA NA 1095 538 154 NA NA NA NA NA 
1763330400.0 24834.9 NA 631 600 0 230 NA NA NA NA NA 791 831 0 316 NA NA NA NA NA 897 1232 240 337 NA NA NA NA NA 544 1146 268 313 NA NA NA NA 
1763330400.0 24834.911 178 594 545 0 206 NA NA NA NA 269 819 774 0 304 NA NA NA NA 6423 3834 3896 1039 371 NA NA NA NA 5784 3703 3274 1506 376 NA NA NA NA 
1763330400.0 24861.0 NA 568 513 0 211 NA NA NA NA NA 722 654 0 295 NA NA NA NA NA 835 865 210 302 NA NA NA NA NA 647 835 247 324 NA NA NA NA 
1763330400.0 24896.0 NA 588 476 0 212 NA NA NA NA NA 719 643 0 293 NA NA NA NA NA 814 923 209 299 NA NA NA NA NA 553 893 235 304 NA NA NA NA 
1763330400.0 24900.0 NA 591 482 0 211 NA NA NA NA NA 743 646 0 295 NA NA NA NA NA 820 911 213 302 NA NA NA NA NA 586 868 233 313 NA NA NA NA 
1763330400.0 25.0 NA 217 431 0 137 NA NA NA NA NA 304 619 0 201 NA NA NA NA NA 744 1720 188 139 NA NA NA NA NA 327 1041 209 186 NA NA NA NA 
1763330400.0 2500.0 NA 225 0 NA NA NA NA NA NA NA 351 0 NA NA NA NA NA NA NA 15386 88 NA NA NA NA NA NA NA 4474 114 NA NA NA NA NA NA 
1763330400.0 2500.001 NA 267 0 NA NA NA NA NA NA NA 470 0 NA NA NA NA NA NA NA 17778 83 NA NA NA NA NA NA NA 5759 104 NA NA NA NA NA NA 
1763330400.0 2500.002 NA 269 0 NA NA NA NA NA NA NA 464 0 NA NA NA NA NA NA NA 16436 80 NA NA NA NA NA NA NA 5172 122 NA NA NA NA NA NA 
1763330400.0 2500.01 NA 250 0 NA NA NA NA NA NA NA 365 0 NA NA NA NA NA NA NA 7328 67 NA NA NA NA NA NA NA 2923 86 NA NA NA NA NA NA 
1763330400.0 2500.011 NA 254 0 NA NA NA NA NA NA NA 389 0 NA NA NA NA NA NA NA 16005 81 NA NA NA NA NA NA NA 4810 107 NA NA NA NA NA NA 
1763330400.0 2500.012 NA 261 0 NA NA NA NA NA NA NA 383 0 NA NA NA NA NA NA NA 9292 68 NA NA NA NA NA NA NA 3426 89 NA NA NA NA NA NA 
1763330400.0 2500.1 NA 202 0 NA NA NA NA NA NA NA 341 0 NA NA NA NA NA NA NA 13912 90 NA NA NA NA NA NA NA 5619 110 NA NA NA NA NA NA 
1763330400.0 2500.2 NA 200 0 NA NA NA NA NA NA NA 314 0 NA NA NA NA NA NA NA 8736 69 NA NA NA NA NA NA NA 3447 93 NA NA NA NA NA NA 
1763330400.0 2500.21 NA 233 0 NA NA NA NA NA NA NA 396 0 NA NA NA NA NA NA NA 14955 82 NA NA NA NA NA NA NA 5058 109 NA NA NA NA NA NA 
1763330400.0 2500.211 NA 229 0 NA NA NA NA NA NA NA 341 0 NA NA NA NA NA NA NA 1525 70 NA NA NA NA NA NA NA 695 109 NA NA NA NA NA NA 
1763330400.0 2500.3 NA 193 0 NA NA NA NA NA NA NA 316 0 NA NA NA NA NA NA NA 7025 82 NA NA NA NA NA NA NA 5018 122 NA NA NA NA NA NA 
1763330400.0 2500.301 NA 188 NA NA NA NA NA NA NA NA 303 NA NA NA NA NA NA NA NA 1105 NA NA NA NA NA NA NA NA 802 NA NA NA NA NA NA NA 
1763330400.0 2500.31 NA 252 0 NA NA NA NA NA NA NA 413 0 NA NA NA NA NA NA NA 3361 67 NA NA NA NA NA NA NA 2232 104 NA NA NA NA NA NA 
1763330400.0 2500.311 NA 242 0 NA NA NA NA NA NA NA 379 0 NA NA NA NA NA NA NA 967 85 NA NA NA NA NA NA NA 1017 125 NA NA NA NA NA NA 
1763330400.0 2500.312 NA 168 NA NA NA NA NA NA NA NA 248 NA NA NA NA NA NA NA NA 442 NA NA NA NA NA NA NA NA 291 NA NA NA NA NA NA NA 
1763330400.0 2500.313 NA 102 NA NA NA NA NA NA NA NA 177 NA NA NA NA NA NA NA NA 151 NA NA NA NA NA NA NA NA 173 NA NA NA NA NA NA NA 
1763330400.0 2500.314 NA 222 NA NA NA NA NA NA NA NA 346 NA NA NA NA NA NA NA NA 741 NA NA NA NA NA NA NA NA 545 NA NA NA NA NA NA NA 
1763330400.0 2500.315 NA 224 NA NA NA NA NA NA NA NA 329 NA NA NA NA NA NA NA NA 872 NA NA NA NA NA NA NA NA 860 NA NA NA NA NA NA NA 
1763330400.0 2500.316 NA 227 NA NA NA NA NA NA NA NA 334 NA NA NA NA NA NA NA NA 2525 NA NA NA NA NA NA NA NA 859 NA NA NA NA NA NA NA 
1763330400.0 2500.317 NA 226 NA NA NA NA NA NA NA NA 338 NA NA NA NA NA NA NA NA 842 NA NA NA NA NA NA NA NA 670 NA NA NA NA NA NA NA 
1763330400.0 2500.318 NA 228 NA NA NA NA NA NA NA NA 331 NA NA NA NA NA NA NA NA 1027 NA NA NA NA NA NA NA NA 513 NA NA NA NA NA NA NA 
1763330400.0 2500.319 NA 230 NA NA NA NA NA NA NA NA 338 NA NA NA NA NA NA NA NA 2865 NA NA NA NA NA NA NA NA 1037 NA NA NA NA NA NA NA 
1763330400.0 2500.4 NA 205 0 NA NA NA NA NA NA NA 313 0 NA NA NA NA NA NA NA 4207 68 NA NA NA NA NA NA NA 2265 85 NA NA NA NA NA NA 
1763330400.0 2500.401 NA 178 NA NA NA NA NA NA NA NA 296 NA NA NA NA NA NA NA NA 692 NA NA NA NA NA NA NA NA 440 NA NA NA NA NA NA NA 
1763330400.0 2500.402 NA 130 NA NA NA NA NA NA NA NA 291 NA NA NA NA NA NA NA NA 707 NA NA NA NA NA NA NA NA 422 NA NA NA NA NA NA NA 
1763330400.0 2500.403 NA 201 NA NA NA NA NA NA NA NA 322 NA NA NA NA NA NA NA NA 3451 NA NA NA NA NA NA NA NA 1082 NA NA NA NA NA NA NA 
1763330400.0 2500.404 NA 181 NA NA NA NA NA NA NA NA 296 NA NA NA NA NA NA NA NA 1065 NA NA NA NA NA NA NA NA 844 NA NA NA NA NA NA NA 
1763330400.0 2500.405 NA 187 NA NA NA NA NA NA NA NA 298 NA NA NA NA NA NA NA NA 1550 NA NA NA NA NA NA NA NA 682 NA NA NA NA NA NA NA 
1763330400.0 2500.406 NA 214 NA NA NA NA NA NA NA NA 337 NA NA NA NA NA NA NA NA 3849 NA NA NA NA NA NA NA NA 1180 NA NA NA NA NA NA NA 
1763330400.0 2500.5 NA 154 NA NA NA NA NA NA NA NA 257 NA NA NA NA NA NA NA NA 2876 NA NA NA NA NA NA NA NA 1002 NA NA NA NA NA NA NA 
1763330400.0 2500.51 NA 145 NA NA NA NA NA NA NA NA 230 NA NA NA NA NA NA NA NA 4070 NA NA NA NA NA NA NA NA 1218 NA NA NA NA NA NA NA 
1763330400.0 2500.6 NA 148 NA NA NA NA NA NA NA NA 247 NA NA NA NA NA NA NA NA 3042 NA NA NA NA NA NA NA NA 1082 NA NA NA NA NA NA NA 
1763330400.0 250199.0 372 NA NA NA NA NA NA NA NA 563 NA NA NA NA NA NA NA NA 1002 NA NA NA NA NA NA NA NA 692 NA NA NA NA NA NA NA NA 
1763330400.0 250199.17 376 NA NA NA NA NA NA NA NA 590 NA NA NA NA NA NA NA NA 1253 NA NA NA NA NA NA NA NA 769 NA NA NA NA NA NA NA NA 
1763330400.0 250199.18 461 NA NA NA NA NA NA NA NA 695 NA NA NA NA NA NA NA NA 1576 NA NA NA NA NA NA NA NA 804 NA NA NA NA NA NA NA NA 
1763330400.0 250200.0 NA 441 483 0 NA NA NA NA NA NA 615 705 0 NA NA NA NA NA NA 1954 1056 163 NA NA NA NA NA NA 754 906 187 NA NA NA NA NA 
1763330400.0 250200.1 167 422 354 NA NA NA NA NA NA 258 549 505 NA NA NA NA NA NA 757 286 813 NA NA NA NA NA NA 402 294 717 NA NA NA NA NA NA 
1763330400.0 250200.117 104 502 385 NA NA NA NA NA NA 225 628 549 NA NA NA NA NA NA 903 695 694 NA NA NA NA NA NA 475 405 555 NA NA NA NA NA NA 
1763330400.0 250200.118 136 529 372 167 NA NA NA NA NA 219 718 579 255 NA NA NA NA NA 879 742 810 202 NA NA NA NA NA 467 441 609 249 NA NA NA NA NA 
1763330400.0 250200.17 NA 520 582 0 NA NA NA NA NA NA 720 815 0 NA NA NA NA NA NA 2507 1079 208 NA NA NA NA NA NA 927 895 236 NA NA NA NA NA 
1763330400.0 250200.18 NA 578 585 0 NA NA NA NA NA NA 819 866 0 NA NA NA NA NA NA 3256 1295 199 NA NA NA NA NA NA 1525 945 224 NA NA NA NA NA 
1763330400.0 250200.182 144 562 619 0 NA NA NA NA NA 224 764 869 0 NA NA NA NA NA 948 790 1465 201 NA NA NA NA NA 591 460 1388 228 NA NA NA NA NA 
1763330400.0 250202.0 NA 443 472 0 NA NA NA NA NA NA 619 728 0 NA NA NA NA NA NA 2057 1159 166 NA NA NA NA NA NA 782 881 186 NA NA NA NA NA 
1763330400.0 250202.1 NA 393 418 511 0 NA NA NA NA NA 572 620 713 0 NA NA NA NA NA 982 2014 1109 170 NA NA NA NA NA 627 709 849 197 NA NA NA NA 
1763330400.0 250202.118 144 560 416 174 NA NA NA NA NA 222 754 638 253 NA NA NA NA NA 1102 789 1036 195 NA NA NA NA NA 509 464 815 221 NA NA NA NA NA 
1763330400.0 250202.17 NA 528 581 0 NA NA NA NA NA NA 718 873 0 NA NA NA NA NA NA 2617 1194 206 NA NA NA NA NA NA 942 926 228 NA NA NA NA NA 
1763330400.0 250202.171 NA 409 518 580 0 NA NA NA NA NA 582 713 843 0 NA NA NA NA NA 1005 2600 1187 207 NA NA NA NA NA 602 857 1622 236 NA NA NA NA 
1763330400.0 250202.172 NA 530 584 0 NA NA NA NA NA NA 725 890 0 NA NA NA NA NA NA 2718 1302 209 NA NA NA NA NA NA 1022 907 271 NA NA NA NA NA 
1763330400.0 250202.18 NA 576 604 0 NA NA NA NA NA NA 837 880 0 NA NA NA NA NA NA 3382 1349 207 NA NA NA NA NA NA 1451 1011 242 NA NA NA NA NA 
1763330400.0 250202.181 NA 483 564 607 0 NA NA NA NA NA 684 813 881 0 NA NA NA NA NA 1511 3217 1418 207 NA NA NA NA NA 995 1021 1008 235 NA NA NA NA 
1763330400.0 250202.182 147 585 626 0 NA NA NA NA NA 228 810 904 0 NA NA NA NA NA 1084 815 1546 213 NA NA NA NA NA 512 462 1075 239 NA NA NA NA NA 
1763330400.0 250202.183 148 568 628 0 NA NA NA NA NA 230 781 934 0 NA NA NA NA NA 1197 801 1633 270 NA NA NA NA NA 590 449 1255 293 NA NA NA NA NA 
1763330400.0 250202.184 NA 436 569 616 0 NA NA NA NA NA 627 814 890 0 NA NA NA NA NA 1438 3448 1441 209 NA NA NA NA NA 857 1211 989 239 NA NA NA NA 
1763330400.0 250202.2 NA 441 492 0 NA NA NA NA NA NA 639 682 0 NA NA NA NA NA NA 4154 1035 165 NA NA NA NA NA NA 1506 954 204 NA NA NA NA NA 
1763330400.0 250202.3 NA 385 430 482 0 NA NA NA NA NA 577 592 691 0 NA NA NA NA NA 974 4033 1038 163 NA NA NA NA NA 724 1283 958 185 NA NA NA NA 
1763330400.0 250202.4 NA 449 491 0 NA NA NA NA NA NA 629 709 0 NA NA NA NA NA NA 4183 1179 173 NA NA NA NA NA NA 1426 1059 202 NA NA NA NA NA 
1763330400.0 250202.5 NA 378 426 443 0 NA NA NA NA NA 577 584 676 0 NA NA NA NA NA 960 4083 1054 167 NA NA NA NA NA 738 1325 952 189 NA NA NA NA 
1763330400.0 250203.0 NA 437 488 0 NA NA NA NA NA NA 591 682 0 NA NA NA NA NA NA 1957 1043 166 NA NA NA NA NA NA 748 891 191 NA NA NA NA NA 
1763330400.0 250203.17 NA 516 570 0 NA NA NA NA NA NA 702 844 0 NA NA NA NA NA NA 2597 1109 205 NA NA NA NA NA NA 1078 1062 245 NA NA NA NA NA 
1763330400.0 250203.18 NA 563 602 0 NA NA NA NA NA NA 827 842 0 NA NA NA NA NA NA 3242 1311 204 NA NA NA NA NA NA 1530 1012 255 NA NA NA NA NA 
1763330400.0 250204.0 NA 439 470 0 NA NA NA NA NA NA 616 713 0 NA NA NA NA NA NA 1977 1094 168 NA NA NA NA NA NA 757 840 190 NA NA NA NA NA 
1763330400.0 250204.17 NA 526 578 0 NA NA NA NA NA NA 702 865 0 NA NA NA NA NA NA 2774 1259 203 NA NA NA NA NA NA 1196 1256 224 NA NA NA NA NA 
1763330400.0 250204.18 NA 567 622 0 NA NA NA NA NA NA 823 885 0 NA NA NA NA NA NA 3275 1459 206 NA NA NA NA NA NA 1376 1068 261 NA NA NA NA NA 
1763330400.0 250205.0 NA 440 482 0 NA NA NA NA NA NA 611 654 0 NA NA NA NA NA NA 1947 989 162 NA NA NA NA NA NA 794 837 188 NA NA NA NA NA 
1763330400.0 250205.17 NA 526 590 0 NA NA NA NA NA NA 690 840 0 NA NA NA NA NA NA 2527 1099 211 NA NA NA NA NA NA 945 1011 291 NA NA NA NA NA 
1763330400.0 250205.18 NA 575 626 0 NA NA NA NA NA NA 796 858 0 NA NA NA NA NA NA 3328 1368 211 NA NA NA NA NA NA 1399 1133 247 NA NA NA NA NA 
1763330400.0 250206.0 NA 438 502 0 NA NA NA NA NA NA 600 658 0 NA NA NA NA NA NA 2014 1033 170 NA NA NA NA NA NA 756 898 197 NA NA NA NA NA 
1763330400.0 250206.118 134 483 367 174 NA NA NA NA NA 223 661 576 260 NA NA NA NA NA 550 633 666 196 NA NA NA NA NA 462 381 561 258 NA NA NA NA NA 
1763330400.0 250206.17 NA 512 561 0 NA NA NA NA NA NA 720 798 0 NA NA NA NA NA NA 2617 1092 206 NA NA NA NA NA NA 1133 964 241 NA NA NA NA NA 
1763330400.0 250206.18 NA 573 661 0 NA NA NA NA NA NA 836 919 0 NA NA NA NA NA NA 3480 1377 209 NA NA NA NA NA NA 2090 1299 246 NA NA NA NA NA 
1763330400.0 250206.181 NA 457 580 658 0 NA NA NA NA NA 697 796 911 0 NA NA NA NA NA 1555 3064 1339 210 NA NA NA NA NA 1019 978 1296 272 NA NA NA NA 
1763330400.0 250206.182 144 540 667 0 NA NA NA NA NA 222 723 909 0 NA NA NA NA NA 541 643 1026 201 NA NA NA NA NA 370 396 839 226 NA NA NA NA NA 
1763330400.0 250207.0 NA 440 471 0 NA NA NA NA NA NA 607 656 0 NA NA NA NA NA NA 1839 956 155 NA NA NA NA NA NA 733 876 186 NA NA NA NA NA 
1763330400.0 250207.17 NA 519 571 0 NA NA NA NA NA NA 697 782 0 NA NA NA NA NA NA 2343 1023 192 NA NA NA NA NA NA 886 905 211 NA NA NA NA NA 
1763330400.0 250207.18 NA 564 585 0 NA NA NA NA NA NA 785 817 0 NA NA NA NA NA NA 3232 1270 197 NA NA NA NA NA NA 1338 1889 220 NA NA NA NA NA 
1763330400.0 250208.17 NA 523 623 0 NA NA NA NA NA NA 701 890 0 NA NA NA NA NA NA 3029 1514 216 NA NA NA NA NA NA 1279 1006 247 NA NA NA NA NA 
1763330400.0 250208.18 NA 567 629 0 NA NA NA NA NA NA 826 948 0 NA NA NA NA NA NA 3494 1954 217 NA NA NA NA NA NA 1305 1129 245 NA NA NA NA NA 
1763330400.0 25034.114 NA 1372 1961 0 NA NA NA NA NA NA 1919 2872 0 NA NA NA NA NA NA 8147 24920 310 NA NA NA NA NA NA 5526 10571 338 NA NA NA NA NA 
1763330400.0 25034.21 NA 876 629 278 NA NA NA NA NA NA 1253 1182 443 NA NA NA NA NA NA 6908 3961 669 NA NA NA NA NA NA 2535 1293 394 NA NA NA NA NA 
1763330400.0 25034.99 NA 1031 1280 1128 0 NA NA NA NA NA 1537 1794 1846 0 NA NA NA NA NA 5186 3764 11786 286 NA NA NA NA NA 3416 1890 3734 310 NA NA NA NA 
1763330400.0 25034.9921 NA 929 901 630 274 NA NA NA NA NA 1341 1296 1077 445 NA NA NA NA NA 4717 2253 3694 778 NA NA NA NA NA 3094 902 1318 488 NA NA NA NA 
1763330400.0 25034.999 NA 538 894 730 0 NA NA NA NA NA 800 1205 1059 0 NA NA NA NA NA 1434 1301 2588 253 NA NA NA NA NA 1237 588 1192 292 NA NA NA NA 
1763330400.0 250399.0 290 NA NA NA NA NA NA NA NA 412 NA NA NA NA NA NA NA NA 397 NA NA NA NA NA NA NA NA 420 NA NA NA NA NA NA NA NA 
1763330400.0 250399.17 354 NA NA NA NA NA NA NA NA 475 NA NA NA NA NA NA NA NA 598 NA NA NA NA NA NA NA NA 500 NA NA NA NA NA NA NA NA 
1763330400.0 250399.18 349 NA NA NA NA NA NA NA NA 487 NA NA NA NA NA NA NA NA 561 NA NA NA NA NA NA NA NA 413 NA NA NA NA NA NA NA NA 
1763330400.0 250400.0 460 0 206 NA NA NA NA NA NA 594 0 308 NA NA NA NA NA NA 468 105 282 NA NA NA NA NA NA 626 132 341 NA NA NA NA NA NA 
1763330400.0 250400.17 480 0 192 NA NA NA NA NA NA 675 0 307 NA NA NA NA NA NA 827 155 378 NA NA NA NA NA NA 1264 184 470 NA NA NA NA NA NA 
1763330400.0 250400.18 491 0 194 NA NA NA NA NA NA 713 0 302 NA NA NA NA NA NA 846 145 334 NA NA NA NA NA NA 1084 237 375 NA NA NA NA NA NA 
1763330400.0 250402.0 414 0 199 NA NA NA NA NA NA 602 0 322 NA NA NA NA NA NA 774 130 345 NA NA NA NA NA NA 1056 150 382 NA NA NA NA NA NA 
1763330400.0 250402.1 290 408 0 NA NA NA NA NA NA 407 602 0 NA NA NA NA NA NA 468 693 111 NA NA NA NA NA NA 623 613 128 NA NA NA NA NA NA 
1763330400.0 250402.17 491 0 181 NA NA NA NA NA NA 671 0 318 NA NA NA NA NA NA 551 114 296 NA NA NA NA NA NA 604 130 319 NA NA NA NA NA NA 
1763330400.0 250402.171 344 483 0 NA NA NA NA NA NA 480 681 0 NA NA NA NA NA NA 626 809 135 NA NA NA NA NA NA 694 704 158 NA NA NA NA NA NA 
1763330400.0 250402.18 553 0 214 NA NA NA NA NA NA 686 0 327 NA NA NA NA NA NA 542 122 287 NA NA NA NA NA NA 534 164 310 NA NA NA NA NA NA 
1763330400.0 250402.181 345 489 0 NA NA NA NA NA NA 494 692 0 NA NA NA NA NA NA 741 838 129 NA NA NA NA NA NA 764 1040 148 NA NA NA NA NA NA 
1763330400.0 250403.0 417 0 198 NA NA NA NA NA NA 620 0 309 NA NA NA NA NA NA 443 99 280 NA NA NA NA NA NA 537 118 330 NA NA NA NA NA NA 
1763330400.0 250403.17 483 0 199 NA NA NA NA NA NA 704 0 298 NA NA NA NA NA NA 805 152 332 NA NA NA NA NA NA 1069 229 340 NA NA NA NA NA NA 
1763330400.0 250403.18 492 0 198 NA NA NA NA NA NA 698 0 306 NA NA NA NA NA NA 789 161 368 NA NA NA NA NA NA 1085 192 376 NA NA NA NA NA NA 
1763330400.0 250405.0 409 0 191 NA NA NA NA NA NA 605 0 306 NA NA NA NA NA NA 707 133 347 NA NA NA NA NA NA 796 181 387 NA NA NA NA NA NA 
1763330400.0 250405.17 488 0 195 NA NA NA NA NA NA 685 0 315 NA NA NA NA NA NA 782 175 377 NA NA NA NA NA NA 926 210 465 NA NA NA NA NA NA 
1763330400.0 250405.18 534 0 203 NA NA NA NA NA NA 676 0 312 NA NA NA NA NA NA 535 112 277 NA NA NA NA NA NA 616 132 309 NA NA NA NA NA NA 
1763330400.0 250406.0 459 0 205 NA NA NA NA NA NA 613 0 303 NA NA NA NA NA NA 430 102 262 NA NA NA NA NA NA 651 121 324 NA NA NA NA NA NA 
1763330400.0 250406.17 535 0 205 NA NA NA NA NA NA 680 0 303 NA NA NA NA NA NA 463 113 269 NA NA NA NA NA NA 510 132 281 NA NA NA NA NA NA 
1763330400.0 250406.18 523 0 204 NA NA NA NA NA NA 671 0 302 NA NA NA NA NA NA 492 128 269 NA NA NA NA NA NA 657 185 316 NA NA NA NA NA NA 
1763330400.0 250407.0 367 0 184 NA NA NA NA NA NA 529 0 281 NA NA NA NA NA NA 609 124 384 NA NA NA NA NA NA 976 158 461 NA NA NA NA NA NA 
1763330400.0 250407.17 460 0 211 NA NA NA NA NA NA 593 0 297 NA NA NA NA NA NA 492 100 271 NA NA NA NA NA NA 610 141 279 NA NA NA NA NA NA 
1763330400.0 250407.18 444 0 186 NA NA NA NA NA NA 620 0 273 NA NA NA NA NA NA 774 161 342 NA NA NA NA NA NA 835 194 381 NA NA NA NA NA NA 
1763330400.0 250408.0 464 0 206 NA NA NA NA NA NA 604 0 329 NA NA NA NA NA NA 490 105 279 NA NA NA NA NA NA 535 128 277 NA NA NA NA NA NA 
1763330400.0 250408.17 489 0 201 NA NA NA NA NA NA 713 0 322 NA NA NA NA NA NA 900 150 395 NA NA NA NA NA NA 1270 174 444 NA NA NA NA NA NA 
1763330400.0 250408.18 543 0 206 NA NA NA NA NA NA 683 0 311 NA NA NA NA NA NA 585 117 280 NA NA NA NA NA NA 607 138 280 NA NA NA NA NA NA 
1763330400.0 250409.0 459 0 208 NA NA NA NA NA NA 634 0 358 NA NA NA NA NA NA 555 107 337 NA NA NA NA NA NA 629 198 337 NA NA NA NA NA NA 
1763330400.0 250409.17 509 0 217 NA NA NA NA NA NA 694 0 360 NA NA NA NA NA NA 659 121 342 NA NA NA NA NA NA 663 145 320 NA NA NA NA NA NA 
1763330400.0 250409.18 498 0 205 NA NA NA NA NA NA 697 0 347 NA NA NA NA NA NA 971 197 432 NA NA NA NA NA NA 1136 270 399 NA NA NA NA NA NA 
1763330400.0 25061.97 1078 NA NA NA NA NA NA NA NA 1567 NA NA NA NA NA NA NA NA 3237 NA NA NA NA NA NA NA NA 1607 NA NA NA NA NA NA NA NA 
1763330400.0 25200.0 NA 428 650 0 173 NA NA NA NA NA 601 944 0 250 NA NA NA NA NA 780 1192 162 191 NA NA NA NA NA 538 989 181 210 NA NA NA NA 
1763330400.0 25202.0 NA 425 651 0 170 NA NA NA NA NA 582 931 0 256 NA NA NA NA NA 787 1290 166 195 NA NA NA NA NA 462 939 185 208 NA NA NA NA 
1763330400.0 25202.1 NA 436 636 0 NA NA NA NA NA NA 614 915 0 NA NA NA NA NA NA 1018 1359 171 NA NA NA NA NA NA 517 1223 193 NA NA NA NA NA 
1763330400.0 25202.15 NA 428 671 0 188 NA NA NA NA NA 580 996 0 266 NA NA NA NA NA 818 1266 171 230 NA NA NA NA NA 499 980 213 240 NA NA NA NA 
1763330400.0 25202.2 NA 450 657 0 NA NA NA NA NA NA 610 927 0 NA NA NA NA NA NA 978 1265 170 NA NA NA NA NA NA 503 996 196 NA NA NA NA NA 
1763330400.0 25203.0 NA 431 648 0 170 NA NA NA NA NA 581 938 0 253 NA NA NA NA NA 811 1317 170 210 NA NA NA NA NA 503 1180 206 271 NA NA NA NA 
1763330400.0 25204.0 NA 405 670 0 NA NA NA NA NA NA 571 948 0 NA NA NA NA NA NA 895 1295 181 NA NA NA NA NA NA 622 996 210 NA NA NA NA NA 
1763330400.0 25205.0 NA 433 653 0 171 NA NA NA NA NA 615 891 0 251 NA NA NA NA NA 809 1192 160 195 NA NA NA NA NA 546 928 182 217 NA NA NA NA 
1763330400.0 25206.0 NA 446 705 0 171 NA NA NA NA NA 573 943 0 251 NA NA NA NA NA 807 1211 169 193 NA NA NA NA NA 448 908 191 210 NA NA NA NA 
1763330400.0 25207.0 NA 419 635 0 NA NA NA NA NA NA 560 902 0 NA NA NA NA NA NA 844 1286 163 NA NA NA NA NA NA 507 1623 191 NA NA NA NA NA 
1763330400.0 25208.0 NA 448 715 0 NA NA NA NA NA NA 591 987 0 NA NA NA NA NA NA 818 1687 174 NA NA NA NA NA NA 443 1189 199 NA NA NA NA NA 
1763330400.0 25209.0 NA 449 647 0 171 NA NA NA NA NA 606 967 0 250 NA NA NA NA NA 802 1355 167 195 NA NA NA NA NA 441 999 192 214 NA NA NA NA 
1763330400.0 25210.0 162 425 664 0 NA NA NA NA NA 254 545 865 0 NA NA NA NA NA 1420 413 1001 167 NA NA NA NA NA 834 397 1773 195 NA NA NA NA NA 
1763330400.0 25211.0 167 426 649 0 NA NA NA NA NA 267 570 983 0 NA NA NA NA NA 3109 795 1361 161 NA NA NA NA NA 1391 446 1049 178 NA NA NA NA NA 
1763330400.0 25211.17 145 461 721 0 NA NA NA NA NA 236 651 1043 0 NA NA NA NA NA 3144 1302 1284 215 NA NA NA NA NA 1099 654 1065 255 NA NA NA NA NA 
1763330400.0 25211.18 136 545 809 0 NA NA NA NA NA 240 724 1147 0 NA NA NA NA NA 4077 2074 1842 243 NA NA NA NA NA 1625 852 1246 318 NA NA NA NA NA 
1763330400.0 25212.0 172 428 658 0 NA NA NA NA NA 268 571 944 0 NA NA NA NA NA 4043 812 1400 165 NA NA NA NA NA 1398 477 1093 188 NA NA NA NA NA 
1763330400.0 25212.17 143 476 725 0 NA NA NA NA NA 242 661 1094 0 NA NA NA NA NA 4845 1424 1575 239 NA NA NA NA NA 1769 645 1224 285 NA NA NA NA NA 
1763330400.0 25212.18 142 500 780 0 NA NA NA NA NA 232 736 1173 0 NA NA NA NA NA 4768 2022 1823 240 NA NA NA NA NA 1672 856 1277 293 NA NA NA NA NA 
1763330400.0 25213.0 153 409 630 0 NA NA NA NA NA 268 603 916 0 NA NA NA NA NA 5779 1077 1619 205 NA NA NA NA NA 3238 545 1168 261 NA NA NA NA NA 
1763330400.0 25213.17 136 458 704 0 NA NA NA NA NA 233 664 1103 0 NA NA NA NA NA 6170 1561 1829 227 NA NA NA NA NA 3673 706 1372 249 NA NA NA NA NA 
1763330400.0 25213.18 139 539 801 0 NA NA NA NA NA 247 745 1150 0 NA NA NA NA NA 5954 2133 1914 240 NA NA NA NA NA 2873 852 1294 306 NA NA NA NA NA 
1763330400.0 25214.0 NA 407 639 0 NA NA NA NA NA NA 604 938 0 NA NA NA NA NA NA 858 1379 170 NA NA NA NA NA NA 545 1134 204 NA NA NA NA NA 
1763330400.0 25215.0 70 166 431 660 0 NA NA NA NA 99 261 572 927 0 NA NA NA NA 25 894 795 1335 165 NA NA NA NA 69 489 473 1070 191 NA NA NA NA 
1763330400.0 25215.17 70 146 471 702 0 NA NA NA NA 99 228 648 1027 0 NA NA NA NA 25 997 1296 1330 201 NA NA NA NA 68 494 734 1160 231 NA NA NA NA 
1763330400.0 25215.18 70 148 562 803 0 NA NA NA NA 99 227 708 1139 0 NA NA NA NA 26 964 1681 1719 208 NA NA NA NA 73 496 740 1170 234 NA NA NA NA 
1763330400.0 25234.0 188 620 542 0 207 NA NA NA NA 266 789 759 0 309 NA NA NA NA 2188 853 1122 248 313 NA NA NA NA 1062 525 1060 350 420 NA NA NA NA 
1763330400.0 25234.911 183 589 542 0 207 NA NA NA NA 272 781 820 0 299 NA NA NA NA 6308 3722 3902 1092 435 NA NA NA NA 5906 3104 3213 1638 443 NA NA NA NA 
1763330400.0 25400.0 507 0 158 NA NA NA NA NA NA 720 0 311 NA NA NA NA NA NA 1174 146 287 NA NA NA NA NA NA 785 173 286 NA NA NA NA NA NA 
1763330400.0 25400.17 659 0 208 NA NA NA NA NA NA 838 0 317 NA NA NA NA NA NA 1257 123 279 NA NA NA NA NA NA 764 162 310 NA NA NA NA NA NA 
1763330400.0 25400.18 620 0 195 NA NA NA NA NA NA 916 0 304 NA NA NA NA NA NA 1680 166 363 NA NA NA NA NA NA 1007 203 374 NA NA NA NA NA NA 
1763330400.0 25402.0 512 0 173 NA NA NA NA NA NA 735 0 311 NA NA NA NA NA NA 944 120 300 NA NA NA NA NA NA 634 162 303 NA NA NA NA NA NA 
1763330400.0 25402.17 614 0 198 NA NA NA NA NA NA 839 0 325 NA NA NA NA NA NA 1850 166 392 NA NA NA NA NA NA 1120 196 387 NA NA NA NA NA NA 
1763330400.0 25402.18 620 0 197 NA NA NA NA NA NA 824 0 331 NA NA NA NA NA NA 1761 183 374 NA NA NA NA NA NA 943 215 426 NA NA NA NA NA NA 
1763330400.0 25403.0 512 0 193 NA NA NA NA NA NA 770 0 302 NA NA NA NA NA NA 1342 179 361 NA NA NA NA NA NA 1109 217 362 NA NA NA NA NA NA 
1763330400.0 25403.17 613 0 160 NA NA NA NA NA NA 840 0 298 NA NA NA NA NA NA 1398 138 320 NA NA NA NA NA NA 870 183 394 NA NA NA NA NA NA 
1763330400.0 25403.18 609 0 195 NA NA NA NA NA NA 836 0 301 NA NA NA NA NA NA 1772 146 364 NA NA NA NA NA NA 1006 175 358 NA NA NA NA NA NA 
1763330400.0 25405.0 560 0 196 NA NA NA NA NA NA 727 0 319 NA NA NA NA NA NA 826 110 278 NA NA NA NA NA NA 610 160 303 NA NA NA NA NA NA 
1763330400.0 25405.17 612 0 196 NA NA NA NA NA NA 859 0 317 NA NA NA NA NA NA 1642 161 357 NA NA NA NA NA NA 1002 201 375 NA NA NA NA NA NA 
1763330400.0 25405.18 592 0 195 NA NA NA NA NA NA 859 0 312 NA NA NA NA NA NA 1290 133 290 NA NA NA NA NA NA 747 194 308 NA NA NA NA NA NA 
1763330400.0 25406.0 549 0 202 NA NA NA NA NA NA 708 0 298 NA NA NA NA NA NA 633 108 264 NA NA NA NA NA NA 661 129 283 NA NA NA NA NA NA 
1763330400.0 25406.17 591 0 195 NA NA NA NA NA NA 802 0 310 NA NA NA NA NA NA 1522 153 342 NA NA NA NA NA NA 1458 179 392 NA NA NA NA NA NA 
1763330400.0 25406.18 609 0 195 NA NA NA NA NA NA 834 0 314 NA NA NA NA NA NA 1498 162 340 NA NA NA NA NA NA 1155 191 420 NA NA NA NA NA NA 
1763330400.0 25407.0 459 0 189 NA NA NA NA NA NA 635 0 289 NA NA NA NA NA NA 1167 133 360 NA NA NA NA NA NA 1297 226 432 NA NA NA NA NA NA 
1763330400.0 25407.17 566 0 151 NA NA NA NA NA NA 798 0 290 NA NA NA NA NA NA 1530 124 288 NA NA NA NA NA NA 894 155 303 NA NA NA NA NA NA 
1763330400.0 25407.18 576 0 192 NA NA NA NA NA NA 750 0 296 NA NA NA NA NA NA 1391 122 290 NA NA NA NA NA NA 813 186 310 NA NA NA NA NA NA 
1763330400.0 25408.0 517 0 202 NA NA NA NA NA NA 726 0 360 NA NA NA NA NA NA 1517 134 457 NA NA NA NA NA NA 977 154 424 NA NA NA NA NA NA 
1763330400.0 25408.17 668 0 212 NA NA NA NA NA NA 892 0 358 NA NA NA NA NA NA 1423 128 340 NA NA NA NA NA NA 841 168 324 NA NA NA NA NA NA 
1763330400.0 25408.18 618 0 205 NA NA NA NA NA NA 857 0 340 NA NA NA NA NA NA 2228 181 431 NA NA NA NA NA NA 1099 210 453 NA NA NA NA NA NA 
1763330400.0 25409.0 511 0 198 NA NA NA NA NA NA 755 0 317 NA NA NA NA NA NA 1375 138 364 NA NA NA NA NA NA 1250 231 367 NA NA NA NA NA NA 
1763330400.0 25409.17 629 0 197 NA NA NA NA NA NA 869 0 314 NA NA NA NA NA NA 1786 136 297 NA NA NA NA NA NA 972 186 286 NA NA NA NA NA NA 
1763330400.0 25409.18 655 0 209 NA NA NA NA NA NA 842 0 312 NA NA NA NA NA NA 1363 123 280 NA NA NA NA NA NA 819 149 290 NA NA NA NA NA NA 
1763330400.0 25634.0 170 564 520 0 205 NA NA NA NA 258 798 828 0 310 NA NA NA NA 3150 1035 1173 256 332 NA NA NA NA 1649 628 947 318 363 NA NA NA NA 
1763330400.0 26.0 NA 214 417 0 NA NA NA NA NA NA 299 590 0 NA NA NA NA NA NA 642 1092 167 NA NA NA NA NA NA 277 844 183 NA NA NA NA NA 
1763330400.0 26034.0 183 589 552 0 205 NA NA NA NA 273 795 819 0 294 NA NA NA NA 3298 1284 1609 339 380 NA NA NA NA 2116 867 1556 426 391 NA NA NA NA 
1763330400.0 26434.0 174 591 542 0 205 NA NA NA NA 262 800 810 0 298 NA NA NA NA 3241 1261 1752 374 403 NA NA NA NA 1812 1009 1811 533 422 NA NA NA NA 
1763330400.0 26834.0 178 593 543 0 205 NA NA NA NA 266 824 772 0 310 NA NA NA NA 2437 1019 1371 268 347 NA NA NA NA 1119 652 1185 297 371 NA NA NA NA 
1763330400.0 27.0 NA 215 385 0 NA NA NA NA NA NA 296 570 0 NA NA NA NA NA NA 651 1055 175 NA NA NA NA NA NA 307 881 197 NA NA NA NA NA 
1763330400.0 27234.0 193 613 596 0 209 NA NA NA NA 277 800 823 0 303 NA NA NA NA 2092 854 1109 236 314 NA NA NA NA 1229 471 1055 259 332 NA NA NA NA 
1763330400.0 27634.0 180 604 556 0 213 NA NA NA NA 262 798 786 0 305 NA NA NA NA 2158 864 1113 231 318 NA NA NA NA 1085 561 947 248 371 NA NA NA NA 
1763330400.0 28.0 NA 201 379 0 NA NA NA NA NA NA 300 604 0 NA NA NA NA NA NA 770 1694 242 NA NA NA NA NA NA 392 1127 271 NA NA NA NA NA 
1763330400.0 280.0 190 183 356 0 NA NA NA NA NA 344 253 512 0 NA NA NA NA NA 800 172 695 163 NA NA NA NA NA 477 162 1025 184 NA NA NA NA NA 
1763330400.0 28034.0 189 586 571 0 213 NA NA NA NA 266 808 764 0 297 NA NA NA NA 1852 802 1062 201 286 NA NA NA NA 865 507 968 222 367 NA NA NA NA 
1763330400.0 281.0 185 247 432 0 NA NA NA NA NA 358 332 604 0 NA NA NA NA NA 645 198 615 158 NA NA NA NA NA 406 185 1582 182 NA NA NA NA NA 
1763330400.0 28434.0 177 613 576 0 212 NA NA NA NA 262 807 812 0 302 NA NA NA NA 2159 828 1053 231 311 NA NA NA NA 1064 490 939 250 367 NA NA NA NA 
1763330400.0 28834.0 181 618 568 0 213 NA NA NA NA 268 797 761 0 310 NA NA NA NA 1969 781 1065 199 284 NA NA NA NA 1038 457 946 224 353 NA NA NA NA 
1763330400.0 29.0 NA 214 408 0 NA NA NA NA NA NA 300 575 0 NA NA NA NA NA NA 642 1138 168 NA NA NA NA NA NA 269 919 184 NA NA NA NA NA 
1763330400.0 29234.0 132 591 541 0 207 NA NA NA NA 268 778 794 0 308 NA NA NA NA 2903 1184 1523 308 361 NA NA NA NA 1603 824 1524 422 452 NA NA NA NA 
1763330400.0 29634.0 143 597 542 0 207 NA NA NA NA 270 775 816 0 306 NA NA NA NA 2727 1052 1440 286 423 NA NA NA NA 1293 571 1261 313 426 NA NA NA NA 
1763330400.0 3.0 156 182 299 NA NA NA NA NA NA 263 249 434 NA NA NA NA NA NA 1502 146 584 NA NA NA NA NA NA 757 159 553 NA NA NA NA NA NA 
1763330400.0 30.0 NA 211 391 0 NA NA NA NA NA NA 299 565 0 NA NA NA NA NA NA 670 1208 187 NA NA NA NA NA NA 302 860 205 NA NA NA NA NA 
1763330400.0 300.0 152 263 499 0 NA NA NA NA NA 255 358 688 0 NA NA NA NA NA 619 159 646 191 NA NA NA NA NA 536 277 1989 234 NA NA NA NA NA 
1763330400.0 301.0 153 265 483 0 NA NA NA NA NA 260 361 690 0 NA NA NA NA NA 806 159 641 183 NA NA NA NA NA 507 238 859 208 NA NA NA NA NA 
1763330400.0 302.0 152 258 492 0 NA NA NA NA NA 256 342 701 0 NA NA NA NA NA 566 170 640 184 NA NA NA NA NA 498 303 879 216 NA NA NA NA NA 
1763330400.0 31.0 NA 201 367 0 NA NA NA NA NA NA 299 571 0 NA NA NA NA NA NA 702 1353 245 NA NA NA NA NA NA 333 1038 277 NA NA NA NA NA 
1763330400.0 310.0 162 253 492 0 NA NA NA NA NA 270 348 688 0 NA NA NA NA NA 794 165 595 186 NA NA NA NA NA 652 264 734 212 NA NA NA NA NA 
1763330400.0 311.0 166 256 491 0 NA NA NA NA NA 268 350 680 0 NA NA NA NA NA 1049 165 614 191 NA NA NA NA NA 714 298 779 228 NA NA NA NA NA 
1763330400.0 312.0 164 259 482 0 NA NA NA NA NA 269 334 671 0 NA NA NA NA NA 752 161 623 195 NA NA NA NA NA 695 273 1011 218 NA NA NA NA NA 
1763330400.0 32.0 NA 213 392 0 NA NA NA NA NA NA 306 587 0 NA NA NA NA NA NA 677 1200 173 NA NA NA NA NA NA 295 858 195 NA NA NA NA NA 
1763330400.0 320.0 174 255 478 0 NA NA NA NA NA 288 347 688 0 NA NA NA NA NA 865 190 578 194 NA NA NA NA NA 742 321 790 219 NA NA NA NA NA 
1763330400.0 321.0 177 308 563 0 NA NA NA NA NA 273 422 779 0 NA NA NA NA NA 1155 267 797 191 NA NA NA NA NA 789 383 986 218 NA NA NA NA NA 
1763330400.0 322.0 177 270 500 0 NA NA NA NA NA 278 366 709 0 NA NA NA NA NA 888 219 624 193 NA NA NA NA NA 737 368 970 249 NA NA NA NA NA 
1763330400.0 33.0 NA 214 366 0 NA NA NA NA NA NA 300 562 0 NA NA NA NA NA NA 644 1014 171 NA NA NA NA NA NA 279 802 192 NA NA NA NA NA 
1763330400.0 34.0 169 185 364 0 NA NA NA NA NA 276 252 524 0 NA NA NA NA NA 810 165 699 164 NA NA NA NA NA 468 162 775 200 NA NA NA NA NA 
1763330400.0 35.0 NA 205 381 0 NA NA NA NA NA NA 305 604 0 NA NA NA NA NA NA 734 1307 214 NA NA NA NA NA NA 374 905 251 NA NA NA NA NA 
1763330400.0 36.0 NA 209 423 0 NA NA NA NA NA NA 300 618 0 NA NA NA NA NA NA 708 3553 190 NA NA NA NA NA NA 314 1438 210 NA NA NA NA NA 
1763330400.0 37.0 NA 206 412 0 NA NA NA NA NA NA 310 625 0 NA NA NA NA NA NA 726 1629 183 NA NA NA NA NA NA 354 939 203 NA NA NA NA NA 
1763330400.0 38.0 NA 209 397 0 NA NA NA NA NA NA 312 599 0 NA NA NA NA NA NA 710 1477 183 NA NA NA NA NA NA 350 921 214 NA NA NA NA NA 
1763330400.0 39.0 NA 213 377 0 NA NA NA NA NA NA 296 619 0 NA NA NA NA NA NA 779 2432 184 NA NA NA NA NA NA 369 1208 205 NA NA NA NA NA 
1763330400.0 4.17 NA 103 377 0 258 NA NA NA NA NA 162 545 0 346 NA NA NA NA NA 77 1286 130 462 NA NA NA NA NA 130 952 159 470 NA NA NA NA 
1763330400.0 4.22 NA 195 122 125 0 NA NA NA NA NA 316 194 211 0 NA NA NA NA NA 552 161 154 107 NA NA NA NA NA 608 230 228 145 NA NA NA NA 
1763330400.0 4.23 NA 131 388 0 NA NA NA NA NA NA 197 553 0 NA NA NA NA NA NA 104 1188 183 NA NA NA NA NA NA 169 881 227 NA NA NA NA NA 
1763330400.0 4.24 NA 125 352 0 NA NA NA NA NA NA 186 542 0 NA NA NA NA NA NA 102 1286 132 NA NA NA NA NA NA 143 1176 151 NA NA NA NA NA 
1763330400.0 4.25 NA 128 380 0 NA NA NA NA NA NA 187 529 0 NA NA NA NA NA NA 103 1240 149 NA NA NA NA NA NA 133 1021 177 NA NA NA NA NA 
1763330400.0 4.26 NA 120 374 0 NA NA NA NA NA NA 188 568 0 NA NA NA NA NA NA 168 2204 185 NA NA NA NA NA NA 279 1577 236 NA NA NA NA NA 
1763330400.0 4.27 NA 129 390 0 NA NA NA NA NA NA 188 544 0 NA NA NA NA NA NA 104 1544 201 NA NA NA NA NA NA 163 1094 257 NA NA NA NA NA 
1763330400.0 4.28 NA 127 353 0 NA NA NA NA NA NA 207 545 0 NA NA NA NA NA NA 161 2267 1156 NA NA NA NA NA NA 394 2953 1995 NA NA NA NA NA 
1763330400.0 4.29 NA 105 384 0 263 NA NA NA NA NA 169 554 0 350 NA NA NA NA NA 76 1399 136 473 NA NA NA NA NA 119 970 164 487 NA NA NA NA 
1763330400.0 4.34 NA 133 396 0 NA NA NA NA NA NA 193 568 0 NA NA NA NA NA NA 115 1349 181 NA NA NA NA NA NA 212 1049 213 NA NA NA NA NA 
1763330400.0 4.36 NA 130 384 0 NA NA NA NA NA NA 194 549 0 NA NA NA NA NA NA 99 1517 142 NA NA NA NA NA NA 127 1307 170 NA NA NA NA NA 
1763330400.0 4.37 NA 126 388 0 NA NA NA NA NA NA 187 552 0 NA NA NA NA NA NA 101 1694 143 NA NA NA NA NA NA 159 1064 188 NA NA NA NA NA 
1763330400.0 4.4 NA 103 455 0 NA NA NA NA NA NA 165 735 0 NA NA NA NA NA NA 72 1524 134 NA NA NA NA NA NA 118 971 154 NA NA NA NA NA 
1763330400.0 4.41 NA 96 457 0 NA NA NA NA NA NA 172 764 0 NA NA NA NA NA NA 73 1929 130 NA NA NA NA NA NA 126 1028 154 NA NA NA NA NA 
1763330400.0 4.42 NA 101 474 0 NA NA NA NA NA NA 170 796 0 NA NA NA NA NA NA 72 2248 137 NA NA NA NA NA NA 92 1165 159 NA NA NA NA NA 
1763330400.0 4.43 NA 106 452 0 NA NA NA NA NA NA 173 730 0 NA NA NA NA NA NA 67 1591 138 NA NA NA NA NA NA 112 1424 165 NA NA NA NA NA 
1763330400.0 4.44 NA 97 460 0 NA NA NA NA NA NA 164 767 0 NA NA NA NA NA NA 74 1774 135 NA NA NA NA NA NA 165 999 174 NA NA NA NA NA 
1763330400.0 4.45 NA 103 440 0 NA NA NA NA NA NA 168 803 0 NA NA NA NA NA NA 74 2429 140 NA NA NA NA NA NA 92 1244 177 NA NA NA NA NA 
1763330400.0 4.51 NA 105 472 0 NA NA NA NA NA NA 167 751 0 NA NA NA NA NA NA 70 1937 136 NA NA NA NA NA NA 117 1048 167 NA NA NA NA NA 
1763330400.0 4.52 NA 98 428 0 NA NA NA NA NA NA 168 770 0 NA NA NA NA NA NA 82 2508 141 NA NA NA NA NA NA 156 1309 179 NA NA NA NA NA 
1763330400.0 4.53 NA 102 469 0 NA NA NA NA NA NA 169 786 0 NA NA NA NA NA NA 73 2367 132 NA NA NA NA NA NA 104 1180 157 NA NA NA NA NA 
1763330400.0 4.54 NA 102 465 0 NA NA NA NA NA NA 169 768 0 NA NA NA NA NA NA 73 2343 132 NA NA NA NA NA NA 94 1156 150 NA NA NA NA NA 
1763330400.0 4.55 NA 102 478 0 NA NA NA NA NA NA 170 805 0 NA NA NA NA NA NA 74 2904 129 NA NA NA NA NA NA 83 1348 147 NA NA NA NA NA 
1763330400.0 4.57 NA 124 479 0 NA NA NA NA NA NA 186 787 0 NA NA NA NA NA NA 107 2696 137 NA NA NA NA NA NA 139 1228 156 NA NA NA NA NA 
1763330400.0 4.58 NA 105 458 0 NA NA NA NA NA NA 165 740 0 NA NA NA NA NA NA 73 1775 134 NA NA NA NA NA NA 97 1013 169 NA NA NA NA NA 
1763330400.0 4.6 NA 377 0 NA NA NA NA NA NA NA 520 0 NA NA NA NA NA NA NA 1203 189 NA NA NA NA NA NA NA 1010 217 NA NA NA NA NA NA 
1763330400.0 4.61 NA 102 473 0 NA NA NA NA NA NA 167 768 0 NA NA NA NA NA NA 74 2246 129 NA NA NA NA NA NA 119 1163 148 NA NA NA NA NA 
1763330400.0 4.62 NA 104 468 0 NA NA NA NA NA NA 171 790 0 NA NA NA NA NA NA 72 2281 140 NA NA NA NA NA NA 120 1158 189 NA NA NA NA NA 
1763330400.0 4.63 NA 102 437 0 NA NA NA NA NA NA 171 784 0 NA NA NA NA NA NA 82 2607 135 NA NA NA NA NA NA 155 1333 164 NA NA NA NA NA 
1763330400.0 4.64 NA 100 470 0 NA NA NA NA NA NA 169 792 0 NA NA NA NA NA NA 74 2428 129 NA NA NA NA NA NA 138 1234 149 NA NA NA NA NA 
1763330400.0 4.65 NA 102 500 0 NA NA NA NA NA NA 170 808 0 NA NA NA NA NA NA 85 3405 134 NA NA NA NA NA NA 133 1473 152 NA NA NA NA NA 
1763330400.0 4.67 NA 126 480 0 NA NA NA NA NA NA 184 790 0 NA NA NA NA NA NA 105 2809 137 NA NA NA NA NA NA 134 1331 162 NA NA NA NA NA 
1763330400.0 4.68 NA 96 470 0 NA NA NA NA NA NA 168 789 0 NA NA NA NA NA NA 74 2205 134 NA NA NA NA NA NA 128 1130 158 NA NA NA NA NA 
1763330400.0 4.71 NA 95 442 0 NA NA NA NA NA NA 166 746 0 NA NA NA NA NA NA 121 1917 148 NA NA NA NA NA NA 237 1081 208 NA NA NA NA NA 
1763330400.0 4.72 NA 99 466 0 NA NA NA NA NA NA 166 760 0 NA NA NA NA NA NA 77 2139 135 NA NA NA NA NA NA 133 1101 166 NA NA NA NA NA 
1763330400.0 4.73 NA 99 465 0 NA NA NA NA NA NA 169 806 0 NA NA NA NA NA NA 77 2502 147 NA NA NA NA NA NA 101 1211 191 NA NA NA NA NA 
1763330400.0 4.74 NA 103 440 0 NA NA NA NA NA NA 170 767 0 NA NA NA NA NA NA 72 2128 137 NA NA NA NA NA NA 105 1112 161 NA NA NA NA NA 
1763330400.0 4.75 NA 103 445 0 NA NA NA NA NA NA 167 799 0 NA NA NA NA NA NA 72 2569 130 NA NA NA NA NA NA 129 1244 147 NA NA NA NA NA 
1763330400.0 4.76 NA 127 475 0 NA NA NA NA NA NA 193 793 0 NA NA NA NA NA NA 108 2688 133 NA NA NA NA NA NA 166 1246 151 NA NA NA NA NA 
1763330400.0 4.77 NA 125 464 0 NA NA NA NA NA NA 193 775 0 NA NA NA NA NA NA 107 2701 145 NA NA NA NA NA NA 237 1231 179 NA NA NA NA NA 
1763330400.0 4.78 NA 101 465 0 NA NA NA NA NA NA 176 782 0 NA NA NA NA NA NA 77 2561 140 NA NA NA NA NA NA 149 1199 182 NA NA NA NA NA 
1763330400.0 4000.0 NA 217 413 NA NA NA NA NA NA NA 314 619 NA NA NA NA NA NA NA 757 1689 NA NA NA NA NA NA NA 313 958 NA NA NA NA NA NA 
1763330400.0 4001.0 NA 253 466 NA NA NA NA NA NA NA 352 689 NA NA NA NA NA NA NA 308 972 NA NA NA NA NA NA NA 303 1009 NA NA NA NA NA NA 
1763330400.0 4002.0 NA 201 368 NA NA NA NA NA NA NA 298 572 NA NA NA NA NA NA NA 692 1168 NA NA NA NA NA NA NA 377 883 NA NA NA NA NA NA 
1763330400.0 4003.0 NA 204 372 NA NA NA NA NA NA NA 304 574 NA NA NA NA NA NA NA 711 1274 NA NA NA NA NA NA NA 362 914 NA NA NA NA NA NA 
1763330400.0 4006.0 135 251 437 NA NA NA NA NA NA 219 354 607 NA NA NA NA NA NA 358 338 963 NA NA NA NA NA NA 305 296 1243 NA NA NA NA NA NA 
1763330400.0 4007.0 126 0 0 NA NA NA NA NA NA 207 0 0 NA NA NA NA NA NA 279 62 548 NA NA NA NA NA NA 332 173 661 NA NA NA NA NA NA 
1763330400.0 4008.0 122 0 0 NA NA NA NA NA NA 207 0 0 NA NA NA NA NA NA 274 59 563 NA NA NA NA NA NA 276 160 816 NA NA NA NA NA NA 
1763330400.0 43.0 NA 209 395 0 NA NA NA NA NA NA 301 584 0 NA NA NA NA NA NA 677 1385 193 NA NA NA NA NA NA 311 853 217 NA NA NA NA NA 
1763330400.0 44.0 NA 198 387 0 NA NA NA NA NA NA 303 579 0 NA NA NA NA NA NA 673 1251 173 NA NA NA NA NA NA 371 832 193 NA NA NA NA NA 
1763330400.0 45.0 NA 215 392 0 NA NA NA NA NA NA 295 599 0 NA NA NA NA NA NA 658 1294 179 NA NA NA NA NA NA 288 875 197 NA NA NA NA NA 
1763330400.0 5.1 362 0 NA NA NA NA NA NA NA 527 0 NA NA NA NA NA NA NA 660 111 NA NA NA NA NA NA NA 826 129 NA NA NA NA NA NA NA 
1763330400.0 5.2 310 0 NA NA NA NA NA NA NA 428 0 NA NA NA NA NA NA NA 500 122 NA NA NA NA NA NA NA 699 146 NA NA NA NA NA NA NA 
1763330400.0 5.3 272 0 NA NA NA NA NA NA NA 450 0 NA NA NA NA NA NA NA 567 147 NA NA NA NA NA NA NA 843 183 NA NA NA NA NA NA NA 
1763330400.0 5.4 366 0 NA NA NA NA NA NA NA 518 0 NA NA NA NA NA NA NA 602 126 NA NA NA NA NA NA NA 796 150 NA NA NA NA NA NA NA 
1763330400.0 5.5 304 0 NA NA NA NA NA NA NA 520 0 NA NA NA NA NA NA NA 587 132 NA NA NA NA NA NA NA 833 177 NA NA NA NA NA NA NA 
1763330400.0 5.6 360 0 NA NA NA NA NA NA NA 521 0 NA NA NA NA NA NA NA 607 136 NA NA NA NA NA NA NA 823 155 NA NA NA NA NA NA NA 
1763330400.0 5.7 360 0 NA NA NA NA NA NA NA 534 0 NA NA NA NA NA NA NA 616 137 NA NA NA NA NA NA NA 823 163 NA NA NA NA NA NA NA 
1763330400.0 500199.0 273 NA NA NA NA NA NA NA NA 430 NA NA NA NA NA NA NA NA 878 NA NA NA NA NA NA NA NA 715 NA NA NA NA NA NA NA NA 
1763330400.0 500200.0 NA 289 410 0 NA NA NA NA NA NA 431 574 0 NA NA NA NA NA NA 1282 970 173 NA NA NA NA NA NA 595 821 192 NA NA NA NA NA 
1763330400.0 500200.1 166 271 302 NA NA NA NA NA NA 255 395 470 NA NA NA NA NA NA 822 230 804 NA NA NA NA NA NA 445 282 966 NA NA NA NA NA NA 
1763330400.0 500202.0 NA 311 426 0 NA NA NA NA NA NA 427 603 0 NA NA NA NA NA NA 1343 1042 179 NA NA NA NA NA NA 567 859 206 NA NA NA NA NA 
1763330400.0 500203.0 NA 308 391 0 NA NA NA NA NA NA 412 580 0 NA NA NA NA NA NA 1282 1026 173 NA NA NA NA NA NA 555 844 195 NA NA NA NA NA 
1763330400.0 500204.0 NA 307 427 0 NA NA NA NA NA NA 439 587 0 NA NA NA NA NA NA 1280 1027 179 NA NA NA NA NA NA 539 881 201 NA NA NA NA NA 
1763330400.0 500205.0 NA 313 416 0 NA NA NA NA NA NA 425 583 0 NA NA NA NA NA NA 1258 927 173 NA NA NA NA NA NA 535 840 198 NA NA NA NA NA 
1763330400.0 500206.0 NA 304 426 0 NA NA NA NA NA NA 413 590 0 NA NA NA NA NA NA 1311 1024 174 NA NA NA NA NA NA 601 841 196 NA NA NA NA NA 
1763330400.0 500207.0 NA 295 421 0 NA NA NA NA NA NA 401 565 0 NA NA NA NA NA NA 1178 929 163 NA NA NA NA NA NA 611 908 185 NA NA NA NA NA 
1763330400.0 50200.0 NA 320 521 0 NA NA NA NA NA NA 422 719 0 NA NA NA NA NA NA 470 1124 182 NA NA NA NA NA NA 361 1117 214 NA NA NA NA NA 
1763330400.0 50202.0 NA 314 534 0 NA NA NA NA NA NA 444 767 0 NA NA NA NA NA NA 515 1211 175 NA NA NA NA NA NA 424 1204 195 NA NA NA NA NA 
1763330400.0 50203.0 NA 314 514 0 NA NA NA NA NA NA 449 716 0 NA NA NA NA NA NA 484 1109 176 NA NA NA NA NA NA 353 1073 202 NA NA NA NA NA 
1763330400.0 50204.0 NA 305 516 0 NA NA NA NA NA NA 448 756 0 NA NA NA NA NA NA 499 1130 180 NA NA NA NA NA NA 415 1212 221 NA NA NA NA NA 
1763330400.0 50205.0 NA 311 514 0 NA NA NA NA NA NA 444 708 0 NA NA NA NA NA NA 491 1086 180 NA NA NA NA NA NA 407 1118 206 NA NA NA NA NA 
1763330400.0 50206.0 NA 322 507 0 NA NA NA NA NA NA 428 707 0 NA NA NA NA NA NA 508 1201 185 NA NA NA NA NA NA 414 1310 208 NA NA NA NA NA 
1763330400.0 50207.0 NA 320 528 0 NA NA NA NA NA NA 424 743 0 NA NA NA NA NA NA 472 1054 177 NA NA NA NA NA NA 378 967 204 NA NA NA NA NA 
1763330400.0 50208.0 NA 320 492 0 NA NA NA NA NA NA 445 795 0 NA NA NA NA NA NA 530 1554 186 NA NA NA NA NA NA 417 1083 207 NA NA NA NA NA 
1763330400.0 503.0 93 0 NA NA NA NA NA NA NA 152 0 NA NA NA NA NA NA NA 1009 70 NA NA NA NA NA NA NA 579 110 NA NA NA NA NA NA NA 
1763330400.0 504.0 97 0 NA NA NA NA NA NA NA 158 0 NA NA NA NA NA NA NA 124 87 NA NA NA NA NA NA NA 183 110 NA NA NA NA NA NA NA 
1763330400.0 505.0 97 0 NA NA NA NA NA NA NA 159 0 NA NA NA NA NA NA NA 136 77 NA NA NA NA NA NA NA 145 102 NA NA NA NA NA NA NA 
1763330400.0 506.0 97 0 NA NA NA NA NA NA NA 160 0 NA NA NA NA NA NA NA 136 77 NA NA NA NA NA NA NA 151 115 NA NA NA NA NA NA NA 
1763330400.0 507.0 92 0 NA NA NA NA NA NA NA 153 0 NA NA NA NA NA NA NA 595 78 NA NA NA NA NA NA NA 381 102 NA NA NA NA NA NA NA 
1763330400.0 508.0 97 0 NA NA NA NA NA NA NA 155 0 NA NA NA NA NA NA NA 154 83 NA NA NA NA NA NA NA 218 123 NA NA NA NA NA NA NA 
1763330400.0 509.0 90 0 NA NA NA NA NA NA NA 152 0 NA NA NA NA NA NA NA 127 77 NA NA NA NA NA NA NA 139 115 NA NA NA NA NA NA NA 
1763330400.0 510.0 96 0 NA NA NA NA NA NA NA 160 0 NA NA NA NA NA NA NA 1036 65 NA NA NA NA NA NA NA 648 81 NA NA NA NA NA NA NA 
1763330400.0 511.0 104 0 NA NA NA NA NA NA NA 161 0 NA NA NA NA NA NA NA 2280 67 NA NA NA NA NA NA NA 2836 86 NA NA NA NA NA NA NA 
1763330400.0 512.0 69 104 0 NA NA NA NA NA NA 110 164 0 NA NA NA NA NA NA 3426 108 69 NA NA NA NA NA NA 3104 107 109 NA NA NA NA NA NA 
1763330400.0 513.0 66 100 0 NA NA NA NA NA NA 108 161 0 NA NA NA NA NA NA 885 116 69 NA NA NA NA NA NA 418 141 98 NA NA NA NA NA NA 
1763330400.0 514.0 67 102 0 NA NA NA NA NA NA 108 168 0 NA NA NA NA NA NA 460 99 63 NA NA NA NA NA NA 169 99 81 NA NA NA NA NA NA 
1763330400.0 515.0 69 104 0 NA NA NA NA NA NA 109 164 0 NA NA NA NA NA NA 3449 99 69 NA NA NA NA NA NA 3113 104 102 NA NA NA NA NA NA 
1763330400.0 516.0 69 104 0 NA NA NA NA NA NA 109 160 0 NA NA NA NA NA NA 3597 109 68 NA NA NA NA NA NA 1790 142 93 NA NA NA NA NA NA 
1763330400.0 517.0 68 99 0 NA NA NA NA NA NA 107 171 0 NA NA NA NA NA NA 484 106 64 NA NA NA NA NA NA 186 121 76 NA NA NA NA NA NA 
1763330400.0 518.0 67 97 0 NA NA NA NA NA NA 110 163 0 NA NA NA NA NA NA 4559 124 81 NA NA NA NA NA NA 3730 135 101 NA NA NA NA NA NA 
1763330400.0 519.0 66 99 0 NA NA NA NA NA NA 109 159 0 NA NA NA NA NA NA 4643 128 77 NA NA NA NA NA NA 4018 159 97 NA NA NA NA NA NA 
1763330400.0 520.0 66 101 0 NA NA NA NA NA NA 107 169 0 NA NA NA NA NA NA 492 104 69 NA NA NA NA NA NA 215 125 98 NA NA NA NA NA NA 
1763330400.0 521.0 67 94 0 NA NA NA NA NA NA 109 154 0 NA NA NA NA NA NA 4631 112 78 NA NA NA NA NA NA 3929 134 101 NA NA NA NA NA NA 
1763330400.0 522.0 67 95 0 NA NA NA NA NA NA 110 152 0 NA NA NA NA NA NA 899 87 69 NA NA NA NA NA NA 402 128 103 NA NA NA NA NA NA 
1763330400.0 523.0 67 96 0 NA NA NA NA NA NA 110 157 0 NA NA NA NA NA NA 1145 102 71 NA NA NA NA NA NA 403 185 123 NA NA NA NA NA NA 
1763330400.0 524.0 67 93 0 NA NA NA NA NA NA 109 166 0 NA NA NA NA NA NA 483 89 64 NA NA NA NA NA NA 188 121 78 NA NA NA NA NA NA 
1763330400.0 525.0 68 97 0 NA NA NA NA NA NA 111 154 0 NA NA NA NA NA NA 3529 89 69 NA NA NA NA NA NA 3083 106 111 NA NA NA NA NA NA 
1763330400.0 526.0 69 98 0 NA NA NA NA NA NA 111 156 0 NA NA NA NA NA NA 3426 89 66 NA NA NA NA NA NA 3110 107 86 NA NA NA NA NA NA 
1763330400.0 527.0 67 96 0 NA NA NA NA NA NA 107 163 0 NA NA NA NA NA NA 491 93 69 NA NA NA NA NA NA 209 135 101 NA NA NA NA NA NA 
1763330400.0 528.0 69 98 0 NA NA NA NA NA NA 109 153 0 NA NA NA NA NA NA 3558 90 71 NA NA NA NA NA NA 3013 105 107 NA NA NA NA NA NA 
1763330400.0 529.0 66 94 0 NA NA NA NA NA NA 108 155 0 NA NA NA NA NA NA 4474 111 94 NA NA NA NA NA NA 4018 135 179 NA NA NA NA NA NA 
1763330400.0 530.0 68 97 0 NA NA NA NA NA NA 107 164 0 NA NA NA NA NA NA 489 86 62 NA NA NA NA NA NA 185 97 77 NA NA NA NA NA NA 
1763330400.0 531.0 102 0 NA NA NA NA NA NA NA 262 0 NA NA NA NA NA NA NA 114 78 NA NA NA NA NA NA NA 138 118 NA NA NA NA NA NA NA 
1763330400.0 534.0 239 0 NA NA NA NA NA NA NA 328 0 NA NA NA NA NA NA NA 936 71 NA NA NA NA NA NA NA 1851 88 NA NA NA NA NA NA NA 
1763330400.0 535.0 106 0 NA NA NA NA NA NA NA 174 0 NA NA NA NA NA NA NA 917 79 NA NA NA NA NA NA NA 704 113 NA NA NA NA NA NA NA 
1763330400.0 536.0 103 0 NA NA NA NA NA NA NA 172 0 NA NA NA NA NA NA NA 176 82 NA NA NA NA NA NA NA 239 127 NA NA NA NA NA NA NA 
1763330400.0 537.0 105 0 NA NA NA NA NA NA NA 177 0 NA NA NA NA NA NA NA 1923 70 NA NA NA NA NA NA NA 782 109 NA NA NA NA NA NA NA 
1763330400.0 538.0 105 0 NA NA NA NA NA NA NA 173 0 NA NA NA NA NA NA NA 4710 87 NA NA NA NA NA NA NA 4229 109 NA NA NA NA NA NA NA 
1763330400.0 539.0 105 0 NA NA NA NA NA NA NA 170 0 NA NA NA NA NA NA NA 14050 93 NA NA NA NA NA NA NA 22468 119 NA NA NA NA NA NA NA 
1763330400.0 541.0 95 0 NA NA NA NA NA NA NA 153 0 NA NA NA NA NA NA NA 116 84 NA NA NA NA NA NA NA 166 123 NA NA NA NA NA NA NA 
1763330400.0 545.0 93 0 NA NA NA NA NA NA NA 153 0 NA NA NA NA NA NA NA 135 78 NA NA NA NA NA NA NA 166 111 NA NA NA NA NA NA NA 
1763330400.0 546.0 98 99 NA NA NA NA NA NA NA 157 178 NA NA NA NA NA NA NA 130 135 NA NA NA NA NA NA NA 157 188 NA NA NA NA NA NA NA 
1763330400.0 547.0 67 98 100 NA NA NA NA NA NA 110 162 178 NA NA NA NA NA NA 5346 148 148 NA NA NA NA NA NA 7001 198 176 NA NA NA NA NA NA 
1763330400.0 548.0 67 102 101 NA NA NA NA NA NA 110 167 192 NA NA NA NA NA NA 452 128 119 NA NA NA NA NA NA 195 159 158 NA NA NA NA NA NA 
1763330400.0 551.0 68 102 0 NA NA NA NA NA NA 110 162 0 NA NA NA NA NA NA 1193 152 68 NA NA NA NA NA NA 438 149 97 NA NA NA NA NA NA 
1763330400.0 552.0 68 98 0 NA NA NA NA NA NA 107 171 0 NA NA NA NA NA NA 485 104 64 NA NA NA NA NA NA 197 125 76 NA NA NA NA NA NA 
1763330400.0 554.0 65 99 0 NA NA NA NA NA NA 107 171 0 NA NA NA NA NA NA 2285 109 71 NA NA NA NA NA NA 741 128 116 NA NA NA NA NA NA 
1763330400.0 555.0 67 95 0 NA NA NA NA NA NA 109 166 0 NA NA NA NA NA NA 1696 104 70 NA NA NA NA NA NA 514 126 105 NA NA NA NA NA NA 
1763330400.0 556.0 68 101 0 NA NA NA NA NA NA 110 168 0 NA NA NA NA NA NA 448 116 65 NA NA NA NA NA NA 196 117 83 NA NA NA NA NA NA 
1763330400.0 560.0 97 0 NA NA NA NA NA NA NA 158 0 NA NA NA NA NA NA NA 163 89 NA NA NA NA NA NA NA 181 110 NA NA NA NA NA NA NA 
1763330400.0 561.0 97 0 NA NA NA NA NA NA NA 160 0 NA NA NA NA NA NA NA 146 82 NA NA NA NA NA NA NA 165 129 NA NA NA NA NA NA NA 
1763330400.0 562.0 68 95 0 NA NA NA NA NA NA 111 156 0 NA NA NA NA NA NA 467 103 68 NA NA NA NA NA NA 214 128 98 NA NA NA NA NA NA 
1763330400.0 570.0 88 0 NA NA NA NA NA NA NA 146 0 NA NA NA NA NA NA NA 178 86 NA NA NA NA NA NA NA 153 134 NA NA NA NA NA NA NA 
1763330400.0 571.0 90 0 NA NA NA NA NA NA NA 145 0 NA NA NA NA NA NA NA 229 75 NA NA NA NA NA NA NA 196 107 NA NA NA NA NA NA NA 
1763330400.0 572.0 88 0 NA NA NA NA NA NA NA 144 0 NA NA NA NA NA NA NA 158 82 NA NA NA NA NA NA NA 138 104 NA NA NA NA NA NA NA 
1763330400.0 573.0 89 0 NA NA NA NA NA NA NA 145 0 NA NA NA NA NA NA NA 354 84 NA NA NA NA NA NA NA 306 109 NA NA NA NA NA NA NA 
1763330400.0 574.0 92 0 NA NA NA NA NA NA NA 149 0 NA NA NA NA NA NA NA 373 77 NA NA NA NA NA NA NA 265 98 NA NA NA NA NA NA NA 
1763330400.0 575.0 88 0 NA NA NA NA NA NA NA 146 0 NA NA NA NA NA NA NA 296 78 NA NA NA NA NA NA NA 221 116 NA NA NA NA NA NA NA 
1763330400.0 576.0 90 0 NA NA NA NA NA NA NA 145 0 NA NA NA NA NA NA NA 159 84 NA NA NA NA NA NA NA 141 125 NA NA NA NA NA NA NA 
1763330400.0 577.0 88 0 NA NA NA NA NA NA NA 145 0 NA NA NA NA NA NA NA 128 81 NA NA NA NA NA NA NA 128 123 NA NA NA NA NA NA NA 
1763330400.0 6.0 NA 174 332 0 NA NA NA NA NA NA 266 502 0 NA NA NA NA NA NA 601 847 170 NA NA NA NA NA NA 262 847 192 NA NA NA NA NA 
1763330400.0 7.0 121 163 183 118 0 NA NA NA NA 205 235 309 176 0 NA NA NA NA 305 108 208 104 87 NA NA NA NA 324 128 283 145 114 NA NA NA NA 
1763330400.0 7.1 116 153 179 113 0 NA NA NA NA 204 235 309 180 0 NA NA NA NA 660 165 330 134 128 NA NA NA NA 925 270 598 194 150 NA NA NA NA 
1763330400.0 7.2 121 231 273 118 0 NA NA NA NA 202 336 476 187 0 NA NA NA NA 462 458 432 134 125 NA NA NA NA 634 388 837 176 143 NA NA NA NA 
1763330400.0 7.21 124 267 290 120 0 NA NA NA NA 205 350 469 187 0 NA NA NA NA 311 435 287 115 110 NA NA NA NA 315 252 336 163 148 NA NA NA NA 
1763330400.0 7.22 117 179 230 118 0 NA NA NA NA 201 270 372 191 0 NA NA NA NA 430 173 370 163 107 NA NA NA NA 697 317 568 207 126 NA NA NA NA 
1763330400.0 7.23 132 225 284 119 0 NA NA NA NA 210 314 470 193 0 NA NA NA NA 765 216 441 136 142 NA NA NA NA 1238 212 646 211 203 NA NA NA NA 
1763330400.0 7.24 125 202 264 111 0 NA NA NA NA 212 300 445 181 0 NA NA NA NA 734 195 397 107 128 NA NA NA NA 940 193 555 131 148 NA NA NA NA 
1763330400.0 7.3 125 223 273 123 0 NA NA NA NA 202 311 457 190 0 NA NA NA NA 490 220 273 111 109 NA NA NA NA 514 298 344 154 138 NA NA NA NA 
1763330400.0 7.4 129 244 272 125 0 NA NA NA NA 203 321 473 189 0 NA NA NA NA 328 325 271 112 110 NA NA NA NA 413 255 358 150 148 NA NA NA NA 
1763330400.0 7.5 137 298 171 NA NA NA NA NA NA 211 517 278 NA NA NA NA NA NA 991 522 311 NA NA NA NA NA NA 1435 517 260 NA NA NA NA NA NA 
1763330400.0 8.0 NA 172 192 99 0 NA NA NA NA NA 262 299 162 0 NA NA NA NA NA 589 272 85 93 NA NA NA NA NA 279 292 133 133 NA NA NA NA 
1763330400.0 8.1 120 254 285 98 0 NA NA NA NA 203 361 485 160 0 NA NA NA NA 417 554 295 83 116 NA NA NA NA 612 288 417 130 167 NA NA NA NA 
1763330400.0 8.2 137 242 298 103 0 NA NA NA NA 204 320 464 165 0 NA NA NA NA 460 159 258 75 118 NA NA NA NA 470 136 411 119 144 NA NA NA NA 
1763330400.0 9.0 NA 211 405 0 NA NA NA NA NA NA 311 590 0 NA NA NA NA NA NA 722 1571 194 NA NA NA NA NA NA 322 910 236 NA NA NA NA NA 
