Timestamp WorkflowId PeakValueRss1 PeakValueRss2 PeakValueRss3 PeakValueRss4 PeakValueRss5 PeakValueRss6 PeakValueRss7 PeakValueRss8 PeakValueRss9 PeakValueVsize1 PeakValueVsize2 PeakValueVsize3 PeakValueVsize4 PeakValueVsize5 PeakValueVsize6 PeakValueVsize7 PeakValueVsize8 PeakValueVsize9 TotalJobCPU1 TotalJobCPU2 TotalJobCPU3 TotalJobCPU4 TotalJobCPU5 TotalJobCPU6 TotalJobCPU7 TotalJobCPU8 TotalJobCPU9 TotalJobTime1 TotalJobTime2 TotalJobTime3 TotalJobTime4 TotalJobTime5 TotalJobTime6 TotalJobTime7 TotalJobTime8 TotalJobTime9 
1738450800.0 1.0 156 201 318 NA NA NA NA NA NA 235 279 441 NA NA NA NA NA NA 534 245 389 NA NA NA NA NA NA 442 275 457 NA NA NA NA NA NA 
1738450800.0 10.0 NA 241 447 0 NA NA NA NA NA NA 342 611 0 NA NA NA NA NA NA 763 1415 164 NA NA NA NA NA NA 406 925 178 NA NA NA NA NA 
1738450800.0 1000.0 NA 407 283 0 116 NA NA NA NA NA 546 379 0 180 NA NA NA NA NA 1164 427 117 140 NA NA NA NA NA 784 440 131 151 NA NA NA NA 
1738450800.0 10001.0 NA 333 543 0 161 186 NA NA NA NA 443 764 0 235 279 NA NA NA NA 649 777 168 175 244 NA NA NA NA 349 747 181 202 268 NA NA NA 
1738450800.0 10002.0 NA 332 541 0 160 185 NA NA NA NA 428 750 0 232 281 NA NA NA NA 647 799 169 169 240 NA NA NA NA 331 796 181 199 264 NA NA NA 
1738450800.0 10003.0 NA 334 543 0 160 186 NA NA NA NA 439 755 0 232 275 NA NA NA NA 658 813 173 172 243 NA NA NA NA 358 808 195 218 306 NA NA NA 
1738450800.0 10004.0 NA 329 540 0 160 189 NA NA NA NA 425 734 0 227 279 NA NA NA NA 656 783 167 171 237 NA NA NA NA 386 748 179 198 251 NA NA NA 
1738450800.0 10005.0 NA 293 541 0 159 186 NA NA NA NA 450 771 0 228 280 NA NA NA NA 676 786 168 171 239 NA NA NA NA 405 759 185 199 262 NA NA NA 
1738450800.0 10006.0 NA 330 527 0 159 184 NA NA NA NA 434 734 0 236 274 NA NA NA NA 687 789 168 174 238 NA NA NA NA 376 850 184 229 260 NA NA NA 
1738450800.0 10007.0 NA 336 541 0 191 186 NA NA NA NA 443 756 0 304 276 NA NA NA NA 660 777 169 171 240 NA NA NA NA 348 773 185 196 266 NA NA NA 
1738450800.0 10008.0 NA 336 542 0 190 188 NA NA NA NA 440 743 0 304 281 NA NA NA NA 649 782 171 176 238 NA NA NA NA 351 749 185 198 258 NA NA NA 
1738450800.0 10009.0 NA 335 544 0 190 187 NA NA NA NA 429 752 0 312 268 NA NA NA NA 682 790 173 176 236 NA NA NA NA 355 759 187 199 255 NA NA NA 
1738450800.0 1001.0 NA 358 196 0 0 0 0 0 0 NA 483 287 0 0 0 0 0 0 NA 1015 201 37 26 37 79 50 78 NA 808 243 49 40 48 92 66 96 
1738450800.0 1001.2 NA 579 247 0 0 0 0 NA NA NA 810 372 0 0 0 0 NA NA NA 4449 375 47 56 50 57 NA NA NA 2235 293 74 88 61 75 NA NA 
1738450800.0 1001.3 NA 552 217 0 NA NA NA NA NA NA 795 334 0 NA NA NA NA NA NA 3719 222 110 NA NA NA NA NA NA 1608 248 144 NA NA NA NA NA 
1738450800.0 1001.4 NA 567 190 0 0 0 NA NA NA NA 779 305 0 0 0 NA NA NA NA 3753 178 49 48 48 NA NA NA NA 1552 217 63 61 61 NA NA NA 
1738450800.0 1002.0 NA 404 140 NA NA NA NA NA NA NA 573 176 NA NA NA NA NA NA NA 1207 97 NA NA NA NA NA NA NA 898 109 NA NA NA NA NA NA 
1738450800.0 1002.3 NA 547 244 0 NA NA NA NA NA NA 768 369 0 NA NA NA NA NA NA 2888 329 115 NA NA NA NA NA NA 1349 295 163 NA NA NA NA NA 
1738450800.0 1002.4 NA 560 0 NA NA NA NA NA NA NA 787 0 NA NA NA NA NA NA NA 4279 162 NA NA NA NA NA NA NA 1712 176 NA NA NA NA NA NA 
1738450800.0 1002.5 NA 133 139 0 0 NA NA NA NA NA 212 212 0 0 NA NA NA NA NA 128 117 107 51 NA NA NA NA NA 220 139 128 74 NA NA NA NA 
1738450800.0 10023.0 NA 333 537 0 159 184 NA NA NA NA 444 724 0 226 267 NA NA NA NA 660 784 171 172 241 NA NA NA NA 360 757 186 223 280 NA NA NA 
1738450800.0 10024.0 NA 347 560 0 193 187 NA NA NA NA 455 747 0 308 272 NA NA NA NA 673 882 185 172 234 NA NA NA NA 354 782 217 202 266 NA NA NA 
1738450800.0 10024.1 NA 347 339 0 NA NA NA NA NA NA 440 521 0 NA NA NA NA NA NA 665 416 177 NA NA NA NA NA NA 354 484 198 NA NA NA NA NA 
1738450800.0 10024.2 NA 345 553 0 NA NA NA NA NA NA 449 750 0 NA NA NA NA NA NA 679 913 186 NA NA NA NA NA NA 395 836 204 NA NA NA NA NA 
1738450800.0 10024.3 NA 348 311 0 NA NA NA NA NA NA 439 442 0 NA NA NA NA NA NA 668 411 148 NA NA NA NA NA NA 388 468 167 NA NA NA NA NA 
1738450800.0 10024.4 NA 337 548 0 NA NA NA NA NA NA 454 748 0 NA NA NA NA NA NA 679 901 180 NA NA NA NA NA NA 413 815 193 NA NA NA NA NA 
1738450800.0 10025.0 NA 339 508 0 160 187 NA NA NA NA 451 760 0 235 277 NA NA NA NA 649 793 181 175 246 NA NA NA NA 331 784 217 218 309 NA NA NA 
1738450800.0 10026.0 NA 345 552 0 164 187 NA NA NA NA 447 768 0 232 273 NA NA NA NA 698 1005 191 178 242 NA NA NA NA 365 885 207 232 267 NA NA NA 
1738450800.0 1003.0 NA 420 0 NA NA NA NA NA NA NA 673 0 NA NA NA NA NA NA NA 1164 109 NA NA NA NA NA NA NA 818 135 NA NA NA NA NA NA 
1738450800.0 10042.0 NA 341 547 0 193 186 NA NA NA NA 438 740 0 313 280 NA NA NA NA 661 808 184 177 243 NA NA NA NA 348 751 197 197 276 NA NA NA 
1738450800.0 1005.0 NA 224 164 0 0 NA NA NA NA NA 379 267 0 0 NA NA NA NA NA 214 113 36 54 NA NA NA NA NA 281 144 50 93 NA NA NA NA 
1738450800.0 10059.0 NA 346 569 0 164 189 NA NA NA NA 462 787 0 234 285 NA NA NA NA 689 1134 191 178 251 NA NA NA NA 341 834 218 220 272 NA NA NA 
1738450800.0 10071.0 NA 341 512 0 163 187 NA NA NA NA 444 764 0 229 274 NA NA NA NA 665 860 185 173 243 NA NA NA NA 352 822 199 204 274 NA NA NA 
1738450800.0 101.0 178 NA NA NA NA NA NA NA NA 303 NA NA NA NA NA NA NA NA 295 NA NA NA NA NA NA NA NA 295 NA NA NA NA NA NA NA NA 
1738450800.0 1010.0 NA 91 108 0 NA NA NA NA NA NA 157 176 0 NA NA NA NA NA NA 77 92 53 NA NA NA NA NA NA 175 111 65 NA NA NA NA NA 
1738450800.0 102.0 180 NA NA NA NA NA NA NA NA 301 NA NA NA NA NA NA NA NA 269 NA NA NA NA NA NA NA NA 246 NA NA NA NA NA NA NA NA 
1738450800.0 1020.0 NA 97 86 0 95 NA NA NA NA NA 169 158 0 167 NA NA NA NA NA 88 70 24 89 NA NA NA NA NA 153 91 38 138 NA NA NA NA 
1738450800.0 10224.0 NA 528 785 0 189 NA NA NA NA NA 698 1110 0 277 NA NA NA NA NA 1399 1480 196 237 NA NA NA NA NA 882 1096 217 266 NA NA NA NA 
1738450800.0 10224.15 NA 531 808 0 209 NA NA NA NA NA 702 1075 0 304 NA NA NA NA NA 1404 1546 199 327 NA NA NA NA NA 832 1292 222 360 NA NA NA NA 
1738450800.0 10225.0 NA 496 789 0 187 NA NA NA NA NA 685 1019 0 276 NA NA NA NA NA 1383 1322 191 248 NA NA NA NA NA 944 1131 213 319 NA NA NA NA 
1738450800.0 103.0 118 0 0 NA NA NA NA NA NA 174 0 0 NA NA NA NA NA NA 213 152 641 NA NA NA NA NA NA 231 169 679 NA NA NA NA NA NA 
1738450800.0 1030.0 NA 283 106 0 0 NA NA NA NA NA 457 175 0 0 NA NA NA NA NA 2106 96 24 23 NA NA NA NA NA 820 111 36 35 NA NA NA NA 
1738450800.0 1040.0 NA 528 87 0 NA NA NA NA NA NA 730 146 0 NA NA NA NA NA NA 3876 82 48 NA NA NA NA NA NA 1473 103 63 NA NA NA NA NA 
1738450800.0 1040.1 NA 133 86 0 NA NA NA NA NA NA 205 145 0 NA NA NA NA NA NA 174 75 45 NA NA NA NA NA NA 339 104 56 NA NA NA NA NA 
1738450800.0 1041.0 NA 130 93 0 NA NA NA NA NA NA 202 157 0 NA NA NA NA NA NA 130 80 28 NA NA NA NA NA NA 242 97 38 NA NA NA NA NA 
1738450800.0 1042.0 NA 132 90 0 NA NA NA NA NA NA 212 153 0 NA NA NA NA NA NA 221 80 28 NA NA NA NA NA NA 520 99 38 NA NA NA NA NA 
1738450800.0 10424.0 NA 298 549 0 NA NA NA NA NA NA 381 752 0 NA NA NA NA NA NA 281 934 192 NA NA NA NA NA NA 292 950 246 NA NA NA NA NA 
1738450800.0 1046.0 NA 107 92 0 NA NA NA NA NA NA 179 157 0 NA NA NA NA NA NA 123 80 25 NA NA NA NA NA NA 214 97 36 NA NA NA NA NA 
1738450800.0 1047.0 NA 107 110 0 NA NA NA NA NA NA 176 176 0 NA NA NA NA NA NA 122 98 30 NA NA NA NA NA NA 219 123 41 NA NA NA NA NA 
1738450800.0 1048.0 NA 107 104 0 NA NA NA NA NA NA 178 168 0 NA NA NA NA NA NA 126 97 25 NA NA NA NA NA NA 239 112 35 NA NA NA NA NA 
1738450800.0 1049.0 NA 118 0 NA NA NA NA NA NA NA 197 0 NA NA NA NA NA NA NA 691 56 NA NA NA NA NA NA NA 979 69 NA NA NA NA NA NA 
1738450800.0 105.0 149 204 119 NA NA NA NA NA NA 234 282 180 NA NA NA NA NA NA 538 238 180 NA NA NA NA NA NA 385 251 212 NA NA NA NA NA NA 
1738450800.0 1052.0 NA 223 166 0 NA NA NA NA NA NA 371 266 0 NA NA NA NA NA NA 218 113 26 NA NA NA NA NA NA 298 148 42 NA NA NA NA NA 
1738450800.0 1052.1 NA 148 0 NA NA NA NA NA NA NA 252 0 NA NA NA NA NA NA NA 107 26 NA NA NA NA NA NA NA 139 34 NA NA NA NA NA NA 
1738450800.0 106.0 116 0 0 NA NA NA NA NA NA 172 0 0 NA NA NA NA NA NA 210 150 644 NA NA NA NA NA NA 198 175 684 NA NA NA NA NA NA 
1738450800.0 107.0 164 210 415 NA NA NA NA NA NA 247 296 573 NA NA NA NA NA NA 871 259 831 NA NA NA NA NA NA 440 275 835 NA NA NA NA NA NA 
1738450800.0 108.0 158 212 420 NA NA NA NA NA NA 243 292 582 NA NA NA NA NA NA 849 254 767 NA NA NA NA NA NA 433 257 713 NA NA NA NA NA NA 
1738450800.0 10801.0 NA 325 531 0 159 189 NA NA NA NA 421 746 0 236 275 NA NA NA NA 635 803 170 168 246 NA NA NA NA 353 864 186 192 308 NA NA NA 
1738450800.0 10802.0 NA 325 534 0 160 189 NA NA NA NA 421 740 0 232 281 NA NA NA NA 630 807 174 176 248 NA NA NA NA 336 855 213 230 295 NA NA NA 
1738450800.0 10803.0 NA 327 542 0 160 190 NA NA NA NA 425 740 0 227 275 NA NA NA NA 636 808 173 171 245 NA NA NA NA 348 782 196 227 270 NA NA NA 
1738450800.0 10804.0 NA 323 535 0 160 189 NA NA NA NA 415 726 0 226 280 NA NA NA NA 676 790 168 175 243 NA NA NA NA 364 813 184 229 265 NA NA NA 
1738450800.0 10804.31 NA 324 543 0 160 187 NA NA NA NA 421 736 0 233 279 NA NA NA NA 654 805 171 173 250 NA NA NA NA 378 1125 198 216 318 NA NA NA 
1738450800.0 10805.0 NA 321 538 0 160 188 NA NA NA NA 415 742 0 227 280 NA NA NA NA 654 775 170 172 244 NA NA NA NA 359 787 190 206 272 NA NA NA 
1738450800.0 10805.31 NA 325 537 0 159 189 NA NA NA NA 411 766 0 227 282 NA NA NA NA 643 799 170 172 238 NA NA NA NA 340 904 185 212 261 NA NA NA 
1738450800.0 10806.0 NA 323 539 0 159 188 NA NA NA NA 423 755 0 229 275 NA NA NA NA 671 772 168 171 240 NA NA NA NA 367 745 182 202 259 NA NA NA 
1738450800.0 10807.0 NA 326 494 0 189 190 NA NA NA NA 429 712 0 311 276 NA NA NA NA 664 780 170 173 242 NA NA NA NA 353 759 183 193 264 NA NA NA 
1738450800.0 10808.0 NA 329 541 0 188 189 NA NA NA NA 422 748 0 302 276 NA NA NA NA 642 787 172 179 242 NA NA NA NA 335 755 185 210 262 NA NA NA 
1738450800.0 10809.0 NA 330 543 0 190 190 NA NA NA NA 428 763 0 310 274 NA NA NA NA 648 825 172 176 249 NA NA NA NA 353 784 188 205 271 NA NA NA 
1738450800.0 10823.0 NA 294 537 0 160 190 NA NA NA NA 421 743 0 225 278 NA NA NA NA 641 780 175 173 250 NA NA NA NA 343 762 225 223 302 NA NA NA 
1738450800.0 10824.0 NA 335 555 0 191 187 NA NA NA NA 421 728 0 313 283 NA NA NA NA 658 847 182 173 246 NA NA NA NA 371 747 194 207 348 NA NA NA 
1738450800.0 10824.1 NA 334 336 0 NA NA NA NA NA NA 436 523 0 NA NA NA NA NA NA 779 403 176 NA NA NA NA NA NA 386 452 208 NA NA NA NA NA 
1738450800.0 10824.6 NA 336 542 0 191 191 NA NA NA NA 441 745 0 306 281 NA NA NA NA 669 908 188 179 249 NA NA NA NA 347 904 203 224 272 NA NA NA 
1738450800.0 10824.8 NA 336 557 0 190 191 NA NA NA NA 430 733 0 312 281 NA NA NA NA 657 855 183 173 243 NA NA NA NA 367 756 197 198 297 NA NA NA 
1738450800.0 10825.0 NA 327 544 0 160 190 NA NA NA NA 430 760 0 226 285 NA NA NA NA 665 797 179 174 244 NA NA NA NA 340 766 195 202 263 NA NA NA 
1738450800.0 10826.0 NA 338 562 0 164 191 NA NA NA NA 428 773 0 234 286 NA NA NA NA 657 910 192 177 246 NA NA NA NA 361 778 211 209 268 NA NA NA 
1738450800.0 10842.0 NA 330 543 0 192 191 NA NA NA NA 436 772 0 308 281 NA NA NA NA 674 845 184 180 247 NA NA NA NA 362 839 205 233 267 NA NA NA 
1738450800.0 10859.0 NA 343 562 0 165 192 NA NA NA NA 441 774 0 233 280 NA NA NA NA 672 1198 194 173 256 NA NA NA NA 373 902 219 215 282 NA NA NA 
1738450800.0 10871.0 NA 331 556 0 163 185 NA NA NA NA 415 760 0 228 275 NA NA NA NA 655 863 184 169 244 NA NA NA NA 377 746 197 206 347 NA NA NA 
1738450800.0 109.0 153 211 418 NA NA NA NA NA NA 242 293 567 NA NA NA NA NA NA 894 257 858 NA NA NA NA NA NA 424 252 923 NA NA NA NA NA NA 
1738450800.0 11.0 NA 225 409 0 133 NA NA NA NA NA 317 561 0 203 NA NA NA NA NA 679 860 188 157 NA NA NA NA NA 374 733 245 195 NA NA NA NA 
1738450800.0 110.0 125 203 402 NA NA NA NA NA NA 182 283 554 NA NA NA NA NA NA 229 256 738 NA NA NA NA NA NA 223 267 787 NA NA NA NA NA NA 
1738450800.0 1102.0 NA 242 452 284 224 NA NA NA NA NA 337 607 393 271 NA NA NA NA NA 828 1728 876 144 NA NA NA NA NA 387 946 372 123 NA NA NA NA 
1738450800.0 11024.0 NA 612 894 0 192 NA NA NA NA NA 775 1162 0 286 NA NA NA NA NA 1874 1853 193 238 NA NA NA NA NA 1055 1235 208 267 NA NA NA NA 
1738450800.0 11024.15 NA 591 888 0 210 NA NA NA NA NA 789 1223 0 296 NA NA NA NA NA 1810 1866 198 318 NA NA NA NA NA 941 1388 219 302 NA NA NA NA 
1738450800.0 11024.2 NA 586 899 0 185 NA NA NA NA NA 775 1224 0 278 NA NA NA NA NA 1835 1815 202 199 NA NA NA NA NA 1127 1243 228 238 NA NA NA NA 
1738450800.0 11024.6 NA 584 898 0 192 NA NA NA NA NA 769 1224 0 275 NA NA NA NA NA 1797 1764 194 243 NA NA NA NA NA 880 1189 213 270 NA NA NA NA 
1738450800.0 11025.0 NA 600 867 0 190 NA NA NA NA NA 829 1154 0 285 NA NA NA NA NA 1788 1804 192 237 NA NA NA NA NA 922 1346 209 274 NA NA NA NA 
1738450800.0 111.0 125 195 403 NA NA NA NA NA NA 184 279 552 NA NA NA NA NA NA 253 209 711 NA NA NA NA NA NA 261 232 732 NA NA NA NA NA NA 
1738450800.0 112.0 151 208 404 NA NA NA NA NA NA 240 284 570 NA NA NA NA NA NA 571 247 795 NA NA NA NA NA NA 301 229 854 NA NA NA NA NA NA 
1738450800.0 11224.0 NA 298 548 0 NA NA NA NA NA NA 387 743 0 NA NA NA NA NA NA 295 929 190 NA NA NA NA NA NA 312 918 230 NA NA NA NA NA 
1738450800.0 11224.6 NA 300 548 0 NA NA NA NA NA NA 391 726 0 NA NA NA NA NA NA 293 946 192 NA NA NA NA NA NA 284 997 237 NA NA NA NA NA 
1738450800.0 113.0 159 210 410 NA NA NA NA NA NA 241 285 564 NA NA NA NA NA NA 695 251 825 NA NA NA NA NA NA 369 231 884 NA NA NA NA NA NA 
1738450800.0 114.0 157 211 414 NA NA NA NA NA NA 242 284 566 NA NA NA NA NA NA 709 272 800 NA NA NA NA NA NA 383 252 760 NA NA NA NA NA NA 
1738450800.0 115.0 161 208 415 NA NA NA NA NA NA 244 282 568 NA NA NA NA NA NA 726 253 816 NA NA NA NA NA NA 350 250 766 NA NA NA NA NA NA 
1738450800.0 116.0 160 210 423 NA NA NA NA NA NA 250 291 555 NA NA NA NA NA NA 746 274 814 NA NA NA NA NA NA 380 282 766 NA NA NA NA NA NA 
1738450800.0 11601.0 NA 336 577 0 162 NA NA NA NA NA 452 797 0 232 NA NA NA NA NA 626 859 178 166 NA NA NA NA NA 306 862 223 206 NA NA NA NA 
1738450800.0 11602.0 NA 333 580 0 161 NA NA NA NA NA 434 827 0 227 NA NA NA NA NA 620 852 166 154 NA NA NA NA NA 316 794 187 167 NA NA NA NA 
1738450800.0 11603.0 NA 340 581 0 162 NA NA NA NA NA 463 789 0 228 NA NA NA NA NA 612 865 170 153 NA NA NA NA NA 306 832 195 168 NA NA NA NA 
1738450800.0 11604.0 NA 338 577 0 163 NA NA NA NA NA 455 786 0 229 NA NA NA NA NA 619 840 163 151 NA NA NA NA NA 301 809 176 161 NA NA NA NA 
1738450800.0 11605.0 NA 338 576 0 163 NA NA NA NA NA 432 781 0 234 NA NA NA NA NA 616 841 166 154 NA NA NA NA NA 305 794 178 170 NA NA NA NA 
1738450800.0 11606.0 NA 341 578 0 162 NA NA NA NA NA 446 778 0 229 NA NA NA NA NA 617 838 166 155 NA NA NA NA NA 323 811 177 173 NA NA NA NA 
1738450800.0 11607.0 NA 340 580 0 193 NA NA NA NA NA 454 820 0 312 NA NA NA NA NA 618 853 167 160 NA NA NA NA NA 311 813 177 172 NA NA NA NA 
1738450800.0 11608.0 NA 336 581 0 195 NA NA NA NA NA 435 798 0 313 NA NA NA NA NA 629 852 169 157 NA NA NA NA NA 312 794 183 170 NA NA NA NA 
1738450800.0 11609.0 NA 341 584 0 195 NA NA NA NA NA 441 804 0 318 NA NA NA NA NA 612 879 168 157 NA NA NA NA NA 309 837 178 169 NA NA NA NA 
1738450800.0 11630.0 NA 350 616 0 165 NA NA NA NA NA 460 849 0 235 NA NA NA NA NA 662 1116 191 152 NA NA NA NA NA 316 908 208 159 NA NA NA NA 
1738450800.0 11634.0 NA 344 602 0 196 NA NA NA NA NA 465 817 0 312 NA NA NA NA NA 629 938 186 158 NA NA NA NA NA 338 849 198 164 NA NA NA NA 
1738450800.0 11634.1 NA 343 341 0 NA NA NA NA NA NA 451 472 0 NA NA NA NA NA NA 627 392 176 NA NA NA NA NA NA 328 445 197 NA NA NA NA NA 
1738450800.0 11634.15 NA 349 576 0 199 NA NA NA NA NA 442 822 0 309 NA NA NA NA NA 627 1047 186 160 NA NA NA NA NA 305 950 201 163 NA NA NA NA 
1738450800.0 11634.24 NA 272 538 0 176 NA NA NA NA NA 377 786 0 278 NA NA NA NA NA 288 784 167 154 NA NA NA NA NA 309 798 182 163 NA NA NA NA 
1738450800.0 11634.5 NA 350 189 0 NA NA NA NA NA NA 469 346 0 NA NA NA NA NA NA 631 279 75 NA NA NA NA NA NA 347 311 90 NA NA NA NA NA 
1738450800.0 11634.601 NA 326 132 602 0 NA NA NA NA NA 438 196 849 0 NA NA NA NA NA 543 143 944 190 NA NA NA NA NA 238 149 834 206 NA NA NA NA 
1738450800.0 11634.7 NA 346 600 0 NA NA NA NA NA NA 452 811 0 NA NA NA NA NA NA 637 956 197 NA NA NA NA NA NA 308 877 219 NA NA NA NA NA 
1738450800.0 11634.91 NA 352 603 0 198 NA NA NA NA NA 453 832 0 312 NA NA NA NA NA 639 944 187 156 NA NA NA NA NA 328 913 214 167 NA NA NA NA 
1738450800.0 11634.914 138 344 600 0 195 NA NA NA NA 191 442 828 0 315 NA NA NA NA 948 657 997 189 176 NA NA NA NA 457 329 919 205 202 NA NA NA NA 
1738450800.0 11640.0 NA 343 581 0 162 NA NA NA NA NA 452 791 0 231 NA NA NA NA NA 630 852 172 153 NA NA NA NA NA 318 808 184 161 NA NA NA NA 
1738450800.0 11643.0 NA 357 608 0 168 NA NA NA NA NA 473 835 0 237 NA NA NA NA NA 637 1004 188 156 NA NA NA NA NA 348 870 203 167 NA NA NA NA 
1738450800.0 11646.0 NA 343 591 0 164 NA NA NA NA NA 457 803 0 237 NA NA NA NA NA 625 909 180 160 NA NA NA NA NA 320 866 192 177 NA NA NA NA 
1738450800.0 11650.0 NA 346 590 0 199 NA NA NA NA NA 470 813 0 317 NA NA NA NA NA 623 892 182 162 NA NA NA NA NA 314 831 192 178 NA NA NA NA 
1738450800.0 117.0 158 210 417 NA NA NA NA NA NA 245 295 567 NA NA NA NA NA NA 788 257 854 NA NA NA NA NA NA 381 242 907 NA NA NA NA NA NA 
1738450800.0 11723.17 NA 354 613 0 NA NA NA NA NA NA 453 844 0 NA NA NA NA NA NA 652 1093 198 NA NA NA NA NA NA 341 904 212 NA NA NA NA NA 
1738450800.0 118.0 157 212 421 NA NA NA NA NA NA 244 289 574 NA NA NA NA NA NA 917 254 806 NA NA NA NA NA NA 427 230 804 NA NA NA NA NA NA 
1738450800.0 11834.0 NA 628 1112 0 NA NA NA NA NA NA 896 1527 0 NA NA NA NA NA NA 2129 2556 199 NA NA NA NA NA NA 1239 1452 210 NA NA NA NA NA 
1738450800.0 11834.13 NA 661 1127 0 NA NA NA NA NA NA 897 1581 0 NA NA NA NA NA NA 2093 2719 199 NA NA NA NA NA NA 1068 1524 213 NA NA NA NA NA 
1738450800.0 11834.19 NA 675 1114 0 NA NA NA NA NA NA 933 1534 0 NA NA NA NA NA NA 2133 2501 202 NA NA NA NA NA NA 1145 1496 221 NA NA NA NA NA 
1738450800.0 11834.21 NA 566 389 244 182 NA NA NA NA NA 706 561 326 276 NA NA NA NA NA 1865 933 264 165 NA NA NA NA NA 927 466 234 172 NA NA NA NA 
1738450800.0 11834.24 NA 279 555 0 NA NA NA NA NA NA 383 757 0 NA NA NA NA NA NA 288 794 178 NA NA NA NA NA NA 275 769 194 NA NA NA NA NA 
1738450800.0 11834.99 NA 531 715 819 0 NA NA NA NA NA 839 1049 1058 0 NA NA NA NA NA 1990 920 2217 211 NA NA NA NA NA 1141 465 1290 227 NA NA NA NA 
1738450800.0 11846.0 NA 626 1024 0 NA NA NA NA NA NA 899 1370 0 NA NA NA NA NA NA 2078 2177 197 NA NA NA NA NA NA 1062 1334 213 NA NA NA NA NA 
1738450800.0 11846.19 NA 648 1054 0 NA NA NA NA NA NA 917 1400 0 NA NA NA NA NA NA 2111 2181 198 NA NA NA NA NA NA 1128 1465 219 NA NA NA NA NA 
1738450800.0 119.0 150 206 413 NA NA NA NA NA NA 237 284 561 NA NA NA NA NA NA 565 266 760 NA NA NA NA NA NA 472 311 820 NA NA NA NA NA NA 
1738450800.0 12.0 NA 241 431 0 NA NA NA NA NA NA 341 604 0 NA NA NA NA NA NA 738 1477 183 NA NA NA NA NA NA 385 990 198 NA NA NA NA NA 
1738450800.0 120.0 121 204 410 NA NA NA NA NA NA 173 288 556 NA NA NA NA NA NA 203 258 728 NA NA NA NA NA NA 204 252 803 NA NA NA NA NA NA 
1738450800.0 12034.0 NA 312 590 0 NA NA NA NA NA NA 400 813 0 NA NA NA NA NA NA 273 911 191 NA NA NA NA NA NA 213 1073 206 NA NA NA NA NA 
1738450800.0 121.0 155 214 430 NA NA NA NA NA NA 244 288 592 NA NA NA NA NA NA 989 257 804 NA NA NA NA NA NA 422 250 755 NA NA NA NA NA NA 
1738450800.0 122.0 128 194 402 NA NA NA NA NA NA 186 269 565 NA NA NA NA NA NA 234 210 708 NA NA NA NA NA NA 215 241 714 NA NA NA NA NA NA 
1738450800.0 123.1 417 NA NA NA NA NA NA NA NA 551 NA NA NA NA NA NA NA NA 355 NA NA NA NA NA NA NA NA 311 NA NA NA NA NA NA NA NA 
1738450800.0 123.2 414 NA NA NA NA NA NA NA NA 544 NA NA NA NA NA NA NA NA 392 NA NA NA NA NA NA NA NA 331 NA NA NA NA NA NA NA NA 
1738450800.0 123.3 328 NA NA NA NA NA NA NA NA 428 NA NA NA NA NA NA NA NA 302 NA NA NA NA NA NA NA NA 274 NA NA NA NA NA NA NA NA 
1738450800.0 124.1 386 NA NA NA NA NA NA NA NA 496 NA NA NA NA NA NA NA NA 323 NA NA NA NA NA NA NA NA 339 NA NA NA NA NA NA NA NA 
1738450800.0 124.2 408 NA NA NA NA NA NA NA NA 548 NA NA NA NA NA NA NA NA 336 NA NA NA NA NA NA NA NA 308 NA NA NA NA NA NA NA NA 
1738450800.0 124.4 391 NA NA NA NA NA NA NA NA 519 NA NA NA NA NA NA NA NA 308 NA NA NA NA NA NA NA NA 267 NA NA NA NA NA NA NA NA 
1738450800.0 124.5 394 NA NA NA NA NA NA NA NA 504 NA NA NA NA NA NA NA NA 311 NA NA NA NA NA NA NA NA 271 NA NA NA NA NA NA NA NA 
1738450800.0 124.6 326 NA NA NA NA NA NA NA NA 448 NA NA NA NA NA NA NA NA 310 NA NA NA NA NA NA NA NA 338 NA NA NA NA NA NA NA NA 
1738450800.0 12434.0 NA 343 603 0 197 NA NA NA NA NA 458 837 0 311 NA NA NA NA NA 811 936 188 159 NA NA NA NA NA 388 855 205 167 NA NA NA NA 
1738450800.0 12434.511 NA 348 165 0 NA NA NA NA NA NA 444 256 0 NA NA NA NA NA NA 807 250 61 NA NA NA NA NA NA 393 344 73 NA NA NA NA NA 
1738450800.0 12434.521 NA 345 162 0 NA NA NA NA NA NA 453 240 0 NA NA NA NA NA NA 804 248 65 NA NA NA NA NA NA 380 263 81 NA NA NA NA NA 
1738450800.0 12434.7 NA 347 600 0 NA NA NA NA NA NA 443 818 0 NA NA NA NA NA NA 813 938 188 NA NA NA NA NA NA 360 829 204 NA NA NA NA NA 
1738450800.0 12446.0 NA 343 571 0 165 NA NA NA NA NA 454 840 0 240 NA NA NA NA NA 799 886 180 153 NA NA NA NA NA 365 859 193 160 NA NA NA NA 
1738450800.0 12461.0 NA 335 574 0 158 NA NA NA NA NA 450 799 0 230 NA NA NA NA NA 792 827 164 153 NA NA NA NA NA 369 832 175 168 NA NA NA NA 
1738450800.0 125.0 164 207 418 NA NA NA NA NA NA 251 291 573 NA NA NA NA NA NA 821 255 793 NA NA NA NA NA NA 409 245 753 NA NA NA NA NA NA 
1738450800.0 126.0 124 204 407 NA NA NA NA NA NA 174 283 529 NA NA NA NA NA NA 389 259 744 NA NA NA NA NA NA 286 295 880 NA NA NA NA NA NA 
1738450800.0 12634.0 NA 707 1111 0 NA NA NA NA NA NA 959 1394 0 NA NA NA NA NA NA 2375 2500 204 NA NA NA NA NA NA 1326 1528 228 NA NA NA NA NA 
1738450800.0 12634.21 NA 564 398 245 183 NA NA NA NA NA 730 593 345 276 NA NA NA NA NA 2031 1090 272 171 NA NA NA NA NA 989 446 279 190 NA NA NA NA 
1738450800.0 12634.99 NA 564 713 795 0 NA NA NA NA NA 774 975 1081 0 NA NA NA NA NA 1888 1066 2212 199 NA NA NA NA NA 1132 442 1134 214 NA NA NA NA 
1738450800.0 127.0 122 205 411 NA NA NA NA NA NA 173 287 570 NA NA NA NA NA NA 295 252 737 NA NA NA NA NA NA 266 238 831 NA NA NA NA NA NA 
1738450800.0 128.0 118 204 402 NA NA NA NA NA NA 171 282 549 NA NA NA NA NA NA 200 256 724 NA NA NA NA NA NA 216 251 775 NA NA NA NA NA NA 
1738450800.0 12834.0 NA 345 597 0 195 NA NA NA NA NA 454 817 0 315 NA NA NA NA NA 363 971 194 159 NA NA NA NA NA 304 1013 228 171 NA NA NA NA 
1738450800.0 12834.402 NA 344 177 0 NA NA NA NA NA NA 442 274 0 NA NA NA NA NA NA 355 259 85 NA NA NA NA NA NA 261 288 98 NA NA NA NA NA 
1738450800.0 12834.412 NA 346 171 0 NA NA NA NA NA NA 479 258 0 NA NA NA NA NA NA 359 254 61 NA NA NA NA NA NA 268 273 76 NA NA NA NA NA 
1738450800.0 12834.7 NA 348 601 0 NA NA NA NA NA NA 455 882 0 NA NA NA NA NA NA 354 927 189 NA NA NA NA NA NA 244 817 202 NA NA NA NA NA 
1738450800.0 12846.0 NA 335 593 0 165 NA NA NA NA NA 447 814 0 239 NA NA NA NA NA 352 919 188 156 NA NA NA NA NA 268 980 230 170 NA NA NA NA 
1738450800.0 12861.0 NA 329 572 0 158 NA NA NA NA NA 430 798 0 233 NA NA NA NA NA 331 818 164 152 NA NA NA NA NA 285 773 176 164 NA NA NA NA 
1738450800.0 129.0 120 207 408 NA NA NA NA NA NA 172 284 559 NA NA NA NA NA NA 203 253 726 NA NA NA NA NA NA 209 252 776 NA NA NA NA NA NA 
1738450800.0 13.0 NA 218 423 0 NA NA NA NA NA NA 302 575 0 NA NA NA NA NA NA 251 1010 156 NA NA NA NA NA NA 334 863 188 NA NA NA NA NA 
1738450800.0 130.0 121 204 398 NA NA NA NA NA NA 172 278 554 NA NA NA NA NA NA 213 253 729 NA NA NA NA NA NA 299 273 854 NA NA NA NA NA NA 
1738450800.0 1301.0 112 256 342 NA NA NA NA NA NA 224 333 502 NA NA NA NA NA NA 590 270 437 NA NA NA NA NA NA 364 266 490 NA NA NA NA NA NA 
1738450800.0 1301.17 129 323 365 NA NA NA NA NA NA 183 412 510 NA NA NA NA NA NA 621 694 462 NA NA NA NA NA NA 391 431 429 NA NA NA NA NA NA 
1738450800.0 1302.0 156 265 353 NA NA NA NA NA NA 228 352 503 NA NA NA NA NA NA 923 283 541 NA NA NA NA NA NA 418 248 478 NA NA NA NA NA NA 
1738450800.0 1302.17 135 336 380 NA NA NA NA NA NA 195 430 554 NA NA NA NA NA NA 1005 717 564 NA NA NA NA NA NA 432 391 539 NA NA NA NA NA NA 
1738450800.0 1302.18 132 328 314 240 184 NA NA NA NA 191 406 480 334 276 NA NA NA NA 953 712 354 282 212 NA NA NA NA 426 365 312 263 242 NA NA NA NA 
1738450800.0 1302.181 132 326 312 237 185 NA NA NA NA 194 404 479 338 268 NA NA NA NA 1016 711 348 288 216 NA NA NA NA 449 424 289 287 251 NA NA NA NA 
1738450800.0 1303.0 144 264 354 NA NA NA NA NA NA 207 360 518 NA NA NA NA NA NA 1563 260 591 NA NA NA NA NA NA 755 258 509 NA NA NA NA NA NA 
1738450800.0 1303.17 143 333 384 NA NA NA NA NA NA 205 429 553 NA NA NA NA NA NA 1604 686 610 NA NA NA NA NA NA 729 442 459 NA NA NA NA NA NA 
1738450800.0 13034.0 NA 677 1070 0 NA NA NA NA NA NA 974 1475 0 NA NA NA NA NA NA 1859 2282 200 NA NA NA NA NA NA 1081 1471 215 NA NA NA NA NA 
1738450800.0 13034.21 NA 528 386 246 183 NA NA NA NA NA 712 579 346 266 NA NA NA NA NA 1678 1050 265 164 NA NA NA NA NA 862 523 221 165 NA NA NA NA 
1738450800.0 13034.99 NA 583 727 819 0 NA NA NA NA NA 835 957 1068 0 NA NA NA NA NA 2027 678 2405 206 NA NA NA NA NA 1129 469 1353 237 NA NA NA NA 
1738450800.0 1304.18 129 320 308 238 131 NA NA NA NA 189 414 485 329 274 NA NA NA NA 693 682 312 278 220 NA NA NA NA 370 354 322 278 313 NA NA NA NA 
1738450800.0 1304.181 130 321 310 241 133 NA NA NA NA 187 422 503 342 273 NA NA NA NA 714 697 311 270 217 NA NA NA NA 361 384 290 282 306 NA NA NA NA 
1738450800.0 1304.182 129 320 305 242 NA NA NA NA NA 188 402 476 344 NA NA NA NA NA 739 690 297 262 NA NA NA NA NA 380 393 324 256 NA NA NA NA NA 
1738450800.0 1306.0 NA 262 470 0 NA NA NA NA NA NA 362 610 0 NA NA NA NA NA NA 254 738 133 NA NA NA NA NA NA 249 792 171 NA NA NA NA NA 
1738450800.0 1307.0 NA 259 295 105 0 NA NA NA NA NA 363 436 171 0 NA NA NA NA NA 241 354 94 76 NA NA NA NA NA 291 411 118 92 NA NA NA NA 
1738450800.0 1308.0 NA 256 292 104 0 NA NA NA NA NA 351 422 172 0 NA NA NA NA NA 240 292 93 77 NA NA NA NA NA 304 329 129 92 NA NA NA NA 
1738450800.0 1309.0 NA 271 483 0 NA NA NA NA NA NA 367 651 0 NA NA NA NA NA NA 281 879 150 NA NA NA NA NA NA 294 825 195 NA NA NA NA NA 
1738450800.0 131.0 124 205 399 NA NA NA NA NA NA 198 285 552 NA NA NA NA NA NA 330 255 741 NA NA NA NA NA NA 282 241 820 NA NA NA NA NA NA 
1738450800.0 1310.0 NA 272 479 0 NA NA NA NA NA NA 361 646 0 NA NA NA NA NA NA 278 836 151 NA NA NA NA NA NA 291 795 195 NA NA NA NA NA 
1738450800.0 1311.0 NA 267 466 0 134 NA NA NA NA NA 363 611 0 197 NA NA NA NA NA 265 685 154 139 NA NA NA NA NA 312 801 166 164 NA NA NA NA 
1738450800.0 1312.0 NA 269 482 0 NA NA NA NA NA NA 371 673 0 NA NA NA NA NA NA 273 862 152 NA NA NA NA NA NA 344 875 186 NA NA NA NA NA 
1738450800.0 1313.0 NA 275 494 0 NA NA NA NA NA NA 374 672 0 NA NA NA NA NA NA 253 951 142 NA NA NA NA NA NA 307 870 153 NA NA NA NA NA 
1738450800.0 1314.0 NA 271 478 0 NA NA NA NA NA NA 364 639 0 NA NA NA NA NA NA 272 847 149 NA NA NA NA NA NA 298 767 181 NA NA NA NA NA 
1738450800.0 1315.0 NA 264 465 0 NA NA NA NA NA NA 360 640 0 NA NA NA NA NA NA 254 779 131 NA NA NA NA NA NA 255 827 166 NA NA NA NA NA 
1738450800.0 1316.0 NA 262 469 0 NA NA NA NA NA NA 366 612 0 NA NA NA NA NA NA 261 756 134 NA NA NA NA NA NA 289 755 160 NA NA NA NA NA 
1738450800.0 1317.0 NA 262 458 0 180 NA NA NA NA NA 373 657 0 275 NA NA NA NA NA 241 733 130 178 NA NA NA NA NA 244 747 140 194 NA NA NA NA 
1738450800.0 1318.0 NA 263 465 0 177 NA NA NA NA NA 366 621 0 263 NA NA NA NA NA 242 728 128 184 NA NA NA NA NA 255 752 146 202 NA NA NA NA 
1738450800.0 1319.0 NA 264 464 0 NA NA NA NA NA NA 366 616 0 NA NA NA NA NA NA 250 752 133 NA NA NA NA NA NA 259 880 173 NA NA NA NA NA 
1738450800.0 132.0 151 211 416 NA NA NA NA NA NA 238 289 566 NA NA NA NA NA NA 778 259 793 NA NA NA NA NA NA 396 246 776 NA NA NA NA NA NA 
1738450800.0 1320.0 NA 265 456 0 179 NA NA NA NA NA 362 635 0 266 NA NA NA NA NA 242 741 131 178 NA NA NA NA NA 241 767 142 205 NA NA NA NA 
1738450800.0 1321.0 NA 266 474 0 180 NA NA NA NA NA 364 678 0 270 NA NA NA NA NA 242 747 134 183 NA NA NA NA NA 245 788 154 200 NA NA NA NA 
1738450800.0 1322.0 NA 267 478 0 181 NA NA NA NA NA 363 636 0 271 NA NA NA NA NA 243 755 131 183 NA NA NA NA NA 249 708 146 202 NA NA NA NA 
1738450800.0 1323.0 NA 261 463 0 NA NA NA NA NA NA 351 622 0 NA NA NA NA NA NA 255 725 131 NA NA NA NA NA NA 248 758 164 NA NA NA NA NA 
1738450800.0 13234.0 NA 657 0 NA NA NA NA NA NA NA 865 0 NA NA NA NA NA NA NA 1877 127 NA NA NA NA NA NA NA 910 150 NA NA NA NA NA NA 
1738450800.0 1324.0 NA 274 488 0 NA NA NA NA NA NA 378 650 0 NA NA NA NA NA NA 280 889 150 NA NA NA NA NA NA 329 833 169 NA NA NA NA NA 
1738450800.0 1325.0 NA 273 485 0 138 182 NA NA NA NA 368 650 0 197 271 NA NA NA NA 267 822 150 151 194 NA NA NA NA 272 749 171 194 243 NA NA NA 
1738450800.0 1325.1 NA 273 281 0 NA NA NA NA NA NA 366 425 0 NA NA NA NA NA NA 258 377 136 NA NA NA NA NA NA 332 434 161 NA NA NA NA NA 
1738450800.0 1325.2 NA 274 482 0 NA NA NA NA NA NA 366 626 0 NA NA NA NA NA NA 274 872 144 NA NA NA NA NA NA 265 916 156 NA NA NA NA NA 
1738450800.0 1325.3 NA 273 271 0 NA NA NA NA NA NA 366 412 0 NA NA NA NA NA NA 261 353 131 NA NA NA NA NA NA 299 389 157 NA NA NA NA NA 
1738450800.0 1325.4 NA 272 483 0 NA NA NA NA NA NA 370 628 0 NA NA NA NA NA NA 276 897 146 NA NA NA NA NA NA 305 916 159 NA NA NA NA NA 
1738450800.0 1325.9 NA 297 484 0 139 NA NA NA NA NA 397 653 0 209 NA NA NA NA NA 274 797 144 150 NA NA NA NA NA 231 720 155 181 NA NA NA NA 
1738450800.0 1325.91 NA 299 478 0 138 NA NA NA NA NA 394 640 0 199 NA NA NA NA NA 278 803 144 148 NA NA NA NA NA 264 916 156 195 NA NA NA NA 
1738450800.0 1326.0 NA 268 476 0 NA NA NA NA NA NA 360 628 0 NA NA NA NA NA NA 272 759 146 NA NA NA NA NA NA 293 760 185 NA NA NA NA NA 
1738450800.0 1327.0 NA 270 474 0 NA NA NA NA NA NA 367 647 0 NA NA NA NA NA NA 265 811 147 NA NA NA NA NA NA 248 833 178 NA NA NA NA NA 
1738450800.0 1328.0 NA 275 481 0 NA NA NA NA NA NA 372 644 0 NA NA NA NA NA NA 272 847 142 NA NA NA NA NA NA 261 849 154 NA NA NA NA NA 
1738450800.0 1329.0 NA 268 478 0 182 NA NA NA NA NA 372 646 0 271 NA NA NA NA NA 251 748 140 183 NA NA NA NA NA 256 709 152 218 NA NA NA NA 
1738450800.0 133.0 161 211 423 NA NA NA NA NA NA 246 288 579 NA NA NA NA NA NA 1018 255 819 NA NA NA NA NA NA 455 246 725 NA NA NA NA NA NA 
1738450800.0 1330.0 NA 271 525 0 182 NA NA NA NA NA 366 685 0 272 NA NA NA NA NA 254 779 147 191 NA NA NA NA NA 257 794 171 212 NA NA NA NA 
1738450800.0 1331.0 NA 268 480 0 180 NA NA NA NA NA 365 663 0 268 NA NA NA NA NA 248 743 140 188 NA NA NA NA NA 226 702 155 207 NA NA NA NA 
1738450800.0 1332.0 NA 271 479 0 NA NA NA NA NA NA 364 652 0 NA NA NA NA NA NA 275 834 141 NA NA NA NA NA NA 275 834 153 NA NA NA NA NA 
1738450800.0 1333.0 NA 265 470 0 NA NA NA NA NA NA 355 648 0 NA NA NA NA NA NA 265 753 138 NA NA NA NA NA NA 262 768 149 NA NA NA NA NA 
1738450800.0 1334.0 NA 271 481 0 NA NA NA NA NA NA 368 650 0 NA NA NA NA NA NA 273 826 142 NA NA NA NA NA NA 307 770 153 NA NA NA NA NA 
1738450800.0 1335.0 NA 265 478 0 NA NA NA NA NA NA 359 638 0 NA NA NA NA NA NA 270 804 139 NA NA NA NA NA NA 314 820 154 NA NA NA NA NA 
1738450800.0 1336.0 NA 274 488 0 NA NA NA NA NA NA 380 659 0 NA NA NA NA NA NA 284 1158 147 NA NA NA NA NA NA 301 983 162 NA NA NA NA NA 
1738450800.0 1337.0 NA 284 501 0 NA NA NA NA NA NA 380 667 0 NA NA NA NA NA NA 290 1084 158 NA NA NA NA NA NA 316 860 193 NA NA NA NA NA 
1738450800.0 1338.0 NA 271 488 0 181 NA NA NA NA NA 373 639 0 267 NA NA NA NA NA 260 790 142 190 NA NA NA NA NA 233 707 153 200 NA NA NA NA 
1738450800.0 1339.0 NA 274 485 0 NA NA NA NA NA NA 378 660 0 NA NA NA NA NA NA 290 967 149 NA NA NA NA NA NA 346 897 166 NA NA NA NA NA 
1738450800.0 134.0 NA 409 90 0 NA NA NA NA NA NA 564 154 0 NA NA NA NA NA NA 1333 78 27 NA NA NA NA NA NA 933 108 37 NA NA NA NA NA 
1738450800.0 134.701 NA 132 449 0 NA NA NA NA NA NA 206 601 0 NA NA NA NA NA NA 158 1740 136 NA NA NA NA NA NA 172 1205 159 NA NA NA NA NA 
1738450800.0 134.702 NA 134 458 0 NA NA NA NA NA NA 210 616 0 NA NA NA NA NA NA 161 2232 126 NA NA NA NA NA NA 176 1161 147 NA NA NA NA NA 
1738450800.0 134.703 NA 139 469 0 NA NA NA NA NA NA 215 643 0 NA NA NA NA NA NA 177 2394 139 NA NA NA NA NA NA 199 1349 159 NA NA NA NA NA 
1738450800.0 134.704 NA 134 457 0 NA NA NA NA NA NA 211 628 0 NA NA NA NA NA NA 158 2081 128 NA NA NA NA NA NA 154 1180 145 NA NA NA NA NA 
1738450800.0 134.705 NA 135 471 0 NA NA NA NA NA NA 210 634 0 NA NA NA NA NA NA 162 2319 137 NA NA NA NA NA NA 182 1163 177 NA NA NA NA NA 
1738450800.0 134.706 NA 136 466 0 NA NA NA NA NA NA 210 635 0 NA NA NA NA NA NA 165 2328 142 NA NA NA NA NA NA 165 1180 162 NA NA NA NA NA 
1738450800.0 134.707 NA 136 458 0 NA NA NA NA NA NA 215 646 0 NA NA NA NA NA NA 178 2321 139 NA NA NA NA NA NA 258 1343 182 NA NA NA NA NA 
1738450800.0 134.708 NA 135 457 0 NA NA NA NA NA NA 211 620 0 NA NA NA NA NA NA 179 2248 135 NA NA NA NA NA NA 196 1331 151 NA NA NA NA NA 
1738450800.0 134.709 NA 137 633 0 NA NA NA NA NA NA 216 879 0 NA NA NA NA NA NA 161 2151 133 NA NA NA NA NA NA 157 1138 152 NA NA NA NA NA 
1738450800.0 134.71 NA 133 454 0 NA NA NA NA NA NA 214 619 0 NA NA NA NA NA NA 158 1564 129 NA NA NA NA NA NA 162 1095 147 NA NA NA NA NA 
1738450800.0 134.801 NA 133 461 0 NA NA NA NA NA NA 212 644 0 NA NA NA NA NA NA 160 1625 126 NA NA NA NA NA NA 170 1026 142 NA NA NA NA NA 
1738450800.0 134.802 NA 134 465 0 NA NA NA NA NA NA 209 633 0 NA NA NA NA NA NA 169 2453 128 NA NA NA NA NA NA 187 1182 147 NA NA NA NA NA 
1738450800.0 134.803 NA 135 465 0 NA NA NA NA NA NA 212 662 0 NA NA NA NA NA NA 167 2333 132 NA NA NA NA NA NA 166 1172 151 NA NA NA NA NA 
1738450800.0 134.804 NA 134 477 0 NA NA NA NA NA NA 211 654 0 NA NA NA NA NA NA 170 2534 132 NA NA NA NA NA NA 177 1265 192 NA NA NA NA NA 
1738450800.0 134.805 NA 135 475 0 NA NA NA NA NA NA 212 644 0 NA NA NA NA NA NA 169 2469 128 NA NA NA NA NA NA 163 1206 157 NA NA NA NA NA 
1738450800.0 134.806 NA 135 477 0 NA NA NA NA NA NA 211 652 0 NA NA NA NA NA NA 177 2684 133 NA NA NA NA NA NA 197 1285 163 NA NA NA NA NA 
1738450800.0 134.807 NA 235 515 0 NA NA NA NA NA NA 340 715 0 NA NA NA NA NA NA 325 2602 167 NA NA NA NA NA NA 360 1304 179 NA NA NA NA NA 
1738450800.0 134.808 NA 243 514 0 NA NA NA NA NA NA 336 695 0 NA NA NA NA NA NA 319 2623 145 NA NA NA NA NA NA 342 1227 164 NA NA NA NA NA 
1738450800.0 134.809 NA 134 458 0 NA NA NA NA NA NA 212 626 0 NA NA NA NA NA NA 168 2376 130 NA NA NA NA NA NA 163 1176 149 NA NA NA NA NA 
1738450800.0 134.81 NA 134 467 0 NA NA NA NA NA NA 212 639 0 NA NA NA NA NA NA 169 2387 132 NA NA NA NA NA NA 182 1196 151 NA NA NA NA NA 
1738450800.0 134.811 NA 134 469 0 NA NA NA NA NA NA 208 653 0 NA NA NA NA NA NA 174 2442 130 NA NA NA NA NA NA 206 1195 148 NA NA NA NA NA 
1738450800.0 134.812 NA 133 456 0 NA NA NA NA NA NA 215 642 0 NA NA NA NA NA NA 159 1606 131 NA NA NA NA NA NA 156 1135 155 NA NA NA NA NA 
1738450800.0 134.813 NA 288 130 0 NA NA NA NA NA NA 437 200 0 NA NA NA NA NA NA 545 109 77 NA NA NA NA NA NA 372 138 97 NA NA NA NA NA 
1738450800.0 134.901 NA 139 440 0 NA NA NA NA NA NA 214 626 0 NA NA NA NA NA NA 160 1708 126 NA NA NA NA NA NA 163 1160 148 NA NA NA NA NA 
1738450800.0 134.902 NA 135 458 0 NA NA NA NA NA NA 212 631 0 NA NA NA NA NA NA 183 2149 133 NA NA NA NA NA NA 235 1226 149 NA NA NA NA NA 
1738450800.0 134.903 NA 137 456 0 NA NA NA NA NA NA 213 615 0 NA NA NA NA NA NA 161 1922 127 NA NA NA NA NA NA 153 1137 145 NA NA NA NA NA 
1738450800.0 134.904 NA 135 463 0 NA NA NA NA NA NA 212 643 0 NA NA NA NA NA NA 174 2431 138 NA NA NA NA NA NA 175 1298 181 NA NA NA NA NA 
1738450800.0 134.905 NA 135 455 0 NA NA NA NA NA NA 218 634 0 NA NA NA NA NA NA 180 2052 123 NA NA NA NA NA NA 186 1424 153 NA NA NA NA NA 
1738450800.0 134.906 NA 135 457 0 NA NA NA NA NA NA 206 622 0 NA NA NA NA NA NA 163 2225 131 NA NA NA NA NA NA 158 1151 154 NA NA NA NA NA 
1738450800.0 134.907 NA 239 499 0 NA NA NA NA NA NA 337 670 0 NA NA NA NA NA NA 299 2026 138 NA NA NA NA NA NA 299 1156 162 NA NA NA NA NA 
1738450800.0 134.908 NA 240 502 0 NA NA NA NA NA NA 337 666 0 NA NA NA NA NA NA 293 2147 135 NA NA NA NA NA NA 277 1153 174 NA NA NA NA NA 
1738450800.0 134.909 NA 135 455 0 NA NA NA NA NA NA 213 643 0 NA NA NA NA NA NA 163 1999 129 NA NA NA NA NA NA 173 1157 151 NA NA NA NA NA 
1738450800.0 134.91 NA 135 449 0 NA NA NA NA NA NA 213 599 0 NA NA NA NA NA NA 168 1852 131 NA NA NA NA NA NA 187 1192 155 NA NA NA NA NA 
1738450800.0 134.911 NA 135 457 0 NA NA NA NA NA NA 211 631 0 NA NA NA NA NA NA 184 2073 134 NA NA NA NA NA NA 226 1213 156 NA NA NA NA NA 
1738450800.0 134.912 NA 131 452 0 NA NA NA NA NA NA 208 611 0 NA NA NA NA NA NA 162 1552 131 NA NA NA NA NA NA 172 1127 151 NA NA NA NA NA 
1738450800.0 134.99601 NA 136 469 0 NA NA NA NA NA NA 215 644 0 NA NA NA NA NA NA 173 2875 129 NA NA NA NA NA NA 195 1318 148 NA NA NA NA NA 
1738450800.0 134.99602 NA 135 454 0 NA NA NA NA NA NA 207 614 0 NA NA NA NA NA NA 164 1734 121 NA NA NA NA NA NA 174 1029 134 NA NA NA NA NA 
1738450800.0 134.99603 NA 137 462 0 NA NA NA NA NA NA 219 638 0 NA NA NA NA NA NA 184 2487 138 NA NA NA NA NA NA 192 1348 164 NA NA NA NA NA 
1738450800.0 134.99901 NA 139 454 0 NA NA NA NA NA NA 217 623 0 NA NA NA NA NA NA 171 1890 128 NA NA NA NA NA NA 197 1139 145 NA NA NA NA NA 
1738450800.0 1340.0 NA 264 467 0 NA NA NA NA NA NA 363 618 0 NA NA NA NA NA NA 270 790 138 NA NA NA NA NA NA 304 808 154 NA NA NA NA NA 
1738450800.0 1341.0 NA 279 492 0 NA NA NA NA NA NA 382 646 0 NA NA NA NA NA NA 290 1054 155 NA NA NA NA NA NA 312 983 180 NA NA NA NA NA 
1738450800.0 1343.0 NA 271 480 0 NA NA NA NA NA NA 369 657 0 NA NA NA NA NA NA 278 898 144 NA NA NA NA NA NA 346 955 155 NA NA NA NA NA 
1738450800.0 13434.0 NA 811 0 NA NA NA NA NA NA NA 1055 0 NA NA NA NA NA NA NA 2780 137 NA NA NA NA NA NA NA 1467 166 NA NA NA NA NA NA 
1738450800.0 1344.0 NA 269 480 0 NA NA NA NA NA NA 365 627 0 NA NA NA NA NA NA 275 865 141 NA NA NA NA NA NA 296 947 152 NA NA NA NA NA 
1738450800.0 1345.0 NA 271 482 0 NA NA NA NA NA NA 367 649 0 NA NA NA NA NA NA 276 852 142 NA NA NA NA NA NA 277 832 153 NA NA NA NA NA 
1738450800.0 1347.0 NA 272 481 0 NA NA NA NA NA NA 370 662 0 NA NA NA NA NA NA 274 821 143 NA NA NA NA NA NA 289 777 154 NA NA NA NA NA 
1738450800.0 1348.0 NA 269 469 0 NA NA NA NA NA NA 363 617 0 NA NA NA NA NA NA 268 799 139 NA NA NA NA NA NA 273 802 149 NA NA NA NA NA 
1738450800.0 1349.0 NA 268 474 0 NA NA NA NA NA NA 368 629 0 NA NA NA NA NA NA 275 810 140 NA NA NA NA NA NA 295 861 150 NA NA NA NA NA 
1738450800.0 135.1 444 0 231 176 NA NA NA NA NA 588 0 320 262 NA NA NA NA NA 370 91 256 180 NA NA NA NA NA 392 123 311 258 NA NA NA NA NA 
1738450800.0 135.11 452 0 224 178 NA NA NA NA NA 595 0 309 261 NA NA NA NA NA 427 94 310 178 NA NA NA NA NA 428 113 286 211 NA NA NA NA NA 
1738450800.0 135.12 448 0 222 174 NA NA NA NA NA 599 0 326 257 NA NA NA NA NA 352 92 238 179 NA NA NA NA NA 310 129 250 248 NA NA NA NA NA 
1738450800.0 135.13 459 0 NA NA NA NA NA NA NA 588 0 NA NA NA NA NA NA NA 355 124 NA NA NA NA NA NA NA 317 144 NA NA NA NA NA NA NA 
1738450800.0 135.14 447 0 230 175 NA NA NA NA NA 600 0 314 272 NA NA NA NA NA 366 89 272 181 NA NA NA NA NA 303 107 281 251 NA NA NA NA NA 
1738450800.0 135.2 369 0 220 176 NA NA NA NA NA 517 0 308 270 NA NA NA NA NA 315 81 244 180 NA NA NA NA NA 311 93 308 220 NA NA NA NA NA 
1738450800.0 135.3 369 0 217 175 NA NA NA NA NA 509 0 306 265 NA NA NA NA NA 335 85 247 179 NA NA NA NA NA 349 138 315 256 NA NA NA NA NA 
1738450800.0 135.4 439 0 212 176 NA NA NA NA NA 599 0 315 269 NA NA NA NA NA 371 88 239 178 NA NA NA NA NA 384 123 286 248 NA NA NA NA NA 
1738450800.0 135.5 440 0 215 175 NA NA NA NA NA 569 0 305 271 NA NA NA NA NA 338 88 238 173 NA NA NA NA NA 312 116 248 254 NA NA NA NA NA 
1738450800.0 135.6 446 0 222 176 NA NA NA NA NA 614 0 329 268 NA NA NA NA NA 376 90 260 181 NA NA NA NA NA 394 112 299 233 NA NA NA NA NA 
1738450800.0 135.7 440 0 225 174 NA NA NA NA NA 597 0 322 261 NA NA NA NA NA 350 86 237 180 NA NA NA NA NA 330 128 259 252 NA NA NA NA NA 
1738450800.0 135.8 191 NA NA NA NA NA NA NA NA 287 NA NA NA NA NA NA NA NA 330 NA NA NA NA NA NA NA NA 223 NA NA NA NA NA NA NA NA 
1738450800.0 135.9 444 0 216 174 NA NA NA NA NA 584 0 322 267 NA NA NA NA NA 330 89 238 175 NA NA NA NA NA 305 138 280 219 NA NA NA NA NA 
1738450800.0 1350.0 NA 271 480 0 NA NA NA NA NA NA 365 647 0 NA NA NA NA NA NA 269 818 141 NA NA NA NA NA NA 262 839 152 NA NA NA NA NA 
1738450800.0 1351.0 NA 271 472 0 NA NA NA NA NA NA 365 635 0 NA NA NA NA NA NA 262 793 141 NA NA NA NA NA NA 244 769 153 NA NA NA NA NA 
1738450800.0 1352.0 NA 268 471 0 NA NA NA NA NA NA 362 652 0 NA NA NA NA NA NA 260 795 146 NA NA NA NA NA NA 256 793 182 NA NA NA NA NA 
1738450800.0 1353.0 NA 271 480 0 NA NA NA NA NA NA 372 654 0 NA NA NA NA NA NA 274 847 143 NA NA NA NA NA NA 251 819 156 NA NA NA NA NA 
1738450800.0 1354.0 NA 269 483 0 NA NA NA NA NA NA 369 673 0 NA NA NA NA NA NA 272 837 151 NA NA NA NA NA NA 273 804 185 NA NA NA NA NA 
1738450800.0 1355.0 NA 275 489 0 NA NA NA NA NA NA 367 638 0 NA NA NA NA NA NA 284 853 149 NA NA NA NA NA NA 309 826 188 NA NA NA NA NA 
1738450800.0 1356.0 154 263 517 0 245 NA NA NA NA 220 358 683 0 335 NA NA NA NA 669 253 812 145 255 NA NA NA NA 336 243 751 165 249 NA NA NA NA 
1738450800.0 136.721 NA 209 502 0 NA NA NA NA NA NA 301 669 0 NA NA NA NA NA NA 258 2391 132 NA NA NA NA NA NA 263 1177 156 NA NA NA NA NA 
1738450800.0 136.722 NA 209 484 0 NA NA NA NA NA NA 291 657 0 NA NA NA NA NA NA 256 2630 92 NA NA NA NA NA NA 231 1273 104 NA NA NA NA NA 
1738450800.0 136.723 NA 210 503 0 NA NA NA NA NA NA 285 676 0 NA NA NA NA NA NA 266 2548 131 NA NA NA NA NA NA 252 1207 148 NA NA NA NA NA 
1738450800.0 136.724 NA 209 490 0 NA NA NA NA NA NA 295 667 0 NA NA NA NA NA NA 263 3069 89 NA NA NA NA NA NA 257 1457 115 NA NA NA NA NA 
1738450800.0 136.725 NA 209 480 0 NA NA NA NA NA NA 294 684 0 NA NA NA NA NA NA 260 2621 88 NA NA NA NA NA NA 250 1281 100 NA NA NA NA NA 
1738450800.0 136.726 NA 211 435 0 NA NA NA NA NA NA 291 610 0 NA NA NA NA NA NA 264 2715 84 NA NA NA NA NA NA 236 1298 99 NA NA NA NA NA 
1738450800.0 136.727 NA 314 545 0 NA NA NA NA NA NA 425 741 0 NA NA NA NA NA NA 385 2588 129 NA NA NA NA NA NA 322 1207 142 NA NA NA NA NA 
1738450800.0 136.728 NA 301 553 0 NA NA NA NA NA NA 418 724 0 NA NA NA NA NA NA 440 2851 126 NA NA NA NA NA NA 478 1344 148 NA NA NA NA NA 
1738450800.0 136.729 NA 211 511 0 NA NA NA NA NA NA 287 684 0 NA NA NA NA NA NA 259 2630 106 NA NA NA NA NA NA 265 1223 122 NA NA NA NA NA 
1738450800.0 136.73 NA 210 516 0 NA NA NA NA NA NA 290 685 0 NA NA NA NA NA NA 263 2687 96 NA NA NA NA NA NA 310 1289 110 NA NA NA NA NA 
1738450800.0 136.731 NA 211 490 0 NA NA NA NA NA NA 290 687 0 NA NA NA NA NA NA 259 2771 91 NA NA NA NA NA NA 235 1393 104 NA NA NA NA NA 
1738450800.0 136.732 NA 211 553 0 NA NA NA NA NA NA 295 708 0 NA NA NA NA NA NA 248 2173 130 NA NA NA NA NA NA 248 1187 148 NA NA NA NA NA 
1738450800.0 136.733 NA 300 139 0 NA NA NA NA NA NA 440 216 0 NA NA NA NA NA NA 486 131 78 NA NA NA NA NA NA 442 175 98 NA NA NA NA NA 
1738450800.0 136.734 NA 210 441 0 NA NA NA NA NA NA 294 616 0 NA NA NA NA NA NA 273 2714 97 NA NA NA NA NA NA 285 1297 108 NA NA NA NA NA 
1738450800.0 136.735 NA 214 424 0 NA NA NA NA NA NA 293 591 0 NA NA NA NA NA NA 241 1144 105 NA NA NA NA NA NA 219 1033 127 NA NA NA NA NA 
1738450800.0 136.736 NA 210 521 0 NA NA NA NA NA NA 288 731 0 NA NA NA NA NA NA 273 3744 128 NA NA NA NA NA NA 229 1564 140 NA NA NA NA NA 
1738450800.0 136.737 NA 208 487 0 NA NA NA NA NA NA 288 656 0 NA NA NA NA NA NA 291 4209 91 NA NA NA NA NA NA 362 1763 103 NA NA NA NA NA 
1738450800.0 136.738 NA 209 505 0 NA NA NA NA NA NA 290 733 0 NA NA NA NA NA NA 309 4253 133 NA NA NA NA NA NA 359 1833 152 NA NA NA NA NA 
1738450800.0 136.739 NA 209 497 0 NA NA NA NA NA NA 288 706 0 NA NA NA NA NA NA 297 4819 90 NA NA NA NA NA NA 407 1841 110 NA NA NA NA NA 
1738450800.0 136.74 NA 210 504 0 NA NA NA NA NA NA 290 692 0 NA NA NA NA NA NA 295 4178 93 NA NA NA NA NA NA 370 1722 138 NA NA NA NA NA 
1738450800.0 136.741 NA 210 448 0 NA NA NA NA NA NA 290 626 0 NA NA NA NA NA NA 296 4073 85 NA NA NA NA NA NA 362 1803 115 NA NA NA NA NA 
1738450800.0 136.742 NA 209 522 0 NA NA NA NA NA NA 284 717 0 NA NA NA NA NA NA 290 3943 105 NA NA NA NA NA NA 333 1633 119 NA NA NA NA NA 
1738450800.0 136.743 NA 210 567 0 NA NA NA NA NA NA 287 769 0 NA NA NA NA NA NA 287 3787 106 NA NA NA NA NA NA 277 1568 119 NA NA NA NA NA 
1738450800.0 136.744 NA 208 500 0 NA NA NA NA NA NA 298 693 0 NA NA NA NA NA NA 289 4181 92 NA NA NA NA NA NA 349 1771 105 NA NA NA NA NA 
1738450800.0 136.745 NA 209 564 0 NA NA NA NA NA NA 296 755 0 NA NA NA NA NA NA 273 2980 133 NA NA NA NA NA NA 250 1344 158 NA NA NA NA NA 
1738450800.0 136.746 NA 209 447 0 NA NA NA NA NA NA 295 603 0 NA NA NA NA NA NA 307 3843 99 NA NA NA NA NA NA 373 1711 114 NA NA NA NA NA 
1738450800.0 136.747 NA 211 526 0 NA NA NA NA NA NA 306 716 0 NA NA NA NA NA NA 288 3861 131 NA NA NA NA NA NA 286 1585 147 NA NA NA NA NA 
1738450800.0 136.748 NA 209 447 0 NA NA NA NA NA NA 291 636 0 NA NA NA NA NA NA 283 3806 97 NA NA NA NA NA NA 299 1630 132 NA NA NA NA NA 
1738450800.0 136.749 NA 211 527 0 NA NA NA NA NA NA 291 713 0 NA NA NA NA NA NA 303 4163 135 NA NA NA NA NA NA 363 1647 156 NA NA NA NA NA 
1738450800.0 136.75 NA 210 514 0 NA NA NA NA NA NA 293 706 0 NA NA NA NA NA NA 294 4955 88 NA NA NA NA NA NA 350 1875 99 NA NA NA NA NA 
1738450800.0 136.751 NA 210 502 0 NA NA NA NA NA NA 307 718 0 NA NA NA NA NA NA 296 4857 92 NA NA NA NA NA NA 326 1841 118 NA NA NA NA NA 
1738450800.0 136.752 NA 211 447 0 NA NA NA NA NA NA 295 624 0 NA NA NA NA NA NA 295 4133 84 NA NA NA NA NA NA 347 1725 110 NA NA NA NA NA 
1738450800.0 136.753 NA 210 529 0 NA NA NA NA NA NA 291 737 0 NA NA NA NA NA NA 289 4061 107 NA NA NA NA NA NA 340 1637 123 NA NA NA NA NA 
1738450800.0 136.754 NA 212 578 0 NA NA NA NA NA NA 306 747 0 NA NA NA NA NA NA 287 3515 105 NA NA NA NA NA NA 332 1516 120 NA NA NA NA NA 
1738450800.0 136.755 NA 210 493 0 NA NA NA NA NA NA 288 714 0 NA NA NA NA NA NA 292 4500 95 NA NA NA NA NA NA 353 1845 128 NA NA NA NA NA 
1738450800.0 136.756 NA 210 566 0 NA NA NA NA NA NA 290 745 0 NA NA NA NA NA NA 274 2818 133 NA NA NA NA NA NA 285 1308 164 NA NA NA NA NA 
1738450800.0 136.757 NA 212 456 0 NA NA NA NA NA NA 299 630 0 NA NA NA NA NA NA 298 3793 100 NA NA NA NA NA NA 314 1639 134 NA NA NA NA NA 
1738450800.0 136.758 NA 210 534 0 NA NA NA NA NA NA 299 720 0 NA NA NA NA NA NA 297 4672 127 NA NA NA NA NA NA 319 1774 138 NA NA NA NA NA 
1738450800.0 136.759 NA 207 512 0 NA NA NA NA NA NA 289 708 0 NA NA NA NA NA NA 290 5103 91 NA NA NA NA NA NA 281 1913 102 NA NA NA NA NA 
1738450800.0 136.76 NA 211 543 0 NA NA NA NA NA NA 298 728 0 NA NA NA NA NA NA 304 5621 129 NA NA NA NA NA NA 310 2022 158 NA NA NA NA NA 
1738450800.0 136.761 NA 211 505 0 NA NA NA NA NA NA 284 716 0 NA NA NA NA NA NA 296 6218 92 NA NA NA NA NA NA 341 2363 107 NA NA NA NA NA 
1738450800.0 136.762 NA 210 486 0 NA NA NA NA NA NA 300 693 0 NA NA NA NA NA NA 304 6746 93 NA NA NA NA NA NA 445 2466 110 NA NA NA NA NA 
1738450800.0 136.763 NA 209 414 0 NA NA NA NA NA NA 294 626 0 NA NA NA NA NA NA 301 5491 84 NA NA NA NA NA NA 353 2020 99 NA NA NA NA NA 
1738450800.0 136.764 NA 209 535 0 NA NA NA NA NA NA 287 716 0 NA NA NA NA NA NA 292 5376 104 NA NA NA NA NA NA 308 1929 115 NA NA NA NA NA 
1738450800.0 136.765 NA 211 575 0 NA NA NA NA NA NA 291 756 0 NA NA NA NA NA NA 298 4670 109 NA NA NA NA NA NA 358 1787 133 NA NA NA NA NA 
1738450800.0 136.766 NA 209 495 0 NA NA NA NA NA NA 298 705 0 NA NA NA NA NA NA 292 5443 92 NA NA NA NA NA NA 296 2216 106 NA NA NA NA NA 
1738450800.0 136.767 NA 209 573 0 NA NA NA NA NA NA 292 757 0 NA NA NA NA NA NA 284 3983 132 NA NA NA NA NA NA 336 1605 145 NA NA NA NA NA 
1738450800.0 136.768 NA 209 463 0 NA NA NA NA NA NA 290 627 0 NA NA NA NA NA NA 311 5067 96 NA NA NA NA NA NA 359 1940 107 NA NA NA NA NA 
1738450800.0 136.769 NA 211 528 0 NA NA NA NA NA NA 288 742 0 NA NA NA NA NA NA 268 3840 128 NA NA NA NA NA NA 226 1583 141 NA NA NA NA NA 
1738450800.0 136.77 NA 211 497 0 NA NA NA NA NA NA 297 659 0 NA NA NA NA NA NA 279 3910 95 NA NA NA NA NA NA 341 1645 132 NA NA NA NA NA 
1738450800.0 136.771 NA 211 525 0 NA NA NA NA NA NA 292 710 0 NA NA NA NA NA NA 282 3779 129 NA NA NA NA NA NA 263 1580 144 NA NA NA NA NA 
1738450800.0 136.772 NA 210 495 0 NA NA NA NA NA NA 303 682 0 NA NA NA NA NA NA 287 4512 89 NA NA NA NA NA NA 322 1770 115 NA NA NA NA NA 
1738450800.0 136.773 NA 210 501 0 NA NA NA NA NA NA 282 678 0 NA NA NA NA NA NA 284 3927 91 NA NA NA NA NA NA 314 1664 110 NA NA NA NA NA 
1738450800.0 136.774 NA 211 453 0 NA NA NA NA NA NA 291 605 0 NA NA NA NA NA NA 285 3959 83 NA NA NA NA NA NA 316 1654 97 NA NA NA NA NA 
1738450800.0 136.775 NA 209 527 0 NA NA NA NA NA NA 294 685 0 NA NA NA NA NA NA 273 3688 107 NA NA NA NA NA NA 292 1538 123 NA NA NA NA NA 
1738450800.0 136.776 NA 212 555 0 NA NA NA NA NA NA 292 730 0 NA NA NA NA NA NA 273 3536 105 NA NA NA NA NA NA 261 1518 119 NA NA NA NA NA 
1738450800.0 136.777 NA 210 495 0 NA NA NA NA NA NA 288 651 0 NA NA NA NA NA NA 279 4125 97 NA NA NA NA NA NA 338 1741 161 NA NA NA NA NA 
1738450800.0 136.778 NA 214 559 0 NA NA NA NA NA NA 295 722 0 NA NA NA NA NA NA 260 2595 137 NA NA NA NA NA NA 242 1237 161 NA NA NA NA NA 
1738450800.0 136.779 NA 208 453 0 NA NA NA NA NA NA 294 611 0 NA NA NA NA NA NA 292 3764 102 NA NA NA NA NA NA 322 1616 143 NA NA NA NA NA 
1738450800.0 136.78 NA 231 612 0 NA NA NA NA NA NA 314 808 0 NA NA NA NA NA NA 280 4713 141 NA NA NA NA NA NA 330 1794 159 NA NA NA NA NA 
1738450800.0 136.7801 NA 204 0 NA NA NA NA NA NA NA 276 0 NA NA NA NA NA NA NA 296 65 NA NA NA NA NA NA NA 350 78 NA NA NA NA NA NA 
1738450800.0 136.7802 NA 132 0 NA NA NA NA NA NA NA 202 0 NA NA NA NA NA NA NA 119 59 NA NA NA NA NA NA NA 189 71 NA NA NA NA NA NA 
1738450800.0 136.7803 NA 209 0 NA NA NA NA NA NA NA 301 0 NA NA NA NA NA NA NA 369 60 NA NA NA NA NA NA NA 575 78 NA NA NA NA NA NA 
1738450800.0 136.781 NA 231 534 0 NA NA NA NA NA NA 316 735 0 NA NA NA NA NA NA 275 4894 111 NA NA NA NA NA NA 366 1906 124 NA NA NA NA NA 
1738450800.0 136.782 NA 232 619 0 NA NA NA NA NA NA 310 854 0 NA NA NA NA NA NA 292 5379 148 NA NA NA NA NA NA 293 2164 168 NA NA NA NA NA 
1738450800.0 136.783 NA 234 541 0 NA NA NA NA NA NA 329 774 0 NA NA NA NA NA NA 275 6121 111 NA NA NA NA NA NA 340 2414 129 NA NA NA NA NA 
1738450800.0 136.784 NA 232 506 0 NA NA NA NA NA NA 316 722 0 NA NA NA NA NA NA 276 4686 114 NA NA NA NA NA NA 355 1833 145 NA NA NA NA NA 
1738450800.0 136.785 NA 231 507 0 NA NA NA NA NA NA 306 701 0 NA NA NA NA NA NA 287 5355 102 NA NA NA NA NA NA 318 2214 117 NA NA NA NA NA 
1738450800.0 136.786 NA 232 614 0 NA NA NA NA NA NA 321 832 0 NA NA NA NA NA NA 274 5122 124 NA NA NA NA NA NA 343 1900 137 NA NA NA NA NA 
1738450800.0 136.787 NA 232 701 0 NA NA NA NA NA NA 313 934 0 NA NA NA NA NA NA 277 4934 132 NA NA NA NA NA NA 287 1940 171 NA NA NA NA NA 
1738450800.0 136.788 NA 233 542 0 NA NA NA NA NA NA 330 761 0 NA NA NA NA NA NA 278 5694 114 NA NA NA NA NA NA 314 2210 132 NA NA NA NA NA 
1738450800.0 136.789 NA 231 678 0 NA NA NA NA NA NA 321 913 0 NA NA NA NA NA NA 269 4495 144 NA NA NA NA NA NA 350 1775 161 NA NA NA NA NA 
1738450800.0 136.79 NA 236 498 0 NA NA NA NA NA NA 329 684 0 NA NA NA NA NA NA 270 3103 119 NA NA NA NA NA NA 274 1460 144 NA NA NA NA NA 
1738450800.0 136.791 NA 234 520 0 NA NA NA NA NA NA 315 707 0 NA NA NA NA NA NA 242 1240 119 NA NA NA NA NA NA 222 1134 141 NA NA NA NA NA 
1738450800.0 136.792 NA 233 617 0 NA NA NA NA NA NA 333 808 0 NA NA NA NA NA NA 276 4116 141 NA NA NA NA NA NA 352 1742 155 NA NA NA NA NA 
1738450800.0 136.793 NA 233 543 0 NA NA NA NA NA NA 311 732 0 NA NA NA NA NA NA 270 3843 112 NA NA NA NA NA NA 353 1652 125 NA NA NA NA NA 
1738450800.0 136.794 NA 233 613 0 NA NA NA NA NA NA 322 811 0 NA NA NA NA NA NA 284 4253 142 NA NA NA NA NA NA 353 1699 162 NA NA NA NA NA 
1738450800.0 136.795 NA 233 553 0 NA NA NA NA NA NA 319 796 0 NA NA NA NA NA NA 275 4450 108 NA NA NA NA NA NA 326 1763 122 NA NA NA NA NA 
1738450800.0 136.796 NA 232 499 0 NA NA NA NA NA NA 321 679 0 NA NA NA NA NA NA 272 3909 110 NA NA NA NA NA NA 343 1807 128 NA NA NA NA NA 
1738450800.0 136.797 NA 234 495 0 NA NA NA NA NA NA 316 720 0 NA NA NA NA NA NA 282 4355 104 NA NA NA NA NA NA 323 1767 132 NA NA NA NA NA 
1738450800.0 136.798 NA 234 610 0 NA NA NA NA NA NA 326 810 0 NA NA NA NA NA NA 276 4201 123 NA NA NA NA NA NA 383 1713 136 NA NA NA NA NA 
1738450800.0 136.799 NA 233 714 0 NA NA NA NA NA NA 313 968 0 NA NA NA NA NA NA 275 4149 128 NA NA NA NA NA NA 295 1756 141 NA NA NA NA NA 
1738450800.0 136.8 NA 233 558 0 NA NA NA NA NA NA 307 777 0 NA NA NA NA NA NA 275 4326 114 NA NA NA NA NA NA 352 1754 148 NA NA NA NA NA 
1738450800.0 136.801 NA 234 663 0 NA NA NA NA NA NA 309 879 0 NA NA NA NA NA NA 251 2863 146 NA NA NA NA NA NA 251 1334 163 NA NA NA NA NA 
1738450800.0 136.802 NA 232 502 0 NA NA NA NA NA NA 302 683 0 NA NA NA NA NA NA 290 3738 116 NA NA NA NA NA NA 357 1662 130 NA NA NA NA NA 
1738450800.0 136.803 NA 235 526 0 NA NA NA NA NA NA 330 720 0 NA NA NA NA NA NA 243 1215 120 NA NA NA NA NA NA 260 1076 134 NA NA NA NA NA 
1738450800.0 136.804 NA 238 609 0 NA NA NA NA NA NA 328 820 0 NA NA NA NA NA NA 277 3935 143 NA NA NA NA NA NA 348 1601 170 NA NA NA NA NA 
1738450800.0 136.805 NA 233 500 0 NA NA NA NA NA NA 332 745 0 NA NA NA NA NA NA 274 4218 115 NA NA NA NA NA NA 345 1779 148 NA NA NA NA NA 
1738450800.0 136.806 NA 234 600 0 NA NA NA NA NA NA 324 807 0 NA NA NA NA NA NA 285 4053 144 NA NA NA NA NA NA 345 1716 181 NA NA NA NA NA 
1738450800.0 136.807 NA 234 539 0 NA NA NA NA NA NA 320 802 0 NA NA NA NA NA NA 277 4533 114 NA NA NA NA NA NA 323 1793 151 NA NA NA NA NA 
1738450800.0 136.808 NA 232 547 0 NA NA NA NA NA NA 308 766 0 NA NA NA NA NA NA 273 4152 109 NA NA NA NA NA NA 339 1766 133 NA NA NA NA NA 
1738450800.0 136.809 NA 234 487 0 NA NA NA NA NA NA 308 680 0 NA NA NA NA NA NA 284 4126 98 NA NA NA NA NA NA 355 1766 111 NA NA NA NA NA 
1738450800.0 136.81 NA 233 601 0 NA NA NA NA NA NA 319 811 0 NA NA NA NA NA NA 274 3983 125 NA NA NA NA NA NA 371 1671 142 NA NA NA NA NA 
1738450800.0 136.811 NA 234 699 0 NA NA NA NA NA NA 316 952 0 NA NA NA NA NA NA 278 4106 127 NA NA NA NA NA NA 324 1754 139 NA NA NA NA NA 
1738450800.0 136.812 NA 233 545 0 NA NA NA NA NA NA 313 779 0 NA NA NA NA NA NA 276 4617 114 NA NA NA NA NA NA 334 1886 144 NA NA NA NA NA 
1738450800.0 136.813 NA 233 658 0 NA NA NA NA NA NA 325 839 0 NA NA NA NA NA NA 262 2965 144 NA NA NA NA NA NA 300 1400 159 NA NA NA NA NA 
1738450800.0 136.814 NA 234 500 0 NA NA NA NA NA NA 311 718 0 NA NA NA NA NA NA 285 3986 118 NA NA NA NA NA NA 358 1841 133 NA NA NA NA NA 
1738450800.0 136.815 NA 237 527 0 NA NA NA NA NA NA 316 720 0 NA NA NA NA NA NA 239 1263 121 NA NA NA NA NA NA 212 993 141 NA NA NA NA NA 
1738450800.0 136.816 NA 231 632 0 NA NA NA NA NA NA 310 893 0 NA NA NA NA NA NA 277 5735 146 NA NA NA NA NA NA 282 2240 158 NA NA NA NA NA 
1738450800.0 136.817 NA 232 555 0 NA NA NA NA NA NA 317 795 0 NA NA NA NA NA NA 277 5223 112 NA NA NA NA NA NA 358 2126 128 NA NA NA NA NA 
1738450800.0 136.818 NA 233 626 0 NA NA NA NA NA NA 318 849 0 NA NA NA NA NA NA 288 5510 146 NA NA NA NA NA NA 314 2196 164 NA NA NA NA NA 
1738450800.0 136.819 NA 234 551 0 NA NA NA NA NA NA 313 786 0 NA NA NA NA NA NA 276 6142 111 NA NA NA NA NA NA 298 2396 130 NA NA NA NA NA 
1738450800.0 136.82 NA 233 512 0 NA NA NA NA NA NA 310 746 0 NA NA NA NA NA NA 282 5853 110 NA NA NA NA NA NA 332 2280 129 NA NA NA NA NA 
1738450800.0 136.821 NA 234 500 0 NA NA NA NA NA NA 314 713 0 NA NA NA NA NA NA 290 5381 97 NA NA NA NA NA NA 377 2196 108 NA NA NA NA NA 
1738450800.0 136.822 NA 232 617 0 NA NA NA NA NA NA 318 826 0 NA NA NA NA NA NA 271 5106 126 NA NA NA NA NA NA 273 1894 140 NA NA NA NA NA 
1738450800.0 136.823 NA 232 704 0 NA NA NA NA NA NA 319 958 0 NA NA NA NA NA NA 282 5053 132 NA NA NA NA NA NA 363 1987 162 NA NA NA NA NA 
1738450800.0 136.824 NA 232 568 0 NA NA NA NA NA NA 306 815 0 NA NA NA NA NA NA 286 6396 114 NA NA NA NA NA NA 320 2450 131 NA NA NA NA NA 
1738450800.0 136.825 NA 233 689 0 NA NA NA NA NA NA 322 926 0 NA NA NA NA NA NA 265 3694 145 NA NA NA NA NA NA 352 1636 157 NA NA NA NA NA 
1738450800.0 136.826 NA 233 509 0 NA NA NA NA NA NA 325 730 0 NA NA NA NA NA NA 291 5275 120 NA NA NA NA NA NA 370 2155 141 NA NA NA NA NA 
1738450800.0 136.827 NA 236 531 0 NA NA NA NA NA NA 318 748 0 NA NA NA NA NA NA 252 1338 120 NA NA NA NA NA NA 269 1102 137 NA NA NA NA NA 
1738450800.0 136.828 NA 233 651 0 NA NA NA NA NA NA 321 859 0 NA NA NA NA NA NA 282 6223 145 NA NA NA NA NA NA 322 2306 162 NA NA NA NA NA 
1738450800.0 136.829 NA 232 538 0 NA NA NA NA NA NA 320 793 0 NA NA NA NA NA NA 270 6074 113 NA NA NA NA NA NA 261 2359 130 NA NA NA NA NA 
1738450800.0 136.83 NA 232 630 0 NA NA NA NA NA NA 307 886 0 NA NA NA NA NA NA 292 6065 146 NA NA NA NA NA NA 312 2326 160 NA NA NA NA NA 
1738450800.0 136.831 NA 233 551 0 NA NA NA NA NA NA 321 814 0 NA NA NA NA NA NA 289 6667 111 NA NA NA NA NA NA 424 2491 128 NA NA NA NA NA 
1738450800.0 136.832 NA 235 579 0 NA NA NA NA NA NA 323 814 0 NA NA NA NA NA NA 294 7255 112 NA NA NA NA NA NA 459 2624 129 NA NA NA NA NA 
1738450800.0 136.833 NA 234 510 0 NA NA NA NA NA NA 320 776 0 NA NA NA NA NA NA 285 6329 104 NA NA NA NA NA NA 248 2437 124 NA NA NA NA NA 
1738450800.0 136.834 NA 231 635 0 NA NA NA NA NA NA 324 849 0 NA NA NA NA NA NA 279 6148 127 NA NA NA NA NA NA 298 2327 140 NA NA NA NA NA 
1738450800.0 136.835 NA 234 720 0 NA NA NA NA NA NA 312 937 0 NA NA NA NA NA NA 281 5609 132 NA NA NA NA NA NA 285 2211 166 NA NA NA NA NA 
1738450800.0 136.836 NA 239 569 0 NA NA NA NA NA NA 331 826 0 NA NA NA NA NA NA 293 6490 116 NA NA NA NA NA NA 447 2453 135 NA NA NA NA NA 
1738450800.0 136.837 NA 234 697 0 NA NA NA NA NA NA 321 944 0 NA NA NA NA NA NA 275 4670 146 NA NA NA NA NA NA 356 1781 170 NA NA NA NA NA 
1738450800.0 136.838 NA 232 523 0 NA NA NA NA NA NA 308 727 0 NA NA NA NA NA NA 302 5678 117 NA NA NA NA NA NA 321 2115 136 NA NA NA NA NA 
1738450800.0 136.839 NA 242 527 0 NA NA NA NA NA NA 329 714 0 NA NA NA NA NA NA 248 1314 124 NA NA NA NA NA NA 253 1097 168 NA NA NA NA NA 
1738450800.0 136.8391 NA 272 643 0 NA NA NA NA NA NA 385 887 0 NA NA NA NA NA NA 564 5297 131 NA NA NA NA NA NA 772 2276 184 NA NA NA NA NA 
1738450800.0 136.84 NA 235 512 0 NA NA NA NA NA NA 314 688 0 NA NA NA NA NA NA 280 4966 99 NA NA NA NA NA NA 346 1933 111 NA NA NA NA NA 
1738450800.0 136.841 NA 236 500 0 NA NA NA NA NA NA 320 684 0 NA NA NA NA NA NA 270 4989 99 NA NA NA NA NA NA 278 1924 109 NA NA NA NA NA 
1738450800.0 136.842 NA 234 511 0 NA NA NA NA NA NA 321 776 0 NA NA NA NA NA NA 293 6570 103 NA NA NA NA NA NA 375 2491 119 NA NA NA NA NA 
1738450800.0 136.843 NA 231 520 0 NA NA NA NA NA NA 315 736 0 NA NA NA NA NA NA 302 7742 109 NA NA NA NA NA NA 333 2674 135 NA NA NA NA NA 
1738450800.0 136.844 NA 234 502 0 NA NA NA NA NA NA 325 687 0 NA NA NA NA NA NA 286 4435 102 NA NA NA NA NA NA 306 1768 115 NA NA NA NA NA 
1738450800.0 136.845 NA 234 493 0 NA NA NA NA NA NA 312 714 0 NA NA NA NA NA NA 290 3759 102 NA NA NA NA NA NA 358 1603 144 NA NA NA NA NA 
1738450800.0 136.846 NA 234 485 0 NA NA NA NA NA NA 310 680 0 NA NA NA NA NA NA 283 3654 102 NA NA NA NA NA NA 317 1636 118 NA NA NA NA NA 
1738450800.0 136.847 NA 235 498 0 NA NA NA NA NA NA 326 703 0 NA NA NA NA NA NA 295 5360 99 NA NA NA NA NA NA 363 2178 110 NA NA NA NA NA 
1738450800.0 136.848 NA 235 515 0 NA NA NA NA NA NA 325 741 0 NA NA NA NA NA NA 292 6260 103 NA NA NA NA NA NA 301 2405 118 NA NA NA NA NA 
1738450800.0 136.849 NA 241 597 0 NA NA NA NA NA NA 324 809 0 NA NA NA NA NA NA 258 4085 144 NA NA NA NA NA NA 339 1853 158 NA NA NA NA NA 
1738450800.0 136.85 NA 233 601 0 NA NA NA NA NA NA 315 817 0 NA NA NA NA NA NA 253 4202 114 NA NA NA NA NA NA 330 1718 147 NA NA NA NA NA 
1738450800.0 136.8501 NA 234 498 0 NA NA NA NA NA NA 319 712 0 NA NA NA NA NA NA 255 4472 102 NA NA NA NA NA NA 299 1799 125 NA NA NA NA NA 
1738450800.0 136.851 NA 233 602 0 NA NA NA NA NA NA 311 795 0 NA NA NA NA NA NA 264 4306 145 NA NA NA NA NA NA 338 1804 173 NA NA NA NA NA 
1738450800.0 136.852 NA 233 554 0 NA NA NA NA NA NA 316 787 0 NA NA NA NA NA NA 263 4889 113 NA NA NA NA NA NA 353 1961 147 NA NA NA NA NA 
1738450800.0 136.853 NA 233 546 0 NA NA NA NA NA NA 320 783 0 NA NA NA NA NA NA 256 4146 107 NA NA NA NA NA NA 348 1738 119 NA NA NA NA NA 
1738450800.0 136.854 NA 234 497 0 NA NA NA NA NA NA 310 764 0 NA NA NA NA NA NA 265 4487 98 NA NA NA NA NA NA 334 1803 112 NA NA NA NA NA 
1738450800.0 136.855 NA 232 691 0 NA NA NA NA NA NA 314 929 0 NA NA NA NA NA NA 264 4139 125 NA NA NA NA NA NA 345 1746 139 NA NA NA NA NA 
1738450800.0 136.856 NA 232 680 0 NA NA NA NA NA NA 312 931 0 NA NA NA NA NA NA 237 3159 148 NA NA NA NA NA NA 318 1594 164 NA NA NA NA NA 
1738450800.0 136.8561 NA 223 509 0 NA NA NA NA NA NA 327 709 0 NA NA NA NA NA NA 211 1051 134 NA NA NA NA NA NA 277 967 173 NA NA NA NA NA 
1738450800.0 136.8562 NA 217 501 0 NA NA NA NA NA NA 294 683 0 NA NA NA NA NA NA 199 969 129 NA NA NA NA NA NA 205 885 149 NA NA NA NA NA 
1738450800.0 136.857 NA 233 482 0 NA NA NA NA NA NA 328 712 0 NA NA NA NA NA NA 268 4104 120 NA NA NA NA NA NA 383 1769 155 NA NA NA NA NA 
1738450800.0 136.858 NA 235 518 0 NA NA NA NA NA NA 327 714 0 NA NA NA NA NA NA 237 1305 122 NA NA NA NA NA NA 245 1107 138 NA NA NA NA NA 
1738450800.0 136.859 NA 234 511 0 NA NA NA NA NA NA 318 713 0 NA NA NA NA NA NA 263 5478 100 NA NA NA NA NA NA 368 2070 113 NA NA NA NA NA 
1738450800.0 136.86 NA 232 504 0 NA NA NA NA NA NA 305 699 0 NA NA NA NA NA NA 268 4086 100 NA NA NA NA NA NA 324 1715 113 NA NA NA NA NA 
1738450800.0 136.861 NA 232 619 0 NA NA NA NA NA NA 313 819 0 NA NA NA NA NA NA 263 5470 146 NA NA NA NA NA NA 346 2093 162 NA NA NA NA NA 
1738450800.0 136.862 NA 233 573 0 NA NA NA NA NA NA 308 816 0 NA NA NA NA NA NA 262 5639 109 NA NA NA NA NA NA 358 2190 122 NA NA NA NA NA 
1738450800.0 136.863 NA 231 619 0 NA NA NA NA NA NA 313 840 0 NA NA NA NA NA NA 272 5737 150 NA NA NA NA NA NA 287 2341 171 NA NA NA NA NA 
1738450800.0 136.864 NA 240 561 0 NA NA NA NA NA NA 330 797 0 NA NA NA NA NA NA 266 6570 112 NA NA NA NA NA NA 391 2535 131 NA NA NA NA NA 
1738450800.0 136.8642 NA 232 562 0 NA NA NA NA NA NA 312 794 0 NA NA NA NA NA NA 276 6615 113 NA NA NA NA NA NA 501 2462 142 NA NA NA NA NA 
1738450800.0 136.865 NA 232 582 0 NA NA NA NA NA NA 311 849 0 NA NA NA NA NA NA 257 6080 109 NA NA NA NA NA NA 249 2403 124 NA NA NA NA NA 
1738450800.0 136.866 NA 232 517 0 NA NA NA NA NA NA 315 794 0 NA NA NA NA NA NA 278 5678 98 NA NA NA NA NA NA 350 2093 111 NA NA NA NA NA 
1738450800.0 136.867 NA 233 696 0 NA NA NA NA NA NA 319 995 0 NA NA NA NA NA NA 258 5568 133 NA NA NA NA NA NA 267 2261 183 NA NA NA NA NA 
1738450800.0 136.868 NA 232 701 0 NA NA NA NA NA NA 329 936 0 NA NA NA NA NA NA 256 4618 155 NA NA NA NA NA NA 397 2085 185 NA NA NA NA NA 
1738450800.0 136.869 NA 230 520 0 NA NA NA NA NA NA 308 741 0 NA NA NA NA NA NA 280 5794 116 NA NA NA NA NA NA 357 2345 132 NA NA NA NA NA 
1738450800.0 136.87 NA 239 524 0 NA NA NA NA NA NA 321 696 0 NA NA NA NA NA NA 230 1332 124 NA NA NA NA NA NA 208 1146 164 NA NA NA NA NA 
1738450800.0 136.871 NA 234 528 0 NA NA NA NA NA NA 314 749 0 NA NA NA NA NA NA 276 7208 104 NA NA NA NA NA NA 423 2606 127 NA NA NA NA NA 
1738450800.0 136.872 NA 232 534 0 NA NA NA NA NA NA 309 764 0 NA NA NA NA NA NA 277 5666 99 NA NA NA NA NA NA 338 2085 113 NA NA NA NA NA 
1738450800.0 136.873 NA 234 613 0 NA NA NA NA NA NA 313 811 0 NA NA NA NA NA NA 256 5034 146 NA NA NA NA NA NA 274 1873 160 NA NA NA NA NA 
1738450800.0 136.874 NA 237 615 0 NA NA NA NA NA NA 318 855 0 NA NA NA NA NA NA 258 4944 111 NA NA NA NA NA NA 313 2101 127 NA NA NA NA NA 
1738450800.0 136.875 NA 234 614 0 NA NA NA NA NA NA 316 831 0 NA NA NA NA NA NA 273 5141 146 NA NA NA NA NA NA 320 2017 162 NA NA NA NA NA 
1738450800.0 136.876 NA 233 530 0 NA NA NA NA NA NA 321 799 0 NA NA NA NA NA NA 262 5999 111 NA NA NA NA NA NA 330 2335 127 NA NA NA NA NA 
1738450800.0 136.877 NA 231 550 0 NA NA NA NA NA NA 321 800 0 NA NA NA NA NA NA 254 5050 110 NA NA NA NA NA NA 278 1970 135 NA NA NA NA NA 
1738450800.0 136.878 NA 233 518 0 NA NA NA NA NA NA 323 723 0 NA NA NA NA NA NA 263 5321 99 NA NA NA NA NA NA 256 2006 110 NA NA NA NA NA 
1738450800.0 136.879 NA 233 704 0 NA NA NA NA NA NA 307 941 0 NA NA NA NA NA NA 262 4987 132 NA NA NA NA NA NA 368 2326 177 NA NA NA NA NA 
1738450800.0 136.88 NA 232 693 0 NA NA NA NA NA NA 320 932 0 NA NA NA NA NA NA 250 4051 147 NA NA NA NA NA NA 347 1767 163 NA NA NA NA NA 
1738450800.0 136.881 NA 234 512 0 NA NA NA NA NA NA 327 767 0 NA NA NA NA NA NA 276 4555 119 NA NA NA NA NA NA 379 1810 173 NA NA NA NA NA 
1738450800.0 136.882 NA 239 569 0 NA NA NA NA NA NA 330 778 0 NA NA NA NA NA NA 244 1610 126 NA NA NA NA NA NA 269 1162 155 NA NA NA NA NA 
1738450800.0 136.883 NA 232 523 0 NA NA NA NA NA NA 313 752 0 NA NA NA NA NA NA 261 6271 103 NA NA NA NA NA NA 330 2410 119 NA NA NA NA NA 
1738450800.0 136.884 NA 232 516 0 NA NA NA NA NA NA 313 716 0 NA NA NA NA NA NA 276 4746 104 NA NA NA NA NA NA 394 1882 125 NA NA NA NA NA 
1738450800.0 136.885 NA 233 617 0 NA NA NA NA NA NA 315 831 0 NA NA NA NA NA NA 257 5064 144 NA NA NA NA NA NA 356 1924 175 NA NA NA NA NA 
1738450800.0 136.8855 NA 233 177 0 NA NA NA NA NA NA 312 328 0 NA NA NA NA NA NA 259 318 56 NA NA NA NA NA NA 316 318 71 NA NA NA NA NA 
1738450800.0 136.886 NA 237 557 0 NA NA NA NA NA NA 318 806 0 NA NA NA NA NA NA 257 4969 109 NA NA NA NA NA NA 353 1948 121 NA NA NA NA NA 
1738450800.0 136.8861 NA 241 561 0 NA NA NA NA NA NA 336 797 0 NA NA NA NA NA NA 277 4468 125 NA NA NA NA NA NA 459 1855 149 NA NA NA NA NA 
1738450800.0 136.8862 NA 234 567 0 NA NA NA NA NA NA 316 813 0 NA NA NA NA NA NA 256 5250 112 NA NA NA NA NA NA 320 1992 126 NA NA NA NA NA 
1738450800.0 136.887 NA 236 614 0 NA NA NA NA NA NA 327 823 0 NA NA NA NA NA NA 270 4888 144 NA NA NA NA NA NA 358 1848 159 NA NA NA NA NA 
1738450800.0 136.888 NA 234 573 0 NA NA NA NA NA NA 321 776 0 NA NA NA NA NA NA 254 5709 111 NA NA NA NA NA NA 253 2129 127 NA NA NA NA NA 
1738450800.0 136.8885 NA 234 180 0 NA NA NA NA NA NA 320 336 0 NA NA NA NA NA NA 257 352 56 NA NA NA NA NA NA 316 386 69 NA NA NA NA NA 
1738450800.0 136.889 NA 235 551 0 NA NA NA NA NA NA 332 771 0 NA NA NA NA NA NA 257 5476 107 NA NA NA NA NA NA 280 2045 120 NA NA NA NA NA 
1738450800.0 136.89 NA 234 511 0 NA NA NA NA NA NA 315 723 0 NA NA NA NA NA NA 268 4985 103 NA NA NA NA NA NA 311 2036 120 NA NA NA NA NA 
1738450800.0 136.891 NA 232 702 0 NA NA NA NA NA NA 316 892 0 NA NA NA NA NA NA 261 4899 125 NA NA NA NA NA NA 291 1997 137 NA NA NA NA NA 
1738450800.0 136.892 NA 233 702 0 NA NA NA NA NA NA 323 924 0 NA NA NA NA NA NA 244 4464 148 NA NA NA NA NA NA 279 1890 162 NA NA NA NA NA 
1738450800.0 136.893 NA 233 513 0 NA NA NA NA NA NA 309 732 0 NA NA NA NA NA NA 272 5049 118 NA NA NA NA NA NA 379 1990 139 NA NA NA NA NA 
1738450800.0 136.894 NA 236 586 0 NA NA NA NA NA NA 324 787 0 NA NA NA NA NA NA 254 2576 126 NA NA NA NA NA NA 274 1395 146 NA NA NA NA NA 
1738450800.0 136.895 NA 235 516 0 NA NA NA NA NA NA 330 803 0 NA NA NA NA NA NA 263 5883 103 NA NA NA NA NA NA 316 2176 118 NA NA NA NA NA 
1738450800.0 136.896 NA 231 513 0 NA NA NA NA NA NA 319 730 0 NA NA NA NA NA NA 274 4824 101 NA NA NA NA NA NA 365 1887 113 NA NA NA NA NA 
1738450800.0 136.897 NA 345 131 0 NA NA NA NA NA NA 533 207 0 NA NA NA NA NA NA 479 108 104 NA NA NA NA NA NA 460 138 122 NA NA NA NA NA 
1738450800.0 136.898 NA 233 546 0 NA NA NA NA NA NA 315 783 0 NA NA NA NA NA NA 266 5067 98 NA NA NA NA NA NA 332 1933 110 NA NA NA NA NA 
1738450800.0 136.899 NA 359 172 0 NA NA NA NA NA NA 553 290 0 NA NA NA NA NA NA 565 123 103 NA NA NA NA NA NA 374 158 122 NA NA NA NA NA 
1738450800.0 136.901 NA 274 257 271 169 263 270 NA NA NA 423 387 355 240 397 395 NA NA NA 2994 624 518 226 306 414 NA NA NA 6550 1170 783 298 426 511 NA NA 
1738450800.0 136.902 NA 280 254 260 170 260 269 NA NA NA 423 362 356 240 397 385 NA NA NA 2618 593 609 227 288 417 NA NA NA 5678 922 977 290 342 472 NA NA 
1738450800.0 136.903 NA 310 300 338 179 302 287 NA NA NA 490 430 446 249 443 417 NA NA NA 3917 1890 1615 414 531 665 NA NA NA 9013 3144 2268 532 595 971 NA NA 
1738450800.0 136.904 NA 310 291 323 177 298 286 NA NA NA 451 430 439 244 411 417 NA NA NA 3659 1201 1093 309 409 552 NA NA NA 8353 2178 1894 439 580 736 NA NA 
1738450800.0 1360.0 155 264 485 0 NA NA NA NA NA 229 350 653 0 NA NA NA NA NA 1252 221 749 146 NA NA NA NA NA 567 226 755 164 NA NA NA NA NA 
1738450800.0 1361.0 149 262 472 0 NA NA NA NA NA 223 348 644 0 NA NA NA NA NA 3039 255 786 149 NA NA NA NA NA 1437 244 809 178 NA NA NA NA NA 
1738450800.0 1361.17 137 336 548 0 181 NA NA NA NA 204 419 758 0 277 NA NA NA NA 3324 667 840 180 186 NA NA NA NA 1247 379 849 196 201 NA NA NA NA 
1738450800.0 1361.18 136 326 552 0 185 NA NA NA NA 200 410 772 0 283 NA NA NA NA 3129 658 821 185 186 NA NA NA NA 1260 331 780 223 199 NA NA NA NA 
1738450800.0 1361.181 136 328 542 0 186 NA NA NA NA 206 409 760 0 282 NA NA NA NA 3197 659 836 181 189 NA NA NA NA 1357 360 847 193 209 NA NA NA NA 
1738450800.0 1362.0 159 267 482 0 NA NA NA NA NA 246 350 671 0 NA NA NA NA NA 4341 276 862 150 NA NA NA NA NA 1714 298 929 164 NA NA NA NA NA 
1738450800.0 1362.17 136 336 555 0 181 NA NA NA NA 203 418 777 0 283 NA NA NA NA 4205 668 836 180 185 NA NA NA NA 2158 359 883 191 204 NA NA NA NA 
1738450800.0 1362.18 137 286 554 0 183 NA NA NA NA 208 410 729 0 278 NA NA NA NA 4223 658 866 196 210 NA NA NA NA 1492 337 852 239 259 NA NA NA NA 
1738450800.0 1363.0 162 265 480 0 NA NA NA NA NA 247 357 646 0 NA NA NA NA NA 4392 270 869 150 NA NA NA NA NA 1614 265 923 163 NA NA NA NA NA 
1738450800.0 1363.17 135 337 555 0 182 NA NA NA NA 201 431 761 0 284 NA NA NA NA 4295 679 855 195 207 NA NA NA NA 1503 375 819 234 246 NA NA NA NA 
1738450800.0 1363.18 134 331 552 0 185 NA NA NA NA 204 434 743 0 290 NA NA NA NA 4258 646 834 182 186 NA NA NA NA 2627 340 792 196 203 NA NA NA NA 
1738450800.0 1364.0 NA 267 474 0 NA NA NA NA NA NA 364 629 0 NA NA NA NA NA NA 273 790 140 NA NA NA NA NA NA 341 767 152 NA NA NA NA NA 
1738450800.0 1365.0 NA 274 474 0 NA NA NA NA NA NA 370 643 0 NA NA NA NA NA NA 277 836 150 NA NA NA NA NA NA 292 887 196 NA NA NA NA NA 
1738450800.0 1366.0 NA 270 481 0 NA NA NA NA NA NA 358 624 0 NA NA NA NA NA NA 273 811 149 NA NA NA NA NA NA 297 799 179 NA NA NA NA NA 
1738450800.0 137.8 NA 235 599 NA 232 554 0 NA NA NA 323 877 NA 322 806 0 NA NA NA 248 5134 NA 246 4881 130 NA NA NA 309 4560 NA 434 2025 162 NA NA 
1738450800.0 1370.0 66 163 266 483 0 180 NA NA NA 95 239 360 656 0 272 NA NA NA 20 840 261 776 148 187 NA NA NA 56 429 253 695 164 202 NA NA NA 
1738450800.0 1370.17 66 137 337 556 0 179 NA NA NA 95 198 442 753 0 273 NA NA NA 22 979 679 861 184 184 NA NA NA 73 431 345 818 206 202 NA NA NA 
1738450800.0 1370.18 66 138 297 552 0 182 NA NA NA 95 199 422 754 0 283 NA NA NA 21 827 661 833 183 195 NA NA NA 60 398 372 753 196 212 NA NA NA 
1738450800.0 138.1 NA 354 158 0 NA NA NA NA NA NA 552 255 0 NA NA NA NA NA NA 497 123 103 NA NA NA NA NA NA 455 143 131 NA NA NA NA NA 
1738450800.0 138.2 NA 353 158 0 NA NA NA NA NA NA 562 261 0 NA NA NA NA NA NA 493 121 104 NA NA NA NA NA NA 384 132 135 NA NA NA NA NA 
1738450800.0 138.3 NA 74 540 0 NA NA NA NA NA NA 122 725 0 NA NA NA NA NA NA 28 17430 130 NA NA NA NA NA NA 181 13601 163 NA NA NA NA NA 
1738450800.0 138.4 NA 438 0 NA NA NA NA NA NA NA 622 0 NA NA NA NA NA NA NA 638 138 NA NA NA NA NA NA NA 540 166 NA NA NA NA NA NA 
1738450800.0 138.5 NA 475 224 0 NA NA NA NA NA NA 670 337 0 NA NA NA NA NA NA 1121 182 142 NA NA NA NA NA NA 1204 188 164 NA NA NA NA NA 
1738450800.0 139.001 NA 241 501 0 NA NA NA NA NA NA 335 730 0 NA NA NA NA NA NA 228 1339 107 NA NA NA NA NA NA 316 1385 122 NA NA NA NA NA 
1738450800.0 139.002 NA 233 585 0 NA NA NA NA NA NA 326 797 0 NA NA NA NA NA NA 226 1500 150 NA NA NA NA NA NA 290 1427 190 NA NA NA NA NA 
1738450800.0 139.003 NA 236 404 0 NA NA NA NA NA NA 320 581 0 NA NA NA NA NA NA 223 1174 65 NA NA NA NA NA NA 184 1303 95 NA NA NA NA NA 
1738450800.0 139.004 NA 238 513 0 NA NA NA NA NA NA 327 697 0 NA NA NA NA NA NA 238 1249 132 NA NA NA NA NA NA 218 949 150 NA NA NA NA NA 
1738450800.0 139.005 NA 165 137 NA NA NA NA NA NA NA 276 277 NA NA NA NA NA NA NA 6399 4962 NA NA NA NA NA NA NA 2754 1684 NA NA NA NA NA NA 
1738450800.0 139901.0 NA 271 460 0 NA NA NA NA NA NA 376 637 0 NA NA NA NA NA NA 273 850 149 NA NA NA NA NA NA 254 905 180 NA NA NA NA NA 
1738450800.0 139902.0 NA 277 488 0 NA NA NA NA NA NA 384 678 0 NA NA NA NA NA NA 282 877 145 NA NA NA NA NA NA 284 810 156 NA NA NA NA NA 
1738450800.0 13992501.0 NA 455 690 0 NA NA NA NA NA NA 600 899 0 NA NA NA NA NA NA 906 1356 152 NA NA NA NA NA NA 566 1096 164 NA NA NA NA NA 
1738450800.0 13992502.0 NA 465 736 0 NA NA NA NA NA NA 618 981 0 NA NA NA NA NA NA 914 1374 154 NA NA NA NA NA NA 552 1004 183 NA NA NA NA NA 
1738450800.0 14.0 NA 237 451 0 NA NA NA NA NA NA 345 603 0 NA NA NA NA NA NA 791 1947 178 NA NA NA NA NA NA 500 1081 194 NA NA NA NA NA 
1738450800.0 140.001 NA 233 561 0 NA NA NA NA NA NA 328 798 0 NA NA NA NA NA NA 241 1184 121 NA NA NA NA NA NA 216 997 165 NA NA NA NA NA 
1738450800.0 140.002 NA 243 571 0 NA NA NA NA NA NA 329 803 0 NA NA NA NA NA NA 256 1511 128 NA NA NA NA NA NA 197 1115 146 NA NA NA NA NA 
1738450800.0 140.003 NA 236 573 0 NA NA NA NA NA NA 320 783 0 NA NA NA NA NA NA 244 1140 121 NA NA NA NA NA NA 279 1040 156 NA NA NA NA NA 
1738450800.0 140.004 NA 0 0 0 NA NA NA NA NA NA 0 0 0 NA NA NA NA NA NA 153 972 203 NA NA NA NA NA NA 159 1038 222 NA NA NA NA NA 
1738450800.0 140.005 NA 237 564 0 NA NA NA NA NA NA 325 780 0 NA NA NA NA NA NA 244 1255 122 NA NA NA NA NA NA 268 1120 176 NA NA NA NA NA 
1738450800.0 140.006 NA 0 0 0 NA NA NA NA NA NA 0 0 0 NA NA NA NA NA NA 153 977 200 NA NA NA NA NA NA 178 948 214 NA NA NA NA NA 
1738450800.0 140.007 NA 223 557 0 NA NA NA NA NA NA 316 778 0 NA NA NA NA NA NA 183 1219 209 NA NA NA NA NA NA 174 1132 244 NA NA NA NA NA 
1738450800.0 140.008 NA 207 545 0 NA NA NA NA NA NA 284 750 0 NA NA NA NA NA NA 161 1094 201 NA NA NA NA NA NA 163 1099 212 NA NA NA NA NA 
1738450800.0 140.009 NA 0 0 0 NA NA NA NA NA NA 0 0 0 NA NA NA NA NA NA 148 977 200 NA NA NA NA NA NA 152 1059 211 NA NA NA NA NA 
1738450800.0 140.01 NA 245 570 0 NA NA NA NA NA NA 326 769 0 NA NA NA NA NA NA 287 1725 140 NA NA NA NA NA NA 282 1032 158 NA NA NA NA NA 
1738450800.0 140.011 NA 0 0 0 NA NA NA NA NA NA 0 0 0 NA NA NA NA NA NA 151 1016 216 NA NA NA NA NA NA 159 1128 254 NA NA NA NA NA 
1738450800.0 140.021 NA 0 0 0 NA NA NA NA NA NA 0 0 0 NA NA NA NA NA NA 155 1030 222 NA NA NA NA NA NA 188 1147 272 NA NA NA NA NA 
1738450800.0 140.022 NA 234 638 0 NA NA NA NA NA NA 315 841 0 NA NA NA NA NA NA 307 4064 134 NA NA NA NA NA NA 372 1657 153 NA NA NA NA NA 
1738450800.0 140.023 NA 235 650 0 NA NA NA NA NA NA 319 854 0 NA NA NA NA NA NA 263 2688 134 NA NA NA NA NA NA 212 1249 155 NA NA NA NA NA 
1738450800.0 140.024 NA 233 641 0 NA NA NA NA NA NA 317 884 0 NA NA NA NA NA NA 319 5027 126 NA NA NA NA NA NA 381 1862 138 NA NA NA NA NA 
1738450800.0 140.025 NA 235 643 0 NA NA NA NA NA NA 332 866 0 NA NA NA NA NA NA 302 5034 129 NA NA NA NA NA NA 307 1867 154 NA NA NA NA NA 
1738450800.0 140.026 NA 234 653 0 NA NA NA NA NA NA 319 915 0 NA NA NA NA NA NA 325 5648 138 NA NA NA NA NA NA 330 2383 180 NA NA NA NA NA 
1738450800.0 140.027 NA 233 644 0 NA NA NA NA NA NA 330 866 0 NA NA NA NA NA NA 301 4586 130 NA NA NA NA NA NA 309 1746 148 NA NA NA NA NA 
1738450800.0 140.028 NA 232 634 0 NA NA NA NA NA NA 310 869 0 NA NA NA NA NA NA 299 4322 128 NA NA NA NA NA NA 347 1859 140 NA NA NA NA NA 
1738450800.0 140.029 NA 235 639 0 NA NA NA NA NA NA 318 864 0 NA NA NA NA NA NA 307 4518 129 NA NA NA NA NA NA 370 1804 141 NA NA NA NA NA 
1738450800.0 140.03 NA 234 638 0 NA NA NA NA NA NA 328 890 0 NA NA NA NA NA NA 308 4110 130 NA NA NA NA NA NA 350 1630 142 NA NA NA NA NA 
1738450800.0 140.031 NA 235 638 0 NA NA NA NA NA NA 321 875 0 NA NA NA NA NA NA 309 4647 135 NA NA NA NA NA NA 308 1778 152 NA NA NA NA NA 
1738450800.0 140.042 NA 235 651 0 NA NA NA NA NA NA 309 905 0 NA NA NA NA NA NA 315 5137 128 NA NA NA NA NA NA 305 1892 145 NA NA NA NA NA 
1738450800.0 140.043 NA 239 649 0 NA NA NA NA NA NA 320 902 0 NA NA NA NA NA NA 279 3168 136 NA NA NA NA NA NA 278 1389 174 NA NA NA NA NA 
1738450800.0 140.044 NA 236 651 0 NA NA NA NA NA NA 318 897 0 NA NA NA NA NA NA 313 5743 133 NA NA NA NA NA NA 291 2219 147 NA NA NA NA NA 
1738450800.0 140.045 NA 233 659 0 NA NA NA NA NA NA 319 901 0 NA NA NA NA NA NA 334 6190 131 NA NA NA NA NA NA 310 2321 144 NA NA NA NA NA 
1738450800.0 140.046 NA 233 654 0 NA NA NA NA NA NA 322 932 0 NA NA NA NA NA NA 359 6745 134 NA NA NA NA NA NA 506 2365 149 NA NA NA NA NA 
1738450800.0 140.047 NA 232 652 0 NA NA NA NA NA NA 323 897 0 NA NA NA NA NA NA 338 6042 132 NA NA NA NA NA NA 367 2185 149 NA NA NA NA NA 
1738450800.0 140.048 NA 234 647 0 NA NA NA NA NA NA 317 880 0 NA NA NA NA NA NA 316 5458 131 NA NA NA NA NA NA 374 2131 146 NA NA NA NA NA 
1738450800.0 140.049 NA 232 648 0 NA NA NA NA NA NA 329 863 0 NA NA NA NA NA NA 340 5677 136 NA NA NA NA NA NA 408 2164 183 NA NA NA NA NA 
1738450800.0 140.05 NA 233 625 0 NA NA NA NA NA NA 327 860 0 NA NA NA NA NA NA 320 5280 129 NA NA NA NA NA NA 342 1947 151 NA NA NA NA NA 
1738450800.0 140.051 NA 232 646 0 NA NA NA NA NA NA 319 889 0 NA NA NA NA NA NA 335 5431 128 NA NA NA NA NA NA 284 1958 144 NA NA NA NA NA 
1738450800.0 140.062 NA 234 627 0 NA NA NA NA NA NA 307 904 0 NA NA NA NA NA NA 356 6038 128 NA NA NA NA NA NA 344 2254 143 NA NA NA NA NA 
1738450800.0 140.063 NA 234 660 0 NA NA NA NA NA NA 319 889 0 NA NA NA NA NA NA 299 4016 131 NA NA NA NA NA NA 364 1615 144 NA NA NA NA NA 
1738450800.0 140.064 NA 233 667 0 NA NA NA NA NA NA 321 894 0 NA NA NA NA NA NA 362 6409 131 NA NA NA NA NA NA 304 2389 149 NA NA NA NA NA 
1738450800.0 140.065 NA 233 655 0 NA NA NA NA NA NA 315 881 0 NA NA NA NA NA NA 350 6824 143 NA NA NA NA NA NA 306 2354 180 NA NA NA NA NA 
1738450800.0 140.066 NA 235 683 0 NA NA NA NA NA NA 319 951 0 NA NA NA NA NA NA 377 7916 145 NA NA NA NA NA NA 317 2691 180 NA NA NA NA NA 
1738450800.0 140.067 NA 236 663 0 NA NA NA NA NA NA 326 936 0 NA NA NA NA NA NA 346 6286 128 NA NA NA NA NA NA 350 2352 143 NA NA NA NA NA 
1738450800.0 140.068 NA 232 665 0 NA NA NA NA NA NA 321 950 0 NA NA NA NA NA NA 341 6171 130 NA NA NA NA NA NA 268 2321 147 NA NA NA NA NA 
1738450800.0 140.069 NA 232 656 0 NA NA NA NA NA NA 311 882 0 NA NA NA NA NA NA 351 6153 131 NA NA NA NA NA NA 319 2409 148 NA NA NA NA NA 
1738450800.0 140.071 NA 235 625 0 NA NA NA NA NA NA 330 844 0 NA NA NA NA NA NA 312 3884 131 NA NA NA NA NA NA 384 1622 143 NA NA NA NA NA 
1738450800.0 140.072 NA 236 643 0 NA NA NA NA NA NA 327 863 0 NA NA NA NA NA NA 269 2718 134 NA NA NA NA NA NA 247 1337 157 NA NA NA NA NA 
1738450800.0 140.073 NA 239 631 0 NA NA NA NA NA NA 334 869 0 NA NA NA NA NA NA 306 4395 132 NA NA NA NA NA NA 363 1796 145 NA NA NA NA NA 
1738450800.0 140.074 NA 235 637 0 NA NA NA NA NA NA 324 842 0 NA NA NA NA NA NA 302 4582 132 NA NA NA NA NA NA 368 1730 156 NA NA NA NA NA 
1738450800.0 140.075 NA 235 631 0 NA NA NA NA NA NA 336 857 0 NA NA NA NA NA NA 310 4707 134 NA NA NA NA NA NA 360 1771 149 NA NA NA NA NA 
1738450800.0 140.076 NA 234 632 0 NA NA NA NA NA NA 320 828 0 NA NA NA NA NA NA 299 3969 129 NA NA NA NA NA NA 364 1595 140 NA NA NA NA NA 
1738450800.0 140.077 NA 234 623 0 NA NA NA NA NA NA 315 821 0 NA NA NA NA NA NA 296 3851 128 NA NA NA NA NA NA 322 1618 140 NA NA NA NA NA 
1738450800.0 140.078 NA 236 623 0 NA NA NA NA NA NA 330 842 0 NA NA NA NA NA NA 307 4013 134 NA NA NA NA NA NA 364 1777 165 NA NA NA NA NA 
1738450800.0 140.101 NA 234 692 0 NA NA NA NA NA NA 325 960 0 NA NA NA NA NA NA 304 4154 131 NA NA NA NA NA NA 356 1733 148 NA NA NA NA NA 
1738450800.0 140.102 NA 231 668 0 NA NA NA NA NA NA 315 953 0 NA NA NA NA NA NA 366 6312 132 NA NA NA NA NA NA 514 2459 174 NA NA NA NA NA 
1738450800.0 140.103 NA 234 680 0 NA NA NA NA NA NA 317 971 0 NA NA NA NA NA NA 360 6735 145 NA NA NA NA NA NA 319 2468 199 NA NA NA NA NA 
1738450800.0 140.104 NA 231 694 0 NA NA NA NA NA NA 319 980 0 NA NA NA NA NA NA 385 7844 136 NA NA NA NA NA NA 532 2837 168 NA NA NA NA NA 
1738450800.0 140.105 NA 234 703 0 NA NA NA NA NA NA 313 1010 0 NA NA NA NA NA NA 353 6239 128 NA NA NA NA NA NA 510 2448 142 NA NA NA NA NA 
1738450800.0 140.106 NA 232 669 0 NA NA NA NA NA NA 310 959 0 NA NA NA NA NA NA 349 6077 132 NA NA NA NA NA NA 326 2367 152 NA NA NA NA NA 
1738450800.0 140.107 NA 233 667 0 NA NA NA NA NA NA 323 958 0 NA NA NA NA NA NA 349 5998 128 NA NA NA NA NA NA 302 2392 140 NA NA NA NA NA 
1738450800.0 140.108 NA 233 657 0 NA NA NA NA NA NA 316 939 0 NA NA NA NA NA NA 355 5903 134 NA NA NA NA NA NA 379 2341 194 NA NA NA NA NA 
1738450800.0 140.109 NA 235 653 0 NA NA NA NA NA NA 324 903 0 NA NA NA NA NA NA 283 2878 125 NA NA NA NA NA NA 268 1447 139 NA NA NA NA NA 
1738450800.0 140.11 NA 234 653 0 NA NA NA NA NA NA 327 908 0 NA NA NA NA NA NA 362 5615 134 NA NA NA NA NA NA 331 2233 161 NA NA NA NA NA 
1738450800.0 140.111 NA 231 656 0 NA NA NA NA NA NA 332 910 0 NA NA NA NA NA NA 355 5873 136 NA NA NA NA NA NA 401 2312 196 NA NA NA NA NA 
1738450800.0 140.112 NA 232 660 0 NA NA NA NA NA NA 309 954 0 NA NA NA NA NA NA 349 6014 130 NA NA NA NA NA NA 332 2360 153 NA NA NA NA NA 
1738450800.0 140.113 NA 0 0 0 NA NA NA NA NA NA 0 0 0 NA NA NA NA NA NA 170 896 405 NA NA NA NA NA NA 209 1049 444 NA NA NA NA NA 
1738450800.0 140.56 NA 893 0 NA NA NA NA NA NA NA 1263 0 NA NA NA NA NA NA NA 5433 136 NA NA NA NA NA NA NA 2731 158 NA NA NA NA NA NA 
1738450800.0 140.5611 NA 264 0 NA NA NA NA NA NA NA 376 0 NA NA NA NA NA NA NA 1044 57 NA NA NA NA NA NA NA 594 72 NA NA NA NA NA NA 
1738450800.0 140.57 NA 601 0 NA NA NA NA NA NA NA 813 0 NA NA NA NA NA NA NA 1127 126 NA NA NA NA NA NA NA 838 159 NA NA NA NA NA NA 
1738450800.0 140.58 NA 121 885 0 NA NA NA NA NA NA 181 1311 0 NA NA NA NA NA NA 82 5016 131 NA NA NA NA NA NA 172 1817 146 NA NA NA NA NA 
1738450800.0 140.6 NA 103 435 0 NA NA NA NA NA NA 144 645 0 NA NA NA NA NA NA 45 379 114 NA NA NA NA NA NA 98 376 141 NA NA NA NA NA 
1738450800.0 140.61 NA 449 0 NA NA NA NA NA NA NA 637 0 NA NA NA NA NA NA NA 744 115 NA NA NA NA NA NA NA 478 139 NA NA NA NA NA NA 
1738450800.0 14034.0 NA 656 0 NA NA NA NA NA NA NA 886 0 NA NA NA NA NA NA NA 2108 142 NA NA NA NA NA NA NA 997 181 NA NA NA NA NA NA 
1738450800.0 141.001 NA 232 654 0 NA NA NA NA NA NA 312 883 0 NA NA NA NA NA NA 339 6182 133 NA NA NA NA NA NA 321 2458 149 NA NA NA NA NA 
1738450800.0 141.002 NA 234 637 0 NA NA NA NA NA NA 311 872 0 NA NA NA NA NA NA 272 3354 129 NA NA NA NA NA NA 243 1501 141 NA NA NA NA NA 
1738450800.0 141.003 NA 234 665 0 NA NA NA NA NA NA 332 888 0 NA NA NA NA NA NA 313 5815 134 NA NA NA NA NA NA 272 2196 174 NA NA NA NA NA 
1738450800.0 141.004 NA 236 612 0 NA NA NA NA NA NA 320 840 0 NA NA NA NA NA NA 248 1659 124 NA NA NA NA NA NA 194 1070 146 NA NA NA NA NA 
1738450800.0 141.005 NA 236 619 0 NA NA NA NA NA NA 331 839 0 NA NA NA NA NA NA 295 3433 133 NA NA NA NA NA NA 263 1487 146 NA NA NA NA NA 
1738450800.0 141.006 NA 235 619 0 NA NA NA NA NA NA 323 836 0 NA NA NA NA NA NA 284 3632 127 NA NA NA NA NA NA 220 1547 141 NA NA NA NA NA 
1738450800.0 141.007 NA 234 637 0 NA NA NA NA NA NA 318 840 0 NA NA NA NA NA NA 297 4382 144 NA NA NA NA NA NA 328 1699 159 NA NA NA NA NA 
1738450800.0 141.008 NA 231 673 0 NA NA NA NA NA NA 318 891 0 NA NA NA NA NA NA 354 7174 129 NA NA NA NA NA NA 505 2494 142 NA NA NA NA NA 
1738450800.0 141.008405 NA 235 180 0 NA NA NA NA NA NA 337 275 0 NA NA NA NA NA NA 336 478 57 NA NA NA NA NA NA 311 310 70 NA NA NA NA NA 
1738450800.0 141.008411 NA 232 170 0 NA NA NA NA NA NA 329 258 0 NA NA NA NA NA NA 352 317 61 NA NA NA NA NA NA 359 313 73 NA NA NA NA NA 
1738450800.0 141.008421 NA 232 170 0 NA NA NA NA NA NA 315 254 0 NA NA NA NA NA NA 331 335 61 NA NA NA NA NA NA 293 307 78 NA NA NA NA NA 
1738450800.0 141.009 NA 0 0 0 NA NA NA NA NA NA 0 0 0 NA NA NA NA NA NA 161 1401 357 NA NA NA NA NA NA 258 1422 421 NA NA NA NA NA 
1738450800.0 141.01 NA 230 661 0 NA NA NA NA NA NA 310 920 0 NA NA NA NA NA NA 362 6616 134 NA NA NA NA NA NA 537 2416 155 NA NA NA NA NA 
1738450800.0 141.011 NA 232 653 0 NA NA NA NA NA NA 323 911 0 NA NA NA NA NA NA 335 6023 133 NA NA NA NA NA NA 339 2457 152 NA NA NA NA NA 
1738450800.0 141.012 NA 233 592 0 NA NA NA NA NA NA 310 834 0 NA NA NA NA NA NA 293 4228 128 NA NA NA NA NA NA 342 1765 140 NA NA NA NA NA 
1738450800.0 141.013 NA 233 667 0 NA NA NA NA NA NA 321 915 0 NA NA NA NA NA NA 342 5943 133 NA NA NA NA NA NA 303 2261 153 NA NA NA NA NA 
1738450800.0 141.031 NA 231 661 0 NA NA NA NA NA NA 310 914 0 NA NA NA NA NA NA 371 6665 142 NA NA NA NA NA NA 338 2301 192 NA NA NA NA NA 
1738450800.0 141.032 NA 234 665 0 NA NA NA NA NA NA 325 876 0 NA NA NA NA NA NA 300 4293 133 NA NA NA NA NA NA 368 1785 159 NA NA NA NA NA 
1738450800.0 141.033 NA 232 665 0 NA NA NA NA NA NA 325 897 0 NA NA NA NA NA NA 361 7215 135 NA NA NA NA NA NA 541 2505 163 NA NA NA NA NA 
1738450800.0 141.034 NA 230 672 0 NA NA NA NA NA NA 319 928 0 NA NA NA NA NA NA 365 7459 129 NA NA NA NA NA NA 527 2568 146 NA NA NA NA NA 
1738450800.0 141.035 NA 231 683 0 NA NA NA NA NA NA 324 924 0 NA NA NA NA NA NA 367 7737 137 NA NA NA NA NA NA 443 2882 174 NA NA NA NA NA 
1738450800.0 141.036 NA 239 597 0 NA NA NA NA NA NA 325 790 0 NA NA NA NA NA NA 252 2375 133 NA NA NA NA NA NA 211 1195 152 NA NA NA NA NA 
1738450800.0 141.037 NA 233 667 0 NA NA NA NA NA NA 324 927 0 NA NA NA NA NA NA 314 6175 135 NA NA NA NA NA NA 291 2485 156 NA NA NA NA NA 
1738450800.0 141.038 NA 232 667 0 NA NA NA NA NA NA 312 909 0 NA NA NA NA NA NA 372 6842 131 NA NA NA NA NA NA 509 2476 147 NA NA NA NA NA 
1738450800.0 141.039 NA 232 660 0 NA NA NA NA NA NA 313 897 0 NA NA NA NA NA NA 376 6580 130 NA NA NA NA NA NA 501 2292 142 NA NA NA NA NA 
1738450800.0 141.041 NA 231 676 0 NA NA NA NA NA NA 325 962 0 NA NA NA NA NA NA 391 9421 128 NA NA NA NA NA NA 530 3298 140 NA NA NA NA NA 
1738450800.0 141.042 NA 233 680 0 NA NA NA NA NA NA 329 942 0 NA NA NA NA NA NA 298 5508 134 NA NA NA NA NA NA 297 2304 148 NA NA NA NA NA 
1738450800.0 141.043 NA 228 697 0 NA NA NA NA NA NA 321 951 0 NA NA NA NA NA NA 420 11106 138 NA NA NA NA NA NA 786 4189 184 NA NA NA NA NA 
1738450800.0 141.044 NA 224 679 0 NA NA NA NA NA NA 325 944 0 NA NA NA NA NA NA 398 9831 132 NA NA NA NA NA NA 631 3426 164 NA NA NA NA NA 
1738450800.0 141.045 NA 231 721 0 NA NA NA NA NA NA 307 981 0 NA NA NA NA NA NA 369 11725 130 NA NA NA NA NA NA 537 3728 159 NA NA NA NA NA 
1738450800.0 141.046 NA 230 691 0 NA NA NA NA NA NA 323 936 0 NA NA NA NA NA NA 377 8712 130 NA NA NA NA NA NA 525 2902 147 NA NA NA NA NA 
1738450800.0 141.047 NA 231 687 0 NA NA NA NA NA NA 311 943 0 NA NA NA NA NA NA 386 10241 130 NA NA NA NA NA NA 722 3569 168 NA NA NA NA NA 
1738450800.0 141.048 NA 222 685 0 NA NA NA NA NA NA 320 942 0 NA NA NA NA NA NA 425 10319 129 NA NA NA NA NA NA 733 3576 144 NA NA NA NA NA 
1738450800.0 141.049 NA 232 659 0 NA NA NA NA NA NA 322 884 0 NA NA NA NA NA NA 374 6827 131 NA NA NA NA NA NA 504 2430 147 NA NA NA NA NA 
1738450800.0 141.101 NA 233 729 0 NA NA NA NA NA NA 325 980 0 NA NA NA NA NA NA 299 4802 131 NA NA NA NA NA NA 327 2273 145 NA NA NA NA NA 
1738450800.0 141.102 NA 233 706 0 NA NA NA NA NA NA 318 984 0 NA NA NA NA NA NA 381 7838 136 NA NA NA NA NA NA 352 3223 161 NA NA NA NA NA 
1738450800.0 141.103 NA 232 759 0 NA NA NA NA NA NA 319 1051 0 NA NA NA NA NA NA 369 8319 135 NA NA NA NA NA NA 364 3639 163 NA NA NA NA NA 
1738450800.0 141.104 NA 224 739 0 NA NA NA NA NA NA 311 1022 0 NA NA NA NA NA NA 413 8403 139 NA NA NA NA NA NA 782 3405 168 NA NA NA NA NA 
1738450800.0 141.105 NA 242 662 0 NA NA NA NA NA NA 334 917 0 NA NA NA NA NA NA 272 2974 130 NA NA NA NA NA NA 263 2242 147 NA NA NA NA NA 
1738450800.0 141.106 NA 232 703 0 NA NA NA NA NA NA 330 955 0 NA NA NA NA NA NA 327 6450 135 NA NA NA NA NA NA 473 2927 149 NA NA NA NA NA 
1738450800.0 141.107 NA 235 720 0 NA NA NA NA NA NA 310 1004 0 NA NA NA NA NA NA 383 6909 134 NA NA NA NA NA NA 376 2830 160 NA NA NA NA NA 
1738450800.0 141.108 NA 224 687 0 NA NA NA NA NA NA 331 987 0 NA NA NA NA NA NA 407 7535 137 NA NA NA NA NA NA 767 3282 165 NA NA NA NA NA 
1738450800.0 141.109 NA 234 716 0 NA NA NA NA NA NA 326 982 0 NA NA NA NA NA NA 292 4360 132 NA NA NA NA NA NA 313 2126 146 NA NA NA NA NA 
1738450800.0 141.11 NA 233 715 0 NA NA NA NA NA NA 312 1009 0 NA NA NA NA NA NA 388 8577 138 NA NA NA NA NA NA 378 3561 168 NA NA NA NA NA 
1738450800.0 141.111 NA 232 720 0 NA NA NA NA NA NA 330 986 0 NA NA NA NA NA NA 363 7610 140 NA NA NA NA NA NA 648 3074 174 NA NA NA NA NA 
1738450800.0 141.112 NA 230 721 0 NA NA NA NA NA NA 323 979 0 NA NA NA NA NA NA 375 8181 138 NA NA NA NA NA NA 510 3439 171 NA NA NA NA NA 
1738450800.0 141.113 NA 0 0 0 NA NA NA NA NA NA 0 0 0 NA NA NA NA NA NA 151 491 203 NA NA NA NA NA NA 203 572 248 NA NA NA NA NA 
1738450800.0 141.114 NA 221 705 0 NA NA NA NA NA NA 310 968 0 NA NA NA NA NA NA 408 7293 139 NA NA NA NA NA NA 708 3100 183 NA NA NA NA NA 
1738450800.0 141.901 NA 500 0 NA NA NA NA NA NA NA 723 0 NA NA NA NA NA NA NA 3046 128 NA NA NA NA NA NA NA 1187 159 NA NA NA NA NA NA 
1738450800.0 141.902 NA 439 0 NA NA NA NA NA NA NA 659 0 NA NA NA NA NA NA NA 2458 118 NA NA NA NA NA NA NA 890 150 NA NA NA NA NA NA 
1738450800.0 142.0 NA 506 888 0 NA NA NA NA NA NA 831 1404 0 NA NA NA NA NA NA 1463 10064 141 NA NA NA NA NA NA 595 3414 162 NA NA NA NA NA 
1738450800.0 142.901 NA 446 0 NA NA NA NA NA NA NA 625 0 NA NA NA NA NA NA NA 3162 128 NA NA NA NA NA NA NA 1205 159 NA NA NA NA NA NA 
1738450800.0 142.902 NA 442 0 NA NA NA NA NA NA NA 657 0 NA NA NA NA NA NA NA 2745 117 NA NA NA NA NA NA NA 1144 147 NA NA NA NA NA NA 
1738450800.0 142.903 NA 370 0 NA NA NA NA NA NA NA 536 0 NA NA NA NA NA NA NA 833 94 NA NA NA NA NA NA NA 539 111 NA NA NA NA NA NA 
1738450800.0 14234.0 NA 826 0 NA NA NA NA NA NA NA 1111 0 NA NA NA NA NA NA NA 3121 129 NA NA NA NA NA NA NA 1477 152 NA NA NA NA NA NA 
1738450800.0 143.201 135 369 601 0 NA NA NA NA NA 181 565 810 0 NA NA NA NA NA 707 309 976 206 NA NA NA NA NA 795 423 1070 226 NA NA NA NA NA 
1738450800.0 143.202 127 331 158 571 0 NA NA NA NA 182 479 204 766 0 NA NA NA NA 434 288 178 816 199 NA NA NA NA 630 347 223 840 221 NA NA NA NA 
1738450800.0 143.901 NA 447 0 NA NA NA NA NA NA NA 654 0 NA NA NA NA NA NA NA 3129 128 NA NA NA NA NA NA NA 1212 156 NA NA NA NA NA NA 
1738450800.0 143.902 NA 441 0 NA NA NA NA NA NA NA 627 0 NA NA NA NA NA NA NA 2731 116 NA NA NA NA NA NA NA 937 143 NA NA NA NA NA NA 
1738450800.0 143.911 NA 447 0 NA NA NA NA NA NA NA 638 0 NA NA NA NA NA NA NA 3136 129 NA NA NA NA NA NA NA 1182 151 NA NA NA NA NA NA 
1738450800.0 144.6 NA 407 NA NA NA NA NA NA NA NA 570 NA NA NA NA NA NA NA NA 1260 NA NA NA NA NA NA NA NA 1107 NA NA NA NA NA NA NA 
1738450800.0 145.0 NA 445 718 0 NA NA NA NA NA NA 705 991 0 NA NA NA NA NA NA 1703 7445 161 NA NA NA NA NA NA 1790 2949 174 NA NA NA NA NA 
1738450800.0 145.001 NA 479 714 0 NA NA NA NA NA NA 693 977 0 NA NA NA NA NA NA 1649 7539 165 NA NA NA NA NA NA 1237 2981 179 NA NA NA NA NA 
1738450800.0 145.002 NA 484 717 0 NA NA NA NA NA NA 680 931 0 NA NA NA NA NA NA 1406 6598 164 NA NA NA NA NA NA 776 2675 179 NA NA NA NA NA 
1738450800.0 145.003 NA 468 713 0 NA NA NA NA NA NA 662 945 0 NA NA NA NA NA NA 1403 6524 164 NA NA NA NA NA NA 807 2665 178 NA NA NA NA NA 
1738450800.0 145.004 NA 466 709 0 NA NA NA NA NA NA 695 958 0 NA NA NA NA NA NA 1379 6765 168 NA NA NA NA NA NA 824 2660 202 NA NA NA NA NA 
1738450800.0 145.005 NA 459 689 0 NA NA NA NA NA NA 663 987 0 NA NA NA NA NA NA 1479 6544 175 NA NA NA NA NA NA 1043 2659 214 NA NA NA NA NA 
1738450800.0 145.006 NA 481 718 0 NA NA NA NA NA NA 710 976 0 NA NA NA NA NA NA 1526 6844 167 NA NA NA NA NA NA 722 2715 233 NA NA NA NA NA 
1738450800.0 145.007 NA 448 658 0 NA NA NA NA NA NA 607 882 0 NA NA NA NA NA NA 675 2300 161 NA NA NA NA NA NA 579 1908 173 NA NA NA NA NA 
1738450800.0 145.008 NA 459 709 0 NA NA NA NA NA NA 611 928 0 NA NA NA NA NA NA 1500 6501 160 NA NA NA NA NA NA 759 2630 171 NA NA NA NA NA 
1738450800.0 145.009 NA 478 716 0 NA NA NA NA NA NA 698 1002 0 NA NA NA NA NA NA 1465 7689 163 NA NA NA NA NA NA 995 2945 205 NA NA NA NA NA 
1738450800.0 145.01 NA 485 731 0 NA NA NA NA NA NA 715 1000 0 NA NA NA NA NA NA 1506 7836 161 NA NA NA NA NA NA 918 2929 188 NA NA NA NA NA 
1738450800.0 145.011 NA 459 699 0 NA NA NA NA NA NA 628 927 0 NA NA NA NA NA NA 1294 6266 169 NA NA NA NA NA NA 669 2571 184 NA NA NA NA NA 
1738450800.0 145.012 NA 478 710 0 NA NA NA NA NA NA 684 962 0 NA NA NA NA NA NA 1410 7118 161 NA NA NA NA NA NA 848 2878 173 NA NA NA NA NA 
1738450800.0 145.013 NA 479 711 0 NA NA NA NA NA NA 685 923 0 NA NA NA NA NA NA 1400 6633 165 NA NA NA NA NA NA 654 2760 199 NA NA NA NA NA 
1738450800.0 145.014 NA 451 723 0 NA NA NA NA NA NA 607 949 0 NA NA NA NA NA NA 1011 4532 156 NA NA NA NA NA NA 651 2330 170 NA NA NA NA NA 
1738450800.0 145.1 NA 470 671 0 NA NA NA NA NA NA 712 984 0 NA NA NA NA NA NA 1457 7452 167 NA NA NA NA NA NA 938 2949 192 NA NA NA NA NA 
1738450800.0 145.101 NA 469 729 0 NA NA NA NA NA NA 717 1007 0 NA NA NA NA NA NA 1759 7790 166 NA NA NA NA NA NA 1897 3118 180 NA NA NA NA NA 
1738450800.0 145.102 NA 485 717 0 NA NA NA NA NA NA 695 987 0 NA NA NA NA NA NA 1418 7135 159 NA NA NA NA NA NA 687 2892 173 NA NA NA NA NA 
1738450800.0 145.103 NA 460 670 0 NA NA NA NA NA NA 641 973 0 NA NA NA NA NA NA 1437 6649 175 NA NA NA NA NA NA 770 2709 218 NA NA NA NA NA 
1738450800.0 145.104 NA 471 717 0 NA NA NA NA NA NA 711 954 0 NA NA NA NA NA NA 1424 7068 166 NA NA NA NA NA NA 1121 2883 206 NA NA NA NA NA 
1738450800.0 145.105 NA 465 723 0 NA NA NA NA NA NA 672 990 0 NA NA NA NA NA NA 1589 7093 161 NA NA NA NA NA NA 1167 2851 173 NA NA NA NA NA 
1738450800.0 145.106 NA 477 716 0 NA NA NA NA NA NA 696 951 0 NA NA NA NA NA NA 1570 7005 159 NA NA NA NA NA NA 881 2810 172 NA NA NA NA NA 
1738450800.0 145.107 NA 453 717 0 NA NA NA NA NA NA 614 925 0 NA NA NA NA NA NA 896 3817 155 NA NA NA NA NA NA 764 2010 173 NA NA NA NA NA 
1738450800.0 145.108 NA 456 717 0 NA NA NA NA NA NA 624 967 0 NA NA NA NA NA NA 1533 6662 175 NA NA NA NA NA NA 755 2676 221 NA NA NA NA NA 
1738450800.0 145.109 NA 483 729 0 NA NA NA NA NA NA 701 1006 0 NA NA NA NA NA NA 1485 8072 165 NA NA NA NA NA NA 922 3092 186 NA NA NA NA NA 
1738450800.0 145.11 NA 482 711 0 NA NA NA NA NA NA 683 1004 0 NA NA NA NA NA NA 1551 7966 158 NA NA NA NA NA NA 718 2976 177 NA NA NA NA NA 
1738450800.0 145.111 NA 460 706 0 NA NA NA NA NA NA 629 945 0 NA NA NA NA NA NA 1359 6564 165 NA NA NA NA NA NA 823 2632 207 NA NA NA NA NA 
1738450800.0 145.112 NA 472 709 0 NA NA NA NA NA NA 658 954 0 NA NA NA NA NA NA 1382 7191 164 NA NA NA NA NA NA 746 2934 177 NA NA NA NA NA 
1738450800.0 145.113 NA 478 713 0 NA NA NA NA NA NA 678 972 0 NA NA NA NA NA NA 1426 6880 160 NA NA NA NA NA NA 766 2697 177 NA NA NA NA NA 
1738450800.0 145.114 NA 448 715 0 NA NA NA NA NA NA 609 950 0 NA NA NA NA NA NA 1051 4518 161 NA NA NA NA NA NA 747 2352 173 NA NA NA NA NA 
1738450800.0 145.2 NA 480 734 0 NA NA NA NA NA NA 705 975 0 NA NA NA NA NA NA 1492 8118 160 NA NA NA NA NA NA 897 2963 179 NA NA NA NA NA 
1738450800.0 145.201 NA 488 704 0 NA NA NA NA NA NA 707 1033 0 NA NA NA NA NA NA 1685 9185 171 NA NA NA NA NA NA 978 3633 203 NA NA NA NA NA 
1738450800.0 145.202 NA 473 701 0 NA NA NA NA NA NA 667 1024 0 NA NA NA NA NA NA 1431 7080 175 NA NA NA NA NA NA 716 2804 233 NA NA NA NA NA 
1738450800.0 145.203 NA 469 717 0 NA NA NA NA NA NA 676 983 0 NA NA NA NA NA NA 1564 7250 165 NA NA NA NA NA NA 1168 2967 177 NA NA NA NA NA 
1738450800.0 145.204 NA 473 720 0 NA NA NA NA NA NA 708 969 0 NA NA NA NA NA NA 1468 8205 162 NA NA NA NA NA NA 901 3083 192 NA NA NA NA NA 
1738450800.0 145.205 NA 467 713 0 NA NA NA NA NA NA 665 987 0 NA NA NA NA NA NA 1506 6955 163 NA NA NA NA NA NA 866 2699 176 NA NA NA NA NA 
1738450800.0 145.206 NA 473 717 0 NA NA NA NA NA NA 666 982 0 NA NA NA NA NA NA 1636 7937 165 NA NA NA NA NA NA 1102 3311 178 NA NA NA NA NA 
1738450800.0 145.207 NA 458 717 0 NA NA NA NA NA NA 641 939 0 NA NA NA NA NA NA 1142 5332 166 NA NA NA NA NA NA 689 2519 180 NA NA NA NA NA 
1738450800.0 145.208 NA 435 716 0 NA NA NA NA NA NA 639 1002 0 NA NA NA NA NA NA 1760 7538 161 NA NA NA NA NA NA 1823 3095 173 NA NA NA NA NA 
1738450800.0 145.209 NA 489 725 0 NA NA NA NA NA NA 700 977 0 NA NA NA NA NA NA 1647 9597 168 NA NA NA NA NA NA 1106 3676 181 NA NA NA NA NA 
1738450800.0 145.21 NA 491 723 0 NA NA NA NA NA NA 709 991 0 NA NA NA NA NA NA 1518 7984 162 NA NA NA NA NA NA 884 2988 185 NA NA NA NA NA 
1738450800.0 145.211 NA 452 711 0 NA NA NA NA NA NA 621 974 0 NA NA NA NA NA NA 1426 7258 165 NA NA NA NA NA NA 877 2958 182 NA NA NA NA NA 
1738450800.0 145.212 NA 454 718 0 NA NA NA NA NA NA 704 986 0 NA NA NA NA NA NA 1544 8055 163 NA NA NA NA NA NA 1921 3383 175 NA NA NA NA NA 
1738450800.0 145.213 NA 481 717 0 NA NA NA NA NA NA 696 999 0 NA NA NA NA NA NA 1435 7104 158 NA NA NA NA NA NA 800 2904 172 NA NA NA NA NA 
1738450800.0 145.214 NA 452 737 0 NA NA NA NA NA NA 611 973 0 NA NA NA NA NA NA 1151 5528 165 NA NA NA NA NA NA 756 2380 179 NA NA NA NA NA 
1738450800.0 145.3 NA 474 718 0 NA NA NA NA NA NA 694 980 0 NA NA NA NA NA NA 1432 7401 162 NA NA NA NA NA NA 836 2794 180 NA NA NA NA NA 
1738450800.0 145.301 NA 474 722 0 NA NA NA NA NA NA 693 968 0 NA NA NA NA NA NA 1604 7529 163 NA NA NA NA NA NA 1125 2993 179 NA NA NA NA NA 
1738450800.0 145.302 NA 461 712 0 NA NA NA NA NA NA 643 966 0 NA NA NA NA NA NA 1371 6651 172 NA NA NA NA NA NA 799 2699 254 NA NA NA NA NA 
1738450800.0 145.303 NA 465 725 0 NA NA NA NA NA NA 653 963 0 NA NA NA NA NA NA 1428 6590 163 NA NA NA NA NA NA 650 2635 207 NA NA NA NA NA 
1738450800.0 145.304 NA 485 717 0 NA NA NA NA NA NA 700 961 0 NA NA NA NA NA NA 1406 7879 163 NA NA NA NA NA NA 1032 3040 236 NA NA NA NA NA 
1738450800.0 145.305 NA 467 707 0 NA NA NA NA NA NA 676 930 0 NA NA NA NA NA NA 1497 6678 170 NA NA NA NA NA NA 839 2667 193 NA NA NA NA NA 
1738450800.0 145.306 NA 470 718 0 NA NA NA NA NA NA 685 972 0 NA NA NA NA NA NA 1612 7374 165 NA NA NA NA NA NA 842 2954 179 NA NA NA NA NA 
1738450800.0 145.307 NA 446 702 0 NA NA NA NA NA NA 627 973 0 NA NA NA NA NA NA 1028 4277 162 NA NA NA NA NA NA 739 2302 175 NA NA NA NA NA 
1738450800.0 145.308 NA 460 708 0 NA NA NA NA NA NA 619 927 0 NA NA NA NA NA NA 1531 6628 176 NA NA NA NA NA NA 832 2751 246 NA NA NA NA NA 
1738450800.0 145.309 NA 482 721 0 NA NA NA NA NA NA 703 990 0 NA NA NA NA NA NA 1499 7323 164 NA NA NA NA NA NA 823 2970 179 NA NA NA NA NA 
1738450800.0 145.31 NA 476 705 0 NA NA NA NA NA NA 679 1002 0 NA NA NA NA NA NA 1474 7546 164 NA NA NA NA NA NA 873 2863 190 NA NA NA NA NA 
1738450800.0 145.311 NA 456 702 0 NA NA NA NA NA NA 629 938 0 NA NA NA NA NA NA 1330 6228 171 NA NA NA NA NA NA 680 2543 187 NA NA NA NA NA 
1738450800.0 145.312 NA 469 721 0 NA NA NA NA NA NA 685 965 0 NA NA NA NA NA NA 1390 7173 159 NA NA NA NA NA NA 1015 2907 172 NA NA NA NA NA 
1738450800.0 145.313 NA 473 707 0 NA NA NA NA NA NA 692 946 0 NA NA NA NA NA NA 1401 6794 164 NA NA NA NA NA NA 745 2716 180 NA NA NA NA NA 
1738450800.0 145.314 NA 445 732 0 NA NA NA NA NA NA 616 994 0 NA NA NA NA NA NA 1122 5161 168 NA NA NA NA NA NA 736 2449 181 NA NA NA NA NA 
1738450800.0 145.4 NA 487 746 0 NA NA NA NA NA NA 735 1005 0 NA NA NA NA NA NA 1751 9874 163 NA NA NA NA NA NA 913 3577 190 NA NA NA NA NA 
1738450800.0 145.401 NA 504 747 0 NA NA NA NA NA NA 706 1028 0 NA NA NA NA NA NA 1872 10771 161 NA NA NA NA NA NA 1263 4028 184 NA NA NA NA NA 
1738450800.0 145.402 NA 490 741 0 NA NA NA NA NA NA 707 1023 0 NA NA NA NA NA NA 1634 10087 160 NA NA NA NA NA NA 968 4042 172 NA NA NA NA NA 
1738450800.0 145.403 NA 468 744 0 NA NA NA NA NA NA 663 1018 0 NA NA NA NA NA NA 1634 9258 160 NA NA NA NA NA NA 872 3259 180 NA NA NA NA NA 
1738450800.0 145.404 NA 484 783 0 NA NA NA NA NA NA 712 1108 0 NA NA NA NA NA NA 1636 11291 161 NA NA NA NA NA NA 1737 5148 181 NA NA NA NA NA 
1738450800.0 145.405 NA 488 751 0 NA NA NA NA NA NA 678 1007 0 NA NA NA NA NA NA 1701 9601 163 NA NA NA NA NA NA 742 3396 181 NA NA NA NA NA 
1738450800.0 145.406 NA 501 741 0 NA NA NA NA NA NA 707 1005 0 NA NA NA NA NA NA 1789 9746 162 NA NA NA NA NA NA 952 3404 201 NA NA NA NA NA 
1738450800.0 145.407 NA 460 728 0 NA NA NA NA NA NA 629 992 0 NA NA NA NA NA NA 1357 7609 163 NA NA NA NA NA NA 854 3130 177 NA NA NA NA NA 
1738450800.0 145.408 NA 464 734 0 NA NA NA NA NA NA 640 1025 0 NA NA NA NA NA NA 1745 9309 163 NA NA NA NA NA NA 866 3333 182 NA NA NA NA NA 
1738450800.0 145.409 NA 488 762 0 NA NA NA NA NA NA 729 1014 0 NA NA NA NA NA NA 1806 11504 160 NA NA NA NA NA NA 1640 4153 181 NA NA NA NA NA 
1738450800.0 145.41 NA 501 747 0 NA NA NA NA NA NA 747 1015 0 NA NA NA NA NA NA 1739 10281 161 NA NA NA NA NA NA 1087 3816 180 NA NA NA NA NA 
1738450800.0 145.411 NA 469 738 0 NA NA NA NA NA NA 627 976 0 NA NA NA NA NA NA 1451 8523 161 NA NA NA NA NA NA 893 3108 180 NA NA NA NA NA 
1738450800.0 145.412 NA 487 744 0 NA NA NA NA NA NA 713 1026 0 NA NA NA NA NA NA 1528 10116 162 NA NA NA NA NA NA 786 3571 180 NA NA NA NA NA 
1738450800.0 145.413 NA 494 739 0 NA NA NA NA NA NA 724 1048 0 NA NA NA NA NA NA 1596 9398 162 NA NA NA NA NA NA 768 3310 183 NA NA NA NA NA 
1738450800.0 145.414 NA 447 757 0 NA NA NA NA NA NA 623 1021 0 NA NA NA NA NA NA 1218 6469 158 NA NA NA NA NA NA 752 2646 173 NA NA NA NA NA 
1738450800.0 145.5 NA 486 752 0 NA NA NA NA NA NA 710 1072 0 NA NA NA NA NA NA 1824 10203 162 NA NA NA NA NA NA 906 3906 180 NA NA NA NA NA 
1738450800.0 145.501 NA 495 749 0 NA NA NA NA NA NA 730 1027 0 NA NA NA NA NA NA 2003 10899 162 NA NA NA NA NA NA 1769 4297 181 NA NA NA NA NA 
1738450800.0 145.502 NA 490 757 0 NA NA NA NA NA NA 683 1031 0 NA NA NA NA NA NA 1658 9623 164 NA NA NA NA NA NA 814 3393 207 NA NA NA NA NA 
1738450800.0 145.503 NA 485 736 0 NA NA NA NA NA NA 716 999 0 NA NA NA NA NA NA 1875 10085 167 NA NA NA NA NA NA 1331 3872 189 NA NA NA NA NA 
1738450800.0 145.504 NA 490 747 0 NA NA NA NA NA NA 716 1022 0 NA NA NA NA NA NA 1643 9836 162 NA NA NA NA NA NA 813 3471 206 NA NA NA NA NA 
1738450800.0 145.505 NA 477 738 0 NA NA NA NA NA NA 690 1000 0 NA NA NA NA NA NA 1681 8998 161 NA NA NA NA NA NA 837 3228 182 NA NA NA NA NA 
1738450800.0 145.506 NA 501 743 0 NA NA NA NA NA NA 722 1015 0 NA NA NA NA NA NA 1857 9664 160 NA NA NA NA NA NA 968 3417 176 NA NA NA NA NA 
1738450800.0 145.507 NA 466 722 0 NA NA NA NA NA NA 627 1022 0 NA NA NA NA NA NA 1478 7377 163 NA NA NA NA NA NA 820 2943 175 NA NA NA NA NA 
1738450800.0 145.508 NA 479 734 0 NA NA NA NA NA NA 628 1036 0 NA NA NA NA NA NA 1721 8988 163 NA NA NA NA NA NA 801 3234 182 NA NA NA NA NA 
1738450800.0 145.509 NA 498 748 0 NA NA NA NA NA NA 715 1014 0 NA NA NA NA NA NA 1815 10595 160 NA NA NA NA NA NA 969 3817 182 NA NA NA NA NA 
1738450800.0 145.51 NA 497 738 0 NA NA NA NA NA NA 711 1008 0 NA NA NA NA NA NA 1887 10730 159 NA NA NA NA NA NA 1222 4088 178 NA NA NA NA NA 
1738450800.0 145.511 NA 469 735 0 NA NA NA NA NA NA 648 1020 0 NA NA NA NA NA NA 1531 9011 163 NA NA NA NA NA NA 736 3285 205 NA NA NA NA NA 
1738450800.0 145.512 NA 483 728 0 NA NA NA NA NA NA 691 1004 0 NA NA NA NA NA NA 1602 9722 163 NA NA NA NA NA NA 734 3473 210 NA NA NA NA NA 
1738450800.0 145.513 NA 490 732 0 NA NA NA NA NA NA 725 1000 0 NA NA NA NA NA NA 1695 9491 162 NA NA NA NA NA NA 826 3376 182 NA NA NA NA NA 
1738450800.0 145.514 NA 450 748 0 NA NA NA NA NA NA 616 968 0 NA NA NA NA NA NA 1306 6550 175 NA NA NA NA NA NA 987 2663 230 NA NA NA NA NA 
1738450800.0 145.6 NA 489 743 0 NA NA NA NA NA NA 727 995 0 NA NA NA NA NA NA 1738 10018 162 NA NA NA NA NA NA 919 3516 185 NA NA NA NA NA 
1738450800.0 145.601 NA 503 746 0 NA NA NA NA NA NA 734 1109 0 NA NA NA NA NA NA 2001 11066 163 NA NA NA NA NA NA 1325 4297 180 NA NA NA NA NA 
1738450800.0 145.602 NA 481 743 0 NA NA NA NA NA NA 707 998 0 NA NA NA NA NA NA 1609 9682 160 NA NA NA NA NA NA 722 3436 182 NA NA NA NA NA 
1738450800.0 145.603 NA 471 735 0 NA NA NA NA NA NA 668 1002 0 NA NA NA NA NA NA 1619 8856 167 NA NA NA NA NA NA 1132 3191 209 NA NA NA NA NA 
1738450800.0 145.604 NA 491 760 0 NA NA NA NA NA NA 711 1009 0 NA NA NA NA NA NA 1668 10441 164 NA NA NA NA NA NA 1021 3867 180 NA NA NA NA NA 
1738450800.0 145.605 NA 478 728 0 NA NA NA NA NA NA 697 1021 0 NA NA NA NA NA NA 1723 9118 163 NA NA NA NA NA NA 850 3363 194 NA NA NA NA NA 
1738450800.0 145.606 NA 485 731 0 NA NA NA NA NA NA 697 980 0 NA NA NA NA NA NA 1704 8697 163 NA NA NA NA NA NA 742 3156 196 NA NA NA NA NA 
1738450800.0 145.607 NA 464 731 0 NA NA NA NA NA NA 637 1024 0 NA NA NA NA NA NA 1364 6739 158 NA NA NA NA NA NA 765 2775 172 NA NA NA NA NA 
1738450800.0 145.608 NA 473 751 0 NA NA NA NA NA NA 657 1004 0 NA NA NA NA NA NA 1786 9243 162 NA NA NA NA NA NA 871 3307 177 NA NA NA NA NA 
1738450800.0 145.609 NA 491 747 0 NA NA NA NA NA NA 726 1045 0 NA NA NA NA NA NA 1709 9879 160 NA NA NA NA NA NA 796 3588 185 NA NA NA NA NA 
1738450800.0 145.61 NA 496 736 0 NA NA NA NA NA NA 749 1029 0 NA NA NA NA NA NA 1890 10212 161 NA NA NA NA NA NA 1086 3786 181 NA NA NA NA NA 
1738450800.0 145.611 NA 431 725 0 NA NA NA NA NA NA 642 1008 0 NA NA NA NA NA NA 1714 8584 164 NA NA NA NA NA NA 1783 3467 175 NA NA NA NA NA 
1738450800.0 145.612 NA 489 741 0 NA NA NA NA NA NA 723 1002 0 NA NA NA NA NA NA 1614 9904 160 NA NA NA NA NA NA 806 3452 179 NA NA NA NA NA 
1738450800.0 145.613 NA 487 734 0 NA NA NA NA NA NA 714 981 0 NA NA NA NA NA NA 1571 9345 163 NA NA NA NA NA NA 875 3306 184 NA NA NA NA NA 
1738450800.0 145.614 NA 463 749 0 NA NA NA NA NA NA 623 998 0 NA NA NA NA NA NA 1291 6722 167 NA NA NA NA NA NA 633 2645 194 NA NA NA NA NA 
1738450800.0 145.7 NA 486 739 0 NA NA NA NA NA NA 704 1046 0 NA NA NA NA NA NA 1746 10871 162 NA NA NA NA NA NA 779 4178 180 NA NA NA NA NA 
1738450800.0 145.701 NA 510 717 0 NA NA NA NA NA NA 718 1051 0 NA NA NA NA NA NA 2026 11339 162 NA NA NA NA NA NA 1554 4305 182 NA NA NA NA NA 
1738450800.0 145.702 NA 480 739 0 NA NA NA NA NA NA 683 981 0 NA NA NA NA NA NA 1646 9588 162 NA NA NA NA NA NA 949 3406 185 NA NA NA NA NA 
1738450800.0 145.703 NA 481 745 0 NA NA NA NA NA NA 697 990 0 NA NA NA NA NA NA 1758 9902 161 NA NA NA NA NA NA 1069 3481 190 NA NA NA NA NA 
1738450800.0 145.704 NA 508 756 0 NA NA NA NA NA NA 738 1066 0 NA NA NA NA NA NA 1808 12192 162 NA NA NA NA NA NA 1565 5203 180 NA NA NA NA NA 
1738450800.0 145.705 NA 476 747 0 NA NA NA NA NA NA 713 1009 0 NA NA NA NA NA NA 1722 9830 160 NA NA NA NA NA NA 916 3458 181 NA NA NA NA NA 
1738450800.0 145.706 NA 499 747 0 NA NA NA NA NA NA 720 1003 0 NA NA NA NA NA NA 1893 10580 169 NA NA NA NA NA NA 870 3827 230 NA NA NA NA NA 
1738450800.0 145.707 NA 463 666 0 NA NA NA NA NA NA 633 971 0 NA NA NA NA NA NA 1337 7687 161 NA NA NA NA NA NA 900 3015 193 NA NA NA NA NA 
1738450800.0 145.708 NA 471 727 0 NA NA NA NA NA NA 623 989 0 NA NA NA NA NA NA 1714 9044 161 NA NA NA NA NA NA 837 3252 183 NA NA NA NA NA 
1738450800.0 145.709 NA 484 735 0 NA NA NA NA NA NA 721 1047 0 NA NA NA NA NA NA 1707 10592 160 NA NA NA NA NA NA 1257 4049 180 NA NA NA NA NA 
1738450800.0 145.71 NA 503 714 0 NA NA NA NA NA NA 718 1075 0 NA NA NA NA NA NA 1909 11553 162 NA NA NA NA NA NA 1353 4381 181 NA NA NA NA NA 
1738450800.0 145.711 NA 476 752 0 NA NA NA NA NA NA 663 1038 0 NA NA NA NA NA NA 1633 10029 160 NA NA NA NA NA NA 899 3589 177 NA NA NA NA NA 
1738450800.0 145.712 NA 490 746 0 NA NA NA NA NA NA 705 1071 0 NA NA NA NA NA NA 1673 10869 161 NA NA NA NA NA NA 1293 4109 182 NA NA NA NA NA 
1738450800.0 145.713 NA 496 733 0 NA NA NA NA NA NA 710 1027 0 NA NA NA NA NA NA 1681 9850 161 NA NA NA NA NA NA 753 3545 183 NA NA NA NA NA 
1738450800.0 145.714 NA 457 749 0 NA NA NA NA NA NA 628 1008 0 NA NA NA NA NA NA 1455 7606 161 NA NA NA NA NA NA 1194 3095 174 NA NA NA NA NA 
1738450800.0 148.0 134 304 529 0 NA NA NA NA NA 191 395 755 0 NA NA NA NA NA 867 325 819 179 NA NA NA NA NA 1012 374 918 196 NA NA NA NA NA 
1738450800.0 149.0 128 307 527 0 NA NA NA NA NA 184 405 741 0 NA NA NA NA NA 400 422 785 175 NA NA NA NA NA 359 328 810 192 NA NA NA NA NA 
1738450800.0 149.1 138 277 536 0 NA NA NA NA NA 183 386 734 0 NA NA NA NA NA 479 221 772 175 NA NA NA NA NA 484 213 811 201 NA NA NA NA NA 
1738450800.0 15.0 NA 212 400 0 NA NA NA NA NA NA 294 561 0 NA NA NA NA NA NA 681 1022 159 NA NA NA NA NA NA 347 1015 233 NA NA NA NA NA 
1738450800.0 158.0 134 270 523 135 0 NA NA NA NA 190 365 735 204 0 NA NA NA NA 956 221 806 139 188 NA NA NA NA 1660 242 757 179 201 NA NA NA NA 
1738450800.0 158.1 NA 312 548 0 NA NA NA NA NA NA 417 729 0 NA NA NA NA NA NA 299 876 194 NA NA NA NA NA NA 338 944 252 NA NA NA NA NA 
1738450800.0 158.2 NA 308 541 0 NA NA NA NA NA NA 416 725 0 NA NA NA NA NA NA 294 895 187 NA NA NA NA NA NA 351 950 225 NA NA NA NA NA 
1738450800.0 158.3 NA 307 543 0 NA NA NA NA NA NA 398 763 0 NA NA NA NA NA NA 293 854 191 NA NA NA NA NA NA 307 902 225 NA NA NA NA NA 
1738450800.0 158.5 206 413 662 142 0 NA NA NA NA 306 573 874 206 0 NA NA NA NA 6160 602 4749 139 189 NA NA NA NA 12341 870 2187 180 230 NA NA NA NA 
1738450800.0 159.0 142 266 509 137 0 NA NA NA NA 186 352 724 201 0 NA NA NA NA 935 213 667 129 180 NA NA NA NA 1076 226 661 163 198 NA NA NA NA 
1738450800.0 159.01 NA 226 0 NA NA NA NA NA NA NA 314 0 NA NA NA NA NA NA NA 658 62 NA NA NA NA NA NA NA 541 77 NA NA NA NA NA NA 
1738450800.0 159.02 141 266 156 502 136 0 NA NA NA 187 361 200 713 208 0 NA NA NA 967 215 185 674 127 178 NA NA NA 1227 244 261 689 163 195 NA NA NA 
1738450800.0 159.03 209 355 227 350 211 NA NA NA NA 296 467 317 497 282 NA NA NA NA 5479 575 205 476 213 NA NA NA NA 11454 782 302 519 244 NA NA NA NA 
1738450800.0 159.1 143 297 523 0 NA NA NA NA NA 199 385 719 0 NA NA NA NA NA 1014 270 676 181 NA NA NA NA NA 581 264 688 200 NA NA NA NA NA 
1738450800.0 159.2 142 295 515 0 NA NA NA NA NA 185 380 732 0 NA NA NA NA NA 851 266 657 180 NA NA NA NA NA 607 249 613 192 NA NA NA NA NA 
1738450800.0 159.3 142 295 514 0 NA NA NA NA NA 185 389 707 0 NA NA NA NA NA 781 268 674 182 NA NA NA NA NA 483 227 679 199 NA NA NA NA NA 
1738450800.0 159.4 142 295 520 0 NA NA NA NA NA 184 396 732 0 NA NA NA NA NA 782 263 664 179 NA NA NA NA NA 446 205 664 193 NA NA NA NA NA 
1738450800.0 16.0 NA 226 424 0 NA NA NA NA NA NA 314 575 0 NA NA NA NA NA NA 658 1093 161 NA NA NA NA NA NA 363 827 181 NA NA NA NA NA 
1738450800.0 160.0 136 268 511 135 0 NA NA NA NA 192 361 694 197 0 NA NA NA NA 716 229 639 128 178 NA NA NA NA 964 228 657 169 191 NA NA NA NA 
1738450800.0 160.02 135 267 150 508 137 0 NA NA NA 179 367 193 699 210 0 NA NA NA 716 231 180 633 128 176 NA NA NA 955 287 211 648 158 190 NA NA NA 
1738450800.0 160.03 127 256 140 314 199 NA NA NA NA 171 345 185 467 273 NA NA NA NA 450 219 178 308 157 NA NA NA NA 478 231 205 315 160 NA NA NA NA 
1738450800.0 160.1 141 325 534 0 NA NA NA NA NA 184 433 721 0 NA NA NA NA NA 851 373 679 182 NA NA NA NA NA 496 222 600 199 NA NA NA NA NA 
1738450800.0 160.2 140 323 530 0 NA NA NA NA NA 182 427 718 0 NA NA NA NA NA 669 362 664 177 NA NA NA NA NA 449 267 631 192 NA NA NA NA NA 
1738450800.0 160.3 140 322 532 0 NA NA NA NA NA 180 430 719 0 NA NA NA NA NA 640 367 677 183 NA NA NA NA NA 505 307 604 220 NA NA NA NA NA 
1738450800.0 160.4 140 320 533 0 NA NA NA NA NA 185 436 720 0 NA NA NA NA NA 668 366 649 172 NA NA NA NA NA 444 225 587 184 NA NA NA NA NA 
1738450800.0 160.401 128 256 143 497 192 NA NA NA NA 172 365 184 649 259 NA NA NA NA 435 218 172 569 154 NA NA NA NA 469 212 200 579 160 NA NA NA NA 
1738450800.0 161.0 135 369 573 137 0 NA NA NA NA 192 560 757 206 0 NA NA NA NA 735 303 795 128 213 NA NA NA NA 1048 347 909 155 243 NA NA NA NA 
1738450800.0 161.02 136 368 167 569 136 0 NA NA NA 180 565 208 765 198 0 NA NA NA 710 308 180 769 119 205 NA NA NA 794 335 196 737 132 226 NA NA NA 
1738450800.0 161.03 127 330 158 316 201 NA NA NA NA 172 464 210 462 266 NA NA NA NA 443 301 179 313 160 NA NA NA NA 515 355 201 344 158 NA NA NA NA 
1738450800.0 161.1 142 433 597 0 NA NA NA NA NA 182 714 812 0 NA NA NA NA NA 869 449 865 212 NA NA NA NA NA 547 335 835 227 NA NA NA NA NA 
1738450800.0 161.2 139 434 592 0 NA NA NA NA NA 194 800 822 0 NA NA NA NA NA 677 437 838 211 NA NA NA NA NA 479 369 820 255 NA NA NA NA NA 
1738450800.0 161.3 140 430 592 0 NA NA NA NA NA 180 957 768 0 NA NA NA NA NA 589 430 841 215 NA NA NA NA NA 427 344 806 261 NA NA NA NA NA 
1738450800.0 161.4 138 427 591 0 NA NA NA NA NA 181 706 802 0 NA NA NA NA NA 689 433 841 214 NA NA NA NA NA 471 356 813 257 NA NA NA NA NA 
1738450800.0 16434.0 NA 656 0 NA NA NA NA NA NA NA 836 0 NA NA NA NA NA NA NA 1965 126 NA NA NA NA NA NA NA 937 156 NA NA NA NA NA NA 
1738450800.0 16634.0 NA 827 0 NA NA NA NA NA NA NA 1118 0 NA NA NA NA NA NA NA 2810 131 NA NA NA NA NA NA NA 1416 160 NA NA NA NA NA NA 
1738450800.0 16834.0 NA 511 688 0 176 NA NA NA NA NA 663 952 0 242 NA NA NA NA NA 624 1290 254 175 NA NA NA NA NA 701 1237 272 210 NA NA NA NA 
1738450800.0 17.0 NA 222 408 0 NA NA NA NA NA NA 312 562 0 NA NA NA NA NA NA 642 1065 164 NA NA NA NA NA NA 332 962 209 NA NA NA NA NA 
1738450800.0 17034.0 NA 827 1096 0 NA NA NA NA NA NA 1120 1498 0 NA NA NA NA NA NA 2289 2881 269 NA NA NA NA NA NA 1412 2122 300 NA NA NA NA NA 
1738450800.0 18.0 NA 211 401 0 NA NA NA NA NA NA 293 558 0 NA NA NA NA NA NA 686 962 159 NA NA NA NA NA NA 385 900 202 NA NA NA NA NA 
1738450800.0 180.0 130 319 552 137 0 NA NA NA NA 179 425 734 204 0 NA NA NA NA 453 361 794 131 174 NA NA NA NA 384 232 842 167 187 NA NA NA NA 
1738450800.0 180.1 133 313 547 138 0 NA NA NA NA 203 430 781 205 0 NA NA NA NA 2994 360 761 121 171 NA NA NA NA 1452 305 849 136 184 NA NA NA NA 
1738450800.0 181.0 132 400 607 139 0 NA NA NA NA 187 603 834 207 0 NA NA NA NA 454 416 965 131 208 NA NA NA NA 571 330 960 165 227 NA NA NA NA 
1738450800.0 181.1 133 395 606 139 0 NA NA NA NA 197 515 808 205 0 NA NA NA NA 2990 409 930 122 201 NA NA NA NA 1358 308 972 134 221 NA NA NA NA 
1738450800.0 182.0 130 403 606 140 0 NA NA NA NA 173 607 789 203 0 NA NA NA NA 449 416 969 130 206 NA NA NA NA 586 366 979 174 229 NA NA NA NA 
1738450800.0 182.1 133 398 584 138 0 NA NA NA NA 203 514 810 207 0 NA NA NA NA 2978 415 931 124 200 NA NA NA NA 1325 437 904 142 214 NA NA NA NA 
1738450800.0 19.0 NA 212 408 0 NA NA NA NA NA NA 294 553 0 NA NA NA NA NA NA 654 1008 160 NA NA NA NA NA NA 348 1000 232 NA NA NA NA NA 
1738450800.0 2.0 159 210 330 NA NA NA NA NA NA 245 285 446 NA NA NA NA NA NA 1068 290 533 NA NA NA NA NA NA 441 268 461 NA NA NA NA NA NA 
1738450800.0 20.0 NA 212 404 0 NA NA NA NA NA NA 291 557 0 NA NA NA NA NA NA 658 1032 173 NA NA NA NA NA NA 341 803 185 NA NA NA NA NA 
1738450800.0 200.0 NA 289 489 0 NA NA NA NA NA NA 383 669 0 NA NA NA NA NA NA 395 963 155 NA NA NA NA NA NA 411 922 169 NA NA NA NA NA 
1738450800.0 2017.1 513 0 228 177 NA NA NA NA NA 665 0 343 271 NA NA NA NA NA 393 103 266 180 NA NA NA NA NA 354 127 288 256 NA NA NA NA NA 
1738450800.0 2017.11 523 0 231 179 NA NA NA NA NA 690 0 328 266 NA NA NA NA NA 503 107 319 185 NA NA NA NA NA 367 143 317 230 NA NA NA NA NA 
1738450800.0 2017.12 512 0 221 175 NA NA NA NA NA 667 0 318 257 NA NA NA NA NA 386 102 244 184 NA NA NA NA NA 410 122 250 261 NA NA NA NA NA 
1738450800.0 2017.13 533 0 NA NA NA NA NA NA NA 700 0 NA NA NA NA NA NA NA 387 154 NA NA NA NA NA NA NA 305 175 NA NA NA NA NA NA NA 
1738450800.0 2017.2 443 0 219 176 NA NA NA NA NA 593 0 297 268 NA NA NA NA NA 357 97 243 185 NA NA NA NA NA 367 128 319 236 NA NA NA NA NA 
1738450800.0 2017.3 437 0 220 175 NA NA NA NA NA 568 0 305 263 NA NA NA NA NA 340 94 239 181 NA NA NA NA NA 320 105 268 233 NA NA NA NA NA 
1738450800.0 2017.4 509 0 228 175 NA NA NA NA NA 632 0 318 268 NA NA NA NA NA 377 98 242 181 NA NA NA NA NA 361 132 276 253 NA NA NA NA NA 
1738450800.0 2017.5 515 0 219 175 NA NA NA NA NA 676 0 314 271 NA NA NA NA NA 373 99 243 175 NA NA NA NA NA 429 155 304 214 NA NA NA NA NA 
1738450800.0 2017.6 516 0 225 176 NA NA NA NA NA 669 0 312 266 NA NA NA NA NA 436 102 265 187 NA NA NA NA NA 400 124 307 237 NA NA NA NA NA 
1738450800.0 2017.7 514 0 227 176 NA NA NA NA NA 667 0 328 263 NA NA NA NA NA 377 98 246 179 NA NA NA NA NA 369 135 267 230 NA NA NA NA NA 
1738450800.0 2017.8 224 NA NA NA NA NA NA NA NA 329 NA NA NA NA NA NA NA NA 341 NA NA NA NA NA NA NA NA 231 NA NA NA NA NA NA NA NA 
1738450800.0 2017.9 512 0 223 175 NA NA NA NA NA 627 0 313 273 NA NA NA NA NA 378 99 241 182 NA NA NA NA NA 372 113 272 233 NA NA NA NA NA 
1738450800.0 2018.1 514 0 224 180 NA NA NA NA NA 682 0 313 273 NA NA NA NA NA 410 104 260 188 NA NA NA NA NA 393 147 265 252 NA NA NA NA NA 
1738450800.0 2018.11 522 0 228 181 NA NA NA NA NA 679 0 333 269 NA NA NA NA NA 504 109 330 192 NA NA NA NA NA 419 143 333 247 NA NA NA NA NA 
1738450800.0 2018.12 516 0 187 179 NA NA NA NA NA 677 0 332 267 NA NA NA NA NA 406 103 250 186 NA NA NA NA NA 376 147 325 255 NA NA NA NA NA 
1738450800.0 2018.13 539 0 NA NA NA NA NA NA NA 689 0 NA NA NA NA NA NA NA 398 152 NA NA NA NA NA NA NA 297 172 NA NA NA NA NA NA NA 
1738450800.0 2018.2 442 0 211 178 NA NA NA NA NA 568 0 302 265 NA NA NA NA NA 343 92 242 182 NA NA NA NA NA 328 145 279 225 NA NA NA NA NA 
1738450800.0 2018.3 437 0 223 179 NA NA NA NA NA 574 0 311 271 NA NA NA NA NA 349 95 246 187 NA NA NA NA NA 323 124 296 263 NA NA NA NA NA 
1738450800.0 2018.4 514 0 223 178 NA NA NA NA NA 664 0 316 271 NA NA NA NA NA 385 99 241 186 NA NA NA NA NA 359 153 283 251 NA NA NA NA NA 
1738450800.0 2018.5 507 0 224 176 NA NA NA NA NA 639 0 315 265 NA NA NA NA NA 383 99 242 185 NA NA NA NA NA 431 125 276 273 NA NA NA NA NA 
1738450800.0 2018.6 513 0 227 181 NA NA NA NA NA 665 0 328 270 NA NA NA NA NA 411 104 255 181 NA NA NA NA NA 464 135 288 217 NA NA NA NA NA 
1738450800.0 2018.7 512 0 226 180 NA NA NA NA NA 674 0 324 264 NA NA NA NA NA 384 98 239 179 NA NA NA NA NA 346 131 242 222 NA NA NA NA NA 
1738450800.0 2018.8 224 NA NA NA NA NA NA NA NA 329 NA NA NA NA NA NA NA NA 341 NA NA NA NA NA NA NA NA 220 NA NA NA NA NA NA NA NA 
1738450800.0 2018.9 509 0 230 178 NA NA NA NA NA 647 0 317 269 NA NA NA NA NA 372 100 240 185 NA NA NA NA NA 359 139 276 284 NA NA NA NA NA 
1738450800.0 202.0 NA 288 501 0 NA NA NA NA NA NA 395 688 0 NA NA NA NA NA NA 392 1025 159 NA NA NA NA NA NA 392 891 173 NA NA NA NA NA 
1738450800.0 203.0 NA 295 493 0 NA NA NA NA NA NA 414 643 0 NA NA NA NA NA NA 397 1024 160 NA NA NA NA NA NA 366 969 174 NA NA NA NA NA 
1738450800.0 204.0 156 269 480 0 NA NA NA NA NA 238 367 646 0 NA NA NA NA NA 695 377 951 156 NA NA NA NA NA 379 391 900 171 NA NA NA NA NA 
1738450800.0 205.0 NA 287 498 0 NA NA NA NA NA NA 401 665 0 NA NA NA NA NA NA 411 1006 157 NA NA NA NA NA NA 387 880 173 NA NA NA NA NA 
1738450800.0 21.0 NA 212 408 0 NA NA NA NA NA NA 298 579 0 NA NA NA NA NA NA 670 1099 167 NA NA NA NA NA NA 361 891 186 NA NA NA NA NA 
1738450800.0 22.0 NA 224 415 0 NA NA NA NA NA NA 306 607 0 NA NA NA NA NA NA 698 1228 170 NA NA NA NA NA NA 375 928 184 NA NA NA NA NA 
1738450800.0 23.0 NA 239 397 0 NA NA NA NA NA NA 328 597 0 NA NA NA NA NA NA 743 1249 181 NA NA NA NA NA NA 371 913 194 NA NA NA NA NA 
1738450800.0 23634.0 NA 634 658 0 250 NA NA NA NA NA 850 852 0 343 NA NA NA NA NA 872 1153 223 450 NA NA NA NA NA 635 1073 243 465 NA NA NA NA 
1738450800.0 24.0 NA 240 447 0 NA NA NA NA NA NA 337 597 0 NA NA NA NA NA NA 791 1563 179 NA NA NA NA NA NA 456 935 191 NA NA NA NA NA 
1738450800.0 24034.0 NA 541 636 0 248 NA NA NA NA NA 713 850 0 351 NA NA NA NA NA 770 1174 230 453 NA NA NA NA NA 580 1069 284 451 NA NA NA NA 
1738450800.0 24834.0 NA 630 678 0 253 NA NA NA NA NA 840 867 0 357 NA NA NA NA NA 880 1177 223 442 NA NA NA NA NA 695 1086 240 417 NA NA NA NA 
1738450800.0 24834.911 173 616 669 0 253 NA NA NA NA 235 827 848 0 355 NA NA NA NA 4052 2443 2546 684 452 NA NA NA NA 3987 3250 2558 992 537 NA NA NA NA 
1738450800.0 25.0 NA 233 476 0 140 NA NA NA NA NA 328 622 0 207 NA NA NA NA NA 837 1846 184 158 NA NA NA NA NA 512 1123 223 185 NA NA NA NA 
1738450800.0 2500.001 NA 271 0 NA NA NA NA NA NA NA 398 0 NA NA NA NA NA NA NA 14879 55 NA NA NA NA NA NA NA 8911 70 NA NA NA NA NA NA 
1738450800.0 2500.002 NA 317 0 NA NA NA NA NA NA NA 538 0 NA NA NA NA NA NA NA 16637 55 NA NA NA NA NA NA NA 10026 67 NA NA NA NA NA NA 
1738450800.0 2500.003 NA 320 0 NA NA NA NA NA NA NA 528 0 NA NA NA NA NA NA NA 15998 56 NA NA NA NA NA NA NA 9856 73 NA NA NA NA NA NA 
1738450800.0 2500.011 NA 278 0 NA NA NA NA NA NA NA 400 0 NA NA NA NA NA NA NA 10198 54 NA NA NA NA NA NA NA 6083 73 NA NA NA NA NA NA 
1738450800.0 2500.012 NA 298 0 NA NA NA NA NA NA NA 442 0 NA NA NA NA NA NA NA 16071 54 NA NA NA NA NA NA NA 9862 67 NA NA NA NA NA NA 
1738450800.0 2500.013 NA 288 0 NA NA NA NA NA NA NA 422 0 NA NA NA NA NA NA NA 11495 54 NA NA NA NA NA NA NA 4179 68 NA NA NA NA NA NA 
1738450800.0 2500.021 NA 280 198 0 NA NA NA NA NA NA 368 287 0 NA NA NA NA NA NA 785 307 56 NA NA NA NA NA NA 640 313 69 NA NA NA NA NA 
1738450800.0 2500.022 NA 279 198 0 NA NA NA NA NA NA 382 287 0 NA NA NA NA NA NA 836 305 59 NA NA NA NA NA NA 685 331 74 NA NA NA NA NA 
1738450800.0 2500.023 NA 268 194 0 NA NA NA NA NA NA 367 282 0 NA NA NA NA NA NA 855 288 56 NA NA NA NA NA NA 630 277 67 NA NA NA NA NA 
1738450800.0 2500.024 NA 295 206 0 NA NA NA NA NA NA 398 294 0 NA NA NA NA NA NA 974 331 57 NA NA NA NA NA NA 562 328 68 NA NA NA NA NA 
1738450800.0 2500.031 NA 283 185 0 NA NA NA NA NA NA 384 253 0 NA NA NA NA NA NA 854 273 54 NA NA NA NA NA NA 593 276 65 NA NA NA NA NA 
1738450800.0 2500.032 NA 280 184 0 NA NA NA NA NA NA 388 255 0 NA NA NA NA NA NA 855 272 55 NA NA NA NA NA NA 515 279 66 NA NA NA NA NA 
1738450800.0 2500.033 NA 288 186 0 NA NA NA NA NA NA 391 253 0 NA NA NA NA NA NA 862 280 57 NA NA NA NA NA NA 573 278 80 NA NA NA NA NA 
1738450800.0 2500.034 NA 291 192 0 NA NA NA NA NA NA 390 265 0 NA NA NA NA NA NA 876 288 55 NA NA NA NA NA NA 560 281 66 NA NA NA NA NA 
1738450800.0 2500.101 NA 282 0 NA NA NA NA NA NA NA 451 0 NA NA NA NA NA NA NA 5883 58 NA NA NA NA NA NA NA 3976 79 NA NA NA NA NA NA 
1738450800.0 2500.111 NA 248 0 NA NA NA NA NA NA NA 353 0 NA NA NA NA NA NA NA 3327 61 NA NA NA NA NA NA NA 1447 81 NA NA NA NA NA NA 
1738450800.0 2500.112 NA 255 0 NA NA NA NA NA NA NA 356 0 NA NA NA NA NA NA NA 572 54 NA NA NA NA NA NA NA 464 69 NA NA NA NA NA NA 
1738450800.0 2500.131 NA 154 NA NA NA NA NA NA NA NA 255 NA NA NA NA NA NA NA NA 2726 NA NA NA NA NA NA NA NA 930 NA NA NA NA NA NA NA 
1738450800.0 2500.201 NA 239 0 NA NA NA NA NA NA NA 367 0 NA NA NA NA NA NA NA 5968 54 NA NA NA NA NA NA NA 3956 66 NA NA NA NA NA NA 
1738450800.0 2500.211 NA 259 0 NA NA NA NA NA NA NA 402 0 NA NA NA NA NA NA NA 3728 60 NA NA NA NA NA NA NA 1744 73 NA NA NA NA NA NA 
1738450800.0 2500.212 NA 262 0 NA NA NA NA NA NA NA 363 0 NA NA NA NA NA NA NA 635 54 NA NA NA NA NA NA NA 438 67 NA NA NA NA NA NA 
1738450800.0 2500.221 NA 222 NA NA NA NA NA NA NA NA 334 NA NA NA NA NA NA NA NA 804 NA NA NA NA NA NA NA NA 453 NA NA NA NA NA NA NA 
1738450800.0 2500.222 NA 236 NA NA NA NA NA NA NA NA 346 NA NA NA NA NA NA NA NA 890 NA NA NA NA NA NA NA NA 544 NA NA NA NA NA NA NA 
1738450800.0 2500.223 NA 248 NA NA NA NA NA NA NA NA 355 NA NA NA NA NA NA NA NA 2288 NA NA NA NA NA NA NA NA 888 NA NA NA NA NA NA NA 
1738450800.0 2500.224 NA 250 NA NA NA NA NA NA NA NA 362 NA NA NA NA NA NA NA NA 6648 NA NA NA NA NA NA NA NA 2150 NA NA NA NA NA NA NA 
1738450800.0 2500.225 NA 271 NA NA NA NA NA NA NA NA 404 NA NA NA NA NA NA NA NA 7549 NA NA NA NA NA NA NA NA 3777 NA NA NA NA NA NA NA 
1738450800.0 2500.226 NA 236 NA NA NA NA NA NA NA NA 338 NA NA NA NA NA NA NA NA 847 NA NA NA NA NA NA NA NA 521 NA NA NA NA NA NA NA 
1738450800.0 2500.227 NA 150 NA NA NA NA NA NA NA NA 235 NA NA NA NA NA NA NA NA 3744 NA NA NA NA NA NA NA NA 1217 NA NA NA NA NA NA NA 
1738450800.0 2500.228 NA 247 NA NA NA NA NA NA NA NA 386 NA NA NA NA NA NA NA NA 9969 NA NA NA NA NA NA NA NA 6319 NA NA NA NA NA NA NA 
1738450800.0 2500.231 NA 238 NA NA NA NA NA NA NA NA 329 NA NA NA NA NA NA NA NA 596 NA NA NA NA NA NA NA NA 456 NA NA NA NA NA NA NA 
1738450800.0 2500.232 NA 254 NA NA NA NA NA NA NA NA 346 NA NA NA NA NA NA NA NA 639 NA NA NA NA NA NA NA NA 463 NA NA NA NA NA NA NA 
1738450800.0 2500.233 NA 262 NA NA NA NA NA NA NA NA 364 NA NA NA NA NA NA NA NA 1638 NA NA NA NA NA NA NA NA 716 NA NA NA NA NA NA NA 
1738450800.0 2500.234 NA 265 NA NA NA NA NA NA NA NA 368 NA NA NA NA NA NA NA NA 5317 NA NA NA NA NA NA NA NA 1644 NA NA NA NA NA NA NA 
1738450800.0 2500.235 NA 236 NA NA NA NA NA NA NA NA 383 NA NA NA NA NA NA NA NA 5660 NA NA NA NA NA NA NA NA 1654 NA NA NA NA NA NA NA 
1738450800.0 2500.236 NA 252 NA NA NA NA NA NA NA NA 345 NA NA NA NA NA NA NA NA 612 NA NA NA NA NA NA NA NA 452 NA NA NA NA NA NA NA 
1738450800.0 2500.237 NA 149 NA NA NA NA NA NA NA NA 235 NA NA NA NA NA NA NA NA 2917 NA NA NA NA NA NA NA NA 1015 NA NA NA NA NA NA NA 
1738450800.0 2500.238 NA 262 NA NA NA NA NA NA NA NA 397 NA NA NA NA NA NA NA NA 5837 NA NA NA NA NA NA NA NA 2730 NA NA NA NA NA NA NA 
1738450800.0 2500.241 NA 233 NA NA NA NA NA NA NA NA 341 NA NA NA NA NA NA NA NA 235 NA NA NA NA NA NA NA NA 262 NA NA NA NA NA NA NA 
1738450800.0 2500.242 NA 177 NA NA NA NA NA NA NA NA 252 NA NA NA NA NA NA NA NA 683 NA NA NA NA NA NA NA NA 376 NA NA NA NA NA NA NA 
1738450800.0 2500.243 NA 111 NA NA NA NA NA NA NA NA 180 NA NA NA NA NA NA NA NA 124 NA NA NA NA NA NA NA NA 174 NA NA NA NA NA NA NA 
1738450800.0 2500.244 NA 184 NA NA NA NA NA NA NA NA 283 NA NA NA NA NA NA NA NA 1118 NA NA NA NA NA NA NA NA 487 NA NA NA NA NA NA NA 
1738450800.0 2500.245 NA 185 NA NA NA NA NA NA NA NA 282 NA NA NA NA NA NA NA NA 898 NA NA NA NA NA NA NA NA 387 NA NA NA NA NA NA NA 
1738450800.0 2500.251 NA 194 NA NA NA NA NA NA NA NA 292 NA NA NA NA NA NA NA NA 810 NA NA NA NA NA NA NA NA 477 NA NA NA NA NA NA NA 
1738450800.0 2500.901 NA 145 NA NA NA NA NA NA NA NA 229 NA NA NA NA NA NA NA NA 352 NA NA NA NA NA NA NA NA 316 NA NA NA NA NA NA NA 
1738450800.0 2500.902 NA 136 NA NA NA NA NA NA NA NA 226 NA NA NA NA NA NA NA NA 345 NA NA NA NA NA NA NA NA 372 NA NA NA NA NA NA NA 
1738450800.0 2500.911 91 110 NA NA NA NA NA NA NA 121 188 NA NA NA NA NA NA NA 82 106 NA NA NA NA NA NA NA 84 128 NA NA NA NA NA NA NA 
1738450800.0 2500.912 66 93 110 NA NA NA NA NA NA 106 124 190 NA NA NA NA NA NA 3566 104 105 NA NA NA NA NA NA 3924 102 132 NA NA NA NA NA NA 
1738450800.0 2500.913 66 93 110 NA NA NA NA NA NA 110 132 193 NA NA NA NA NA NA 433 106 106 NA NA NA NA NA NA 187 111 122 NA NA NA NA NA NA 
1738450800.0 250199.0 390 NA NA NA NA NA NA NA NA 549 NA NA NA NA NA NA NA NA 836 NA NA NA NA NA NA NA NA 549 NA NA NA NA NA NA NA NA 
1738450800.0 250199.17 394 NA NA NA NA NA NA NA NA 550 NA NA NA NA NA NA NA NA 891 NA NA NA NA NA NA NA NA 614 NA NA NA NA NA NA NA NA 
1738450800.0 250199.18 455 NA NA NA NA NA NA NA NA 615 NA NA NA NA NA NA NA NA 1375 NA NA NA NA NA NA NA NA 761 NA NA NA NA NA NA NA NA 
1738450800.0 250200.0 NA 473 518 0 NA NA NA NA NA NA 675 749 0 NA NA NA NA NA NA 2014 1104 153 NA NA NA NA NA NA 967 831 168 NA NA NA NA NA 
1738450800.0 250200.1 155 472 383 NA NA NA NA NA NA 227 641 525 NA NA NA NA NA NA 653 403 817 NA NA NA NA NA NA 331 408 640 NA NA NA NA NA NA 
1738450800.0 250200.117 134 537 409 NA NA NA NA NA NA 193 697 589 NA NA NA NA NA NA 696 836 694 NA NA NA NA NA NA 343 535 578 NA NA NA NA NA NA 
1738450800.0 250200.118 131 590 447 183 NA NA NA NA NA 190 757 653 272 NA NA NA NA NA 698 835 831 185 NA NA NA NA NA 366 555 528 211 NA NA NA NA NA 
1738450800.0 250200.17 NA 562 647 0 NA NA NA NA NA NA 784 835 0 NA NA NA NA NA NA 2598 1133 192 NA NA NA NA NA NA 1362 986 215 NA NA NA NA NA 
1738450800.0 250200.18 NA 614 676 0 NA NA NA NA NA NA 895 930 0 NA NA NA NA NA NA 3244 1287 189 NA NA NA NA NA NA 1668 900 205 NA NA NA NA NA 
1738450800.0 250200.182 132 620 697 0 NA NA NA NA NA 191 821 931 0 NA NA NA NA NA 698 871 1439 193 NA NA NA NA NA 336 547 945 206 NA NA NA NA NA 
1738450800.0 250202.0 NA 484 572 0 NA NA NA NA NA NA 671 768 0 NA NA NA NA NA NA 2096 1167 154 NA NA NA NA NA NA 865 827 167 NA NA NA NA NA 
1738450800.0 250202.1 NA 379 462 572 0 NA NA NA NA NA 541 634 761 0 NA NA NA NA NA 892 1961 1186 157 NA NA NA NA NA 793 699 921 208 NA NA NA NA 
1738450800.0 250202.118 134 548 452 184 NA NA NA NA NA 189 793 647 269 NA NA NA NA NA 931 850 860 191 NA NA NA NA NA 487 569 539 217 NA NA NA NA NA 
1738450800.0 250202.17 NA 571 658 0 NA NA NA NA NA NA 782 885 0 NA NA NA NA NA NA 2720 1291 199 NA NA NA NA NA NA 1396 957 223 NA NA NA NA NA 
1738450800.0 250202.171 NA 390 556 658 0 NA NA NA NA NA 526 725 878 0 NA NA NA NA NA 944 2513 1245 198 NA NA NA NA NA 715 878 883 212 NA NA NA NA 
1738450800.0 250202.172 NA 585 662 0 NA NA NA NA NA NA 765 880 0 NA NA NA NA NA NA 2697 1271 191 NA NA NA NA NA NA 1292 868 203 NA NA NA NA NA 
1738450800.0 250202.18 NA 642 690 0 NA NA NA NA NA NA 989 939 0 NA NA NA NA NA NA 3529 1652 198 NA NA NA NA NA NA 1728 1170 252 NA NA NA NA NA 
1738450800.0 250202.181 NA 447 615 696 0 NA NA NA NA NA 628 858 901 0 NA NA NA NA NA 1464 3084 1406 194 NA NA NA NA NA 1100 1015 927 208 NA NA NA NA 
1738450800.0 250202.182 135 620 699 0 NA NA NA NA NA 197 826 928 0 NA NA NA NA NA 943 877 1482 197 NA NA NA NA NA 479 549 934 213 NA NA NA NA NA 
1738450800.0 250202.183 134 605 692 0 NA NA NA NA NA 197 820 956 0 NA NA NA NA NA 986 879 1588 251 NA NA NA NA NA 544 614 1089 267 NA NA NA NA NA 
1738450800.0 250202.184 NA 437 629 691 0 NA NA NA NA NA 632 879 958 0 NA NA NA NA NA 1468 3395 1507 210 NA NA NA NA NA 874 1201 1013 240 NA NA NA NA 
1738450800.0 250202.2 NA 484 551 0 NA NA NA NA NA NA 684 753 0 NA NA NA NA NA NA 4219 1043 153 NA NA NA NA NA NA 1585 881 167 NA NA NA NA NA 
1738450800.0 250202.3 NA 380 469 563 0 NA NA NA NA NA 537 622 738 0 NA NA NA NA NA 875 3897 1111 155 NA NA NA NA NA 651 1396 956 171 NA NA NA NA 
1738450800.0 250202.4 NA 482 548 0 NA NA NA NA NA NA 691 749 0 NA NA NA NA NA NA 4181 1081 158 NA NA NA NA NA NA 1755 1054 176 NA NA NA NA NA 
1738450800.0 250202.5 NA 383 473 566 0 NA NA NA NA NA 540 631 750 0 NA NA NA NA NA 883 3886 1154 157 NA NA NA NA NA 655 1398 873 168 NA NA NA NA 
1738450800.0 250203.0 NA 469 575 0 NA NA NA NA NA NA 656 751 0 NA NA NA NA NA NA 2043 1105 150 NA NA NA NA NA NA 880 810 176 NA NA NA NA NA 
1738450800.0 250203.17 NA 568 655 0 NA NA NA NA NA NA 760 905 0 NA NA NA NA NA NA 2644 1255 192 NA NA NA NA NA NA 1465 1029 220 NA NA NA NA NA 
1738450800.0 250203.18 NA 612 678 0 NA NA NA NA NA NA 882 901 0 NA NA NA NA NA NA 3297 1383 187 NA NA NA NA NA NA 1627 1047 200 NA NA NA NA NA 
1738450800.0 250204.0 NA 475 561 0 NA NA NA NA NA NA 650 765 0 NA NA NA NA NA NA 2052 1103 158 NA NA NA NA NA NA 933 830 194 NA NA NA NA NA 
1738450800.0 250204.17 NA 569 653 0 NA NA NA NA NA NA 767 896 0 NA NA NA NA NA NA 2641 1169 190 NA NA NA NA NA NA 1332 823 205 NA NA NA NA NA 
1738450800.0 250204.18 NA 614 691 0 NA NA NA NA NA NA 895 920 0 NA NA NA NA NA NA 3296 1381 194 NA NA NA NA NA NA 1715 937 207 NA NA NA NA NA 
1738450800.0 250205.0 NA 481 561 0 NA NA NA NA NA NA 667 755 0 NA NA NA NA NA NA 2031 1051 147 NA NA NA NA NA NA 904 782 161 NA NA NA NA NA 
1738450800.0 250205.17 NA 563 645 0 NA NA NA NA NA NA 735 872 0 NA NA NA NA NA NA 2570 1108 186 NA NA NA NA NA NA 1097 918 199 NA NA NA NA NA 
1738450800.0 250205.18 NA 611 690 0 NA NA NA NA NA NA 886 920 0 NA NA NA NA NA NA 3202 1351 186 NA NA NA NA NA NA 1532 1034 200 NA NA NA NA NA 
1738450800.0 250206.0 NA 474 550 0 NA NA NA NA NA NA 656 759 0 NA NA NA NA NA NA 2034 1151 153 NA NA NA NA NA NA 842 942 169 NA NA NA NA NA 
1738450800.0 250206.118 129 561 437 183 NA NA NA NA NA 184 734 649 274 NA NA NA NA NA 460 770 680 204 NA NA NA NA NA 361 512 555 279 NA NA NA NA NA 
1738450800.0 250206.17 NA 555 636 0 NA NA NA NA NA NA 767 869 0 NA NA NA NA NA NA 2618 1094 196 NA NA NA NA NA NA 1457 986 225 NA NA NA NA NA 
1738450800.0 250206.18 NA 629 749 0 NA NA NA NA NA NA 870 1010 0 NA NA NA NA NA NA 3259 1336 192 NA NA NA NA NA NA 1625 890 208 NA NA NA NA NA 
1738450800.0 250206.181 NA 471 605 738 0 NA NA NA NA NA 665 826 1000 0 NA NA NA NA NA 1387 2994 1294 195 NA NA NA NA NA 784 1026 1201 208 NA NA NA NA 
1738450800.0 250206.182 133 600 762 0 NA NA NA NA NA 187 795 1007 0 NA NA NA NA NA 444 757 1232 192 NA NA NA NA NA 417 507 888 207 NA NA NA NA NA 
1738450800.0 250207.0 NA 477 549 0 NA NA NA NA NA NA 667 713 0 NA NA NA NA NA NA 1889 1036 141 NA NA NA NA NA NA 849 888 155 NA NA NA NA NA 
1738450800.0 250207.17 NA 551 634 0 NA NA NA NA NA NA 735 855 0 NA NA NA NA NA NA 2503 1054 180 NA NA NA NA NA NA 1270 946 195 NA NA NA NA NA 
1738450800.0 250207.18 NA 612 659 0 NA NA NA NA NA NA 880 871 0 NA NA NA NA NA NA 3070 1232 182 NA NA NA NA NA NA 1657 1025 196 NA NA NA NA NA 
1738450800.0 250208.17 NA 584 685 0 NA NA NA NA NA NA 808 934 0 NA NA NA NA NA NA 2814 1581 198 NA NA NA NA NA NA 1257 953 220 NA NA NA NA NA 
1738450800.0 250208.18 NA 630 692 0 NA NA NA NA NA NA 888 969 0 NA NA NA NA NA NA 3732 1800 201 NA NA NA NA NA NA 1677 1068 219 NA NA NA NA NA 
1738450800.0 250399.0 306 NA NA NA NA NA NA NA NA 419 NA NA NA NA NA NA NA NA 279 NA NA NA NA NA NA NA NA 321 NA NA NA NA NA NA NA NA 
1738450800.0 250399.17 368 NA NA NA NA NA NA NA NA 481 NA NA NA NA NA NA NA NA 384 NA NA NA NA NA NA NA NA 375 NA NA NA NA NA NA NA NA 
1738450800.0 250399.18 369 NA NA NA NA NA NA NA NA 508 NA NA NA NA NA NA NA NA 411 NA NA NA NA NA NA NA NA 402 NA NA NA NA NA NA NA NA 
1738450800.0 250400.0 481 0 229 NA NA NA NA NA NA 624 0 325 NA NA NA NA NA NA 394 87 257 NA NA NA NA NA NA 502 124 329 NA NA NA NA NA NA 
1738450800.0 250400.17 553 0 227 NA NA NA NA NA NA 706 0 321 NA NA NA NA NA NA 471 97 257 NA NA NA NA NA NA 555 126 259 NA NA NA NA NA NA 
1738450800.0 250400.18 562 0 224 NA NA NA NA NA NA 725 0 330 NA NA NA NA NA NA 476 96 257 NA NA NA NA NA NA 563 117 278 NA NA NA NA NA NA 
1738450800.0 250402.0 493 0 225 NA NA NA NA NA NA 650 0 316 NA NA NA NA NA NA 425 91 261 NA NA NA NA NA NA 485 111 245 NA NA NA NA NA NA 
1738450800.0 250402.1 310 471 0 NA NA NA NA NA NA 416 623 0 NA NA NA NA NA NA 287 404 89 NA NA NA NA NA NA 331 346 103 NA NA NA NA NA NA 
1738450800.0 250402.17 563 0 230 NA NA NA NA NA NA 702 0 322 NA NA NA NA NA NA 492 106 274 NA NA NA NA NA NA 507 118 268 NA NA NA NA NA NA 
1738450800.0 250402.171 367 558 0 NA NA NA NA NA NA 504 701 0 NA NA NA NA NA NA 392 481 102 NA NA NA NA NA NA 379 336 120 NA NA NA NA NA NA 
1738450800.0 250402.18 573 0 231 NA NA NA NA NA NA 709 0 318 NA NA NA NA NA NA 498 102 262 NA NA NA NA NA NA 523 120 243 NA NA NA NA NA NA 
1738450800.0 250402.181 369 529 0 NA NA NA NA NA NA 488 711 0 NA NA NA NA NA NA 402 482 102 NA NA NA NA NA NA 341 390 116 NA NA NA NA NA NA 
1738450800.0 250403.0 479 0 221 NA NA NA NA NA NA 639 0 321 NA NA NA NA NA NA 407 87 250 NA NA NA NA NA NA 521 123 249 NA NA NA NA NA NA 
1738450800.0 250403.17 558 0 238 NA NA NA NA NA NA 738 0 327 NA NA NA NA NA NA 477 97 255 NA NA NA NA NA NA 552 116 245 NA NA NA NA NA NA 
1738450800.0 250403.18 559 0 219 NA NA NA NA NA NA 734 0 320 NA NA NA NA NA NA 497 100 264 NA NA NA NA NA NA 510 127 302 NA NA NA NA NA NA 
1738450800.0 250405.0 479 0 229 NA NA NA NA NA NA 620 0 316 NA NA NA NA NA NA 394 88 252 NA NA NA NA NA NA 515 116 286 NA NA NA NA NA NA 
1738450800.0 250405.17 554 0 223 NA NA NA NA NA NA 701 0 317 NA NA NA NA NA NA 462 98 252 NA NA NA NA NA NA 548 132 261 NA NA NA NA NA NA 
1738450800.0 250405.18 562 0 228 NA NA NA NA NA NA 715 0 325 NA NA NA NA NA NA 486 97 257 NA NA NA NA NA NA 522 112 249 NA NA NA NA NA NA 
1738450800.0 250406.0 480 0 227 NA NA NA NA NA NA 639 0 315 NA NA NA NA NA NA 374 88 243 NA NA NA NA NA NA 487 111 258 NA NA NA NA NA NA 
1738450800.0 250406.17 555 0 231 NA NA NA NA NA NA 726 0 325 NA NA NA NA NA NA 427 97 244 NA NA NA NA NA NA 545 143 281 NA NA NA NA NA NA 
1738450800.0 250406.18 560 0 223 NA NA NA NA NA NA 725 0 323 NA NA NA NA NA NA 429 98 240 NA NA NA NA NA NA 539 126 266 NA NA NA NA NA NA 
1738450800.0 250407.0 409 0 222 NA NA NA NA NA NA 547 0 322 NA NA NA NA NA NA 344 77 246 NA NA NA NA NA NA 446 115 267 NA NA NA NA NA NA 
1738450800.0 250407.17 485 0 223 NA NA NA NA NA NA 647 0 326 NA NA NA NA NA NA 414 88 251 NA NA NA NA NA NA 496 110 257 NA NA NA NA NA NA 
1738450800.0 250407.18 487 0 222 NA NA NA NA NA NA 631 0 316 NA NA NA NA NA NA 422 89 244 NA NA NA NA NA NA 543 117 284 NA NA NA NA NA NA 
1738450800.0 250408.0 483 0 230 NA NA NA NA NA NA 641 0 334 NA NA NA NA NA NA 430 88 265 NA NA NA NA NA NA 541 105 271 NA NA NA NA NA NA 
1738450800.0 250408.17 558 0 232 NA NA NA NA NA NA 690 0 336 NA NA NA NA NA NA 498 103 269 NA NA NA NA NA NA 569 120 249 NA NA NA NA NA NA 
1738450800.0 250408.18 563 0 226 NA NA NA NA NA NA 725 0 327 NA NA NA NA NA NA 491 99 270 NA NA NA NA NA NA 514 116 276 NA NA NA NA NA NA 
1738450800.0 250409.0 496 0 230 NA NA NA NA NA NA 634 0 329 NA NA NA NA NA NA 500 92 314 NA NA NA NA NA NA 512 129 380 NA NA NA NA NA NA 
1738450800.0 250409.17 574 0 234 NA NA NA NA NA NA 716 0 324 NA NA NA NA NA NA 572 104 320 NA NA NA NA NA NA 478 168 302 NA NA NA NA NA NA 
1738450800.0 250409.18 580 0 234 NA NA NA NA NA NA 740 0 334 NA NA NA NA NA NA 587 103 319 NA NA NA NA NA NA 516 135 262 NA NA NA NA NA NA 
1738450800.0 25200.0 NA 470 726 0 181 NA NA NA NA NA 628 934 0 275 NA NA NA NA NA 893 1276 153 185 NA NA NA NA NA 560 1084 168 199 NA NA NA NA 
1738450800.0 25202.0 NA 464 696 0 181 NA NA NA NA NA 626 913 0 271 NA NA NA NA NA 881 1350 160 194 NA NA NA NA NA 621 1115 186 224 NA NA NA NA 
1738450800.0 25202.1 NA 475 724 0 NA NA NA NA NA NA 666 952 0 NA NA NA NA NA NA 1142 1290 151 NA NA NA NA NA NA 721 989 163 NA NA NA NA NA 
1738450800.0 25202.15 NA 464 731 0 201 NA NA NA NA NA 665 917 0 293 NA NA NA NA NA 931 1394 158 249 NA NA NA NA NA 734 1035 178 285 NA NA NA NA 
1738450800.0 25202.2 NA 488 689 0 NA NA NA NA NA NA 679 929 0 NA NA NA NA NA NA 1097 1386 153 NA NA NA NA NA NA 613 1137 164 NA NA NA NA NA 
1738450800.0 25203.0 NA 477 729 0 182 NA NA NA NA NA 637 956 0 271 NA NA NA NA NA 940 1396 156 192 NA NA NA NA NA 596 1126 213 220 NA NA NA NA 
1738450800.0 25204.0 NA 479 724 0 NA NA NA NA NA NA 626 918 0 NA NA NA NA NA NA 908 1292 153 NA NA NA NA NA NA 534 1010 168 NA NA NA NA NA 
1738450800.0 25205.0 NA 458 740 0 181 NA NA NA NA NA 626 942 0 273 NA NA NA NA NA 916 1379 154 192 NA NA NA NA NA 591 1118 173 219 NA NA NA NA 
1738450800.0 25206.0 NA 469 773 0 182 NA NA NA NA NA 642 1007 0 267 NA NA NA NA NA 893 1321 158 196 NA NA NA NA NA 581 1171 182 224 NA NA NA NA 
1738450800.0 25207.0 NA 447 698 0 NA NA NA NA NA NA 617 935 0 NA NA NA NA NA NA 877 1250 148 NA NA NA NA NA NA 668 1091 162 NA NA NA NA NA 
1738450800.0 25208.0 NA 460 713 0 NA NA NA NA NA NA 642 943 0 NA NA NA NA NA NA 944 1731 158 NA NA NA NA NA NA 619 1276 187 NA NA NA NA NA 
1738450800.0 25209.0 NA 479 726 0 182 NA NA NA NA NA 649 946 0 269 NA NA NA NA NA 890 1374 159 189 NA NA NA NA NA 594 1220 183 217 NA NA NA NA 
1738450800.0 25210.0 140 351 590 0 NA NA NA NA NA 211 471 777 0 NA NA NA NA NA 1048 334 871 148 NA NA NA NA NA 769 401 929 165 NA NA NA NA NA 
1738450800.0 25211.0 151 468 717 0 NA NA NA NA NA 231 644 960 0 NA NA NA NA NA 3221 898 1304 154 NA NA NA NA NA 2067 562 1092 171 NA NA NA NA NA 
1738450800.0 25211.17 137 511 787 0 NA NA NA NA NA 205 669 1020 0 NA NA NA NA NA 3295 1372 1432 205 NA NA NA NA NA 1158 768 1165 236 NA NA NA NA NA 
1738450800.0 25211.18 139 585 884 0 NA NA NA NA NA 207 805 1243 0 NA NA NA NA NA 3391 1831 1827 202 NA NA NA NA NA 1099 914 1187 223 NA NA NA NA NA 
1738450800.0 25212.0 124 468 735 0 NA NA NA NA NA 234 626 967 0 NA NA NA NA NA 4368 911 1321 158 NA NA NA NA NA 1664 666 977 171 NA NA NA NA NA 
1738450800.0 25212.17 135 525 812 0 NA NA NA NA NA 205 708 1107 0 NA NA NA NA NA 4311 1396 1515 204 NA NA NA NA NA 1646 764 1169 224 NA NA NA NA NA 
1738450800.0 25212.18 134 592 912 0 NA NA NA NA NA 201 800 1250 0 NA NA NA NA NA 4241 1794 1718 203 NA NA NA NA NA 2651 818 1151 249 NA NA NA NA NA 
1738450800.0 25213.0 155 472 731 0 NA NA NA NA NA 230 626 982 0 NA NA NA NA NA 4286 844 1402 158 NA NA NA NA NA 1460 526 1137 172 NA NA NA NA NA 
1738450800.0 25213.17 138 527 808 0 NA NA NA NA NA 207 667 1040 0 NA NA NA NA NA 4369 1368 1484 201 NA NA NA NA NA 1425 760 1167 218 NA NA NA NA NA 
1738450800.0 25213.18 139 603 907 0 NA NA NA NA NA 211 768 1212 0 NA NA NA NA NA 4439 1843 1779 203 NA NA NA NA NA 2044 938 1198 219 NA NA NA NA NA 
1738450800.0 25214.0 NA 482 698 0 NA NA NA NA NA NA 630 973 0 NA NA NA NA NA NA 885 1415 153 NA NA NA NA NA NA 578 1087 183 NA NA NA NA NA 
1738450800.0 25215.0 66 158 457 706 0 NA NA NA NA 95 228 629 920 0 NA NA NA NA 19 799 909 1359 152 NA NA NA NA 53 380 557 1025 172 NA NA NA NA 
1738450800.0 25215.17 66 136 513 779 0 NA NA NA NA 96 196 701 1082 0 NA NA NA NA 21 869 1376 1437 195 NA NA NA NA 60 482 721 1020 229 NA NA NA NA 
1738450800.0 25215.18 66 137 588 889 0 NA NA NA NA 96 197 805 1183 0 NA NA NA NA 22 983 1859 1683 193 NA NA NA NA 74 525 885 1213 209 NA NA NA NA 
1738450800.0 25234.0 176 625 656 0 253 NA NA NA NA 230 798 869 0 340 NA NA NA NA 2196 882 1182 233 458 NA NA NA NA 1128 603 1076 253 487 NA NA NA NA 
1738450800.0 25400.0 579 0 220 NA NA NA NA NA NA 731 0 319 NA NA NA NA NA NA 763 93 248 NA NA NA NA NA NA 613 146 291 NA NA NA NA NA NA 
1738450800.0 25400.17 680 0 225 NA NA NA NA NA NA 913 0 325 NA NA NA NA NA NA 1230 106 258 NA NA NA NA NA NA 796 128 248 NA NA NA NA NA NA 
1738450800.0 25400.18 688 0 227 NA NA NA NA NA NA 918 0 327 NA NA NA NA NA NA 1406 114 286 NA NA NA NA NA NA 791 134 301 NA NA NA NA NA NA 
1738450800.0 25402.0 594 0 230 NA NA NA NA NA NA 757 0 322 NA NA NA NA NA NA 794 93 260 NA NA NA NA NA NA 536 104 285 NA NA NA NA NA NA 
1738450800.0 25402.17 684 0 230 NA NA NA NA NA NA 925 0 330 NA NA NA NA NA NA 1414 120 304 NA NA NA NA NA NA 799 151 299 NA NA NA NA NA NA 
1738450800.0 25402.18 686 0 229 NA NA NA NA NA NA 890 0 340 NA NA NA NA NA NA 1354 126 296 NA NA NA NA NA NA 752 163 305 NA NA NA NA NA NA 
1738450800.0 25403.0 581 0 222 NA NA NA NA NA NA 752 0 320 NA NA NA NA NA NA 731 89 248 NA NA NA NA NA NA 562 113 284 NA NA NA NA NA NA 
1738450800.0 25403.17 669 0 230 NA NA NA NA NA NA 883 0 319 NA NA NA NA NA NA 1156 105 266 NA NA NA NA NA NA 789 124 285 NA NA NA NA NA NA 
1738450800.0 25403.18 683 0 226 NA NA NA NA NA NA 909 0 318 NA NA NA NA NA NA 1230 104 267 NA NA NA NA NA NA 679 116 285 NA NA NA NA NA NA 
1738450800.0 25405.0 589 0 228 NA NA NA NA NA NA 757 0 315 NA NA NA NA NA NA 727 95 244 NA NA NA NA NA NA 536 130 242 NA NA NA NA NA NA 
1738450800.0 25405.17 628 0 226 NA NA NA NA NA NA 847 0 337 NA NA NA NA NA NA 1327 116 278 NA NA NA NA NA NA 794 171 278 NA NA NA NA NA NA 
1738450800.0 25405.18 686 0 225 NA NA NA NA NA NA 919 0 317 NA NA NA NA NA NA 1311 118 274 NA NA NA NA NA NA 775 134 287 NA NA NA NA NA NA 
1738450800.0 25406.0 577 0 221 NA NA NA NA NA NA 732 0 316 NA NA NA NA NA NA 588 94 252 NA NA NA NA NA NA 506 110 264 NA NA NA NA NA NA 
1738450800.0 25406.17 688 0 232 NA NA NA NA NA NA 825 0 318 NA NA NA NA NA NA 897 103 248 NA NA NA NA NA NA 639 132 266 NA NA NA NA NA NA 
1738450800.0 25406.18 677 0 227 NA NA NA NA NA NA 867 0 343 NA NA NA NA NA NA 800 106 248 NA NA NA NA NA NA 645 133 294 NA NA NA NA NA NA 
1738450800.0 25407.0 509 0 220 NA NA NA NA NA NA 689 0 320 NA NA NA NA NA NA 656 91 244 NA NA NA NA NA NA 657 131 268 NA NA NA NA NA NA 
1738450800.0 25407.17 615 0 223 NA NA NA NA NA NA 767 0 312 NA NA NA NA NA NA 1049 100 252 NA NA NA NA NA NA 652 113 287 NA NA NA NA NA NA 
1738450800.0 25407.18 601 0 221 NA NA NA NA NA NA 752 0 317 NA NA NA NA NA NA 1151 101 258 NA NA NA NA NA NA 676 126 311 NA NA NA NA NA NA 
1738450800.0 25408.0 584 0 230 NA NA NA NA NA NA 789 0 321 NA NA NA NA NA NA 892 97 312 NA NA NA NA NA NA 659 123 319 NA NA NA NA NA NA 
1738450800.0 25408.17 691 0 234 NA NA NA NA NA NA 895 0 325 NA NA NA NA NA NA 1557 125 352 NA NA NA NA NA NA 818 165 316 NA NA NA NA NA NA 
1738450800.0 25408.18 690 0 232 NA NA NA NA NA NA 944 0 328 NA NA NA NA NA NA 1696 117 343 NA NA NA NA NA NA 895 135 297 NA NA NA NA NA NA 
1738450800.0 25409.0 575 0 227 NA NA NA NA NA NA 756 0 338 NA NA NA NA NA NA 789 94 265 NA NA NA NA NA NA 660 123 318 NA NA NA NA NA NA 
1738450800.0 25409.17 680 0 236 NA NA NA NA NA NA 872 0 316 NA NA NA NA NA NA 1558 116 302 NA NA NA NA NA NA 785 130 297 NA NA NA NA NA NA 
1738450800.0 25409.18 685 0 229 NA NA NA NA NA NA 909 0 315 NA NA NA NA NA NA 1429 120 304 NA NA NA NA NA NA 743 140 318 NA NA NA NA NA NA 
1738450800.0 25634.0 170 640 670 0 251 NA NA NA NA 225 827 827 0 347 NA NA NA NA 2187 921 1194 232 449 NA NA NA NA 998 607 1037 255 427 NA NA NA NA 
1738450800.0 26.0 NA 240 459 0 NA NA NA NA NA NA 328 612 0 NA NA NA NA NA NA 731 1210 179 NA NA NA NA NA NA 376 965 224 NA NA NA NA NA 
1738450800.0 26034.0 179 638 676 0 256 NA NA NA NA 230 820 884 0 342 NA NA NA NA 2172 915 1232 230 460 NA NA NA NA 1104 598 1061 242 490 NA NA NA NA 
1738450800.0 26434.0 168 632 683 0 242 NA NA NA NA 225 838 885 0 350 NA NA NA NA 2264 940 1235 226 427 NA NA NA NA 1201 717 1033 240 429 NA NA NA NA 
1738450800.0 26834.0 172 621 667 0 252 NA NA NA NA 229 784 848 0 361 NA NA NA NA 2036 865 1122 195 418 NA NA NA NA 969 733 951 207 473 NA NA NA NA 
1738450800.0 27.0 NA 245 440 0 NA NA NA NA NA NA 332 602 0 NA NA NA NA NA NA 721 1140 175 NA NA NA NA NA NA 390 873 187 NA NA NA NA NA 
1738450800.0 27234.0 184 627 661 0 255 NA NA NA NA 242 802 855 0 358 NA NA NA NA 2171 881 1199 233 470 NA NA NA NA 1021 593 1084 250 525 NA NA NA NA 
1738450800.0 27634.0 168 646 675 0 254 NA NA NA NA 224 820 847 0 359 NA NA NA NA 2138 860 1169 230 452 NA NA NA NA 939 560 1070 254 426 NA NA NA NA 
1738450800.0 28.0 NA 236 444 0 NA NA NA NA NA NA 344 618 0 NA NA NA NA NA NA 779 1423 164 NA NA NA NA NA NA 465 931 178 NA NA NA NA NA 
1738450800.0 280.0 180 212 404 0 NA NA NA NA NA 306 290 532 0 NA NA NA NA NA 779 255 877 156 NA NA NA NA NA 448 282 823 205 NA NA NA NA NA 
1738450800.0 28034.0 179 636 682 0 256 NA NA NA NA 241 802 867 0 354 NA NA NA NA 1817 844 1156 195 405 NA NA NA NA 898 692 1136 222 423 NA NA NA NA 
1738450800.0 281.0 176 284 510 0 NA NA NA NA NA 332 375 678 0 NA NA NA NA NA 554 268 647 139 NA NA NA NA NA 361 251 756 151 NA NA NA NA NA 
1738450800.0 28434.0 170 633 661 0 243 NA NA NA NA 218 827 843 0 337 NA NA NA NA 2219 874 1172 229 422 NA NA NA NA 1156 596 1013 246 426 NA NA NA NA 
1738450800.0 28834.0 172 627 670 0 255 NA NA NA NA 232 804 873 0 346 NA NA NA NA 2077 833 1165 193 403 NA NA NA NA 1368 644 1117 215 421 NA NA NA NA 
1738450800.0 29.0 NA 243 463 0 NA NA NA NA NA NA 334 612 0 NA NA NA NA NA NA 723 1236 160 NA NA NA NA NA NA 369 893 174 NA NA NA NA NA 
1738450800.0 29234.0 179 637 637 0 243 NA NA NA NA 238 830 841 0 350 NA NA NA NA 1788 826 1178 194 394 NA NA NA NA 924 707 1138 210 416 NA NA NA NA 
1738450800.0 29634.0 NA 646 659 0 244 NA NA NA NA NA 840 835 0 354 NA NA NA NA NA 917 1228 231 424 NA NA NA NA NA 694 1102 252 426 NA NA NA NA 
1738450800.0 29634.21 NA 606 357 272 NA NA NA NA NA NA 806 514 366 NA NA NA NA NA NA 997 503 368 NA NA NA NA NA NA 603 380 280 NA NA NA NA NA 
1738450800.0 29634.402 NA 653 343 0 NA NA NA NA NA NA 1073 780 0 NA NA NA NA NA NA 898 456 83 NA NA NA NA NA NA 720 404 100 NA NA NA NA NA 
1738450800.0 29634.5 NA 639 216 0 NA NA NA NA NA NA 826 305 0 NA NA NA NA NA NA 956 373 73 NA NA NA NA NA NA 632 355 93 NA NA NA NA NA 
1738450800.0 29634.702 NA 639 656 0 245 NA NA NA NA NA 817 897 0 336 NA NA NA NA NA 916 1243 236 422 NA NA NA NA NA 748 1103 274 428 NA NA NA NA 
1738450800.0 29634.703 NA 647 317 0 NA NA NA NA NA NA 833 606 0 NA NA NA NA NA NA 960 478 100 NA NA NA NA NA NA 731 494 131 NA NA NA NA NA 
1738450800.0 29634.75 NA 632 NA NA NA NA NA NA NA NA 828 NA NA NA NA NA NA NA NA 859 NA NA NA NA NA NA NA NA 614 NA NA NA NA NA NA NA 
1738450800.0 29634.9 NA 646 664 0 243 NA NA NA NA NA 821 903 0 345 NA NA NA NA NA 902 1248 229 420 NA NA NA NA NA 614 1116 246 430 NA NA NA NA 
1738450800.0 29634.911 180 626 660 0 243 NA NA NA NA 235 797 853 0 345 NA NA NA NA 4213 2549 2679 741 453 NA NA NA NA 4355 3732 2781 1017 513 NA NA NA NA 
1738450800.0 29661.0 NA 588 592 0 238 NA NA NA NA NA 781 727 0 342 NA NA NA NA NA 806 1000 205 432 NA NA NA NA NA 706 905 243 470 NA NA NA NA 
1738450800.0 29696.0 NA 595 609 0 238 NA NA NA NA NA 760 745 0 348 NA NA NA NA NA 812 1011 203 431 NA NA NA NA NA 657 1015 217 452 NA NA NA NA 
1738450800.0 29700.0 NA 591 593 0 238 NA NA NA NA NA 772 747 0 334 NA NA NA NA NA 791 1023 200 416 NA NA NA NA NA 797 1100 218 437 NA NA NA NA 
1738450800.0 29751.85 NA 923 1114 0 276 NA NA NA NA NA 1472 1887 0 367 NA NA NA NA NA 2978 104807 265 442 NA NA NA NA NA 2867 31884 287 426 NA NA NA NA 
1738450800.0 29834.114 NA 1485 1999 0 NA NA NA NA NA NA 2096 3080 0 NA NA NA NA NA NA 5275 7621 267 NA NA NA NA NA NA 4098 2770 306 NA NA NA NA NA 
1738450800.0 29834.21 NA 1380 833 322 NA NA NA NA NA NA 2045 1327 424 NA NA NA NA NA NA 6544 3833 700 NA NA NA NA NA NA 4798 1217 397 NA NA NA NA NA 
1738450800.0 29834.703 NA 1522 786 0 NA NA NA NA NA NA 2096 1173 0 NA NA NA NA NA NA 5938 1828 123 NA NA NA NA NA NA 4429 883 141 NA NA NA NA NA 
1738450800.0 29834.99 NA 1082 1448 1316 0 NA NA NA NA NA 1475 2035 1844 0 NA NA NA NA NA 3267 2525 6024 258 NA NA NA NA NA 3267 1191 2295 279 NA NA NA NA 
1738450800.0 29834.9921 NA 904 1254 729 319 NA NA NA NA NA 1343 1676 1060 417 NA NA NA NA NA 2922 2118 3283 604 NA NA NA NA NA 2139 850 1172 407 NA NA NA NA 
1738450800.0 29834.999 NA 566 937 788 0 NA NA NA NA NA 805 1266 1122 0 NA NA NA NA NA 1327 1333 2221 255 NA NA NA NA NA 955 728 1293 303 NA NA NA NA 
1738450800.0 29861.97 1087 NA NA NA NA NA NA NA NA 1465 NA NA NA NA NA NA NA NA 3180 NA NA NA NA NA NA NA NA 1511 NA NA NA NA NA NA NA NA 
1738450800.0 3.0 145 207 328 NA NA NA NA NA NA 231 286 458 NA NA NA NA NA NA 1438 254 575 NA NA NA NA NA NA 740 264 534 NA NA NA NA NA NA 
1738450800.0 30.0 NA 241 442 0 NA NA NA NA NA NA 330 598 0 NA NA NA NA NA NA 739 1286 179 NA NA NA NA NA NA 418 895 191 NA NA NA NA NA 
1738450800.0 300.0 141 300 537 0 NA NA NA NA NA 212 398 751 0 NA NA NA NA NA 549 239 675 171 NA NA NA NA NA 406 378 793 189 NA NA NA NA NA 
1738450800.0 30034.0 180 637 688 0 256 NA NA NA NA 238 824 888 0 360 NA NA NA NA 1938 877 1143 198 408 NA NA NA NA 979 556 1050 213 421 NA NA NA NA 
1738450800.0 301.0 141 300 549 0 NA NA NA NA NA 214 403 747 0 NA NA NA NA NA 680 246 675 173 NA NA NA NA NA 464 363 761 187 NA NA NA NA NA 
1738450800.0 302.0 141 301 548 0 NA NA NA NA NA 213 390 773 0 NA NA NA NA NA 445 249 699 172 NA NA NA NA NA 412 344 797 186 NA NA NA NA NA 
1738450800.0 30434.0 180 634 691 0 255 NA NA NA NA 241 834 856 0 357 NA NA NA NA 1864 826 1128 194 403 NA NA NA NA 1001 607 979 217 417 NA NA NA NA 
1738450800.0 30834.0 180 634 648 0 255 NA NA NA NA 239 823 896 0 352 NA NA NA NA 1876 835 1170 194 404 NA NA NA NA 1036 633 1126 210 445 NA NA NA NA 
1738450800.0 31.0 NA 242 440 0 NA NA NA NA NA NA 324 598 0 NA NA NA NA NA NA 737 1172 178 NA NA NA NA NA NA 393 882 194 NA NA NA NA NA 
1738450800.0 310.0 151 291 533 0 NA NA NA NA NA 226 390 763 0 NA NA NA NA NA 700 223 643 171 NA NA NA NA NA 742 334 777 187 NA NA NA NA NA 
1738450800.0 311.0 153 295 536 0 NA NA NA NA NA 214 403 740 0 NA NA NA NA NA 870 237 666 178 NA NA NA NA NA 644 317 768 192 NA NA NA NA NA 
1738450800.0 312.0 153 294 533 0 NA NA NA NA NA 217 390 744 0 NA NA NA NA NA 613 230 672 173 NA NA NA NA NA 527 322 763 197 NA NA NA NA NA 
1738450800.0 31234.0 176 639 690 0 256 NA NA NA NA 236 848 889 0 362 NA NA NA NA 1938 844 1145 193 403 NA NA NA NA 934 736 983 208 440 NA NA NA NA 
1738450800.0 32.0 NA 238 443 0 NA NA NA NA NA NA 342 604 0 NA NA NA NA NA NA 748 1253 168 NA NA NA NA NA NA 381 913 185 NA NA NA NA NA 
1738450800.0 320.0 161 303 543 0 NA NA NA NA NA 228 398 772 0 NA NA NA NA NA 744 278 673 172 NA NA NA NA NA 590 370 820 184 NA NA NA NA NA 
1738450800.0 32034.0 179 660 681 0 254 NA NA NA NA 237 843 893 0 360 NA NA NA NA 2651 912 1185 250 462 NA NA NA NA 1531 557 1078 290 472 NA NA NA NA 
1738450800.0 321.0 164 309 546 0 NA NA NA NA NA 238 407 771 0 NA NA NA NA NA 994 292 677 173 NA NA NA NA NA 719 410 774 184 NA NA NA NA NA 
1738450800.0 322.0 170 363 625 0 NA NA NA NA NA 236 491 814 0 NA NA NA NA NA 793 357 881 176 NA NA NA NA NA 661 438 860 192 NA NA NA NA NA 
1738450800.0 32434.0 177 624 660 0 255 NA NA NA NA 229 838 842 0 360 NA NA NA NA 2204 944 1279 230 462 NA NA NA NA 1097 726 1151 243 504 NA NA NA NA 
1738450800.0 33.0 NA 240 439 0 NA NA NA NA NA NA 318 595 0 NA NA NA NA NA NA 718 1128 174 NA NA NA NA NA NA 385 855 192 NA NA NA NA NA 
1738450800.0 330.0 182 495 716 0 NA NA NA NA NA 256 744 910 0 NA NA NA NA NA 813 493 1161 209 NA NA NA NA NA 801 476 1090 229 NA NA NA NA NA 
1738450800.0 331.0 180 555 716 0 NA NA NA NA NA 257 708 944 0 NA NA NA NA NA 1043 493 1188 216 NA NA NA NA NA 726 534 1091 266 NA NA NA NA NA 
1738450800.0 332.0 181 473 705 0 NA NA NA NA NA 254 801 891 0 NA NA NA NA NA 889 458 1076 213 NA NA NA NA NA 793 484 1123 260 NA NA NA NA NA 
1738450800.0 34.0 153 207 414 0 NA NA NA NA NA 243 290 541 0 NA NA NA NA NA 682 250 750 150 NA NA NA NA NA 328 258 752 162 NA NA NA NA NA 
1738450800.0 35.0 NA 244 428 0 NA NA NA NA NA NA 345 621 0 NA NA NA NA NA NA 745 1283 174 NA NA NA NA NA NA 384 889 187 NA NA NA NA NA 
1738450800.0 36.0 NA 237 457 0 NA NA NA NA NA NA 320 604 0 NA NA NA NA NA NA 800 3620 178 NA NA NA NA NA NA 386 1481 189 NA NA NA NA NA 
1738450800.0 37.0 NA 240 454 0 NA NA NA NA NA NA 331 607 0 NA NA NA NA NA NA 777 1777 180 NA NA NA NA NA NA 397 1091 204 NA NA NA NA NA 
1738450800.0 38.0 NA 238 448 0 NA NA NA NA NA NA 327 591 0 NA NA NA NA NA NA 774 1538 173 NA NA NA NA NA NA 435 920 191 NA NA NA NA NA 
1738450800.0 39.0 NA 241 455 0 NA NA NA NA NA NA 347 615 0 NA NA NA NA NA NA 851 2523 182 NA NA NA NA NA NA 446 1163 198 NA NA NA NA NA 
1738450800.0 4.17 NA 130 423 0 291 NA NA NA NA NA 192 556 0 383 NA NA NA NA NA 167 1309 125 550 NA NA NA NA NA 222 1101 168 619 NA NA NA NA 
1738450800.0 4.22 NA 231 133 141 0 NA NA NA NA NA 353 200 225 0 NA NA NA NA NA 459 132 101 74 NA NA NA NA NA 457 184 156 91 NA NA NA NA 
1738450800.0 4.23 NA 154 436 0 NA NA NA NA NA NA 228 563 0 NA NA NA NA NA NA 197 1262 158 NA NA NA NA NA NA 256 1027 173 NA NA NA NA NA 
1738450800.0 4.24 NA 148 431 0 NA NA NA NA NA NA 220 592 0 NA NA NA NA NA NA 187 1315 129 NA NA NA NA NA NA 200 1071 153 NA NA NA NA NA 
1738450800.0 4.25 NA 148 430 0 NA NA NA NA NA NA 213 590 0 NA NA NA NA NA NA 187 1281 135 NA NA NA NA NA NA 239 970 175 NA NA NA NA NA 
1738450800.0 4.26 NA 148 437 0 NA NA NA NA NA NA 212 592 0 NA NA NA NA NA NA 192 1507 144 NA NA NA NA NA NA 257 1140 160 NA NA NA NA NA 
1738450800.0 4.27 NA 151 434 0 NA NA NA NA NA NA 217 579 0 NA NA NA NA NA NA 194 1532 178 NA NA NA NA NA NA 208 1162 202 NA NA NA NA NA 
1738450800.0 4.28 NA 156 423 0 NA NA NA NA NA NA 229 573 0 NA NA NA NA NA NA 195 1481 642 NA NA NA NA NA NA 525 1604 666 NA NA NA NA NA 
1738450800.0 4.29 NA 134 431 0 297 NA NA NA NA NA 203 565 0 378 NA NA NA NA NA 172 1397 124 559 NA NA NA NA NA 248 1136 175 588 NA NA NA NA 
1738450800.0 4.34 NA 156 443 0 NA NA NA NA NA NA 221 596 0 NA NA NA NA NA NA 197 1462 163 NA NA NA NA NA NA 263 1121 190 NA NA NA NA NA 
1738450800.0 4.36 NA 153 437 0 NA NA NA NA NA NA 231 574 0 NA NA NA NA NA NA 198 1464 129 NA NA NA NA NA NA 248 1066 148 NA NA NA NA NA 
1738450800.0 4.37 NA 149 439 0 NA NA NA NA NA NA 213 577 0 NA NA NA NA NA NA 192 1695 136 NA NA NA NA NA NA 224 1132 171 NA NA NA NA NA 
1738450800.0 4.4 NA 131 504 0 NA NA NA NA NA NA 208 756 0 NA NA NA NA NA NA 157 1516 124 NA NA NA NA NA NA 232 989 140 NA NA NA NA NA 
1738450800.0 4.41 NA 131 508 0 NA NA NA NA NA NA 208 780 0 NA NA NA NA NA NA 166 1971 128 NA NA NA NA NA NA 231 1236 162 NA NA NA NA NA 
1738450800.0 4.42 NA 131 523 0 NA NA NA NA NA NA 206 778 0 NA NA NA NA NA NA 159 2262 129 NA NA NA NA NA NA 211 1187 150 NA NA NA NA NA 
1738450800.0 4.43 NA 133 499 0 NA NA NA NA NA NA 206 744 0 NA NA NA NA NA NA 161 1496 120 NA NA NA NA NA NA 230 960 133 NA NA NA NA NA 
1738450800.0 4.44 NA 136 502 0 NA NA NA NA NA NA 214 784 0 NA NA NA NA NA NA 165 1774 124 NA NA NA NA NA NA 225 1059 147 NA NA NA NA NA 
1738450800.0 4.45 NA 131 517 0 NA NA NA NA NA NA 209 779 0 NA NA NA NA NA NA 169 2382 127 NA NA NA NA NA NA 293 1178 148 NA NA NA NA NA 
1738450800.0 4.51 NA 131 514 0 NA NA NA NA NA NA 206 785 0 NA NA NA NA NA NA 175 2189 134 NA NA NA NA NA NA 298 1319 151 NA NA NA NA NA 
1738450800.0 4.52 NA 132 517 0 NA NA NA NA NA NA 209 792 0 NA NA NA NA NA NA 167 2405 130 NA NA NA NA NA NA 220 1185 152 NA NA NA NA NA 
1738450800.0 4.53 NA 132 513 0 NA NA NA NA NA NA 205 781 0 NA NA NA NA NA NA 168 2404 127 NA NA NA NA NA NA 237 1203 150 NA NA NA NA NA 
1738450800.0 4.54 NA 131 513 0 NA NA NA NA NA NA 205 786 0 NA NA NA NA NA NA 163 2339 126 NA NA NA NA NA NA 233 1177 144 NA NA NA NA NA 
1738450800.0 4.55 NA 131 522 0 NA NA NA NA NA NA 205 774 0 NA NA NA NA NA NA 172 2905 128 NA NA NA NA NA NA 244 1326 177 NA NA NA NA NA 
1738450800.0 4.57 NA 148 524 0 NA NA NA NA NA NA 216 794 0 NA NA NA NA NA NA 202 2642 132 NA NA NA NA NA NA 254 1269 154 NA NA NA NA NA 
1738450800.0 4.58 NA 134 508 0 NA NA NA NA NA NA 204 741 0 NA NA NA NA NA NA 165 1766 126 NA NA NA NA NA NA 209 1128 150 NA NA NA NA NA 
1738450800.0 4.6 NA 410 0 NA NA NA NA NA NA NA 562 0 NA NA NA NA NA NA NA 1265 173 NA NA NA NA NA NA NA 1094 185 NA NA NA NA NA NA 
1738450800.0 4.61 NA 131 519 0 NA NA NA NA NA NA 208 781 0 NA NA NA NA NA NA 160 2286 126 NA NA NA NA NA NA 188 1193 143 NA NA NA NA NA 
1738450800.0 4.62 NA 129 513 0 NA NA NA NA NA NA 203 794 0 NA NA NA NA NA NA 164 2272 127 NA NA NA NA NA NA 209 1153 145 NA NA NA NA NA 
1738450800.0 4.63 NA 131 517 0 NA NA NA NA NA NA 210 804 0 NA NA NA NA NA NA 168 2531 131 NA NA NA NA NA NA 217 1248 157 NA NA NA NA NA 
1738450800.0 4.64 NA 134 520 0 NA NA NA NA NA NA 211 795 0 NA NA NA NA NA NA 167 2384 129 NA NA NA NA NA NA 205 1179 154 NA NA NA NA NA 
1738450800.0 4.65 NA 131 529 0 NA NA NA NA NA NA 205 808 0 NA NA NA NA NA NA 168 3346 129 NA NA NA NA NA NA 219 1463 152 NA NA NA NA NA 
1738450800.0 4.67 NA 148 523 0 NA NA NA NA NA NA 223 799 0 NA NA NA NA NA NA 206 2744 136 NA NA NA NA NA NA 233 1397 168 NA NA NA NA NA 
1738450800.0 4.68 NA 131 516 0 NA NA NA NA NA NA 198 764 0 NA NA NA NA NA NA 167 2216 127 NA NA NA NA NA NA 177 1193 147 NA NA NA NA NA 
1738450800.0 4.71 NA 131 508 0 NA NA NA NA NA NA 203 783 0 NA NA NA NA NA NA 165 1781 126 NA NA NA NA NA NA 234 1072 151 NA NA NA NA NA 
1738450800.0 4.72 NA 131 511 0 NA NA NA NA NA NA 205 785 0 NA NA NA NA NA NA 160 2115 130 NA NA NA NA NA NA 226 1152 158 NA NA NA NA NA 
1738450800.0 4.73 NA 132 518 0 NA NA NA NA NA NA 208 785 0 NA NA NA NA NA NA 169 2449 133 NA NA NA NA NA NA 223 1194 156 NA NA NA NA NA 
1738450800.0 4.74 NA 130 512 0 NA NA NA NA NA NA 204 774 0 NA NA NA NA NA NA 172 2265 137 NA NA NA NA NA NA 290 1257 175 NA NA NA NA NA 
1738450800.0 4.75 NA 131 518 0 NA NA NA NA NA NA 204 766 0 NA NA NA NA NA NA 166 2599 130 NA NA NA NA NA NA 242 1263 148 NA NA NA NA NA 
1738450800.0 4.76 NA 151 520 0 NA NA NA NA NA NA 215 775 0 NA NA NA NA NA NA 208 2637 133 NA NA NA NA NA NA 215 1275 152 NA NA NA NA NA 
1738450800.0 4.77 NA 147 519 0 NA NA NA NA NA NA 221 786 0 NA NA NA NA NA NA 202 2618 135 NA NA NA NA NA NA 271 1244 174 NA NA NA NA NA 
1738450800.0 4.78 NA 136 517 0 NA NA NA NA NA NA 210 790 0 NA NA NA NA NA NA 167 2468 128 NA NA NA NA NA NA 219 1198 148 NA NA NA NA NA 
1738450800.0 4000.0 NA 240 455 NA NA NA NA NA NA NA 343 610 NA NA NA NA NA NA NA 831 1904 NA NA NA NA NA NA NA 425 1111 NA NA NA NA NA NA 
1738450800.0 4001.0 NA 275 490 NA NA NA NA NA NA NA 377 659 NA NA NA NA NA NA NA 395 1090 NA NA NA NA NA NA NA 433 1172 NA NA NA NA NA NA 
1738450800.0 4002.0 NA 242 440 NA NA NA NA NA NA NA 329 612 NA NA NA NA NA NA NA 781 1277 NA NA NA NA NA NA NA 473 1039 NA NA NA NA NA NA 
1738450800.0 4003.0 NA 244 438 NA NA NA NA NA NA NA 338 603 NA NA NA NA NA NA NA 747 1426 NA NA NA NA NA NA NA 416 1078 NA NA NA NA NA NA 
1738450800.0 4006.0 122 277 491 NA NA NA NA NA NA 181 380 650 NA NA NA NA NA NA 272 386 974 NA NA NA NA NA NA 254 388 986 NA NA NA NA NA NA 
1738450800.0 4007.0 117 0 0 NA NA NA NA NA NA 175 0 0 NA NA NA NA NA NA 216 162 656 NA NA NA NA NA NA 241 273 818 NA NA NA NA NA NA 
1738450800.0 4008.0 118 0 0 NA NA NA NA NA NA 172 0 0 NA NA NA NA NA NA 218 155 645 NA NA NA NA NA NA 246 274 905 NA NA NA NA NA NA 
1738450800.0 43.0 NA 237 448 0 NA NA NA NA NA NA 327 597 0 NA NA NA NA NA NA 741 1510 184 NA NA NA NA NA NA 383 916 200 NA NA NA NA NA 
1738450800.0 44.0 NA 237 441 0 NA NA NA NA NA NA 326 608 0 NA NA NA NA NA NA 728 1343 161 NA NA NA NA NA NA 396 923 174 NA NA NA NA NA 
1738450800.0 45.0 NA 239 442 0 NA NA NA NA NA NA 335 597 0 NA NA NA NA NA NA 737 1377 171 NA NA NA NA NA NA 426 951 184 NA NA NA NA NA 
1738450800.0 5.1 413 0 NA NA NA NA NA NA NA 537 0 NA NA NA NA NA NA NA 381 90 NA NA NA NA NA NA NA 327 107 NA NA NA NA NA NA NA 
1738450800.0 5.2 333 0 NA NA NA NA NA NA NA 440 0 NA NA NA NA NA NA NA 314 80 NA NA NA NA NA NA NA 288 94 NA NA NA NA NA NA NA 
1738450800.0 5.3 320 0 NA NA NA NA NA NA NA 436 0 NA NA NA NA NA NA NA 324 81 NA NA NA NA NA NA NA 342 99 NA NA NA NA NA NA NA 
1738450800.0 5.4 414 0 NA NA NA NA NA NA NA 553 0 NA NA NA NA NA NA NA 352 87 NA NA NA NA NA NA NA 352 103 NA NA NA NA NA NA NA 
1738450800.0 5.5 405 0 NA NA NA NA NA NA NA 519 0 NA NA NA NA NA NA NA 333 87 NA NA NA NA NA NA NA 305 106 NA NA NA NA NA NA NA 
1738450800.0 5.6 415 0 NA NA NA NA NA NA NA 551 0 NA NA NA NA NA NA NA 366 89 NA NA NA NA NA NA NA 352 107 NA NA NA NA NA NA NA 
1738450800.0 5.7 412 0 NA NA NA NA NA NA NA 551 0 NA NA NA NA NA NA NA 365 89 NA NA NA NA NA NA NA 361 107 NA NA NA NA NA NA NA 
1738450800.0 500199.0 284 NA NA NA NA NA NA NA NA 383 NA NA NA NA NA NA NA NA 511 NA NA NA NA NA NA NA NA 451 NA NA NA NA NA NA NA NA 
1738450800.0 500200.0 NA 332 472 0 NA NA NA NA NA NA 448 617 0 NA NA NA NA NA NA 1347 1036 163 NA NA NA NA NA NA 710 820 175 NA NA NA NA NA 
1738450800.0 500200.1 156 315 364 NA NA NA NA NA NA 226 442 486 NA NA NA NA NA NA 658 334 803 NA NA NA NA NA NA 318 392 641 NA NA NA NA NA NA 
1738450800.0 500202.0 NA 340 492 0 NA NA NA NA NA NA 483 642 0 NA NA NA NA NA NA 1449 1163 166 NA NA NA NA NA NA 718 864 177 NA NA NA NA NA 
1738450800.0 500203.0 NA 334 478 0 NA NA NA NA NA NA 464 647 0 NA NA NA NA NA NA 1374 1084 161 NA NA NA NA NA NA 714 836 175 NA NA NA NA NA 
1738450800.0 500204.0 NA 336 485 0 NA NA NA NA NA NA 472 664 0 NA NA NA NA NA NA 1359 1038 169 NA NA NA NA NA NA 764 904 185 NA NA NA NA NA 
1738450800.0 500205.0 NA 325 475 0 NA NA NA NA NA NA 451 626 0 NA NA NA NA NA NA 1370 1009 164 NA NA NA NA NA NA 724 778 241 NA NA NA NA NA 
1738450800.0 500206.0 NA 330 482 0 NA NA NA NA NA NA 454 656 0 NA NA NA NA NA NA 1372 1012 164 NA NA NA NA NA NA 756 842 176 NA NA NA NA NA 
1738450800.0 500207.0 NA 324 474 0 NA NA NA NA NA NA 447 614 0 NA NA NA NA NA NA 1222 962 154 NA NA NA NA NA NA 617 767 167 NA NA NA NA NA 
1738450800.0 50200.0 NA 348 579 0 NA NA NA NA NA NA 463 760 0 NA NA NA NA NA NA 567 1155 168 NA NA NA NA NA NA 449 990 188 NA NA NA NA NA 
1738450800.0 50202.0 NA 342 588 0 NA NA NA NA NA NA 458 809 0 NA NA NA NA NA NA 566 1201 174 NA NA NA NA NA NA 517 1118 216 NA NA NA NA NA 
1738450800.0 50203.0 NA 358 590 0 NA NA NA NA NA NA 496 805 0 NA NA NA NA NA NA 582 1145 166 NA NA NA NA NA NA 472 966 181 NA NA NA NA NA 
1738450800.0 50204.0 NA 340 559 0 NA NA NA NA NA NA 474 766 0 NA NA NA NA NA NA 561 1094 170 NA NA NA NA NA NA 452 1000 183 NA NA NA NA NA 
1738450800.0 50205.0 NA 343 565 0 NA NA NA NA NA NA 476 760 0 NA NA NA NA NA NA 578 1119 164 NA NA NA NA NA NA 526 993 180 NA NA NA NA NA 
1738450800.0 50206.0 NA 352 578 0 NA NA NA NA NA NA 465 765 0 NA NA NA NA NA NA 571 1161 170 NA NA NA NA NA NA 459 1077 184 NA NA NA NA NA 
1738450800.0 50207.0 NA 351 584 0 NA NA NA NA NA NA 469 766 0 NA NA NA NA NA NA 563 1067 157 NA NA NA NA NA NA 478 903 170 NA NA NA NA NA 
1738450800.0 50208.0 NA 358 595 0 NA NA NA NA NA NA 484 788 0 NA NA NA NA NA NA 591 1493 176 NA NA NA NA NA NA 464 1184 194 NA NA NA NA NA 
1738450800.0 503.0 85 0 NA NA NA NA NA NA NA 113 0 NA NA NA NA NA NA NA 1163 54 NA NA NA NA NA NA NA 629 66 NA NA NA NA NA NA NA 
1738450800.0 504.0 92 0 NA NA NA NA NA NA NA 122 0 NA NA NA NA NA NA NA 86 55 NA NA NA NA NA NA NA 96 67 NA NA NA NA NA NA NA 
1738450800.0 505.0 92 0 NA NA NA NA NA NA NA 121 0 NA NA NA NA NA NA NA 86 54 NA NA NA NA NA NA NA 88 68 NA NA NA NA NA NA NA 
1738450800.0 506.0 92 0 NA NA NA NA NA NA NA 122 0 NA NA NA NA NA NA NA 88 55 NA NA NA NA NA NA NA 98 67 NA NA NA NA NA NA NA 
1738450800.0 507.0 86 0 NA NA NA NA NA NA NA 116 0 NA NA NA NA NA NA NA 547 54 NA NA NA NA NA NA NA 348 67 NA NA NA NA NA NA NA 
1738450800.0 508.0 88 0 NA NA NA NA NA NA NA 118 0 NA NA NA NA NA NA NA 82 54 NA NA NA NA NA NA NA 92 67 NA NA NA NA NA NA NA 
1738450800.0 509.0 84 0 NA NA NA NA NA NA NA 113 0 NA NA NA NA NA NA NA 79 54 NA NA NA NA NA NA NA 87 67 NA NA NA NA NA NA NA 
1738450800.0 510.0 86 0 NA NA NA NA NA NA NA 117 0 NA NA NA NA NA NA NA 1165 54 NA NA NA NA NA NA NA 699 66 NA NA NA NA NA NA NA 
1738450800.0 511.0 92 0 NA NA NA NA NA NA NA 119 0 NA NA NA NA NA NA NA 2687 53 NA NA NA NA NA NA NA 5293 67 NA NA NA NA NA NA NA 
1738450800.0 512.0 66 93 0 NA NA NA NA NA NA 106 123 0 NA NA NA NA NA NA 3281 109 54 NA NA NA NA NA NA 3704 100 66 NA NA NA NA NA NA 
1738450800.0 513.0 66 93 0 NA NA NA NA NA NA 107 126 0 NA NA NA NA NA NA 844 108 54 NA NA NA NA NA NA 340 102 65 NA NA NA NA NA NA 
1738450800.0 514.0 65 94 0 NA NA NA NA NA NA 107 128 0 NA NA NA NA NA NA 452 87 54 NA NA NA NA NA NA 188 92 67 NA NA NA NA NA NA 
1738450800.0 515.0 66 88 0 NA NA NA NA NA NA 109 119 0 NA NA NA NA NA NA 3587 84 56 NA NA NA NA NA NA 3976 110 72 NA NA NA NA NA NA 
1738450800.0 516.0 66 93 0 NA NA NA NA NA NA 106 125 0 NA NA NA NA NA NA 4013 84 55 NA NA NA NA NA NA 3981 94 67 NA NA NA NA NA NA 
1738450800.0 517.0 64 93 0 NA NA NA NA NA NA 105 129 0 NA NA NA NA NA NA 506 85 54 NA NA NA NA NA NA 245 93 66 NA NA NA NA NA NA 
1738450800.0 518.0 65 94 0 NA NA NA NA NA NA 107 126 0 NA NA NA NA NA NA 3439 88 60 NA NA NA NA NA NA 3187 105 78 NA NA NA NA NA NA 
1738450800.0 519.0 65 93 0 NA NA NA NA NA NA 107 124 0 NA NA NA NA NA NA 4020 82 55 NA NA NA NA NA NA 4518 96 74 NA NA NA NA NA NA 
1738450800.0 520.0 64 93 0 NA NA NA NA NA NA 105 132 0 NA NA NA NA NA NA 503 91 55 NA NA NA NA NA NA 236 95 67 NA NA NA NA NA NA 
1738450800.0 521.0 65 87 0 NA NA NA NA NA NA 106 119 0 NA NA NA NA NA NA 4279 80 61 NA NA NA NA NA NA 5212 113 86 NA NA NA NA NA NA 
1738450800.0 522.0 65 87 0 NA NA NA NA NA NA 105 119 0 NA NA NA NA NA NA 826 67 55 NA NA NA NA NA NA 315 89 66 NA NA NA NA NA NA 
1738450800.0 523.0 66 89 0 NA NA NA NA NA NA 107 119 0 NA NA NA NA NA NA 1124 77 55 NA NA NA NA NA NA 506 95 69 NA NA NA NA NA NA 
1738450800.0 524.0 65 88 0 NA NA NA NA NA NA 105 125 0 NA NA NA NA NA NA 498 72 54 NA NA NA NA NA NA 246 96 67 NA NA NA NA NA NA 
1738450800.0 525.0 65 87 0 NA NA NA NA NA NA 107 121 0 NA NA NA NA NA NA 3484 64 56 NA NA NA NA NA NA 2981 87 68 NA NA NA NA NA NA 
1738450800.0 526.0 66 87 0 NA NA NA NA NA NA 107 121 0 NA NA NA NA NA NA 3669 75 54 NA NA NA NA NA NA 3737 103 67 NA NA NA NA NA NA 
1738450800.0 527.0 64 87 0 NA NA NA NA NA NA 105 124 0 NA NA NA NA NA NA 502 70 54 NA NA NA NA NA NA 235 88 67 NA NA NA NA NA NA 
1738450800.0 528.0 66 87 0 NA NA NA NA NA NA 105 119 0 NA NA NA NA NA NA 4230 79 56 NA NA NA NA NA NA 5934 110 73 NA NA NA NA NA NA 
1738450800.0 529.0 66 87 0 NA NA NA NA NA NA 111 117 0 NA NA NA NA NA NA 4797 69 55 NA NA NA NA NA NA 8038 88 70 NA NA NA NA NA NA 
1738450800.0 530.0 64 87 0 NA NA NA NA NA NA 105 124 0 NA NA NA NA NA NA 503 72 55 NA NA NA NA NA NA 247 92 68 NA NA NA NA NA NA 
1738450800.0 531.0 109 0 NA NA NA NA NA NA NA 223 0 NA NA NA NA NA NA NA 62 55 NA NA NA NA NA NA NA 76 66 NA NA NA NA NA NA NA 
1738450800.0 534.0 230 0 NA NA NA NA NA NA NA 278 0 NA NA NA NA NA NA NA 485 55 NA NA NA NA NA NA NA 751 67 NA NA NA NA NA NA NA 
1738450800.0 535.0 98 0 NA NA NA NA NA NA NA 144 0 NA NA NA NA NA NA NA 553 55 NA NA NA NA NA NA NA 360 66 NA NA NA NA NA NA NA 
1738450800.0 536.0 93 0 NA NA NA NA NA NA NA 124 0 NA NA NA NA NA NA NA 93 54 NA NA NA NA NA NA NA 131 65 NA NA NA NA NA NA NA 
1738450800.0 537.0 97 0 NA NA NA NA NA NA NA 142 0 NA NA NA NA NA NA NA 1836 54 NA NA NA NA NA NA NA 861 67 NA NA NA NA NA NA NA 
1738450800.0 538.0 98 0 NA NA NA NA NA NA NA 144 0 NA NA NA NA NA NA NA 3870 55 NA NA NA NA NA NA NA 4321 68 NA NA NA NA NA NA NA 
1738450800.0 539.0 98 0 NA NA NA NA NA NA NA 130 0 NA NA NA NA NA NA NA 11116 54 NA NA NA NA NA NA NA 18753 67 NA NA NA NA NA NA NA 
1738450800.0 541.0 85 0 NA NA NA NA NA NA NA 115 0 NA NA NA NA NA NA NA 67 55 NA NA NA NA NA NA NA 79 68 NA NA NA NA NA NA NA 
1738450800.0 545.0 86 0 NA NA NA NA NA NA NA 118 0 NA NA NA NA NA NA NA 84 54 NA NA NA NA NA NA NA 113 65 NA NA NA NA NA NA NA 
1738450800.0 551.0 65 94 0 NA NA NA NA NA NA 106 127 0 NA NA NA NA NA NA 1107 137 55 NA NA NA NA NA NA 418 108 65 NA NA NA NA NA NA 
1738450800.0 552.0 64 94 0 NA NA NA NA NA NA 105 130 0 NA NA NA NA NA NA 498 85 54 NA NA NA NA NA NA 225 91 66 NA NA NA NA NA NA 
1738450800.0 554.0 64 94 0 NA NA NA NA NA NA 104 127 0 NA NA NA NA NA NA 2397 86 55 NA NA NA NA NA NA 750 103 67 NA NA NA NA NA NA 
1738450800.0 555.0 65 88 0 NA NA NA NA NA NA 105 124 0 NA NA NA NA NA NA 1658 84 55 NA NA NA NA NA NA 594 92 69 NA NA NA NA NA NA 
1738450800.0 556.0 66 92 0 NA NA NA NA NA NA 110 130 0 NA NA NA NA NA NA 431 102 54 NA NA NA NA NA NA 236 105 65 NA NA NA NA NA NA 
1738450800.0 560.0 86 0 NA NA NA NA NA NA NA 117 0 NA NA NA NA NA NA NA 82 55 NA NA NA NA NA NA NA 91 68 NA NA NA NA NA NA NA 
1738450800.0 561.0 91 0 NA NA NA NA NA NA NA 121 0 NA NA NA NA NA NA NA 86 55 NA NA NA NA NA NA NA 89 66 NA NA NA NA NA NA NA 
1738450800.0 562.0 66 90 0 NA NA NA NA NA NA 106 121 0 NA NA NA NA NA NA 443 86 55 NA NA NA NA NA NA 275 92 69 NA NA NA NA NA NA 
1738450800.0 570.0 80 0 NA NA NA NA NA NA NA 110 0 NA NA NA NA NA NA NA 132 55 NA NA NA NA NA NA NA 120 67 NA NA NA NA NA NA NA 
1738450800.0 571.0 81 0 NA NA NA NA NA NA NA 111 0 NA NA NA NA NA NA NA 154 55 NA NA NA NA NA NA NA 122 68 NA NA NA NA NA NA NA 
1738450800.0 572.0 80 0 NA NA NA NA NA NA NA 107 0 NA NA NA NA NA NA NA 114 54 NA NA NA NA NA NA NA 107 67 NA NA NA NA NA NA NA 
1738450800.0 573.0 81 0 NA NA NA NA NA NA NA 109 0 NA NA NA NA NA NA NA 287 54 NA NA NA NA NA NA NA 272 66 NA NA NA NA NA NA NA 
1738450800.0 574.0 83 0 NA NA NA NA NA NA NA 110 0 NA NA NA NA NA NA NA 340 54 NA NA NA NA NA NA NA 222 67 NA NA NA NA NA NA NA 
1738450800.0 575.0 80 0 NA NA NA NA NA NA NA 110 0 NA NA NA NA NA NA NA 414 54 NA NA NA NA NA NA NA 298 67 NA NA NA NA NA NA NA 
1738450800.0 576.0 81 0 NA NA NA NA NA NA NA 107 0 NA NA NA NA NA NA NA 97 55 NA NA NA NA NA NA NA 109 68 NA NA NA NA NA NA NA 
1738450800.0 577.0 80 0 NA NA NA NA NA NA NA 106 0 NA NA NA NA NA NA NA 87 54 NA NA NA NA NA NA NA 94 65 NA NA NA NA NA NA NA 
1738450800.0 6.0 NA 211 398 0 NA NA NA NA NA NA 293 542 0 NA NA NA NA NA NA 669 929 161 NA NA NA NA NA NA 404 906 216 NA NA NA NA NA 
1738450800.0 7.0 117 196 221 121 0 NA NA NA NA 170 274 348 188 0 NA NA NA NA 227 199 281 118 74 NA NA NA NA 282 280 359 147 90 NA NA NA NA 
1738450800.0 7.1 117 192 222 121 0 NA NA NA NA 170 267 339 189 0 NA NA NA NA 433 195 279 124 73 NA NA NA NA 455 219 313 180 96 NA NA NA NA 
1738450800.0 7.2 116 289 334 127 0 NA NA NA NA 172 388 510 194 0 NA NA NA NA 240 417 358 133 94 NA NA NA NA 257 339 353 168 115 NA NA NA NA 
1738450800.0 7.21 119 296 332 127 0 NA NA NA NA 171 383 518 193 0 NA NA NA NA 247 418 369 134 94 NA NA NA NA 241 356 432 175 113 NA NA NA NA 
1738450800.0 7.22 118 235 292 127 0 NA NA NA NA 173 316 427 191 0 NA NA NA NA 235 202 344 133 79 NA NA NA NA 227 275 429 172 114 NA NA NA NA 
1738450800.0 7.23 125 237 326 126 0 NA NA NA NA 170 339 489 193 0 NA NA NA NA 431 200 342 114 99 NA NA NA NA 425 186 331 168 125 NA NA NA NA 
1738450800.0 7.24 120 246 322 122 0 NA NA NA NA 172 349 477 189 0 NA NA NA NA 427 201 340 108 99 NA NA NA NA 550 187 324 133 128 NA NA NA NA 
1738450800.0 7.3 116 274 323 126 0 NA NA NA NA 172 361 510 191 0 NA NA NA NA 443 319 366 127 93 NA NA NA NA 424 356 424 151 124 NA NA NA NA 
1738450800.0 7.4 117 301 336 127 0 NA NA NA NA 173 394 507 192 0 NA NA NA NA 244 507 373 128 93 NA NA NA NA 257 338 446 156 120 NA NA NA NA 
1738450800.0 7.5 134 392 208 NA NA NA NA NA NA 172 590 304 NA NA NA NA NA NA 541 458 252 NA NA NA NA NA NA 557 416 253 NA NA NA NA NA NA 
1738450800.0 8.0 NA 209 225 107 0 NA NA NA NA NA 299 343 170 0 NA NA NA NA NA 629 336 92 75 NA NA NA NA NA 424 342 117 91 NA NA NA NA 
1738450800.0 8.1 120 315 346 105 0 NA NA NA NA 169 410 523 171 0 NA NA NA NA 211 679 388 100 94 NA NA NA NA 211 443 453 120 106 NA NA NA NA 
1738450800.0 8.2 125 268 339 105 0 NA NA NA NA 164 374 516 170 0 NA NA NA NA 401 249 348 96 96 NA NA NA NA 388 205 338 141 118 NA NA NA NA 
1738450800.0 9.0 NA 242 448 0 NA NA NA NA NA NA 336 598 0 NA NA NA NA NA NA 789 1630 178 NA NA NA NA NA NA 392 919 194 NA NA NA NA NA 
