Timestamp WorkflowId PeakValueRss1 PeakValueRss2 PeakValueRss3 PeakValueRss4 PeakValueRss5 PeakValueRss6 PeakValueRss7 PeakValueRss8 PeakValueRss9 PeakValueVsize1 PeakValueVsize2 PeakValueVsize3 PeakValueVsize4 PeakValueVsize5 PeakValueVsize6 PeakValueVsize7 PeakValueVsize8 PeakValueVsize9 TotalJobCPU1 TotalJobCPU2 TotalJobCPU3 TotalJobCPU4 TotalJobCPU5 TotalJobCPU6 TotalJobCPU7 TotalJobCPU8 TotalJobCPU9 TotalJobTime1 TotalJobTime2 TotalJobTime3 TotalJobTime4 TotalJobTime5 TotalJobTime6 TotalJobTime7 TotalJobTime8 TotalJobTime9 
1733263200.0 1.0 135 161 272 NA NA NA NA NA NA 272 243 394 NA NA NA NA NA NA 889 229 669 NA NA NA NA NA NA 609 192 719 NA NA NA NA NA NA 
1733263200.0 10.0 NA 203 372 0 NA NA NA NA NA NA 311 543 0 NA NA NA NA NA NA 1083 2456 369 NA NA NA NA NA NA 468 1630 423 NA NA NA NA NA 
1733263200.0 1000.0 NA 326 226 0 92 NA NA NA NA NA 513 337 0 167 NA NA NA NA NA 1876 639 286 232 NA NA NA NA NA 1199 663 333 259 NA NA NA NA 
1733263200.0 10001.0 NA 259 427 0 129 146 NA NA NA NA 400 631 0 207 249 NA NA NA NA 1168 1313 363 318 501 NA NA NA NA 556 1327 397 445 603 NA NA NA 
1733263200.0 10002.0 NA 262 429 0 130 121 NA NA NA NA 414 644 0 203 258 NA NA NA NA 1182 1373 381 292 514 NA NA NA NA 560 1400 435 389 657 NA NA NA 
1733263200.0 10003.0 NA 265 432 0 135 149 NA NA NA NA 397 652 0 199 253 NA NA NA NA 1171 1360 361 296 494 NA NA NA NA 532 1325 391 375 607 NA NA NA 
1733263200.0 10004.0 NA 266 425 0 110 147 NA NA NA NA 408 639 0 209 242 NA NA NA NA 1160 1357 378 313 504 NA NA NA NA 519 1381 423 454 605 NA NA NA 
1733263200.0 10005.0 NA 265 424 0 129 146 NA NA NA NA 411 666 0 211 247 NA NA NA NA 1170 1366 381 311 508 NA NA NA NA 526 1384 429 425 650 NA NA NA 
1733263200.0 10006.0 NA 257 421 0 128 145 NA NA NA NA 409 652 0 205 240 NA NA NA NA 1169 1281 378 328 494 NA NA NA NA 517 1265 427 483 610 NA NA NA 
1733263200.0 10007.0 NA 273 430 0 156 149 NA NA NA NA 410 665 0 285 245 NA NA NA NA 1186 1404 371 315 510 NA NA NA NA 543 1446 404 433 635 NA NA NA 
1733263200.0 10008.0 NA 259 432 0 156 147 NA NA NA NA 410 657 0 281 247 NA NA NA NA 1199 1406 388 336 501 NA NA NA NA 581 1453 428 474 617 NA NA NA 
1733263200.0 10009.0 NA 283 439 0 166 149 NA NA NA NA 400 665 0 289 253 NA NA NA NA 1140 1283 371 303 506 NA NA NA NA 467 1216 402 377 618 NA NA NA 
1733263200.0 1001.0 NA 312 171 0 0 0 0 0 0 NA 482 247 0 0 0 0 0 0 NA 1671 309 72 56 77 195 99 208 NA 1072 320 96 79 96 214 121 243 
1733263200.0 1001.2 NA 506 214 0 0 0 0 NA NA NA 769 346 0 0 0 0 NA NA NA 7912 711 97 112 102 124 NA NA NA 2669 515 144 214 133 146 NA NA 
1733263200.0 1001.3 NA 503 187 0 NA NA NA NA NA NA 767 316 0 NA NA NA NA NA NA 5978 408 239 NA NA NA NA NA NA 2148 450 368 NA NA NA NA NA 
1733263200.0 1001.4 NA 512 161 0 0 0 NA NA NA NA 774 275 0 0 0 NA NA NA NA 6043 338 106 118 111 NA NA NA NA 2169 422 140 173 149 NA NA NA 
1733263200.0 1002.0 NA 357 119 NA NA NA NA NA NA NA 545 182 NA NA NA NA NA NA NA 1880 143 NA NA NA NA NA NA NA 1199 116 NA NA NA NA NA NA 
1733263200.0 1002.3 NA 498 214 0 NA NA NA NA NA NA 738 334 0 NA NA NA NA NA NA 5011 605 214 NA NA NA NA NA NA 2060 614 308 NA NA NA NA NA 
1733263200.0 1002.4 NA 499 0 NA NA NA NA NA NA NA 784 0 NA NA NA NA NA NA NA 7314 386 NA NA NA NA NA NA NA 2504 454 NA NA NA NA NA NA 
1733263200.0 10023.0 NA 260 430 0 128 150 NA NA NA NA 405 674 0 199 241 NA NA NA NA 1185 1313 377 308 491 NA NA NA NA 572 1337 417 406 614 NA NA NA 
1733263200.0 10024.0 NA 270 445 0 160 149 NA NA NA NA 423 664 0 289 255 NA NA NA NA 1202 1485 409 311 498 NA NA NA NA 549 1335 445 380 615 NA NA NA 
1733263200.0 10024.1 NA 297 300 0 NA NA NA NA NA NA 437 429 0 NA NA NA NA NA NA 1162 547 371 NA NA NA NA NA NA 473 519 416 NA NA NA NA NA 
1733263200.0 10024.2 NA 295 466 0 NA NA NA NA NA NA 419 667 0 NA NA NA NA NA NA 1202 1448 372 NA NA NA NA NA NA 574 1339 411 NA NA NA NA NA 
1733263200.0 10024.3 NA 310 285 0 NA NA NA NA NA NA 421 408 0 NA NA NA NA NA NA 1177 525 318 NA NA NA NA NA NA 491 600 342 NA NA NA NA NA 
1733263200.0 10024.4 NA 293 444 0 NA NA NA NA NA NA 416 649 0 NA NA NA NA NA NA 1179 1460 373 NA NA NA NA NA NA 513 1425 414 NA NA NA NA NA 
1733263200.0 10025.0 NA 265 435 0 129 147 NA NA NA NA 410 686 0 202 253 NA NA NA NA 1206 1379 419 316 504 NA NA NA NA 596 1395 498 422 603 NA NA NA 
1733263200.0 10026.0 NA 295 463 0 132 153 NA NA NA NA 418 684 0 208 252 NA NA NA NA 1173 1592 419 316 515 NA NA NA NA 491 1233 452 416 665 NA NA NA 
1733263200.0 1003.0 NA 549 0 NA NA NA NA NA NA NA 667 0 NA NA NA NA NA NA NA 2106 244 NA NA NA NA NA NA NA 1161 270 NA NA NA NA NA NA 
1733263200.0 10042.0 NA 267 437 0 159 151 NA NA NA NA 408 684 0 283 251 NA NA NA NA 1181 1366 400 311 522 NA NA NA NA 536 1298 447 390 670 NA NA NA 
1733263200.0 1005.0 NA 199 148 0 0 NA NA NA NA NA 386 250 0 0 NA NA NA NA NA 364 168 66 76 NA NA NA NA NA 372 179 75 109 NA NA NA NA 
1733263200.0 10059.0 NA 296 478 0 140 162 NA NA NA NA 418 656 0 217 254 NA NA NA NA 1199 2002 413 317 510 NA NA NA NA 526 1475 462 459 685 NA NA NA 
1733263200.0 10071.0 NA 288 467 0 142 164 NA NA NA NA 427 678 0 221 243 NA NA NA NA 1175 1469 407 302 522 NA NA NA NA 509 1350 457 414 731 NA NA NA 
1733263200.0 101.0 158 NA NA NA NA NA NA NA NA 310 NA NA NA NA NA NA NA NA 581 NA NA NA NA NA NA NA NA 472 NA NA NA NA NA NA NA NA 
1733263200.0 1010.0 NA 75 94 0 NA NA NA NA NA NA 160 162 0 NA NA NA NA NA NA 108 138 128 NA NA NA NA NA NA 151 155 139 NA NA NA NA NA 
1733263200.0 102.0 159 NA NA NA NA NA NA NA NA 290 NA NA NA NA NA NA NA NA 541 NA NA NA NA NA NA NA NA 457 NA NA NA NA NA NA NA NA 
1733263200.0 1020.0 NA 80 70 0 78 NA NA NA NA NA 177 147 0 172 NA NA NA NA NA 121 101 49 129 NA NA NA NA NA 161 122 73 165 NA NA NA NA 
1733263200.0 10224.0 NA 469 688 0 161 NA NA NA NA NA 691 1034 0 249 NA NA NA NA NA 2385 2730 432 494 NA NA NA NA NA 992 1812 489 640 NA NA NA NA 
1733263200.0 10224.15 NA 479 741 0 190 NA NA NA NA NA 679 1072 0 278 NA NA NA NA NA 2309 2473 390 503 NA NA NA NA NA 944 1650 414 663 NA NA NA NA 
1733263200.0 10225.0 NA 489 774 0 171 NA NA NA NA NA 695 1039 0 250 NA NA NA NA NA 2246 2171 391 415 NA NA NA NA NA 922 1488 412 515 NA NA NA NA 
1733263200.0 103.0 118 150 318 NA NA NA NA NA NA 213 230 477 NA NA NA NA NA NA 500 189 1164 NA NA NA NA NA NA 485 243 1257 NA NA NA NA NA NA 
1733263200.0 1030.0 NA 302 85 0 0 NA NA NA NA NA 437 154 0 0 NA NA NA NA NA 3934 140 47 45 NA NA NA NA NA 1312 177 66 63 NA NA NA NA 
1733263200.0 1040.0 NA 458 66 0 NA NA NA NA NA NA 721 130 0 NA NA NA NA NA NA 6874 135 92 NA NA NA NA NA NA 2439 212 135 NA NA NA NA NA 
1733263200.0 1040.1 NA 118 74 0 NA NA NA NA NA NA 220 133 0 NA NA NA NA NA NA 250 109 82 NA NA NA NA NA NA 286 122 96 NA NA NA NA NA 
1733263200.0 1041.0 NA 115 81 0 NA NA NA NA NA NA 211 145 0 NA NA NA NA NA NA 183 110 57 NA NA NA NA NA NA 204 124 73 NA NA NA NA NA 
1733263200.0 1042.0 NA 117 77 0 NA NA NA NA NA NA 211 139 0 NA NA NA NA NA NA 280 110 54 NA NA NA NA NA NA 435 122 65 NA NA NA NA NA 
1733263200.0 10424.0 NA 224 443 0 NA NA NA NA NA NA 369 648 0 NA NA NA NA NA NA 297 1475 399 NA NA NA NA NA NA 271 1434 427 NA NA NA NA NA 
1733263200.0 1043.0 NA 88 75 0 NA NA NA NA NA NA 182 147 0 NA NA NA NA NA NA 176 113 49 NA NA NA NA NA NA 188 128 57 NA NA NA NA NA 
1733263200.0 1044.0 NA 88 88 0 NA NA NA NA NA NA 183 161 0 NA NA NA NA NA NA 177 129 58 NA NA NA NA NA NA 181 131 67 NA NA NA NA NA 
1733263200.0 1045.0 NA 88 80 0 NA NA NA NA NA NA 183 150 0 NA NA NA NA NA NA 174 124 49 NA NA NA NA NA NA 185 121 59 NA NA NA NA NA 
1733263200.0 105.0 138 163 75 NA NA NA NA NA NA 268 241 133 NA NA NA NA NA NA 974 238 108 NA NA NA NA NA NA 601 192 120 NA NA NA NA NA NA 
1733263200.0 1052.0 NA 214 149 0 NA NA NA NA NA NA 376 253 0 NA NA NA NA NA NA 364 166 52 NA NA NA NA NA NA 362 178 64 NA NA NA NA NA 
1733263200.0 1052.1 NA 133 0 NA NA NA NA NA NA NA 254 0 NA NA NA NA NA NA NA 156 51 NA NA NA NA NA NA NA 161 62 NA NA NA NA NA NA 
1733263200.0 106.0 109 0 0 NA NA NA NA NA NA 206 0 0 NA NA NA NA NA NA 418 89 930 NA NA NA NA NA NA 373 104 1192 NA NA NA NA NA NA 
1733263200.0 1060.1 NA 168 NA NA NA NA NA NA NA NA 290 NA NA NA NA NA NA NA NA 435 NA NA NA NA NA NA NA NA 328 NA NA NA NA NA NA NA 
1733263200.0 1060.2 NA 159 NA NA NA NA NA NA NA NA 279 NA NA NA NA NA NA NA NA 370 NA NA NA NA NA NA NA NA 316 NA NA NA NA NA NA NA 
1733263200.0 107.0 149 169 331 NA NA NA NA NA NA 269 246 479 NA NA NA NA NA NA 1205 265 1275 NA NA NA NA NA NA 691 254 1277 NA NA NA NA NA NA 
1733263200.0 108.0 142 170 343 NA NA NA NA NA NA 275 252 514 NA NA NA NA NA NA 1356 272 1309 NA NA NA NA NA NA 735 254 1316 NA NA NA NA NA NA 
1733263200.0 10801.0 NA 255 423 0 131 158 NA NA NA NA 395 676 0 199 247 NA NA NA NA 1126 1272 359 290 511 NA NA NA NA 516 1295 387 368 641 NA NA NA 
1733263200.0 10802.0 NA 261 427 0 129 156 NA NA NA NA 402 650 0 208 252 NA NA NA NA 1144 1396 389 321 494 NA NA NA NA 551 1442 449 464 600 NA NA NA 
1733263200.0 10803.0 NA 251 433 0 129 152 NA NA NA NA 399 663 0 202 255 NA NA NA NA 1146 1357 378 315 519 NA NA NA NA 533 1334 412 436 652 NA NA NA 
1733263200.0 10804.0 NA 253 420 0 129 151 NA NA NA NA 391 676 0 214 247 NA NA NA NA 1147 1317 376 319 507 NA NA NA NA 567 1336 423 454 613 NA NA NA 
1733263200.0 10804.31 NA 248 0 NA NA NA NA NA NA NA 406 0 NA NA NA NA NA NA NA 1143 0 NA NA NA NA NA NA NA 544 0 NA NA NA NA NA NA 
1733263200.0 10805.0 NA 256 434 0 129 158 NA NA NA NA 401 674 0 204 248 NA NA NA NA 1121 1296 368 318 499 NA NA NA NA 502 1297 417 441 603 NA NA NA 
1733263200.0 10805.31 NA 248 0 NA NA NA NA NA NA NA 390 0 NA NA NA NA NA NA NA 1145 0 NA NA NA NA NA NA NA 542 0 NA NA NA NA NA NA 
1733263200.0 10806.0 NA 263 429 0 132 151 NA NA NA NA 401 663 0 210 244 NA NA NA NA 1116 1217 369 308 487 NA NA NA NA 490 1179 417 424 593 NA NA NA 
1733263200.0 10807.0 NA 255 400 0 136 150 NA NA NA NA 396 674 0 279 251 NA NA NA NA 1243 1410 374 318 501 NA NA NA NA 532 1424 416 421 631 NA NA NA 
1733263200.0 10808.0 NA 273 455 0 159 161 NA NA NA NA 398 644 0 277 255 NA NA NA NA 1128 1309 358 294 472 NA NA NA NA 501 1238 392 399 585 NA NA NA 
1733263200.0 10809.0 NA 236 403 0 157 151 NA NA NA NA 395 666 0 283 257 NA NA NA NA 1160 1440 391 328 516 NA NA NA NA 572 1457 434 439 644 NA NA NA 
1733263200.0 10823.0 NA 251 425 0 129 147 NA NA NA NA 412 655 0 203 250 NA NA NA NA 1147 1314 383 307 508 NA NA NA NA 553 1281 422 418 649 NA NA NA 
1733263200.0 10824.0 NA 262 474 0 170 165 NA NA NA NA 409 654 0 286 242 NA NA NA NA 1175 1478 406 316 529 NA NA NA NA 542 1400 454 443 738 NA NA NA 
1733263200.0 10824.1 NA 292 308 0 NA NA NA NA NA NA 413 428 0 NA NA NA NA NA NA 1139 536 374 NA NA NA NA NA NA 641 568 406 NA NA NA NA NA 
1733263200.0 10824.6 NA 279 458 0 158 122 NA NA NA NA 402 696 0 276 253 NA NA NA NA 1138 1351 400 321 542 NA NA NA NA 477 1181 443 409 705 NA NA NA 
1733263200.0 10824.8 NA 273 457 0 162 154 NA NA NA NA 402 684 0 285 259 NA NA NA NA 1147 1341 404 322 518 NA NA NA NA 486 1164 447 414 609 NA NA NA 
1733263200.0 10825.0 NA 264 434 0 130 154 NA NA NA NA 406 673 0 206 239 NA NA NA NA 1153 1389 380 318 506 NA NA NA NA 527 1349 406 433 624 NA NA NA 
1733263200.0 10826.0 NA 265 469 0 130 151 NA NA NA NA 406 700 0 208 245 NA NA NA NA 1162 1492 411 311 534 NA NA NA NA 519 1235 434 422 705 NA NA NA 
1733263200.0 10842.0 NA 259 436 0 159 152 NA NA NA NA 411 674 0 283 253 NA NA NA NA 1183 1406 399 312 516 NA NA NA NA 589 1388 426 385 632 NA NA NA 
1733263200.0 10859.0 NA 288 464 0 138 150 NA NA NA NA 423 686 0 216 260 NA NA NA NA 1190 2172 427 296 520 NA NA NA NA 525 1746 498 390 665 NA NA NA 
1733263200.0 10871.0 NA 273 452 0 138 151 NA NA NA NA 404 673 0 208 249 NA NA NA NA 1140 1419 425 307 516 NA NA NA NA 484 1189 482 406 662 NA NA NA 
1733263200.0 109.0 156 169 346 NA NA NA NA NA NA 276 244 514 NA NA NA NA NA NA 1527 281 1316 NA NA NA NA NA NA 830 291 1290 NA NA NA NA NA NA 
1733263200.0 11.0 NA 184 354 0 113 NA NA NA NA NA 291 510 0 170 NA NA NA NA NA 900 1379 386 228 NA NA NA NA NA 422 1138 435 317 NA NA NA NA 
1733263200.0 110.0 111 154 316 NA NA NA NA NA NA 211 244 496 NA NA NA NA NA NA 466 263 1217 NA NA NA NA NA NA 496 298 1264 NA NA NA NA NA NA 
1733263200.0 1102.0 NA 187 383 223 113 NA NA NA NA NA 315 568 349 243 NA NA NA NA NA 1216 3023 1278 325 NA NA NA NA NA 578 1592 657 296 NA NA NA NA 
1733263200.0 11024.0 NA 566 855 0 174 NA NA NA NA NA 807 1183 0 260 NA NA NA NA NA 2911 3169 396 426 NA NA NA NA NA 1086 1695 465 749 NA NA NA NA 
1733263200.0 11024.15 NA 536 811 0 193 NA NA NA NA NA 785 1176 0 301 NA NA NA NA NA 2920 2948 396 471 NA NA NA NA NA 1195 1570 415 475 NA NA NA NA 
1733263200.0 11024.2 NA 553 785 0 150 NA NA NA NA NA 783 1191 0 243 NA NA NA NA NA 2915 3658 445 416 NA NA NA NA NA 1096 2067 512 580 NA NA NA NA 
1733263200.0 11024.6 NA 556 800 0 161 NA NA NA NA NA 790 1165 0 253 NA NA NA NA NA 2963 2984 445 479 NA NA NA NA NA 1145 1670 496 592 NA NA NA NA 
1733263200.0 11025.0 NA 554 791 0 175 NA NA NA NA NA 778 1135 0 261 NA NA NA NA NA 2795 2614 390 420 NA NA NA NA NA 1136 1596 410 537 NA NA NA NA 
1733263200.0 111.0 150 163 331 NA NA NA NA NA NA 271 240 485 NA NA NA NA NA NA 806 236 1240 NA NA NA NA NA NA 542 281 1335 NA NA NA NA NA NA 
1733263200.0 112.0 109 167 343 NA NA NA NA NA NA 276 244 499 NA NA NA NA NA NA 945 243 1083 NA NA NA NA NA NA 520 232 1036 NA NA NA NA NA NA 
1733263200.0 11224.0 NA 246 438 0 NA NA NA NA NA NA 358 667 0 NA NA NA NA NA NA 293 1459 409 NA NA NA NA NA NA 249 1337 450 NA NA NA NA NA 
1733263200.0 11224.6 NA 230 447 0 NA NA NA NA NA NA 366 659 0 NA NA NA NA NA NA 369 1488 411 NA NA NA NA NA NA 420 1349 452 NA NA NA NA NA 
1733263200.0 113.0 153 151 322 NA NA NA NA NA NA 272 239 474 NA NA NA NA NA NA 1159 298 1282 NA NA NA NA NA NA 705 372 1355 NA NA NA NA NA NA 
1733263200.0 114.0 152 154 324 NA NA NA NA NA NA 273 243 498 NA NA NA NA NA NA 1179 297 1258 NA NA NA NA NA NA 704 328 1268 NA NA NA NA NA NA 
1733263200.0 115.0 154 167 341 NA NA NA NA NA NA 273 244 479 NA NA NA NA NA NA 1285 272 1259 NA NA NA NA NA NA 732 279 1276 NA NA NA NA NA NA 
1733263200.0 116.0 157 170 337 NA NA NA NA NA NA 275 243 483 NA NA NA NA NA NA 1294 294 1282 NA NA NA NA NA NA 678 336 1298 NA NA NA NA NA NA 
1733263200.0 11601.0 NA 285 475 0 141 NA NA NA NA NA 404 721 0 212 NA NA NA NA NA 1053 1407 368 252 NA NA NA NA NA 415 1373 414 288 NA NA NA NA 
1733263200.0 11602.0 NA 284 461 0 139 NA NA NA NA NA 419 689 0 215 NA NA NA NA NA 1050 1422 369 250 NA NA NA NA NA 413 1360 413 282 NA NA NA NA 
1733263200.0 11603.0 NA 284 471 0 136 NA NA NA NA NA 423 699 0 212 NA NA NA NA NA 1061 1421 367 249 NA NA NA NA NA 424 1352 413 271 NA NA NA NA 
1733263200.0 11604.0 NA 282 457 0 133 NA NA NA NA NA 404 712 0 207 NA NA NA NA NA 1048 1419 370 254 NA NA NA NA NA 399 1379 418 288 NA NA NA NA 
1733263200.0 11605.0 NA 282 464 0 133 NA NA NA NA NA 412 701 0 214 NA NA NA NA NA 1044 1394 367 253 NA NA NA NA NA 399 1347 411 283 NA NA NA NA 
1733263200.0 11606.0 NA 283 465 0 139 NA NA NA NA NA 425 698 0 204 NA NA NA NA NA 1045 1390 365 248 NA NA NA NA NA 401 1365 409 287 NA NA NA NA 
1733263200.0 11607.0 NA 284 463 0 159 NA NA NA NA NA 433 722 0 278 NA NA NA NA NA 1058 1412 373 272 NA NA NA NA NA 408 1331 418 316 NA NA NA NA 
1733263200.0 11608.0 NA 284 458 0 163 NA NA NA NA NA 425 722 0 290 NA NA NA NA NA 1057 1454 381 259 NA NA NA NA NA 402 1393 442 281 NA NA NA NA 
1733263200.0 11609.0 NA 270 464 0 163 NA NA NA NA NA 422 727 0 286 NA NA NA NA NA 1082 1458 377 270 NA NA NA NA NA 415 1351 412 309 NA NA NA NA 
1733263200.0 11630.0 NA 280 454 0 134 NA NA NA NA NA 440 765 0 218 NA NA NA NA NA 1158 2232 432 278 NA NA NA NA NA 454 1691 469 313 NA NA NA NA 
1733263200.0 11634.0 NA 296 476 0 174 NA NA NA NA NA 428 721 0 278 NA NA NA NA NA 1106 1654 429 255 NA NA NA NA NA 420 1434 526 283 NA NA NA NA 
1733263200.0 11634.1 NA 308 301 0 NA NA NA NA NA NA 435 432 0 NA NA NA NA NA NA 1097 551 365 NA NA NA NA NA NA 409 555 421 NA NA NA NA NA 
1733263200.0 11634.15 NA 262 488 0 161 NA NA NA NA NA 430 753 0 290 NA NA NA NA NA 1134 1915 421 290 NA NA NA NA NA 458 1719 455 336 NA NA NA NA 
1733263200.0 11634.24 NA 203 405 0 122 NA NA NA NA NA 339 650 0 202 NA NA NA NA NA 380 1302 380 272 NA NA NA NA NA 360 1290 435 323 NA NA NA NA 
1733263200.0 11634.601 NA 293 84 484 0 NA NA NA NA NA 428 140 723 0 NA NA NA NA NA 1089 93 1643 407 NA NA NA NA NA 400 109 1483 440 NA NA NA NA 
1733263200.0 11634.7 NA 297 509 0 NA NA NA NA NA NA 448 710 0 NA NA NA NA NA NA 1107 1642 406 NA NA NA NA NA NA 436 1505 442 NA NA NA NA NA 
1733263200.0 11634.91 NA 294 484 0 166 NA NA NA NA NA 430 736 0 290 NA NA NA NA NA 1097 1632 425 269 NA NA NA NA NA 416 1389 533 302 NA NA NA NA 
1733263200.0 11634.914 132 285 507 0 143 NA NA NA NA 221 392 737 0 222 NA NA NA NA 1602 1122 1711 418 294 NA NA NA NA 792 518 1667 481 412 NA NA NA NA 
1733263200.0 11640.0 NA 285 458 0 135 NA NA NA NA NA 423 728 0 208 NA NA NA NA NA 1057 1403 391 255 NA NA NA NA NA 406 1331 439 289 NA NA NA NA 
1733263200.0 11643.0 NA 291 481 0 143 NA NA NA NA NA 435 739 0 215 NA NA NA NA NA 1088 1678 412 256 NA NA NA NA NA 402 1435 460 293 NA NA NA NA 
1733263200.0 11646.0 NA 280 469 0 134 NA NA NA NA NA 414 712 0 218 NA NA NA NA NA 1087 1489 399 254 NA NA NA NA NA 400 1370 435 285 NA NA NA NA 
1733263200.0 11650.0 NA 271 467 0 164 NA NA NA NA NA 420 733 0 298 NA NA NA NA NA 1101 1590 427 284 NA NA NA NA NA 422 1542 485 318 NA NA NA NA 
1733263200.0 117.0 141 170 340 NA NA NA NA NA NA 269 248 509 NA NA NA NA NA NA 1410 290 1294 NA NA NA NA NA NA 747 319 1313 NA NA NA NA NA NA 
1733263200.0 11723.17 NA 300 494 0 NA NA NA NA NA NA 433 731 0 NA NA NA NA NA NA 1118 1966 415 NA NA NA NA NA NA 414 1508 456 NA NA NA NA NA 
1733263200.0 118.0 158 172 348 NA NA NA NA NA NA 279 243 516 NA NA NA NA NA NA 1713 283 1312 NA NA NA NA NA NA 863 270 1269 NA NA NA NA NA NA 
1733263200.0 11834.0 NA 656 1134 0 NA NA NA NA NA NA 1015 1552 0 NA NA NA NA NA NA 3559 5133 399 NA NA NA NA NA NA 1327 2383 412 NA NA NA NA NA 
1733263200.0 11834.13 NA 660 1246 0 NA NA NA NA NA NA 999 1628 0 NA NA NA NA NA NA 3426 5481 391 NA NA NA NA NA NA 1216 2285 403 NA NA NA NA NA 
1733263200.0 11834.19 NA 669 991 0 NA NA NA NA NA NA 979 1414 0 NA NA NA NA NA NA 3470 5398 425 NA NA NA NA NA NA 1248 2531 450 NA NA NA NA NA 
1733263200.0 11834.21 NA 532 344 183 147 NA NA NA NA NA 768 567 296 240 NA NA NA NA NA 3675 2483 554 310 NA NA NA NA NA 1351 1042 432 318 NA NA NA NA 
1733263200.0 11834.24 NA 227 440 0 NA NA NA NA NA NA 359 672 0 NA NA NA NA NA NA 374 1394 400 NA NA NA NA NA NA 353 1414 462 NA NA NA NA NA 
1733263200.0 11834.99 NA 558 656 709 0 NA NA NA NA NA 886 929 992 0 NA NA NA NA NA 3126 1595 3513 396 NA NA NA NA NA 1561 578 1703 409 NA NA NA NA 
1733263200.0 11846.0 NA 640 1019 0 NA NA NA NA NA NA 939 1363 0 NA NA NA NA NA NA 3556 4142 387 NA NA NA NA NA NA 1336 1976 398 NA NA NA NA NA 
1733263200.0 11846.19 NA 649 986 0 NA NA NA NA NA NA 908 1486 0 NA NA NA NA NA NA 3490 4707 440 NA NA NA NA NA NA 1235 2332 509 NA NA NA NA NA 
1733263200.0 119.0 132 163 321 NA NA NA NA NA NA 275 240 474 NA NA NA NA NA NA 955 265 1264 NA NA NA NA NA NA 637 278 1308 NA NA NA NA NA NA 
1733263200.0 12.0 NA 201 372 0 NA NA NA NA NA NA 307 553 0 NA NA NA NA NA NA 1043 2477 412 NA NA NA NA NA NA 493 1607 460 NA NA NA NA NA 
1733263200.0 120.0 113 162 338 NA NA NA NA NA NA 234 245 500 NA NA NA NA NA NA 409 231 1065 NA NA NA NA NA NA 371 295 1178 NA NA NA NA NA NA 
1733263200.0 12034.0 NA 238 465 0 NA NA NA NA NA NA 384 737 0 NA NA NA NA NA NA 342 1648 426 NA NA NA NA NA NA 252 1491 478 NA NA NA NA NA 
1733263200.0 121.0 157 173 350 NA NA NA NA NA NA 279 247 512 NA NA NA NA NA NA 1823 291 1383 NA NA NA NA NA NA 890 263 1351 NA NA NA NA NA NA 
1733263200.0 122.0 112 0 0 NA NA NA NA NA NA 207 0 0 NA NA NA NA NA NA 443 103 1035 NA NA NA NA NA NA 465 143 1153 NA NA NA NA NA NA 
1733263200.0 123.1 391 NA NA NA NA NA NA NA NA 540 NA NA NA NA NA NA NA NA 648 NA NA NA NA NA NA NA NA 513 NA NA NA NA NA NA NA NA 
1733263200.0 123.2 388 NA NA NA NA NA NA NA NA 532 NA NA NA NA NA NA NA NA 719 NA NA NA NA NA NA NA NA 530 NA NA NA NA NA NA NA NA 
1733263200.0 123.3 296 NA NA NA NA NA NA NA NA 433 NA NA NA NA NA NA NA NA 560 NA NA NA NA NA NA NA NA 466 NA NA NA NA NA NA NA NA 
1733263200.0 124.1 383 NA NA NA NA NA NA NA NA 506 NA NA NA NA NA NA NA NA 566 NA NA NA NA NA NA NA NA 470 NA NA NA NA NA NA NA NA 
1733263200.0 124.2 387 NA NA NA NA NA NA NA NA 522 NA NA NA NA NA NA NA NA 603 NA NA NA NA NA NA NA NA 492 NA NA NA NA NA NA NA NA 
1733263200.0 124.4 384 NA NA NA NA NA NA NA NA 491 NA NA NA NA NA NA NA NA 583 NA NA NA NA NA NA NA NA 482 NA NA NA NA NA NA NA NA 
1733263200.0 124.5 384 NA NA NA NA NA NA NA NA 498 NA NA NA NA NA NA NA NA 571 NA NA NA NA NA NA NA NA 473 NA NA NA NA NA NA NA NA 
1733263200.0 124.6 321 NA NA NA NA NA NA NA NA 440 NA NA NA NA NA NA NA NA 556 NA NA NA NA NA NA NA NA 462 NA NA NA NA NA NA NA NA 
1733263200.0 12434.0 NA 288 487 0 171 NA NA NA NA NA 436 737 0 285 NA NA NA NA NA 1458 1617 430 265 NA NA NA NA NA 504 1397 539 301 NA NA NA NA 
1733263200.0 12434.501 NA 287 153 0 NA NA NA NA NA NA 446 299 0 NA NA NA NA NA NA 1452 370 205 NA NA NA NA NA NA 523 392 254 NA NA NA NA NA 
1733263200.0 12434.505 NA 287 153 0 NA NA NA NA NA NA 428 298 0 NA NA NA NA NA NA 1465 369 209 NA NA NA NA NA NA 520 387 251 NA NA NA NA NA 
1733263200.0 12434.511 NA 289 125 0 NA NA NA NA NA NA 427 216 0 NA NA NA NA NA NA 1458 281 130 NA NA NA NA NA NA 517 305 146 NA NA NA NA NA 
1733263200.0 12434.521 NA 284 119 0 NA NA NA NA NA NA 433 192 0 NA NA NA NA NA NA 1473 289 145 NA NA NA NA NA NA 518 347 159 NA NA NA NA NA 
1733263200.0 12434.7 NA 292 481 0 NA NA NA NA NA NA 428 722 0 NA NA NA NA NA NA 1583 1633 410 NA NA NA NA NA NA 535 1489 446 NA NA NA NA NA 
1733263200.0 12446.0 NA 290 472 0 141 NA NA NA NA NA 427 716 0 212 NA NA NA NA NA 1439 1496 395 251 NA NA NA NA NA 502 1390 447 285 NA NA NA NA 
1733263200.0 12450.501 NA 306 170 0 NA NA NA NA NA NA 422 305 0 NA NA NA NA NA NA 1443 355 171 NA NA NA NA NA NA 512 420 183 NA NA NA NA NA 
1733263200.0 12450.505 NA 303 152 0 NA NA NA NA NA NA 430 305 0 NA NA NA NA NA NA 1442 360 188 NA NA NA NA NA NA 519 446 200 NA NA NA NA NA 
1733263200.0 12461.0 NA 284 455 0 131 NA NA NA NA NA 430 719 0 213 NA NA NA NA NA 1407 1384 369 262 NA NA NA NA NA 491 1355 434 308 NA NA NA NA 
1733263200.0 125.0 154 167 334 NA NA NA NA NA NA 273 240 498 NA NA NA NA NA NA 1255 287 1241 NA NA NA NA NA NA 724 320 1289 NA NA NA NA NA NA 
1733263200.0 126.0 110 157 316 NA NA NA NA NA NA 233 239 493 NA NA NA NA NA NA 726 274 1222 NA NA NA NA NA NA 569 355 1265 NA NA NA NA NA NA 
1733263200.0 12634.0 NA 646 993 0 NA NA NA NA NA NA 935 1399 0 NA NA NA NA NA NA 3584 4531 398 NA NA NA NA NA NA 1235 2059 422 NA NA NA NA NA 
1733263200.0 12634.99 NA 558 660 717 0 NA NA NA NA NA 874 955 1043 0 NA NA NA NA NA 3172 1992 3932 434 NA NA NA NA NA 1541 691 1909 458 NA NA NA NA 
1733263200.0 127.0 114 147 316 NA NA NA NA NA NA 213 240 475 NA NA NA NA NA NA 568 279 1239 NA NA NA NA NA NA 490 321 1306 NA NA NA NA NA NA 
1733263200.0 128.0 112 162 335 NA NA NA NA NA NA 216 238 485 NA NA NA NA NA NA 393 228 1046 NA NA NA NA NA NA 365 190 1041 NA NA NA NA NA NA 
1733263200.0 12834.0 NA 405 616 0 181 NA NA NA NA NA 608 858 0 304 NA NA NA NA NA 986 2237 556 307 NA NA NA NA NA 767 1896 603 313 NA NA NA NA 
1733263200.0 12834.402 NA 452 164 0 NA NA NA NA NA NA 607 246 0 NA NA NA NA NA NA 883 441 184 NA NA NA NA NA NA 585 450 195 NA NA NA NA NA 
1733263200.0 12834.412 NA 450 161 0 NA NA NA NA NA NA 599 252 0 NA NA NA NA NA NA 889 419 125 NA NA NA NA NA NA 638 435 135 NA NA NA NA NA 
1733263200.0 12834.7 NA 452 616 0 NA NA NA NA NA NA 624 855 0 NA NA NA NA NA NA 921 2197 558 NA NA NA NA NA NA 649 1823 609 NA NA NA NA NA 
1733263200.0 12846.0 NA 385 593 0 151 NA NA NA NA NA 600 851 0 223 NA NA NA NA NA 940 2148 552 289 NA NA NA NA NA 792 1958 606 294 NA NA NA NA 
1733263200.0 12861.0 NA 416 578 0 146 NA NA NA NA NA 576 822 0 225 NA NA NA NA NA 821 1911 505 288 NA NA NA NA NA 609 1749 571 293 NA NA NA NA 
1733263200.0 129.0 112 163 335 NA NA NA NA NA NA 216 237 480 NA NA NA NA NA NA 398 235 1053 NA NA NA NA NA NA 368 245 1058 NA NA NA NA NA NA 
1733263200.0 13.0 NA 171 326 0 NA NA NA NA NA NA 273 477 0 NA NA NA NA NA NA 238 1469 345 NA NA NA NA NA NA 284 1254 396 NA NA NA NA NA 
1733263200.0 130.0 102 163 319 NA NA NA NA NA NA 211 243 490 NA NA NA NA NA NA 449 270 1225 NA NA NA NA NA NA 479 322 1365 NA NA NA NA NA NA 
1733263200.0 1301.0 136 200 294 NA NA NA NA NA NA 256 293 451 NA NA NA NA NA NA 924 236 681 NA NA NA NA NA NA 569 190 691 NA NA NA NA NA NA 
1733263200.0 1301.17 129 268 313 NA NA NA NA NA NA 221 379 471 NA NA NA NA NA NA 972 1161 820 NA NA NA NA NA NA 640 531 875 NA NA NA NA NA NA 
1733263200.0 1302.0 166 206 306 NA NA NA NA NA NA 272 312 448 NA NA NA NA NA NA 1555 282 802 NA NA NA NA NA NA 697 327 788 NA NA NA NA NA NA 
1733263200.0 1302.17 129 299 334 NA NA NA NA NA NA 231 386 499 NA NA NA NA NA NA 1592 1167 848 NA NA NA NA NA NA 696 525 860 NA NA NA NA NA NA 
1733263200.0 1302.18 119 263 240 190 150 NA NA NA NA 221 376 417 287 252 NA NA NA NA 1760 1178 563 557 372 NA NA NA NA 850 535 548 533 464 NA NA NA NA 
1733263200.0 1302.181 119 267 264 179 154 NA NA NA NA 226 371 422 300 247 NA NA NA NA 1880 1178 569 571 364 NA NA NA NA 918 521 555 545 434 NA NA NA NA 
1733263200.0 1303.0 155 208 304 NA NA NA NA NA NA 260 301 455 NA NA NA NA NA NA 2663 285 1040 NA NA NA NA NA NA 1351 314 967 NA NA NA NA NA NA 
1733263200.0 1303.17 128 266 329 NA NA NA NA NA NA 239 393 505 NA NA NA NA NA NA 2870 1162 1024 NA NA NA NA NA NA 1416 524 856 NA NA NA NA NA NA 
1733263200.0 13034.0 NA 785 1203 0 NA NA NA NA NA NA 1140 1665 0 NA NA NA NA NA NA 3492 5470 550 NA NA NA NA NA NA 1542 3383 711 NA NA NA NA NA 
1733263200.0 13034.99 NA 535 845 833 0 NA NA NA NA NA 848 1178 1131 0 NA NA NA NA NA 3165 1664 4462 526 NA NA NA NA NA 1531 1274 2368 540 NA NA NA NA 
1733263200.0 1304.18 116 266 239 172 154 NA NA NA NA 218 366 422 293 243 NA NA NA NA 1463 1131 520 566 369 NA NA NA NA 743 481 618 643 445 NA NA NA NA 
1733263200.0 1304.181 95 265 242 173 152 NA NA NA NA 224 361 413 287 252 NA NA NA NA 1445 1139 521 548 371 NA NA NA NA 809 508 601 613 449 NA NA NA NA 
1733263200.0 1304.182 130 262 274 193 NA NA NA NA NA 218 352 416 296 NA NA NA NA NA 1353 1142 521 543 NA NA NA NA NA 698 515 569 561 NA NA NA NA NA 
1733263200.0 1306.0 NA 192 374 0 NA NA NA NA NA NA 338 550 0 NA NA NA NA NA NA 304 1227 287 NA NA NA NA NA NA 412 1314 317 NA NA NA NA NA 
1733263200.0 1307.0 NA 195 238 90 0 NA NA NA NA NA 325 390 154 0 NA NA NA NA NA 234 423 129 174 NA NA NA NA NA 191 371 140 188 NA NA NA NA 
1733263200.0 1308.0 NA 192 238 89 0 NA NA NA NA NA 319 377 152 0 NA NA NA NA NA 218 360 128 169 NA NA NA NA NA 187 334 144 181 NA NA NA NA 
1733263200.0 1309.0 NA 206 392 0 NA NA NA NA NA NA 344 547 0 NA NA NA NA NA NA 307 1317 309 NA NA NA NA NA NA 342 1240 340 NA NA NA NA NA 
1733263200.0 131.0 108 150 314 NA NA NA NA NA NA 212 245 493 NA NA NA NA NA NA 591 285 1256 NA NA NA NA NA NA 493 382 1392 NA NA NA NA NA NA 
1733263200.0 1310.0 NA 213 400 0 NA NA NA NA NA NA 348 566 0 NA NA NA NA NA NA 252 1178 306 NA NA NA NA NA NA 203 1164 366 NA NA NA NA NA 
1733263200.0 1311.0 NA 209 413 0 116 NA NA NA NA NA 343 589 0 183 NA NA NA NA NA 246 886 313 198 NA NA NA NA NA 206 816 329 322 NA NA NA NA 
1733263200.0 1312.0 NA 199 373 0 NA NA NA NA NA NA 344 558 0 NA NA NA NA NA NA 296 1402 336 NA NA NA NA NA NA 287 1379 388 NA NA NA NA NA 
1733263200.0 1313.0 NA 222 392 0 NA NA NA NA NA NA 352 558 0 NA NA NA NA NA NA 250 1507 320 NA NA NA NA NA NA 271 1361 350 NA NA NA NA NA 
1733263200.0 1314.0 NA 216 376 0 NA NA NA NA NA NA 335 566 0 NA NA NA NA NA NA 285 1337 321 NA NA NA NA NA NA 295 1317 351 NA NA NA NA NA 
1733263200.0 1315.0 NA 206 386 0 NA NA NA NA NA NA 337 577 0 NA NA NA NA NA NA 241 1103 250 NA NA NA NA NA NA 195 1278 261 NA NA NA NA NA 
1733263200.0 1316.0 NA 207 388 0 NA NA NA NA NA NA 337 550 0 NA NA NA NA NA NA 241 1103 254 NA NA NA NA NA NA 208 1062 266 NA NA NA NA NA 
1733263200.0 1317.0 NA 192 354 0 143 NA NA NA NA NA 333 547 0 242 NA NA NA NA NA 271 1214 312 394 NA NA NA NA NA 291 1234 386 522 NA NA NA NA 
1733263200.0 1318.0 NA 197 359 0 154 NA NA NA NA NA 329 534 0 231 NA NA NA NA NA 264 1201 301 344 NA NA NA NA NA 276 1253 356 400 NA NA NA NA 
1733263200.0 1319.0 NA 206 385 0 NA NA NA NA NA NA 339 552 0 NA NA NA NA NA NA 239 1061 250 NA NA NA NA NA NA 204 992 262 NA NA NA NA NA 
1733263200.0 132.0 153 168 342 NA NA NA NA NA NA 270 247 508 NA NA NA NA NA NA 1327 297 1324 NA NA NA NA NA NA 727 335 1379 NA NA NA NA NA NA 
1733263200.0 1320.0 NA 215 358 0 139 NA NA NA NA NA 337 551 0 240 NA NA NA NA NA 250 1165 316 414 NA NA NA NA NA 232 1148 375 567 NA NA NA NA 
1733263200.0 1321.0 NA 205 365 0 142 NA NA NA NA NA 336 571 0 237 NA NA NA NA NA 274 1234 298 379 NA NA NA NA NA 278 1227 338 478 NA NA NA NA 
1733263200.0 1322.0 NA 200 358 0 154 NA NA NA NA NA 335 558 0 234 NA NA NA NA NA 277 1269 316 368 NA NA NA NA NA 272 1272 379 473 NA NA NA NA 
1733263200.0 1323.0 NA 207 381 0 NA NA NA NA NA NA 334 563 0 NA NA NA NA NA NA 235 1078 247 NA NA NA NA NA NA 195 1228 262 NA NA NA NA NA 
1733263200.0 13234.0 NA 624 0 NA NA NA NA NA NA NA 856 0 NA NA NA NA NA NA NA 3187 278 NA NA NA NA NA NA NA 1473 301 NA NA NA NA NA NA 
1733263200.0 1324.0 NA 204 385 0 NA NA NA NA NA NA 341 568 0 NA NA NA NA NA NA 281 1303 318 NA NA NA NA NA NA 261 1223 352 NA NA NA NA NA 
1733263200.0 1325.0 NA 203 378 0 110 142 NA NA NA NA 355 566 0 176 251 NA NA NA NA 283 1297 352 267 418 NA NA NA NA 250 1176 414 387 549 NA NA NA 
1733263200.0 1325.1 NA 217 236 0 NA NA NA NA NA NA 345 377 0 NA NA NA NA NA NA 268 450 277 NA NA NA NA NA NA 214 412 291 NA NA NA NA NA 
1733263200.0 1325.2 NA 217 401 0 NA NA NA NA NA NA 336 578 0 NA NA NA NA NA NA 265 1221 295 NA NA NA NA NA NA 204 1273 339 NA NA NA NA NA 
1733263200.0 1325.3 NA 215 230 0 NA NA NA NA NA NA 345 361 0 NA NA NA NA NA NA 270 443 274 NA NA NA NA NA NA 217 455 335 NA NA NA NA NA 
1733263200.0 1325.4 NA 216 404 0 NA NA NA NA NA NA 351 568 0 NA NA NA NA NA NA 261 1219 308 NA NA NA NA NA NA 199 1074 356 NA NA NA NA NA 
1733263200.0 1325.5 NA 234 0 NA NA NA NA NA NA NA 382 0 NA NA NA NA NA NA NA 1183 131 NA NA NA NA NA NA NA 820 142 NA NA NA NA NA NA 
1733263200.0 1325.51 NA 222 0 NA NA NA NA NA NA NA 358 0 NA NA NA NA NA NA NA 1235 126 NA NA NA NA NA NA NA 933 143 NA NA NA NA NA NA 
1733263200.0 1325.516 NA 237 0 NA NA NA NA NA NA NA 368 0 NA NA NA NA NA NA NA 1318 124 NA NA NA NA NA NA NA 834 135 NA NA NA NA NA NA 
1733263200.0 1325.5161 NA 237 0 NA NA NA NA NA NA NA 368 0 NA NA NA NA NA NA NA 1365 124 NA NA NA NA NA NA NA 833 143 NA NA NA NA NA NA 
1733263200.0 1325.517 NA 227 0 NA NA NA NA NA NA NA 357 0 NA NA NA NA NA NA NA 1380 121 NA NA NA NA NA NA NA 1008 131 NA NA NA NA NA NA 
1733263200.0 1325.518 NA 255 0 NA NA NA NA NA NA NA 402 0 NA NA NA NA NA NA NA 1673 114 NA NA NA NA NA NA NA 1001 124 NA NA NA NA NA NA 
1733263200.0 1325.9 NA 243 377 0 117 NA NA NA NA NA 377 560 0 179 NA NA NA NA NA 319 1348 316 244 NA NA NA NA NA 260 1288 357 352 NA NA NA NA 
1733263200.0 1325.91 NA 229 382 0 117 NA NA NA NA NA 364 555 0 182 NA NA NA NA NA 336 1347 323 246 NA NA NA NA NA 289 1251 361 349 NA NA NA NA 
1733263200.0 1326.0 NA 205 387 0 NA NA NA NA NA NA 341 540 0 NA NA NA NA NA NA 280 1165 309 NA NA NA NA NA NA 285 1124 344 NA NA NA NA NA 
1733263200.0 1327.0 NA 209 379 0 NA NA NA NA NA NA 346 559 0 NA NA NA NA NA NA 290 1299 314 NA NA NA NA NA NA 305 1387 341 NA NA NA NA NA 
1733263200.0 1328.0 NA 211 377 0 NA NA NA NA NA NA 352 577 0 NA NA NA NA NA NA 305 1391 330 NA NA NA NA NA NA 325 1399 377 NA NA NA NA NA 
1733263200.0 1329.0 NA 204 365 0 154 NA NA NA NA NA 339 570 0 249 NA NA NA NA NA 294 1252 326 348 NA NA NA NA NA 334 1220 370 406 NA NA NA NA 
1733263200.0 133.0 157 171 354 NA NA NA NA NA NA 277 243 506 NA NA NA NA NA NA 1885 304 1432 NA NA NA NA NA NA 924 318 1342 NA NA NA NA NA NA 
1733263200.0 1330.0 NA 220 396 0 146 NA NA NA NA NA 336 587 0 237 NA NA NA NA NA 273 1323 324 367 NA NA NA NA NA 238 1337 368 465 NA NA NA NA 
1733263200.0 1331.0 NA 207 368 0 141 NA NA NA NA NA 340 543 0 240 NA NA NA NA NA 265 1166 316 411 NA NA NA NA NA 239 1091 352 517 NA NA NA NA 
1733263200.0 1332.0 NA 199 378 0 NA NA NA NA NA NA 337 558 0 NA NA NA NA NA NA 290 1362 308 NA NA NA NA NA NA 285 1395 343 NA NA NA NA NA 
1733263200.0 1333.0 NA 209 391 0 NA NA NA NA NA NA 336 540 0 NA NA NA NA NA NA 247 1109 276 NA NA NA NA NA NA 205 1237 290 NA NA NA NA NA 
1733263200.0 1334.0 NA 202 382 0 NA NA NA NA NA NA 323 560 0 NA NA NA NA NA NA 289 1253 334 NA NA NA NA NA NA 315 1184 400 NA NA NA NA NA 
1733263200.0 1335.0 NA 198 381 0 NA NA NA NA NA NA 338 545 0 NA NA NA NA NA NA 300 1267 301 NA NA NA NA NA NA 354 1291 323 NA NA NA NA NA 
1733263200.0 1336.0 NA 221 387 0 NA NA NA NA NA NA 334 577 0 NA NA NA NA NA NA 291 1998 324 NA NA NA NA NA NA 260 1484 367 NA NA NA NA NA 
1733263200.0 1337.0 NA 212 382 0 NA NA NA NA NA NA 347 589 0 NA NA NA NA NA NA 328 1682 345 NA NA NA NA NA NA 295 1364 431 NA NA NA NA NA 
1733263200.0 1338.0 NA 207 378 0 154 NA NA NA NA NA 343 545 0 241 NA NA NA NA NA 296 1347 332 387 NA NA NA NA NA 295 1328 382 517 NA NA NA NA 
1733263200.0 1339.0 NA 209 400 0 NA NA NA NA NA NA 338 568 0 NA NA NA NA NA NA 319 1447 312 NA NA NA NA NA NA 323 1205 346 NA NA NA NA NA 
1733263200.0 134.0 NA 398 74 0 NA NA NA NA NA NA 532 138 0 NA NA NA NA NA NA 2054 105 49 NA NA NA NA NA NA 1242 117 62 NA NA NA NA NA 
1733263200.0 134.701 NA 86 381 0 NA NA NA NA NA NA 179 581 0 NA NA NA NA NA NA 128 3056 295 NA NA NA NA NA NA 136 1672 336 NA NA NA NA NA 
1733263200.0 134.702 NA 87 388 0 NA NA NA NA NA NA 174 544 0 NA NA NA NA NA NA 125 3984 276 NA NA NA NA NA NA 119 2024 340 NA NA NA NA NA 
1733263200.0 134.703 NA 84 388 0 NA NA NA NA NA NA 177 594 0 NA NA NA NA NA NA 125 3961 275 NA NA NA NA NA NA 123 1872 310 NA NA NA NA NA 
1733263200.0 134.704 NA 87 392 0 NA NA NA NA NA NA 177 581 0 NA NA NA NA NA NA 124 3749 266 NA NA NA NA NA NA 120 1942 307 NA NA NA NA NA 
1733263200.0 134.705 NA 83 401 0 NA NA NA NA NA NA 176 575 0 NA NA NA NA NA NA 131 4090 291 NA NA NA NA NA NA 131 1942 322 NA NA NA NA NA 
1733263200.0 134.706 NA 90 398 0 NA NA NA NA NA NA 179 573 0 NA NA NA NA NA NA 127 4172 297 NA NA NA NA NA NA 127 1944 324 NA NA NA NA NA 
1733263200.0 134.707 NA 89 391 0 NA NA NA NA NA NA 177 562 0 NA NA NA NA NA NA 123 3859 272 NA NA NA NA NA NA 118 1904 319 NA NA NA NA NA 
1733263200.0 134.708 NA 88 391 0 NA NA NA NA NA NA 176 576 0 NA NA NA NA NA NA 119 3582 273 NA NA NA NA NA NA 114 1792 311 NA NA NA NA NA 
1733263200.0 134.709 NA 80 546 0 NA NA NA NA NA NA 177 808 0 NA NA NA NA NA NA 128 3910 272 NA NA NA NA NA NA 124 1922 311 NA NA NA NA NA 
1733263200.0 134.71 NA 85 369 0 NA NA NA NA NA NA 177 547 0 NA NA NA NA NA NA 120 2860 273 NA NA NA NA NA NA 122 1811 309 NA NA NA NA NA 
1733263200.0 134.801 NA 81 383 0 NA NA NA NA NA NA 177 568 0 NA NA NA NA NA NA 127 2827 267 NA NA NA NA NA NA 135 1666 305 NA NA NA NA NA 
1733263200.0 134.802 NA 87 399 0 NA NA NA NA NA NA 177 586 0 NA NA NA NA NA NA 129 4561 266 NA NA NA NA NA NA 119 2034 306 NA NA NA NA NA 
1733263200.0 134.803 NA 87 391 0 NA NA NA NA NA NA 177 580 0 NA NA NA NA NA NA 131 4141 270 NA NA NA NA NA NA 121 1989 313 NA NA NA NA NA 
1733263200.0 134.804 NA 81 393 0 NA NA NA NA NA NA 177 591 0 NA NA NA NA NA NA 144 4653 275 NA NA NA NA NA NA 145 2078 314 NA NA NA NA NA 
1733263200.0 134.805 NA 81 411 0 NA NA NA NA NA NA 174 584 0 NA NA NA NA NA NA 135 4517 274 NA NA NA NA NA NA 131 2059 310 NA NA NA NA NA 
1733263200.0 134.806 NA 83 404 0 NA NA NA NA NA NA 177 588 0 NA NA NA NA NA NA 136 4975 268 NA NA NA NA NA NA 130 2192 304 NA NA NA NA NA 
1733263200.0 134.807 NA 192 441 0 NA NA NA NA NA NA 297 624 0 NA NA NA NA NA NA 363 4758 349 NA NA NA NA NA NA 267 2125 384 NA NA NA NA NA 
1733263200.0 134.808 NA 194 406 0 NA NA NA NA NA NA 290 621 0 NA NA NA NA NA NA 359 5327 344 NA NA NA NA NA NA 249 2535 407 NA NA NA NA NA 
1733263200.0 134.809 NA 88 385 0 NA NA NA NA NA NA 179 573 0 NA NA NA NA NA NA 137 4352 269 NA NA NA NA NA NA 132 2019 310 NA NA NA NA NA 
1733263200.0 134.81 NA 82 396 0 NA NA NA NA NA NA 177 586 0 NA NA NA NA NA NA 144 4216 272 NA NA NA NA NA NA 142 1943 318 NA NA NA NA NA 
1733263200.0 134.811 NA 79 402 0 NA NA NA NA NA NA 177 572 0 NA NA NA NA NA NA 137 4477 268 NA NA NA NA NA NA 126 2011 304 NA NA NA NA NA 
1733263200.0 134.812 NA 76 393 0 NA NA NA NA NA NA 172 550 0 NA NA NA NA NA NA 132 2812 272 NA NA NA NA NA NA 140 1696 303 NA NA NA NA NA 
1733263200.0 134.813 NA 233 116 0 NA NA NA NA NA NA 402 182 0 NA NA NA NA NA NA 800 178 174 NA NA NA NA NA NA 453 184 195 NA NA NA NA NA 
1733263200.0 134.901 NA 80 387 0 NA NA NA NA NA NA 171 576 0 NA NA NA NA NA NA 124 2869 265 NA NA NA NA NA NA 131 1588 302 NA NA NA NA NA 
1733263200.0 134.902 NA 87 389 0 NA NA NA NA NA NA 179 565 0 NA NA NA NA NA NA 124 3676 264 NA NA NA NA NA NA 120 1880 306 NA NA NA NA NA 
1733263200.0 134.903 NA 80 384 0 NA NA NA NA NA NA 182 554 0 NA NA NA NA NA NA 128 3348 278 NA NA NA NA NA NA 129 1814 317 NA NA NA NA NA 
1733263200.0 134.904 NA 80 388 0 NA NA NA NA NA NA 174 576 0 NA NA NA NA NA NA 130 4126 265 NA NA NA NA NA NA 125 1938 304 NA NA NA NA NA 
1733263200.0 134.905 NA 88 382 0 NA NA NA NA NA NA 174 550 0 NA NA NA NA NA NA 132 3302 268 NA NA NA NA NA NA 130 1746 302 NA NA NA NA NA 
1733263200.0 134.906 NA 88 393 0 NA NA NA NA NA NA 174 548 0 NA NA NA NA NA NA 125 3879 265 NA NA NA NA NA NA 120 1958 301 NA NA NA NA NA 
1733263200.0 134.907 NA 175 415 0 NA NA NA NA NA NA 290 602 0 NA NA NA NA NA NA 332 3691 282 NA NA NA NA NA NA 257 1856 310 NA NA NA NA NA 
1733263200.0 134.908 NA 150 408 0 NA NA NA NA NA NA 296 592 0 NA NA NA NA NA NA 356 3715 284 NA NA NA NA NA NA 268 1835 323 NA NA NA NA NA 
1733263200.0 134.909 NA 87 386 0 NA NA NA NA NA NA 174 543 0 NA NA NA NA NA NA 130 3618 261 NA NA NA NA NA NA 124 1962 295 NA NA NA NA NA 
1733263200.0 134.91 NA 87 384 0 NA NA NA NA NA NA 183 562 0 NA NA NA NA NA NA 122 3275 281 NA NA NA NA NA NA 118 1806 337 NA NA NA NA NA 
1733263200.0 134.911 NA 88 391 0 NA NA NA NA NA NA 177 565 0 NA NA NA NA NA NA 126 3410 276 NA NA NA NA NA NA 120 1779 321 NA NA NA NA NA 
1733263200.0 134.912 NA 84 374 0 NA NA NA NA NA NA 171 550 0 NA NA NA NA NA NA 119 2635 285 NA NA NA NA NA NA 117 1573 325 NA NA NA NA NA 
1733263200.0 134.99601 NA 87 389 0 NA NA NA NA NA NA 177 586 0 NA NA NA NA NA NA 133 5456 269 NA NA NA NA NA NA 123 2304 307 NA NA NA NA NA 
1733263200.0 134.99602 NA 87 386 0 NA NA NA NA NA NA 180 562 0 NA NA NA NA NA NA 133 3043 267 NA NA NA NA NA NA 130 1665 301 NA NA NA NA NA 
1733263200.0 134.99603 NA 80 385 0 NA NA NA NA NA NA 174 584 0 NA NA NA NA NA NA 141 4166 274 NA NA NA NA NA NA 132 1966 324 NA NA NA NA NA 
1733263200.0 134.99901 NA 78 385 0 NA NA NA NA NA NA 177 539 0 NA NA NA NA NA NA 131 3249 275 NA NA NA NA NA NA 126 1751 309 NA NA NA NA NA 
1733263200.0 1340.0 NA 211 390 0 NA NA NA NA NA NA 339 551 0 NA NA NA NA NA NA 251 1106 277 NA NA NA NA NA NA 205 1107 287 NA NA NA NA NA 
1733263200.0 1341.0 NA 225 400 0 NA NA NA NA NA NA 353 558 0 NA NA NA NA NA NA 314 1723 333 NA NA NA NA NA NA 309 1449 378 NA NA NA NA NA 
1733263200.0 1343.0 NA 216 402 0 NA NA NA NA NA NA 351 567 0 NA NA NA NA NA NA 264 1229 312 NA NA NA NA NA NA 201 1268 361 NA NA NA NA NA 
1733263200.0 13434.0 NA 719 0 NA NA NA NA NA NA NA 1039 0 NA NA NA NA NA NA NA 9878 264 NA NA NA NA NA NA NA 3588 297 NA NA NA NA NA NA 
1733263200.0 1344.0 NA 213 373 0 NA NA NA NA NA NA 332 571 0 NA NA NA NA NA NA 279 1378 340 NA NA NA NA NA NA 290 1337 393 NA NA NA NA NA 
1733263200.0 1345.0 NA 211 382 0 NA NA NA NA NA NA 333 550 0 NA NA NA NA NA NA 296 1348 311 NA NA NA NA NA NA 308 1270 341 NA NA NA NA NA 
1733263200.0 1347.0 NA 210 385 0 NA NA NA NA NA NA 346 579 0 NA NA NA NA NA NA 304 1337 323 NA NA NA NA NA NA 316 1393 350 NA NA NA NA NA 
1733263200.0 1348.0 NA 210 391 0 NA NA NA NA NA NA 345 579 0 NA NA NA NA NA NA 246 1113 283 NA NA NA NA NA NA 193 1081 295 NA NA NA NA NA 
1733263200.0 1349.0 NA 188 372 0 NA NA NA NA NA NA 341 568 0 NA NA NA NA NA NA 299 1280 341 NA NA NA NA NA NA 326 1287 413 NA NA NA NA NA 
1733263200.0 135.1 415 0 182 159 NA NA NA NA NA 556 0 282 247 NA NA NA NA NA 653 192 450 333 NA NA NA NA NA 508 224 438 395 NA NA NA NA NA 
1733263200.0 135.11 421 0 187 161 NA NA NA NA NA 566 0 296 250 NA NA NA NA NA 753 196 558 318 NA NA NA NA NA 541 241 472 347 NA NA NA NA NA 
1733263200.0 135.12 414 0 181 158 NA NA NA NA NA 559 0 280 238 NA NA NA NA NA 610 194 449 322 NA NA NA NA NA 487 246 611 384 NA NA NA NA NA 
1733263200.0 135.13 415 0 NA NA NA NA NA NA NA 563 0 NA NA NA NA NA NA NA 653 253 NA NA NA NA NA NA NA 486 265 NA NA NA NA NA NA NA 
1733263200.0 135.14 411 0 183 160 NA NA NA NA NA 560 0 282 252 NA NA NA NA NA 646 197 455 320 NA NA NA NA NA 503 233 459 455 NA NA NA NA NA 
1733263200.0 135.2 345 0 188 156 NA NA NA NA NA 494 0 274 249 NA NA NA NA NA 546 164 419 325 NA NA NA NA NA 449 184 459 415 NA NA NA NA NA 
1733263200.0 135.3 345 0 180 157 NA NA NA NA NA 482 0 282 249 NA NA NA NA NA 566 161 431 320 NA NA NA NA NA 473 195 612 397 NA NA NA NA NA 
1733263200.0 135.4 412 0 179 158 NA NA NA NA NA 567 0 276 246 NA NA NA NA NA 604 191 438 328 NA NA NA NA NA 486 207 625 434 NA NA NA NA NA 
1733263200.0 135.5 439 0 183 157 NA NA NA NA NA 572 0 292 247 NA NA NA NA NA 592 186 441 310 NA NA NA NA NA 478 249 483 338 NA NA NA NA NA 
1733263200.0 135.6 367 0 169 144 NA NA NA NA NA 552 0 281 239 NA NA NA NA NA 718 217 557 366 NA NA NA NA NA 664 271 683 449 NA NA NA NA NA 
1733263200.0 135.7 411 0 180 159 NA NA NA NA NA 559 0 268 242 NA NA NA NA NA 597 189 443 319 NA NA NA NA NA 482 247 739 371 NA NA NA NA NA 
1733263200.0 135.8 176 NA NA NA NA NA NA NA NA 274 NA NA NA NA NA NA NA NA 451 NA NA NA NA NA NA NA NA 269 NA NA NA NA NA NA NA NA 
1733263200.0 135.9 414 0 182 157 NA NA NA NA NA 550 0 279 242 NA NA NA NA NA 583 185 422 319 NA NA NA NA NA 486 206 435 394 NA NA NA NA NA 
1733263200.0 1350.0 NA 214 365 0 NA NA NA NA NA NA 336 550 0 NA NA NA NA NA NA 273 1342 322 NA NA NA NA NA NA 257 1391 367 NA NA NA NA NA 
1733263200.0 1351.0 NA 199 373 0 NA NA NA NA NA NA 335 550 0 NA NA NA NA NA NA 292 1287 312 NA NA NA NA NA NA 309 1291 341 NA NA NA NA NA 
1733263200.0 1352.0 NA 210 394 0 NA NA NA NA NA NA 339 548 0 NA NA NA NA NA NA 251 1124 301 NA NA NA NA NA NA 201 1198 408 NA NA NA NA NA 
1733263200.0 1353.0 NA 204 382 0 NA NA NA NA NA NA 337 574 0 NA NA NA NA NA NA 304 1276 338 NA NA NA NA NA NA 324 1182 388 NA NA NA NA NA 
1733263200.0 1354.0 NA 209 382 0 NA NA NA NA NA NA 328 560 0 NA NA NA NA NA NA 286 1303 335 NA NA NA NA NA NA 281 1206 412 NA NA NA NA NA 
1733263200.0 1355.0 NA 219 373 0 NA NA NA NA NA NA 338 568 0 NA NA NA NA NA NA 299 1397 315 NA NA NA NA NA NA 298 1346 348 NA NA NA NA NA 
1733263200.0 1356.0 141 196 417 0 168 NA NA NA NA 261 301 601 0 300 NA NA NA NA 1250 272 1188 336 596 NA NA NA NA 685 244 1099 386 627 NA NA NA NA 
1733263200.0 136.721 NA 157 415 0 NA NA NA NA NA NA 263 624 0 NA NA NA NA NA NA 281 4164 268 NA NA NA NA NA NA 239 1914 307 NA NA NA NA NA 
1733263200.0 136.722 NA 148 407 0 NA NA NA NA NA NA 264 583 0 NA NA NA NA NA NA 284 4790 207 NA NA NA NA NA NA 248 2154 247 NA NA NA NA NA 
1733263200.0 136.723 NA 140 409 0 NA NA NA NA NA NA 272 598 0 NA NA NA NA NA NA 356 4513 268 NA NA NA NA NA NA 309 2016 303 NA NA NA NA NA 
1733263200.0 136.724 NA 155 416 0 NA NA NA NA NA NA 259 598 0 NA NA NA NA NA NA 288 5416 185 NA NA NA NA NA NA 234 2350 219 NA NA NA NA NA 
1733263200.0 136.72411 NA 235 0 NA NA NA NA NA NA NA 379 0 NA NA NA NA NA NA NA 1270 112 NA NA NA NA NA NA NA 818 125 NA NA NA NA NA NA 
1733263200.0 136.72412 NA 260 0 NA NA NA NA NA NA NA 400 0 NA NA NA NA NA NA NA 1414 119 NA NA NA NA NA NA NA 946 132 NA NA NA NA NA NA 
1733263200.0 136.725 NA 143 406 0 NA NA NA NA NA NA 264 585 0 NA NA NA NA NA NA 291 4774 189 NA NA NA NA NA NA 248 2181 215 NA NA NA NA NA 
1733263200.0 136.726 NA 157 362 0 NA NA NA NA NA NA 272 543 0 NA NA NA NA NA NA 305 4965 179 NA NA NA NA NA NA 242 2201 210 NA NA NA NA NA 
1733263200.0 136.727 NA 221 425 0 NA NA NA NA NA NA 378 656 0 NA NA NA NA NA NA 498 4857 278 NA NA NA NA NA NA 364 2111 318 NA NA NA NA NA 
1733263200.0 136.728 NA 260 431 0 NA NA NA NA NA NA 392 661 0 NA NA NA NA NA NA 551 5448 280 NA NA NA NA NA NA 352 2447 316 NA NA NA NA NA 
1733263200.0 136.729 NA 142 431 0 NA NA NA NA NA NA 262 626 0 NA NA NA NA NA NA 298 4796 222 NA NA NA NA NA NA 286 2066 258 NA NA NA NA NA 
1733263200.0 136.73 NA 145 432 0 NA NA NA NA NA NA 269 612 0 NA NA NA NA NA NA 328 4780 212 NA NA NA NA NA NA 305 2153 252 NA NA NA NA NA 
1733263200.0 136.731 NA 155 404 0 NA NA NA NA NA NA 259 617 0 NA NA NA NA NA NA 278 5072 208 NA NA NA NA NA NA 235 2334 260 NA NA NA NA NA 
1733263200.0 136.732 NA 146 442 0 NA NA NA NA NA NA 269 630 0 NA NA NA NA NA NA 282 3773 278 NA NA NA NA NA NA 274 1890 319 NA NA NA NA NA 
1733263200.0 136.733 NA 243 123 0 NA NA NA NA NA NA 414 192 0 NA NA NA NA NA NA 677 186 170 NA NA NA NA NA NA 439 216 186 NA NA NA NA NA 
1733263200.0 136.734 NA 147 351 0 NA NA NA NA NA NA 264 563 0 NA NA NA NA NA NA 372 4820 211 NA NA NA NA NA NA 285 2196 252 NA NA NA NA NA 
1733263200.0 136.735 NA 148 347 0 NA NA NA NA NA NA 267 523 0 NA NA NA NA NA NA 347 1904 221 NA NA NA NA NA NA 327 1609 251 NA NA NA NA NA 
1733263200.0 136.736 NA 156 411 0 NA NA NA NA NA NA 265 634 0 NA NA NA NA NA NA 328 6971 286 NA NA NA NA NA NA 241 2661 331 NA NA NA NA NA 
1733263200.0 136.737 NA 154 367 0 NA NA NA NA NA NA 264 643 0 NA NA NA NA NA NA 322 7932 208 NA NA NA NA NA NA 252 3056 247 NA NA NA NA NA 
1733263200.0 136.738 NA 154 421 0 NA NA NA NA NA NA 263 642 0 NA NA NA NA NA NA 393 7704 301 NA NA NA NA NA NA 281 2986 386 NA NA NA NA NA 
1733263200.0 136.739 NA 156 392 0 NA NA NA NA NA NA 263 662 0 NA NA NA NA NA NA 364 8891 186 NA NA NA NA NA NA 297 3352 217 NA NA NA NA NA 
1733263200.0 136.74 NA 154 410 0 NA NA NA NA NA NA 268 646 0 NA NA NA NA NA NA 365 7810 206 NA NA NA NA NA NA 294 3088 259 NA NA NA NA NA 
1733263200.0 136.741 NA 154 368 0 NA NA NA NA NA NA 256 577 0 NA NA NA NA NA NA 376 7849 195 NA NA NA NA NA NA 264 3113 256 NA NA NA NA NA 
1733263200.0 136.742 NA 155 421 0 NA NA NA NA NA NA 259 642 0 NA NA NA NA NA NA 324 7202 254 NA NA NA NA NA NA 246 2649 315 NA NA NA NA NA 
1733263200.0 136.743 NA 155 448 0 NA NA NA NA NA NA 263 663 0 NA NA NA NA NA NA 351 7173 247 NA NA NA NA NA NA 245 2826 305 NA NA NA NA NA 
1733263200.0 136.744 NA 139 400 0 NA NA NA NA NA NA 267 620 0 NA NA NA NA NA NA 400 7793 207 NA NA NA NA NA NA 402 3036 252 NA NA NA NA NA 
1733263200.0 136.745 NA 156 441 0 NA NA NA NA NA NA 264 670 0 NA NA NA NA NA NA 300 5824 286 NA NA NA NA NA NA 227 2503 325 NA NA NA NA NA 
1733263200.0 136.746 NA 153 381 0 NA NA NA NA NA NA 260 585 0 NA NA NA NA NA NA 439 7214 228 NA NA NA NA NA NA 336 2894 283 NA NA NA NA NA 
1733263200.0 136.747 NA 155 429 0 NA NA NA NA NA NA 269 626 0 NA NA NA NA NA NA 326 6970 288 NA NA NA NA NA NA 278 2550 341 NA NA NA NA NA 
1733263200.0 136.748 NA 155 359 0 NA NA NA NA NA NA 255 596 0 NA NA NA NA NA NA 322 7329 233 NA NA NA NA NA NA 238 2909 289 NA NA NA NA NA 
1733263200.0 136.749 NA 152 425 0 NA NA NA NA NA NA 255 642 0 NA NA NA NA NA NA 398 7918 292 NA NA NA NA NA NA 275 3007 352 NA NA NA NA NA 
1733263200.0 136.75 NA 154 467 0 NA NA NA NA NA NA 263 638 0 NA NA NA NA NA NA 315 9192 166 NA NA NA NA NA NA 198 3260 178 NA NA NA NA NA 
1733263200.0 136.751 NA 152 410 0 NA NA NA NA NA NA 259 646 0 NA NA NA NA NA NA 373 9164 186 NA NA NA NA NA NA 260 3291 215 NA NA NA NA NA 
1733263200.0 136.752 NA 157 380 0 NA NA NA NA NA NA 267 580 0 NA NA NA NA NA NA 359 7729 195 NA NA NA NA NA NA 252 3012 241 NA NA NA NA NA 
1733263200.0 136.753 NA 155 442 0 NA NA NA NA NA NA 259 655 0 NA NA NA NA NA NA 334 7531 224 NA NA NA NA NA NA 257 2874 256 NA NA NA NA NA 
1733263200.0 136.754 NA 162 446 0 NA NA NA NA NA NA 276 642 0 NA NA NA NA NA NA 336 6666 245 NA NA NA NA NA NA 277 2659 292 NA NA NA NA NA 
1733263200.0 136.755 NA 121 458 0 NA NA NA NA NA NA 268 632 0 NA NA NA NA NA NA 314 7722 172 NA NA NA NA NA NA 213 2806 184 NA NA NA NA NA 
1733263200.0 136.756 NA 157 467 0 NA NA NA NA NA NA 269 634 0 NA NA NA NA NA NA 300 5238 267 NA NA NA NA NA NA 248 2243 295 NA NA NA NA NA 
1733263200.0 136.757 NA 156 368 0 NA NA NA NA NA NA 268 576 0 NA NA NA NA NA NA 385 6791 239 NA NA NA NA NA NA 264 2662 293 NA NA NA NA NA 
1733263200.0 136.758 NA 154 443 0 NA NA NA NA NA NA 263 645 0 NA NA NA NA NA NA 346 8433 270 NA NA NA NA NA NA 254 3014 298 NA NA NA NA NA 
1733263200.0 136.759 NA 152 470 0 NA NA NA NA NA NA 259 646 0 NA NA NA NA NA NA 309 9306 176 NA NA NA NA NA NA 214 3242 187 NA NA NA NA NA 
1733263200.0 136.76 NA 154 468 0 NA NA NA NA NA NA 275 684 0 NA NA NA NA NA NA 354 10271 244 NA NA NA NA NA NA 218 3418 257 NA NA NA NA NA 
1733263200.0 136.761 NA 154 473 0 NA NA NA NA NA NA 264 696 0 NA NA NA NA NA NA 355 12412 182 NA NA NA NA NA NA 223 4065 200 NA NA NA NA NA 
1733263200.0 136.7611 NA 245 0 NA NA NA NA NA NA NA 371 0 NA NA NA NA NA NA NA 1523 112 NA NA NA NA NA NA NA 1142 124 NA NA NA NA NA NA 
1733263200.0 136.76111 NA 243 0 NA NA NA NA NA NA NA 379 0 NA NA NA NA NA NA NA 1413 111 NA NA NA NA NA NA NA 959 121 NA NA NA NA NA NA 
1733263200.0 136.762 NA 153 419 0 NA NA NA NA NA NA 263 629 0 NA NA NA NA NA NA 348 13018 178 NA NA NA NA NA NA 233 4209 190 NA NA NA NA NA 
1733263200.0 136.763 NA 154 395 0 NA NA NA NA NA NA 271 608 0 NA NA NA NA NA NA 345 10179 159 NA NA NA NA NA NA 216 3478 169 NA NA NA NA NA 
1733263200.0 136.764 NA 154 485 0 NA NA NA NA NA NA 263 657 0 NA NA NA NA NA NA 307 9975 204 NA NA NA NA NA NA 200 3549 216 NA NA NA NA NA 
1733263200.0 136.765 NA 147 460 0 NA NA NA NA NA NA 259 674 0 NA NA NA NA NA NA 404 8460 224 NA NA NA NA NA NA 308 3076 251 NA NA NA NA NA 
1733263200.0 136.766 NA 120 460 0 NA NA NA NA NA NA 259 646 0 NA NA NA NA NA NA 320 9897 174 NA NA NA NA NA NA 204 3405 186 NA NA NA NA NA 
1733263200.0 136.767 NA 153 452 0 NA NA NA NA NA NA 259 693 0 NA NA NA NA NA NA 352 7401 295 NA NA NA NA NA NA 282 2977 366 NA NA NA NA NA 
1733263200.0 136.768 NA 153 398 0 NA NA NA NA NA NA 263 613 0 NA NA NA NA NA NA 363 9162 186 NA NA NA NA NA NA 223 3203 198 NA NA NA NA NA 
1733263200.0 136.769 NA 157 430 0 NA NA NA NA NA NA 268 645 0 NA NA NA NA NA NA 311 6788 288 NA NA NA NA NA NA 233 2516 338 NA NA NA NA NA 
1733263200.0 136.77 NA 155 388 0 NA NA NA NA NA NA 254 607 0 NA NA NA NA NA NA 326 7535 207 NA NA NA NA NA NA 283 2982 260 NA NA NA NA NA 
1733263200.0 136.771 NA 141 443 0 NA NA NA NA NA NA 269 634 0 NA NA NA NA NA NA 427 6905 300 NA NA NA NA NA NA 455 2762 385 NA NA NA NA NA 
1733263200.0 136.772 NA 155 432 0 NA NA NA NA NA NA 263 647 0 NA NA NA NA NA NA 311 8348 190 NA NA NA NA NA NA 246 3113 231 NA NA NA NA NA 
1733263200.0 136.7721 NA 241 0 NA NA NA NA NA NA NA 371 0 NA NA NA NA NA NA NA 1374 116 NA NA NA NA NA NA NA 824 128 NA NA NA NA NA NA 
1733263200.0 136.77211 NA 236 0 NA NA NA NA NA NA NA 382 0 NA NA NA NA NA NA NA 1405 127 NA NA NA NA NA NA NA 837 142 NA NA NA NA NA NA 
1733263200.0 136.773 NA 156 374 0 NA NA NA NA NA NA 263 619 0 NA NA NA NA NA NA 322 7043 216 NA NA NA NA NA NA 232 2729 273 NA NA NA NA NA 
1733263200.0 136.774 NA 156 385 0 NA NA NA NA NA NA 258 578 0 NA NA NA NA NA NA 370 7515 199 NA NA NA NA NA NA 301 2925 252 NA NA NA NA NA 
1733263200.0 136.775 NA 155 416 0 NA NA NA NA NA NA 258 645 0 NA NA NA NA NA NA 299 7029 250 NA NA NA NA NA NA 220 2797 299 NA NA NA NA NA 
1733263200.0 136.776 NA 157 417 0 NA NA NA NA NA NA 259 677 0 NA NA NA NA NA NA 323 6817 239 NA NA NA NA NA NA 253 2797 281 NA NA NA NA NA 
1733263200.0 136.777 NA 140 378 0 NA NA NA NA NA NA 259 651 0 NA NA NA NA NA NA 378 7860 221 NA NA NA NA NA NA 423 3134 286 NA NA NA NA NA 
1733263200.0 136.778 NA 149 466 0 NA NA NA NA NA NA 269 646 0 NA NA NA NA NA NA 286 4673 273 NA NA NA NA NA NA 229 2106 303 NA NA NA NA NA 
1733263200.0 136.779 NA 156 366 0 NA NA NA NA NA NA 259 584 0 NA NA NA NA NA NA 361 6963 234 NA NA NA NA NA NA 258 2873 327 NA NA NA NA NA 
1733263200.0 136.78 NA 177 553 0 NA NA NA NA NA NA 289 772 0 NA NA NA NA NA NA 284 8430 278 NA NA NA NA NA NA 195 3046 291 NA NA NA NA NA 
1733263200.0 136.7801 NA 178 0 NA NA NA NA NA NA NA 272 0 NA NA NA NA NA NA NA 370 140 NA NA NA NA NA NA NA 356 154 NA NA NA NA NA NA 
1733263200.0 136.7802 NA 113 0 NA NA NA NA NA NA NA 205 0 NA NA NA NA NA NA NA 227 134 NA NA NA NA NA NA NA 255 153 NA NA NA NA NA NA 
1733263200.0 136.7803 NA 183 0 NA NA NA NA NA NA NA 306 0 NA NA NA NA NA NA NA 455 138 NA NA NA NA NA NA NA 577 153 NA NA NA NA NA NA 
1733263200.0 136.781 NA 175 484 0 NA NA NA NA NA NA 284 708 0 NA NA NA NA NA NA 275 8593 218 NA NA NA NA NA NA 207 3119 228 NA NA NA NA NA 
1733263200.0 136.782 NA 174 588 0 NA NA NA NA NA NA 292 769 0 NA NA NA NA NA NA 360 8975 283 NA NA NA NA NA NA 244 3100 294 NA NA NA NA NA 
1733263200.0 136.783 NA 175 549 0 NA NA NA NA NA NA 290 718 0 NA NA NA NA NA NA 311 11443 221 NA NA NA NA NA NA 214 3957 232 NA NA NA NA NA 
1733263200.0 136.784 NA 169 421 0 NA NA NA NA NA NA 297 666 0 NA NA NA NA NA NA 335 8686 236 NA NA NA NA NA NA 297 3439 267 NA NA NA NA NA 
1733263200.0 136.785 NA 176 480 0 NA NA NA NA NA NA 291 666 0 NA NA NA NA NA NA 333 9166 200 NA NA NA NA NA NA 226 3243 211 NA NA NA NA NA 
1733263200.0 136.786 NA 176 587 0 NA NA NA NA NA NA 300 788 0 NA NA NA NA NA NA 271 9072 238 NA NA NA NA NA NA 197 3160 250 NA NA NA NA NA 
1733263200.0 136.787 NA 175 652 0 NA NA NA NA NA NA 279 831 0 NA NA NA NA NA NA 302 8606 242 NA NA NA NA NA NA 206 3214 252 NA NA NA NA NA 
1733263200.0 136.788 NA 176 578 0 NA NA NA NA NA NA 294 732 0 NA NA NA NA NA NA 283 10008 218 NA NA NA NA NA NA 198 3398 242 NA NA NA NA NA 
1733263200.0 136.789 NA 168 563 0 NA NA NA NA NA NA 280 841 0 NA NA NA NA NA NA 328 7965 314 NA NA NA NA NA NA 283 3039 347 NA NA NA NA NA 
1733263200.0 136.79 NA 181 382 0 NA NA NA NA NA NA 290 644 0 NA NA NA NA NA NA 349 5566 270 NA NA NA NA NA NA 284 2541 330 NA NA NA NA NA 
1733263200.0 136.791 NA 167 417 0 NA NA NA NA NA NA 288 648 0 NA NA NA NA NA NA 336 1994 284 NA NA NA NA NA NA 328 1560 335 NA NA NA NA NA 
1733263200.0 136.792 NA 180 485 0 NA NA NA NA NA NA 300 764 0 NA NA NA NA NA NA 303 7005 314 NA NA NA NA NA NA 235 2677 351 NA NA NA NA NA 
1733263200.0 136.793 NA 178 431 0 NA NA NA NA NA NA 295 684 0 NA NA NA NA NA NA 303 7124 253 NA NA NA NA NA NA 254 2967 307 NA NA NA NA NA 
1733263200.0 136.794 NA 177 499 0 NA NA NA NA NA NA 290 745 0 NA NA NA NA NA NA 374 7756 308 NA NA NA NA NA NA 285 3033 351 NA NA NA NA NA 
1733263200.0 136.795 NA 168 453 0 NA NA NA NA NA NA 285 701 0 NA NA NA NA NA NA 324 8493 233 NA NA NA NA NA NA 291 3285 263 NA NA NA NA NA 
1733263200.0 136.796 NA 179 433 0 NA NA NA NA NA NA 291 663 0 NA NA NA NA NA NA 304 6988 250 NA NA NA NA NA NA 270 2837 302 NA NA NA NA NA 
1733263200.0 136.797 NA 165 426 0 NA NA NA NA NA NA 292 665 0 NA NA NA NA NA NA 394 7774 226 NA NA NA NA NA NA 352 3026 254 NA NA NA NA NA 
1733263200.0 136.798 NA 162 497 0 NA NA NA NA NA NA 290 787 0 NA NA NA NA NA NA 355 7766 283 NA NA NA NA NA NA 388 3136 337 NA NA NA NA NA 
1733263200.0 136.799 NA 171 566 0 NA NA NA NA NA NA 290 842 0 NA NA NA NA NA NA 364 7802 271 NA NA NA NA NA NA 274 3234 298 NA NA NA NA NA 
1733263200.0 136.8 NA 179 523 0 NA NA NA NA NA NA 294 710 0 NA NA NA NA NA NA 273 7775 218 NA NA NA NA NA NA 195 2967 229 NA NA NA NA NA 
1733263200.0 136.801 NA 179 539 0 NA NA NA NA NA NA 283 787 0 NA NA NA NA NA NA 260 5578 336 NA NA NA NA NA NA 228 2548 399 NA NA NA NA NA 
1733263200.0 136.802 NA 174 428 0 NA NA NA NA NA NA 291 657 0 NA NA NA NA NA NA 371 6595 261 NA NA NA NA NA NA 295 2726 320 NA NA NA NA NA 
1733263200.0 136.803 NA 164 423 0 NA NA NA NA NA NA 286 624 0 NA NA NA NA NA NA 325 1930 282 NA NA NA NA NA NA 321 1519 343 NA NA NA NA NA 
1733263200.0 136.804 NA 178 498 0 NA NA NA NA NA NA 285 768 0 NA NA NA NA NA NA 319 7430 321 NA NA NA NA NA NA 286 2992 382 NA NA NA NA NA 
1733263200.0 136.805 NA 178 418 0 NA NA NA NA NA NA 285 694 0 NA NA NA NA NA NA 306 7843 251 NA NA NA NA NA NA 253 3079 300 NA NA NA NA NA 
1733263200.0 136.806 NA 173 518 0 NA NA NA NA NA NA 288 764 0 NA NA NA NA NA NA 412 7134 320 NA NA NA NA NA NA 358 2829 380 NA NA NA NA NA 
1733263200.0 136.807 NA 179 461 0 NA NA NA NA NA NA 296 714 0 NA NA NA NA NA NA 310 8616 233 NA NA NA NA NA NA 280 3276 265 NA NA NA NA NA 
1733263200.0 136.808 NA 171 415 0 NA NA NA NA NA NA 283 712 0 NA NA NA NA NA NA 336 7527 262 NA NA NA NA NA NA 318 3063 347 NA NA NA NA NA 
1733263200.0 136.809 NA 180 417 0 NA NA NA NA NA NA 291 649 0 NA NA NA NA NA NA 340 7409 235 NA NA NA NA NA NA 250 2941 295 NA NA NA NA NA 
1733263200.0 136.81 NA 178 495 0 NA NA NA NA NA NA 292 752 0 NA NA NA NA NA NA 307 7379 273 NA NA NA NA NA NA 271 2949 320 NA NA NA NA NA 
1733263200.0 136.811 NA 165 559 0 NA NA NA NA NA NA 292 842 0 NA NA NA NA NA NA 363 7662 269 NA NA NA NA NA NA 319 3145 300 NA NA NA NA NA 
1733263200.0 136.812 NA 178 519 0 NA NA NA NA NA NA 299 710 0 NA NA NA NA NA NA 274 8161 224 NA NA NA NA NA NA 197 3017 245 NA NA NA NA NA 
1733263200.0 136.813 NA 171 530 0 NA NA NA NA NA NA 285 819 0 NA NA NA NA NA NA 279 5578 338 NA NA NA NA NA NA 247 2523 392 NA NA NA NA NA 
1733263200.0 136.814 NA 179 419 0 NA NA NA NA NA NA 290 665 0 NA NA NA NA NA NA 371 6991 269 NA NA NA NA NA NA 283 2852 326 NA NA NA NA NA 
1733263200.0 136.815 NA 168 415 0 NA NA NA NA NA NA 299 629 0 NA NA NA NA NA NA 325 2163 271 NA NA NA NA NA NA 330 1721 308 NA NA NA NA NA 
1733263200.0 136.816 NA 178 581 0 NA NA NA NA NA NA 299 807 0 NA NA NA NA NA NA 290 10123 297 NA NA NA NA NA NA 204 3417 326 NA NA NA NA NA 
1733263200.0 136.817 NA 177 561 0 NA NA NA NA NA NA 280 726 0 NA NA NA NA NA NA 275 9074 217 NA NA NA NA NA NA 200 3258 226 NA NA NA NA NA 
1733263200.0 136.818 NA 177 574 0 NA NA NA NA NA NA 287 772 0 NA NA NA NA NA NA 328 9487 300 NA NA NA NA NA NA 211 3354 387 NA NA NA NA NA 
1733263200.0 136.819 NA 176 519 0 NA NA NA NA NA NA 295 747 0 NA NA NA NA NA NA 316 11740 217 NA NA NA NA NA NA 220 3998 228 NA NA NA NA NA 
1733263200.0 136.82 NA 176 456 0 NA NA NA NA NA NA 284 715 0 NA NA NA NA NA NA 293 10161 216 NA NA NA NA NA NA 207 3447 231 NA NA NA NA NA 
1733263200.0 136.821 NA 177 470 0 NA NA NA NA NA NA 284 662 0 NA NA NA NA NA NA 314 9213 206 NA NA NA NA NA NA 209 3426 218 NA NA NA NA NA 
1733263200.0 136.822 NA 178 522 0 NA NA NA NA NA NA 291 745 0 NA NA NA NA NA NA 307 9343 275 NA NA NA NA NA NA 259 3342 314 NA NA NA NA NA 
1733263200.0 136.823 NA 177 652 0 NA NA NA NA NA NA 285 860 0 NA NA NA NA NA NA 299 8924 244 NA NA NA NA NA NA 199 3428 255 NA NA NA NA NA 
1733263200.0 136.824 NA 178 515 0 NA NA NA NA NA NA 294 758 0 NA NA NA NA NA NA 303 12035 229 NA NA NA NA NA NA 208 4057 242 NA NA NA NA NA 
1733263200.0 136.825 NA 179 558 0 NA NA NA NA NA NA 290 803 0 NA NA NA NA NA NA 268 6693 324 NA NA NA NA NA NA 224 2750 367 NA NA NA NA NA 
1733263200.0 136.826 NA 176 462 0 NA NA NA NA NA NA 287 680 0 NA NA NA NA NA NA 340 8991 225 NA NA NA NA NA NA 229 3204 236 NA NA NA NA NA 
1733263200.0 136.827 NA 167 426 0 NA NA NA NA NA NA 286 652 0 NA NA NA NA NA NA 301 2063 275 NA NA NA NA NA NA 288 1545 318 NA NA NA NA NA 
1733263200.0 136.828 NA 178 560 0 NA NA NA NA NA NA 290 795 0 NA NA NA NA NA NA 333 10680 273 NA NA NA NA NA NA 260 3486 287 NA NA NA NA NA 
1733263200.0 136.829 NA 177 532 0 NA NA NA NA NA NA 291 756 0 NA NA NA NA NA NA 285 10565 225 NA NA NA NA NA NA 199 3548 237 NA NA NA NA NA 
1733263200.0 136.83 NA 176 598 0 NA NA NA NA NA NA 291 772 0 NA NA NA NA NA NA 346 10393 295 NA NA NA NA NA NA 222 3404 335 NA NA NA NA NA 
1733263200.0 136.831 NA 177 530 0 NA NA NA NA NA NA 294 776 0 NA NA NA NA NA NA 316 12132 222 NA NA NA NA NA NA 215 4415 235 NA NA NA NA NA 
1733263200.0 136.8311 NA 242 0 NA NA NA NA NA NA NA 374 0 NA NA NA NA NA NA NA 1406 116 NA NA NA NA NA NA NA 810 129 NA NA NA NA NA NA 
1733263200.0 136.83111 NA 248 0 NA NA NA NA NA NA NA 381 0 NA NA NA NA NA NA NA 1435 123 NA NA NA NA NA NA NA 824 139 NA NA NA NA NA NA 
1733263200.0 136.832 NA 178 549 0 NA NA NA NA NA NA 293 744 0 NA NA NA NA NA NA 306 13072 226 NA NA NA NA NA NA 220 4286 262 NA NA NA NA NA 
1733263200.0 136.833 NA 178 443 0 NA NA NA NA NA NA 290 686 0 NA NA NA NA NA NA 345 10961 202 NA NA NA NA NA NA 268 3647 218 NA NA NA NA NA 
1733263200.0 136.834 NA 177 650 0 NA NA NA NA NA NA 300 808 0 NA NA NA NA NA NA 287 10339 248 NA NA NA NA NA NA 200 3378 259 NA NA NA NA NA 
1733263200.0 136.835 NA 178 622 0 NA NA NA NA NA NA 300 876 0 NA NA NA NA NA NA 323 9596 245 NA NA NA NA NA NA 215 3372 257 NA NA NA NA NA 
1733263200.0 136.836 NA 177 514 0 NA NA NA NA NA NA 284 732 0 NA NA NA NA NA NA 323 11960 227 NA NA NA NA NA NA 221 4104 245 NA NA NA NA NA 
1733263200.0 136.837 NA 178 565 0 NA NA NA NA NA NA 285 838 0 NA NA NA NA NA NA 301 8475 327 NA NA NA NA NA NA 254 3167 413 NA NA NA NA NA 
1733263200.0 136.838 NA 144 474 0 NA NA NA NA NA NA 283 683 0 NA NA NA NA NA NA 370 9974 225 NA NA NA NA NA NA 252 3560 239 NA NA NA NA NA 
1733263200.0 136.839 NA 183 416 0 NA NA NA NA NA NA 304 652 0 NA NA NA NA NA NA 276 2207 274 NA NA NA NA NA NA 230 1726 318 NA NA NA NA NA 
1733263200.0 136.8391 NA 222 584 0 NA NA NA NA NA NA 347 849 0 NA NA NA NA NA NA 684 9126 255 NA NA NA NA NA NA 609 3155 267 NA NA NA NA NA 
1733263200.0 136.84 NA 179 469 0 NA NA NA NA NA NA 295 652 0 NA NA NA NA NA NA 284 8929 201 NA NA NA NA NA NA 194 3327 226 NA NA NA NA NA 
1733263200.0 136.841 NA 179 460 0 NA NA NA NA NA NA 294 663 0 NA NA NA NA NA NA 283 9070 206 NA NA NA NA NA NA 212 3488 220 NA NA NA NA NA 
1733263200.0 136.842 NA 177 478 0 NA NA NA NA NA NA 289 691 0 NA NA NA NA NA NA 320 12012 212 NA NA NA NA NA NA 222 4007 224 NA NA NA NA NA 
1733263200.0 136.843 NA 176 476 0 NA NA NA NA NA NA 295 705 0 NA NA NA NA NA NA 326 14057 204 NA NA NA NA NA NA 265 4541 236 NA NA NA NA NA 
1733263200.0 136.844 NA 176 488 0 NA NA NA NA NA NA 295 650 0 NA NA NA NA NA NA 351 7358 201 NA NA NA NA NA NA 241 2720 216 NA NA NA NA NA 
1733263200.0 136.845 NA 178 422 0 NA NA NA NA NA NA 290 656 0 NA NA NA NA NA NA 367 6774 243 NA NA NA NA NA NA 296 2838 309 NA NA NA NA NA 
1733263200.0 136.846 NA 179 417 0 NA NA NA NA NA NA 294 630 0 NA NA NA NA NA NA 372 6483 228 NA NA NA NA NA NA 304 2756 281 NA NA NA NA NA 
1733263200.0 136.847 NA 167 491 0 NA NA NA NA NA NA 282 667 0 NA NA NA NA NA NA 354 9137 194 NA NA NA NA NA NA 237 3322 207 NA NA NA NA NA 
1733263200.0 136.848 NA 178 479 0 NA NA NA NA NA NA 295 687 0 NA NA NA NA NA NA 355 10505 199 NA NA NA NA NA NA 225 3544 212 NA NA NA NA NA 
1733263200.0 136.849 NA 179 500 0 NA NA NA NA NA NA 292 745 0 NA NA NA NA NA NA 266 6967 329 NA NA NA NA NA NA 221 2652 384 NA NA NA NA NA 
1733263200.0 136.85 NA 169 456 0 NA NA NA NA NA NA 276 752 0 NA NA NA NA NA NA 305 7845 242 NA NA NA NA NA NA 255 3199 272 NA NA NA NA NA 
1733263200.0 136.8501 NA 176 485 0 NA NA NA NA NA NA 280 657 0 NA NA NA NA NA NA 257 7589 194 NA NA NA NA NA NA 197 2825 207 NA NA NA NA NA 
1733263200.0 136.851 NA 177 496 0 NA NA NA NA NA NA 280 774 0 NA NA NA NA NA NA 358 7742 327 NA NA NA NA NA NA 284 2991 386 NA NA NA NA NA 
1733263200.0 136.852 NA 176 525 0 NA NA NA NA NA NA 280 734 0 NA NA NA NA NA NA 267 8822 209 NA NA NA NA NA NA 195 3232 221 NA NA NA NA NA 
1733263200.0 136.853 NA 162 453 0 NA NA NA NA NA NA 285 700 0 NA NA NA NA NA NA 345 7528 253 NA NA NA NA NA NA 404 3133 325 NA NA NA NA NA 
1733263200.0 136.854 NA 176 469 0 NA NA NA NA NA NA 291 657 0 NA NA NA NA NA NA 289 7727 200 NA NA NA NA NA NA 202 2961 211 NA NA NA NA NA 
1733263200.0 136.855 NA 163 564 0 NA NA NA NA NA NA 281 823 0 NA NA NA NA NA NA 349 7457 262 NA NA NA NA NA NA 316 3051 287 NA NA NA NA NA 
1733263200.0 136.856 NA 178 577 0 NA NA NA NA NA NA 285 850 0 NA NA NA NA NA NA 260 5834 333 NA NA NA NA NA NA 238 2878 395 NA NA NA NA NA 
1733263200.0 136.8561 NA 155 401 0 NA NA NA NA NA NA 285 628 0 NA NA NA NA NA NA 220 1735 281 NA NA NA NA NA NA 268 1491 309 NA NA NA NA NA 
1733263200.0 136.8562 NA 158 414 0 NA NA NA NA NA NA 268 629 0 NA NA NA NA NA NA 204 1484 280 NA NA NA NA NA NA 259 1276 306 NA NA NA NA NA 
1733263200.0 136.857 NA 164 411 0 NA NA NA NA NA NA 286 644 0 NA NA NA NA NA NA 426 7480 266 NA NA NA NA NA NA 465 3128 320 NA NA NA NA NA 
1733263200.0 136.858 NA 172 408 0 NA NA NA NA NA NA 295 652 0 NA NA NA NA NA NA 294 2135 273 NA NA NA NA NA NA 275 1676 313 NA NA NA NA NA 
1733263200.0 136.859 NA 179 507 0 NA NA NA NA NA NA 296 657 0 NA NA NA NA NA NA 270 9791 198 NA NA NA NA NA NA 195 3400 216 NA NA NA NA NA 
1733263200.0 136.86 NA 165 378 0 NA NA NA NA NA NA 295 640 0 NA NA NA NA NA NA 353 7478 235 NA NA NA NA NA NA 302 3062 287 NA NA NA NA NA 
1733263200.0 136.861 NA 177 545 0 NA NA NA NA NA NA 296 760 0 NA NA NA NA NA NA 273 9154 299 NA NA NA NA NA NA 197 3228 342 NA NA NA NA NA 
1733263200.0 136.862 NA 176 530 0 NA NA NA NA NA NA 285 722 0 NA NA NA NA NA NA 264 9957 218 NA NA NA NA NA NA 201 3421 228 NA NA NA NA NA 
1733263200.0 136.863 NA 175 569 0 NA NA NA NA NA NA 294 772 0 NA NA NA NA NA NA 326 9945 281 NA NA NA NA NA NA 221 3382 293 NA NA NA NA NA 
1733263200.0 136.864 NA 177 548 0 NA NA NA NA NA NA 292 776 0 NA NA NA NA NA NA 294 12311 217 NA NA NA NA NA NA 216 4120 232 NA NA NA NA NA 
1733263200.0 136.8642 NA 178 526 0 NA NA NA NA NA NA 295 751 0 NA NA NA NA NA NA 301 12528 218 NA NA NA NA NA NA 247 4191 231 NA NA NA NA NA 
1733263200.0 136.865 NA 177 516 0 NA NA NA NA NA NA 285 738 0 NA NA NA NA NA NA 302 10629 216 NA NA NA NA NA NA 256 3643 227 NA NA NA NA NA 
1733263200.0 136.866 NA 177 485 0 NA NA NA NA NA NA 297 676 0 NA NA NA NA NA NA 301 9611 200 NA NA NA NA NA NA 209 3360 212 NA NA NA NA NA 
1733263200.0 136.867 NA 177 650 0 NA NA NA NA NA NA 293 873 0 NA NA NA NA NA NA 320 9405 248 NA NA NA NA NA NA 264 3347 262 NA NA NA NA NA 
1733263200.0 136.868 NA 176 657 0 NA NA NA NA NA NA 291 861 0 NA NA NA NA NA NA 259 8138 288 NA NA NA NA NA NA 196 3254 300 NA NA NA NA NA 
1733263200.0 136.869 NA 181 473 0 NA NA NA NA NA NA 285 703 0 NA NA NA NA NA NA 363 10366 228 NA NA NA NA NA NA 245 3627 242 NA NA NA NA NA 
1733263200.0 136.87 NA 170 419 0 NA NA NA NA NA NA 303 640 0 NA NA NA NA NA NA 343 2254 279 NA NA NA NA NA NA 361 1726 327 NA NA NA NA NA 
1733263200.0 136.871 NA 177 495 0 NA NA NA NA NA NA 295 699 0 NA NA NA NA NA NA 297 13799 218 NA NA NA NA NA NA 215 4543 249 NA NA NA NA NA 
1733263200.0 136.872 NA 176 495 0 NA NA NA NA NA NA 295 670 0 NA NA NA NA NA NA 324 9705 206 NA NA NA NA NA NA 219 3596 225 NA NA NA NA NA 
1733263200.0 136.873 NA 178 515 0 NA NA NA NA NA NA 281 765 0 NA NA NA NA NA NA 310 9012 302 NA NA NA NA NA NA 242 3309 330 NA NA NA NA NA 
1733263200.0 136.874 NA 177 537 0 NA NA NA NA NA NA 295 783 0 NA NA NA NA NA NA 254 9021 215 NA NA NA NA NA NA 195 3309 230 NA NA NA NA NA 
1733263200.0 136.875 NA 173 499 0 NA NA NA NA NA NA 285 761 0 NA NA NA NA NA NA 391 9308 309 NA NA NA NA NA NA 283 3387 344 NA NA NA NA NA 
1733263200.0 136.876 NA 177 527 0 NA NA NA NA NA NA 291 751 0 NA NA NA NA NA NA 294 11415 225 NA NA NA NA NA NA 215 3920 235 NA NA NA NA NA 
1733263200.0 136.877 NA 177 532 0 NA NA NA NA NA NA 295 731 0 NA NA NA NA NA NA 260 8816 206 NA NA NA NA NA NA 196 3199 219 NA NA NA NA NA 
1733263200.0 136.878 NA 176 495 0 NA NA NA NA NA NA 290 683 0 NA NA NA NA NA NA 302 9339 192 NA NA NA NA NA NA 211 3417 206 NA NA NA NA NA 
1733263200.0 136.879 NA 176 681 0 NA NA NA NA NA NA 285 850 0 NA NA NA NA NA NA 290 8602 249 NA NA NA NA NA NA 209 3198 260 NA NA NA NA NA 
1733263200.0 136.88 NA 170 583 0 NA NA NA NA NA NA 281 853 0 NA NA NA NA NA NA 311 7645 324 NA NA NA NA NA NA 265 3323 372 NA NA NA NA NA 
1733263200.0 136.881 NA 176 476 0 NA NA NA NA NA NA 295 671 0 NA NA NA NA NA NA 331 7492 218 NA NA NA NA NA NA 230 2777 231 NA NA NA NA NA 
1733263200.0 136.882 NA 181 465 0 NA NA NA NA NA NA 301 700 0 NA NA NA NA NA NA 316 2609 287 NA NA NA NA NA NA 309 1704 341 NA NA NA NA NA 
1733263200.0 136.883 NA 176 507 0 NA NA NA NA NA NA 284 705 0 NA NA NA NA NA NA 292 12037 207 NA NA NA NA NA NA 208 4057 219 NA NA NA NA NA 
1733263200.0 136.884 NA 176 433 0 NA NA NA NA NA NA 291 653 0 NA NA NA NA NA NA 375 8744 223 NA NA NA NA NA NA 286 3348 253 NA NA NA NA NA 
1733263200.0 136.885 NA 177 604 0 NA NA NA NA NA NA 295 779 0 NA NA NA NA NA NA 278 8840 299 NA NA NA NA NA NA 213 3265 325 NA NA NA NA NA 
1733263200.0 136.8855 NA 177 141 0 NA NA NA NA NA NA 289 281 0 NA NA NA NA NA NA 295 376 123 NA NA NA NA NA NA 217 357 135 NA NA NA NA NA 
1733263200.0 136.886 NA 178 586 0 NA NA NA NA NA NA 291 748 0 NA NA NA NA NA NA 251 9069 219 NA NA NA NA NA NA 197 3309 231 NA NA NA NA NA 
1733263200.0 136.8861 NA 182 524 0 NA NA NA NA NA NA 300 722 0 NA NA NA NA NA NA 281 7884 243 NA NA NA NA NA NA 256 3248 253 NA NA NA NA NA 
1733263200.0 136.8862 NA 179 564 0 NA NA NA NA NA NA 290 741 0 NA NA NA NA NA NA 264 9278 218 NA NA NA NA NA NA 214 3398 229 NA NA NA NA NA 
1733263200.0 136.887 NA 177 518 0 NA NA NA NA NA NA 292 803 0 NA NA NA NA NA NA 357 8783 304 NA NA NA NA NA NA 278 3165 327 NA NA NA NA NA 
1733263200.0 136.888 NA 177 535 0 NA NA NA NA NA NA 287 722 0 NA NA NA NA NA NA 272 10145 214 NA NA NA NA NA NA 195 3462 230 NA NA NA NA NA 
1733263200.0 136.88811 NA 249 0 NA NA NA NA NA NA NA 392 0 NA NA NA NA NA NA NA 1431 117 NA NA NA NA NA NA NA 835 130 NA NA NA NA NA NA 
1733263200.0 136.8885 NA 177 181 0 NA NA NA NA NA NA 280 287 0 NA NA NA NA NA NA 286 391 121 NA NA NA NA NA NA 219 500 169 NA NA NA NA NA 
1733263200.0 136.889 NA 176 565 0 NA NA NA NA NA NA 291 747 0 NA NA NA NA NA NA 263 9631 212 NA NA NA NA NA NA 194 3454 223 NA NA NA NA NA 
1733263200.0 136.89 NA 177 485 0 NA NA NA NA NA NA 289 699 0 NA NA NA NA NA NA 295 8983 200 NA NA NA NA NA NA 203 3362 214 NA NA NA NA NA 
1733263200.0 136.891 NA 176 657 0 NA NA NA NA NA NA 288 850 0 NA NA NA NA NA NA 292 8470 246 NA NA NA NA NA NA 213 3194 255 NA NA NA NA NA 
1733263200.0 136.892 NA 175 664 0 NA NA NA NA NA NA 281 835 0 NA NA NA NA NA NA 246 7873 305 NA NA NA NA NA NA 225 3167 346 NA NA NA NA NA 
1733263200.0 136.893 NA 176 514 0 NA NA NA NA NA NA 295 694 0 NA NA NA NA NA NA 331 8659 226 NA NA NA NA NA NA 231 3297 237 NA NA NA NA NA 
1733263200.0 136.894 NA 180 505 0 NA NA NA NA NA NA 289 726 0 NA NA NA NA NA NA 328 4541 279 NA NA NA NA NA NA 274 2236 323 NA NA NA NA NA 
1733263200.0 136.895 NA 178 482 0 NA NA NA NA NA NA 299 672 0 NA NA NA NA NA NA 297 11171 208 NA NA NA NA NA NA 245 3838 219 NA NA NA NA NA 
1733263200.0 136.896 NA 176 481 0 NA NA NA NA NA NA 290 670 0 NA NA NA NA NA NA 320 7806 197 NA NA NA NA NA NA 244 2915 213 NA NA NA NA NA 
1733263200.0 136.897 NA 386 117 0 NA NA NA NA NA NA 503 184 0 NA NA NA NA NA NA 686 166 224 NA NA NA NA NA NA 418 180 238 NA NA NA NA NA 
1733263200.0 136.898 NA 176 504 0 NA NA NA NA NA NA 285 720 0 NA NA NA NA NA NA 298 8664 200 NA NA NA NA NA NA 204 3124 212 NA NA NA NA NA 
1733263200.0 136.899 NA 300 154 0 NA NA NA NA NA NA 521 269 0 NA NA NA NA NA NA 906 199 234 NA NA NA NA NA NA 514 235 294 NA NA NA NA NA 
1733263200.0 136.9 NA 227 225 327 199 NA NA NA NA NA 407 361 482 276 NA NA NA NA NA 5498 873 1011 688 NA NA NA NA NA 5562 914 1055 723 NA NA NA NA 
1733263200.0 1360.0 0 NA NA NA NA NA NA NA NA 0 NA NA NA NA NA NA NA NA 800 NA NA NA NA NA NA NA NA 427 NA NA NA NA NA NA NA NA 
1733263200.0 1361.0 0 NA NA NA NA NA NA NA NA 0 NA NA NA NA NA NA NA NA 459 NA NA NA NA NA NA NA NA 409 NA NA NA NA NA NA NA NA 
1733263200.0 1361.17 0 NA NA NA NA NA NA NA NA 0 NA NA NA NA NA NA NA NA 472 NA NA NA NA NA NA NA NA 424 NA NA NA NA NA NA NA NA 
1733263200.0 1361.18 0 NA NA NA NA NA NA NA NA 0 NA NA NA NA NA NA NA NA 461 NA NA NA NA NA NA NA NA 417 NA NA NA NA NA NA NA NA 
1733263200.0 1361.181 0 NA NA NA NA NA NA NA NA 0 NA NA NA NA NA NA NA NA 455 NA NA NA NA NA NA NA NA 408 NA NA NA NA NA NA NA NA 
1733263200.0 1362.0 0 NA NA NA NA NA NA NA NA 0 NA NA NA NA NA NA NA NA 467 NA NA NA NA NA NA NA NA 436 NA NA NA NA NA NA NA NA 
1733263200.0 1362.17 0 NA NA NA NA NA NA NA NA 0 NA NA NA NA NA NA NA NA 470 NA NA NA NA NA NA NA NA 425 NA NA NA NA NA NA NA NA 
1733263200.0 1362.18 0 NA NA NA NA NA NA NA NA 0 NA NA NA NA NA NA NA NA 461 NA NA NA NA NA NA NA NA 406 NA NA NA NA NA NA NA NA 
1733263200.0 1363.0 0 NA NA NA NA NA NA NA NA 0 NA NA NA NA NA NA NA NA 454 NA NA NA NA NA NA NA NA 412 NA NA NA NA NA NA NA NA 
1733263200.0 1363.17 0 NA NA NA NA NA NA NA NA 0 NA NA NA NA NA NA NA NA 467 NA NA NA NA NA NA NA NA 428 NA NA NA NA NA NA NA NA 
1733263200.0 1363.18 0 NA NA NA NA NA NA NA NA 0 NA NA NA NA NA NA NA NA 468 NA NA NA NA NA NA NA NA 422 NA NA NA NA NA NA NA NA 
1733263200.0 1364.0 NA 211 393 0 NA NA NA NA NA NA 340 561 0 NA NA NA NA NA NA 252 1119 280 NA NA NA NA NA NA 205 1105 294 NA NA NA NA NA 
1733263200.0 1365.0 NA 210 375 0 NA NA NA NA NA NA 335 545 0 NA NA NA NA NA NA 291 1332 322 NA NA NA NA NA NA 285 1372 357 NA NA NA NA NA 
1733263200.0 1366.0 NA 218 364 0 NA NA NA NA NA NA 341 545 0 NA NA NA NA NA NA 281 1230 339 NA NA NA NA NA NA 296 1183 391 NA NA NA NA NA 
1733263200.0 137.8 NA 176 604 NA 176 572 0 NA NA NA 291 783 NA 292 738 0 NA NA NA 266 8845 NA 269 8643 262 NA NA NA 203 3190 NA 206 3130 275 NA NA 
1733263200.0 1370.0 54 153 197 368 0 142 NA NA NA 114 265 301 558 0 256 NA NA NA 33 1298 273 1244 336 417 NA NA NA 65 687 237 1167 383 555 NA NA NA 
1733263200.0 1370.17 46 135 282 465 0 156 NA NA NA 114 229 383 656 0 249 NA NA NA 43 1622 1216 1485 404 396 NA NA NA 88 780 590 1555 458 512 NA NA NA 
1733263200.0 1370.18 55 132 271 469 0 158 NA NA NA 114 225 384 662 0 246 NA NA NA 36 1589 1190 1458 403 392 NA NA NA 73 824 637 1464 447 500 NA NA NA 
1733263200.0 138.1 NA 306 143 0 NA NA NA NA NA NA 508 246 0 NA NA NA NA NA NA 733 184 220 NA NA NA NA NA NA 428 189 247 NA NA NA NA NA 
1733263200.0 138.2 NA 299 144 0 NA NA NA NA NA NA 519 244 0 NA NA NA NA NA NA 749 182 210 NA NA NA NA NA NA 436 184 224 NA NA NA NA NA 
1733263200.0 138.3 NA 59 475 0 NA NA NA NA NA NA 154 687 0 NA NA NA NA NA NA 44 28638 265 NA NA NA NA NA NA 183 11638 281 NA NA NA NA NA 
1733263200.0 138.4 NA 393 0 NA NA NA NA NA NA NA 605 0 NA NA NA NA NA NA NA 1046 293 NA NA NA NA NA NA NA 763 356 NA NA NA NA NA NA 
1733263200.0 138.5 NA 424 202 0 NA NA NA NA NA NA 661 313 0 NA NA NA NA NA NA 1257 283 282 NA NA NA NA NA NA 984 316 299 NA NA NA NA NA 
1733263200.0 139.001 NA 169 402 0 NA NA NA NA NA NA 294 663 0 NA NA NA NA NA NA 267 1860 245 NA NA NA NA NA NA 192 1609 288 NA NA NA NA NA 
1733263200.0 139.002 NA 169 484 0 NA NA NA NA NA NA 293 705 0 NA NA NA NA NA NA 261 2040 321 NA NA NA NA NA NA 190 1737 369 NA NA NA NA NA 
1733263200.0 139.003 NA 171 324 0 NA NA NA NA NA NA 287 512 0 NA NA NA NA NA NA 272 1634 154 NA NA NA NA NA NA 210 1555 189 NA NA NA NA NA 
1733263200.0 139.004 NA 166 399 0 NA NA NA NA NA NA 283 615 0 NA NA NA NA NA NA 409 2214 300 NA NA NA NA NA NA 292 1675 355 NA NA NA NA NA 
1733263200.0 139.005 NA 189 120 NA NA NA NA NA NA NA 291 258 NA NA NA NA NA NA NA 11326 8312 NA NA NA NA NA NA NA 3184 2353 NA NA NA NA NA NA 
1733263200.0 139901.0 NA 207 376 0 NA NA NA NA NA NA 329 563 0 NA NA NA NA NA NA 306 1323 316 NA NA NA NA NA NA 359 1318 351 NA NA NA NA NA 
1733263200.0 139902.0 NA 205 393 0 NA NA NA NA NA NA 349 550 0 NA NA NA NA NA NA 310 1318 304 NA NA NA NA NA NA 304 1185 331 NA NA NA NA NA 
1733263200.0 13992501.0 NA 374 585 0 NA NA NA NA NA NA 594 875 0 NA NA NA NA NA NA 1550 2402 359 NA NA NA NA NA NA 807 1679 408 NA NA NA NA NA 
1733263200.0 13992502.0 NA 373 615 0 NA NA NA NA NA NA 626 913 0 NA NA NA NA NA NA 1619 2865 363 NA NA NA NA NA NA 867 1833 416 NA NA NA NA NA 
1733263200.0 14.0 NA 198 374 0 NA NA NA NA NA NA 312 537 0 NA NA NA NA NA NA 1147 3369 376 NA NA NA NA NA NA 500 1714 407 NA NA NA NA NA 
1733263200.0 140.001 NA 173 416 0 NA NA NA NA NA NA 288 666 0 NA NA NA NA NA NA 269 1852 267 NA NA NA NA NA NA 194 1529 294 NA NA NA NA NA 
1733263200.0 140.002 NA 182 426 0 NA NA NA NA NA NA 301 679 0 NA NA NA NA NA NA 447 2399 266 NA NA NA NA NA NA 311 1651 292 NA NA NA NA NA 
1733263200.0 140.003 NA 172 463 0 NA NA NA NA NA NA 290 699 0 NA NA NA NA NA NA 283 1887 269 NA NA NA NA NA NA 204 1550 296 NA NA NA NA NA 
1733263200.0 140.004 NA 0 0 0 NA NA NA NA NA NA 0 0 0 NA NA NA NA NA NA 111 1706 482 NA NA NA NA NA NA 136 1640 539 NA NA NA NA NA 
1733263200.0 140.005 NA 169 438 0 NA NA NA NA NA NA 299 661 0 NA NA NA NA NA NA 301 1976 265 NA NA NA NA NA NA 224 1514 291 NA NA NA NA NA 
1733263200.0 140.006 NA 0 0 0 NA NA NA NA NA NA 0 0 0 NA NA NA NA NA NA 107 1675 473 NA NA NA NA NA NA 130 1588 524 NA NA NA NA NA 
1733263200.0 140.007 NA 156 470 0 NA NA NA NA NA NA 278 655 0 NA NA NA NA NA NA 173 1972 481 NA NA NA NA NA NA 165 1689 534 NA NA NA NA NA 
1733263200.0 140.008 NA 145 403 0 NA NA NA NA NA NA 260 650 0 NA NA NA NA NA NA 127 1858 485 NA NA NA NA NA NA 140 1726 549 NA NA NA NA NA 
1733263200.0 140.009 NA 0 0 0 NA NA NA NA NA NA 0 0 0 NA NA NA NA NA NA 104 1697 486 NA NA NA NA NA NA 128 1613 560 NA NA NA NA NA 
1733263200.0 140.01 NA 180 437 0 NA NA NA NA NA NA 298 679 0 NA NA NA NA NA NA 554 3037 326 NA NA NA NA NA NA 417 1875 374 NA NA NA NA NA 
1733263200.0 140.011 NA 0 0 0 NA NA NA NA NA NA 0 0 0 NA NA NA NA NA NA 116 1666 476 NA NA NA NA NA NA 146 1568 515 NA NA NA NA NA 
1733263200.0 140.021 NA 0 0 0 NA NA NA NA NA NA 0 0 0 NA NA NA NA NA NA 113 1690 488 NA NA NA NA NA NA 144 1608 540 NA NA NA NA NA 
1733263200.0 140.022 NA 180 489 0 NA NA NA NA NA NA 288 754 0 NA NA NA NA NA NA 382 7027 302 NA NA NA NA NA NA 218 2695 358 NA NA NA NA NA 
1733263200.0 140.023 NA 179 526 0 NA NA NA NA NA NA 282 791 0 NA NA NA NA NA NA 318 5213 279 NA NA NA NA NA NA 194 2336 312 NA NA NA NA NA 
1733263200.0 140.024 NA 178 509 0 NA NA NA NA NA NA 277 754 0 NA NA NA NA NA NA 420 9054 277 NA NA NA NA NA NA 223 3267 300 NA NA NA NA NA 
1733263200.0 140.025 NA 148 549 0 NA NA NA NA NA NA 287 796 0 NA NA NA NA NA NA 365 8657 260 NA NA NA NA NA NA 202 3203 271 NA NA NA NA NA 
1733263200.0 140.026 NA 179 613 0 NA NA NA NA NA NA 294 812 0 NA NA NA NA NA NA 386 9669 260 NA NA NA NA NA NA 218 3372 272 NA NA NA NA NA 
1733263200.0 140.027 NA 179 550 0 NA NA NA NA NA NA 288 779 0 NA NA NA NA NA NA 364 8121 276 NA NA NA NA NA NA 207 2990 317 NA NA NA NA NA 
1733263200.0 140.028 NA 165 484 0 NA NA NA NA NA NA 295 754 0 NA NA NA NA NA NA 397 7719 288 NA NA NA NA NA NA 271 3041 347 NA NA NA NA NA 
1733263200.0 140.029 NA 179 539 0 NA NA NA NA NA NA 286 771 0 NA NA NA NA NA NA 383 7992 275 NA NA NA NA NA NA 220 2985 305 NA NA NA NA NA 
1733263200.0 140.03 NA 181 518 0 NA NA NA NA NA NA 282 746 0 NA NA NA NA NA NA 424 7286 292 NA NA NA NA NA NA 230 2944 346 NA NA NA NA NA 
1733263200.0 140.031 NA 170 529 0 NA NA NA NA NA NA 292 782 0 NA NA NA NA NA NA 440 8352 274 NA NA NA NA NA NA 246 3173 307 NA NA NA NA NA 
1733263200.0 140.042 NA 171 537 0 NA NA NA NA NA NA 285 811 0 NA NA NA NA NA NA 456 9105 274 NA NA NA NA NA NA 259 3297 298 NA NA NA NA NA 
1733263200.0 140.043 NA 179 533 0 NA NA NA NA NA NA 289 778 0 NA NA NA NA NA NA 333 5932 304 NA NA NA NA NA NA 197 2471 368 NA NA NA NA NA 
1733263200.0 140.044 NA 178 596 0 NA NA NA NA NA NA 292 776 0 NA NA NA NA NA NA 399 9912 254 NA NA NA NA NA NA 215 3307 266 NA NA NA NA NA 
1733263200.0 140.045 NA 179 602 0 NA NA NA NA NA NA 290 835 0 NA NA NA NA NA NA 406 10761 258 NA NA NA NA NA NA 212 3528 270 NA NA NA NA NA 
1733263200.0 140.046 NA 177 595 0 NA NA NA NA NA NA 286 809 0 NA NA NA NA NA NA 443 11444 262 NA NA NA NA NA NA 268 3762 272 NA NA NA NA NA 
1733263200.0 140.047 NA 178 644 0 NA NA NA NA NA NA 293 793 0 NA NA NA NA NA NA 400 9828 255 NA NA NA NA NA NA 221 3312 266 NA NA NA NA NA 
1733263200.0 140.048 NA 177 604 0 NA NA NA NA NA NA 283 790 0 NA NA NA NA NA NA 362 9171 258 NA NA NA NA NA NA 220 3234 270 NA NA NA NA NA 
1733263200.0 140.049 NA 177 603 0 NA NA NA NA NA NA 294 812 0 NA NA NA NA NA NA 375 9588 264 NA NA NA NA NA NA 214 3362 277 NA NA NA NA NA 
1733263200.0 140.05 NA 165 528 0 NA NA NA NA NA NA 287 805 0 NA NA NA NA NA NA 487 8664 277 NA NA NA NA NA NA 285 3190 304 NA NA NA NA NA 
1733263200.0 140.051 NA 166 518 0 NA NA NA NA NA NA 293 811 0 NA NA NA NA NA NA 470 9058 281 NA NA NA NA NA NA 264 3237 306 NA NA NA NA NA 
1733263200.0 140.062 NA 177 602 0 NA NA NA NA NA NA 285 825 0 NA NA NA NA NA NA 456 10005 250 NA NA NA NA NA NA 233 3330 264 NA NA NA NA NA 
1733263200.0 140.063 NA 164 542 0 NA NA NA NA NA NA 288 832 0 NA NA NA NA NA NA 411 7366 285 NA NA NA NA NA NA 263 2833 322 NA NA NA NA NA 
1733263200.0 140.064 NA 178 579 0 NA NA NA NA NA NA 291 825 0 NA NA NA NA NA NA 454 11175 250 NA NA NA NA NA NA 270 3746 263 NA NA NA NA NA 
1733263200.0 140.065 NA 177 617 0 NA NA NA NA NA NA 280 841 0 NA NA NA NA NA NA 427 12190 268 NA NA NA NA NA NA 219 4149 284 NA NA NA NA NA 
1733263200.0 140.066 NA 177 650 0 NA NA NA NA NA NA 290 841 0 NA NA NA NA NA NA 479 14284 276 NA NA NA NA NA NA 286 4598 359 NA NA NA NA NA 
1733263200.0 140.067 NA 176 603 0 NA NA NA NA NA NA 284 822 0 NA NA NA NA NA NA 415 10528 254 NA NA NA NA NA NA 214 3483 267 NA NA NA NA NA 
1733263200.0 140.068 NA 185 629 0 NA NA NA NA NA NA 298 838 0 NA NA NA NA NA NA 424 10432 262 NA NA NA NA NA NA 266 3448 276 NA NA NA NA NA 
1733263200.0 140.069 NA 177 593 0 NA NA NA NA NA NA 296 793 0 NA NA NA NA NA NA 429 10523 255 NA NA NA NA NA NA 216 3530 267 NA NA NA NA NA 
1733263200.0 140.071 NA 182 477 0 NA NA NA NA NA NA 285 738 0 NA NA NA NA NA NA 401 6615 299 NA NA NA NA NA NA 213 2622 347 NA NA NA NA NA 
1733263200.0 140.072 NA 169 554 0 NA NA NA NA NA NA 301 748 0 NA NA NA NA NA NA 333 4903 278 NA NA NA NA NA NA 212 2217 311 NA NA NA NA NA 
1733263200.0 140.073 NA 164 534 0 NA NA NA NA NA NA 288 757 0 NA NA NA NA NA NA 474 7876 292 NA NA NA NA NA NA 337 2946 342 NA NA NA NA NA 
1733263200.0 140.074 NA 178 528 0 NA NA NA NA NA NA 283 746 0 NA NA NA NA NA NA 390 8393 276 NA NA NA NA NA NA 216 3179 304 NA NA NA NA NA 
1733263200.0 140.075 NA 177 527 0 NA NA NA NA NA NA 282 755 0 NA NA NA NA NA NA 403 8399 274 NA NA NA NA NA NA 223 3050 302 NA NA NA NA NA 
1733263200.0 140.076 NA 166 514 0 NA NA NA NA NA NA 289 771 0 NA NA NA NA NA NA 378 7078 288 NA NA NA NA NA NA 231 2837 334 NA NA NA NA NA 
1733263200.0 140.077 NA 178 478 0 NA NA NA NA NA NA 282 731 0 NA NA NA NA NA NA 349 6524 299 NA NA NA NA NA NA 204 2608 363 NA NA NA NA NA 
1733263200.0 140.078 NA 180 486 0 NA NA NA NA NA NA 289 754 0 NA NA NA NA NA NA 398 6875 303 NA NA NA NA NA NA 217 2600 368 NA NA NA NA NA 
1733263200.0 140.101 NA 178 667 0 NA NA NA NA NA NA 288 879 0 NA NA NA NA NA NA 344 7480 257 NA NA NA NA NA NA 203 2953 278 NA NA NA NA NA 
1733263200.0 140.102 NA 177 638 0 NA NA NA NA NA NA 291 848 0 NA NA NA NA NA NA 463 11953 264 NA NA NA NA NA NA 245 4112 276 NA NA NA NA NA 
1733263200.0 140.103 NA 178 690 0 NA NA NA NA NA NA 287 857 0 NA NA NA NA NA NA 422 12411 268 NA NA NA NA NA NA 216 4275 283 NA NA NA NA NA 
1733263200.0 140.104 NA 178 676 0 NA NA NA NA NA NA 287 895 0 NA NA NA NA NA NA 477 14665 275 NA NA NA NA NA NA 284 5038 307 NA NA NA NA NA 
1733263200.0 140.105 NA 177 622 0 NA NA NA NA NA NA 285 867 0 NA NA NA NA NA NA 403 10809 261 NA NA NA NA NA NA 215 3734 285 NA NA NA NA NA 
1733263200.0 140.106 NA 176 610 0 NA NA NA NA NA NA 281 841 0 NA NA NA NA NA NA 429 11610 268 NA NA NA NA NA NA 235 4072 279 NA NA NA NA NA 
1733263200.0 140.107 NA 178 613 0 NA NA NA NA NA NA 291 829 0 NA NA NA NA NA NA 442 10437 257 NA NA NA NA NA NA 220 3636 267 NA NA NA NA NA 
1733263200.0 140.108 NA 178 608 0 NA NA NA NA NA NA 288 859 0 NA NA NA NA NA NA 449 10368 254 NA NA NA NA NA NA 221 3586 267 NA NA NA NA NA 
1733263200.0 140.109 NA 180 496 0 NA NA NA NA NA NA 293 823 0 NA NA NA NA NA NA 386 5315 292 NA NA NA NA NA NA 210 2559 344 NA NA NA NA NA 
1733263200.0 140.11 NA 177 596 0 NA NA NA NA NA NA 288 822 0 NA NA NA NA NA NA 428 9548 255 NA NA NA NA NA NA 215 3364 267 NA NA NA NA NA 
1733263200.0 140.111 NA 176 630 0 NA NA NA NA NA NA 293 848 0 NA NA NA NA NA NA 428 10182 251 NA NA NA NA NA NA 217 3508 262 NA NA NA NA NA 
1733263200.0 140.112 NA 176 590 0 NA NA NA NA NA NA 287 838 0 NA NA NA NA NA NA 462 11446 260 NA NA NA NA NA NA 390 4014 277 NA NA NA NA NA 
1733263200.0 140.113 NA 0 0 0 NA NA NA NA NA NA 0 0 0 NA NA NA NA NA NA 109 1567 838 NA NA NA NA NA NA 128 1466 882 NA NA NA NA NA 
1733263200.0 140.201 NA 229 NA NA NA NA NA NA NA NA 360 NA NA NA NA NA NA NA NA 1129 NA NA NA NA NA NA NA NA 593 NA NA NA NA NA NA NA 
1733263200.0 140.202 NA 261 NA NA NA NA NA NA NA NA 407 NA NA NA NA NA NA NA NA 1470 NA NA NA NA NA NA NA NA 913 NA NA NA NA NA NA NA 
1733263200.0 140.56 NA 806 0 NA NA NA NA NA NA NA 1240 0 NA NA NA NA NA NA NA 9128 278 NA NA NA NA NA NA NA 3128 302 NA NA NA NA NA NA 
1733263200.0 140.5611 NA 238 0 NA NA NA NA NA NA NA 371 0 NA NA NA NA NA NA NA 1557 121 NA NA NA NA NA NA NA 800 131 NA NA NA NA NA NA 
1733263200.0 140.57 NA 530 0 NA NA NA NA NA NA NA 808 0 NA NA NA NA NA NA NA 1617 254 NA NA NA NA NA NA NA 1012 269 NA NA NA NA NA NA 
1733263200.0 140.58 NA 103 743 0 NA NA NA NA NA NA 184 1307 0 NA NA NA NA NA NA 125 9194 288 NA NA NA NA NA NA 177 3220 323 NA NA NA NA NA 
1733263200.0 140.6 NA 82 399 0 NA NA NA NA NA NA 164 598 0 NA NA NA NA NA NA 75 665 247 NA NA NA NA NA NA 116 656 263 NA NA NA NA NA 
1733263200.0 140.61 NA 407 0 NA NA NA NA NA NA NA 646 0 NA NA NA NA NA NA NA 1230 244 NA NA NA NA NA NA NA 715 263 NA NA NA NA NA NA 
1733263200.0 14034.0 NA 631 0 NA NA NA NA NA NA NA 834 0 NA NA NA NA NA NA NA 3273 252 NA NA NA NA NA NA NA 1496 273 NA NA NA NA NA NA 
1733263200.0 141.001 NA 401 709 0 NA NA NA NA NA NA 578 963 0 NA NA NA NA NA NA 2335 12161 327 NA NA NA NA NA NA 907 4584 351 NA NA NA NA NA 
1733263200.0 141.002 NA 359 673 0 NA NA NA NA NA NA 570 898 0 NA NA NA NA NA NA 1423 6870 324 NA NA NA NA NA NA 679 3130 337 NA NA NA NA NA 
1733263200.0 141.003 NA 403 713 0 NA NA NA NA NA NA 582 912 0 NA NA NA NA NA NA 2262 12052 335 NA NA NA NA NA NA 888 4444 363 NA NA NA NA NA 
1733263200.0 141.004 NA 381 607 0 NA NA NA NA NA NA 549 839 0 NA NA NA NA NA NA 1085 3526 327 NA NA NA NA NA NA 676 2250 351 NA NA NA NA NA 
1733263200.0 141.005 NA 380 641 0 NA NA NA NA NA NA 561 854 0 NA NA NA NA NA NA 1600 6684 351 NA NA NA NA NA NA 764 2991 416 NA NA NA NA NA 
1733263200.0 141.006 NA 365 677 0 NA NA NA NA NA NA 570 872 0 NA NA NA NA NA NA 1513 7062 331 NA NA NA NA NA NA 698 3165 406 NA NA NA NA NA 
1733263200.0 141.007 NA 395 691 0 NA NA NA NA NA NA 564 890 0 NA NA NA NA NA NA 1828 8813 368 NA NA NA NA NA NA 883 3672 379 NA NA NA NA NA 
1733263200.0 141.008 NA 408 728 0 NA NA NA NA NA NA 608 947 0 NA NA NA NA NA NA 2355 14255 331 NA NA NA NA NA NA 909 5056 362 NA NA NA NA NA 
1733263200.0 141.008505 NA 419 188 0 NA NA NA NA NA NA 619 311 0 NA NA NA NA NA NA 2420 821 129 NA NA NA NA NA NA 952 537 141 NA NA NA NA NA 
1733263200.0 141.008511 NA 422 157 0 NA NA NA NA NA NA 617 248 0 NA NA NA NA NA NA 2250 499 133 NA NA NA NA NA NA 881 465 148 NA NA NA NA NA 
1733263200.0 141.008521 NA 455 160 0 NA NA NA NA NA NA 603 240 0 NA NA NA NA NA NA 2372 542 129 NA NA NA NA NA NA 940 525 145 NA NA NA NA NA 
1733263200.0 141.009 NA 0 0 0 NA NA NA NA NA NA 0 0 0 NA NA NA NA NA NA 842 4086 833 NA NA NA NA NA NA 545 3774 851 NA NA NA NA NA 
1733263200.0 141.01 NA 409 689 0 NA NA NA NA NA NA 588 937 0 NA NA NA NA NA NA 2164 13309 337 NA NA NA NA NA NA 869 4783 377 NA NA NA NA NA 
1733263200.0 141.011 NA 404 711 0 NA NA NA NA NA NA 598 947 0 NA NA NA NA NA NA 2242 11733 331 NA NA NA NA NA NA 925 4341 366 NA NA NA NA NA 
1733263200.0 141.012 NA 419 661 0 NA NA NA NA NA NA 571 870 0 NA NA NA NA NA NA 1786 8192 317 NA NA NA NA NA NA 803 3339 330 NA NA NA NA NA 
1733263200.0 141.013 NA 415 689 0 NA NA NA NA NA NA 595 951 0 NA NA NA NA NA NA 2438 11868 329 NA NA NA NA NA NA 940 4408 360 NA NA NA NA NA 
1733263200.0 141.031 NA 428 686 0 NA NA NA NA NA NA 594 941 0 NA NA NA NA NA NA 2534 12895 329 NA NA NA NA NA NA 954 4693 369 NA NA NA NA NA 
1733263200.0 141.032 NA 384 744 0 NA NA NA NA NA NA 562 936 0 NA NA NA NA NA NA 1755 7971 312 NA NA NA NA NA NA 824 3223 325 NA NA NA NA NA 
1733263200.0 141.033 NA 411 697 0 NA NA NA NA NA NA 648 972 0 NA NA NA NA NA NA 2674 14287 336 NA NA NA NA NA NA 997 4984 383 NA NA NA NA NA 
1733263200.0 141.034 NA 406 754 0 NA NA NA NA NA NA 600 940 0 NA NA NA NA NA NA 2437 14743 334 NA NA NA NA NA NA 929 5123 401 NA NA NA NA NA 
1733263200.0 141.035 NA 412 740 0 NA NA NA NA NA NA 616 950 0 NA NA NA NA NA NA 2798 14898 341 NA NA NA NA NA NA 1024 5137 412 NA NA NA NA NA 
1733263200.0 141.036 NA 379 0 NA NA NA NA NA NA NA 556 0 NA NA NA NA NA NA NA 1249 0 NA NA NA NA NA NA NA 644 0 NA NA NA NA NA NA 
1733263200.0 141.037 NA 414 717 0 NA NA NA NA NA NA 603 953 0 NA NA NA NA NA NA 2198 11844 334 NA NA NA NA NA NA 929 4398 382 NA NA NA NA NA 
1733263200.0 141.038 NA 416 732 0 NA NA NA NA NA NA 617 928 0 NA NA NA NA NA NA 2651 13212 342 NA NA NA NA NA NA 997 4752 395 NA NA NA NA NA 
1733263200.0 141.039 NA 400 743 0 NA NA NA NA NA NA 597 930 0 NA NA NA NA NA NA 2730 12975 342 NA NA NA NA NA NA 1015 4663 422 NA NA NA NA NA 
1733263200.0 141.041 NA 442 752 0 NA NA NA NA NA NA 631 998 0 NA NA NA NA NA NA 2986 16904 338 NA NA NA NA NA NA 1085 5500 364 NA NA NA NA NA 
1733263200.0 141.042 NA 394 744 0 NA NA NA NA NA NA 586 949 0 NA NA NA NA NA NA 1919 10656 330 NA NA NA NA NA NA 860 4069 341 NA NA NA NA NA 
1733263200.0 141.043 NA 427 732 0 NA NA NA NA NA NA 619 960 0 NA NA NA NA NA NA 3038 20011 340 NA NA NA NA NA NA 1096 6375 353 NA NA NA NA NA 
1733263200.0 141.044 NA 438 728 0 NA NA NA NA NA NA 621 1030 0 NA NA NA NA NA NA 2582 17600 320 NA NA NA NA NA NA 987 5718 334 NA NA NA NA NA 
1733263200.0 141.045 NA 453 742 0 NA NA NA NA NA NA 630 1033 0 NA NA NA NA NA NA 3587 21612 334 NA NA NA NA NA NA 1221 6804 352 NA NA NA NA NA 
1733263200.0 141.046 NA 438 771 0 NA NA NA NA NA NA 633 969 0 NA NA NA NA NA NA 2628 16275 333 NA NA NA NA NA NA 991 5484 405 NA NA NA NA NA 
1733263200.0 141.047 NA 410 778 0 NA NA NA NA NA NA 630 966 0 NA NA NA NA NA NA 2782 18242 334 NA NA NA NA NA NA 1038 5895 346 NA NA NA NA NA 
1733263200.0 141.048 NA 422 741 0 NA NA NA NA NA NA 632 989 0 NA NA NA NA NA NA 3153 17858 328 NA NA NA NA NA NA 1120 5873 341 NA NA NA NA NA 
1733263200.0 141.049 NA 400 689 0 NA NA NA NA NA NA 631 940 0 NA NA NA NA NA NA 2614 12866 318 NA NA NA NA NA NA 968 4530 338 NA NA NA NA NA 
1733263200.0 141.101 NA 383 756 0 NA NA NA NA NA NA 551 936 0 NA NA NA NA NA NA 1793 8716 331 NA NA NA NA NA NA 857 3785 343 NA NA NA NA NA 
1733263200.0 141.102 NA 417 751 0 NA NA NA NA NA NA 619 998 0 NA NA NA NA NA NA 2649 14055 335 NA NA NA NA NA NA 990 5089 362 NA NA NA NA NA 
1733263200.0 141.103 NA 407 815 0 NA NA NA NA NA NA 619 1037 0 NA NA NA NA NA NA 2415 14950 321 NA NA NA NA NA NA 931 5292 331 NA NA NA NA NA 
1733263200.0 141.104 NA 446 966 0 NA NA NA NA NA NA 603 1187 0 NA NA NA NA NA NA 2757 14969 332 NA NA NA NA NA NA 1027 5287 363 NA NA NA NA NA 
1733263200.0 141.105 NA 383 715 0 NA NA NA NA NA NA 570 918 0 NA NA NA NA NA NA 1215 4926 307 NA NA NA NA NA NA 625 2715 320 NA NA NA NA NA 
1733263200.0 141.106 NA 408 721 0 NA NA NA NA NA NA 614 995 0 NA NA NA NA NA NA 2176 11954 331 NA NA NA NA NA NA 869 4449 349 NA NA NA NA NA 
1733263200.0 141.107 NA 403 803 0 NA NA NA NA NA NA 606 1066 0 NA NA NA NA NA NA 2561 13146 335 NA NA NA NA NA NA 967 4952 384 NA NA NA NA NA 
1733263200.0 141.108 NA 416 752 0 NA NA NA NA NA NA 604 999 0 NA NA NA NA NA NA 2706 13643 336 NA NA NA NA NA NA 1012 5000 399 NA NA NA NA NA 
1733263200.0 141.109 NA 401 700 0 NA NA NA NA NA NA 559 972 0 NA NA NA NA NA NA 1669 7873 340 NA NA NA NA NA NA 752 3431 476 NA NA NA NA NA 
1733263200.0 141.11 NA 417 787 0 NA NA NA NA NA NA 628 985 0 NA NA NA NA NA NA 2613 15143 323 NA NA NA NA NA NA 983 5285 338 NA NA NA NA NA 
1733263200.0 141.111 NA 429 730 0 NA NA NA NA NA NA 597 1030 0 NA NA NA NA NA NA 2414 13382 322 NA NA NA NA NA NA 936 4773 332 NA NA NA NA NA 
1733263200.0 141.112 NA 416 725 0 NA NA NA NA NA NA 614 998 0 NA NA NA NA NA NA 2506 14702 332 NA NA NA NA NA NA 951 5247 358 NA NA NA NA NA 
1733263200.0 141.113 NA 0 0 0 NA NA NA NA NA NA 0 0 0 NA NA NA NA NA NA 645 1164 495 NA NA NA NA NA NA 475 1113 524 NA NA NA NA NA 
1733263200.0 141.114 NA 399 712 0 NA NA NA NA NA NA 578 979 0 NA NA NA NA NA NA 2772 13357 334 NA NA NA NA NA NA 1030 4973 362 NA NA NA NA NA 
1733263200.0 141.901 NA 534 0 NA NA NA NA NA NA NA 737 0 NA NA NA NA NA NA NA 4881 253 NA NA NA NA NA NA NA 1633 277 NA NA NA NA NA NA 
1733263200.0 141.902 NA 496 0 NA NA NA NA NA NA NA 649 0 NA NA NA NA NA NA NA 3799 256 NA NA NA NA NA NA NA 1347 387 NA NA NA NA NA NA 
1733263200.0 142.0 NA 463 905 0 NA NA NA NA NA NA 963 1459 0 NA NA NA NA NA NA 4827 18500 277 NA NA NA NA NA NA 1385 5451 294 NA NA NA NA NA 
1733263200.0 14234.0 NA 768 0 NA NA NA NA NA NA NA 1068 0 NA NA NA NA NA NA NA 7975 263 NA NA NA NA NA NA NA 2864 293 NA NA NA NA NA NA 
1733263200.0 144.6 NA 359 NA NA NA NA NA NA NA NA 555 NA NA NA NA NA NA NA NA 2038 NA NA NA NA NA NA NA NA 1595 NA NA NA NA NA NA NA 
1733263200.0 148.0 161 323 594 0 NA NA NA NA NA 322 466 831 0 NA NA NA NA NA 9270 1529 11568 419 NA NA NA NA NA 9180 1526 4625 466 NA NA NA NA NA 
1733263200.0 149.0 126 229 409 0 NA NA NA NA NA 214 350 666 0 NA NA NA NA NA 576 668 1331 407 NA NA NA NA NA 488 512 1418 469 NA NA NA NA NA 
1733263200.0 15.0 NA 169 316 0 NA NA NA NA NA NA 267 493 0 NA NA NA NA NA NA 840 1533 313 NA NA NA NA NA NA 398 1450 349 NA NA NA NA NA 
1733263200.0 158.0 126 202 447 103 0 NA NA NA NA 223 300 673 168 0 NA NA NA NA 1479 257 1160 182 409 NA NA NA NA 1517 332 1021 219 455 NA NA NA NA 
1733263200.0 158.01 NA 208 0 NA NA NA NA NA NA NA 336 0 NA NA NA NA NA NA NA 1292 127 NA NA NA NA NA NA NA 887 147 NA NA NA NA NA NA 
1733263200.0 158.1 NA 251 488 0 NA NA NA NA NA NA 394 685 0 NA NA NA NA NA NA 298 1114 391 NA NA NA NA NA NA 212 921 425 NA NA NA NA NA 
1733263200.0 158.2 NA 247 482 0 NA NA NA NA NA NA 386 696 0 NA NA NA NA NA NA 283 1128 382 NA NA NA NA NA NA 206 1149 412 NA NA NA NA NA 
1733263200.0 158.3 NA 236 454 0 NA NA NA NA NA NA 380 664 0 NA NA NA NA NA NA 324 1311 419 NA NA NA NA NA NA 304 1274 465 NA NA NA NA NA 
1733263200.0 158.5 203 432 662 107 0 NA NA NA NA 387 605 907 172 0 NA NA NA NA 14499 2035 18684 166 394 NA NA NA NA 14334 1966 7616 183 406 NA NA NA NA 
1733263200.0 159.0 141 190 407 96 0 NA NA NA NA 237 296 631 169 0 NA NA NA NA 1437 235 1098 198 422 NA NA NA NA 1380 223 1038 238 493 NA NA NA NA 
1733263200.0 159.01 NA 202 0 NA NA NA NA NA NA NA 322 0 NA NA NA NA NA NA NA 1156 127 NA NA NA NA NA NA NA 771 174 NA NA NA NA NA NA 
1733263200.0 159.02 140 207 108 440 102 0 NA NA NA 226 304 162 661 161 0 NA NA NA 1564 220 120 1105 186 414 NA NA NA 1499 215 178 1066 231 487 NA NA NA 
1733263200.0 159.03 187 355 200 351 199 NA NA NA NA 382 511 310 568 287 NA NA NA NA 13011 2301 174 935 591 NA NA NA NA 12724 2276 153 763 653 NA NA NA NA 
1733263200.0 159.1 114 231 432 0 NA NA NA NA NA 227 336 671 0 NA NA NA NA NA 1828 343 1200 416 NA NA NA NA NA 985 240 1102 483 NA NA NA NA NA 
1733263200.0 159.2 135 228 427 0 NA NA NA NA NA 224 340 655 0 NA NA NA NA NA 1314 316 1101 413 NA NA NA NA NA 832 236 1033 461 NA NA NA NA NA 
1733263200.0 159.3 134 230 427 0 NA NA NA NA NA 226 330 651 0 NA NA NA NA NA 1385 335 1170 436 NA NA NA NA NA 890 242 1067 520 NA NA NA NA NA 
1733263200.0 159.4 127 223 429 0 NA NA NA NA NA 220 325 646 0 NA NA NA NA NA 1618 325 1183 423 NA NA NA NA NA 959 234 1111 489 NA NA NA NA NA 
1733263200.0 16.0 NA 185 343 0 NA NA NA NA NA NA 286 495 0 NA NA NA NA NA NA 885 1792 331 NA NA NA NA NA NA 422 1444 379 NA NA NA NA NA 
1733263200.0 160.0 133 197 412 96 0 NA NA NA NA 221 311 634 164 0 NA NA NA NA 1172 255 1074 203 406 NA NA NA NA 1111 240 1078 241 468 NA NA NA NA 
1733263200.0 160.02 132 197 93 411 98 0 NA NA NA 218 305 149 653 168 0 NA NA NA 1096 243 113 1041 198 400 NA NA NA 1035 219 164 1003 242 447 NA NA NA 
1733263200.0 160.03 204 313 166 328 193 NA NA NA NA 323 449 265 537 281 NA NA NA NA 6785 1224 143 655 431 NA NA NA NA 6619 1153 134 569 393 NA NA NA NA 
1733263200.0 160.1 112 258 453 0 NA NA NA NA NA 220 371 689 0 NA NA NA NA NA 1460 527 1118 394 NA NA NA NA NA 891 286 1030 441 NA NA NA NA NA 
1733263200.0 160.2 129 253 451 0 NA NA NA NA NA 234 382 679 0 NA NA NA NA NA 1209 519 1086 376 NA NA NA NA NA 811 270 1011 418 NA NA NA NA NA 
1733263200.0 160.3 127 251 450 0 NA NA NA NA NA 221 371 657 0 NA NA NA NA NA 1137 512 1118 392 NA NA NA NA NA 816 291 1044 447 NA NA NA NA NA 
1733263200.0 160.4 129 258 439 0 NA NA NA NA NA 220 368 675 0 NA NA NA NA NA 1216 515 1103 375 NA NA NA NA NA 853 276 1003 419 NA NA NA NA NA 
1733263200.0 160.501 161 305 170 570 168 NA NA NA NA 334 482 281 871 269 NA NA NA NA 8901 2040 206 12236 580 NA NA NA NA 8636 1977 237 6105 625 NA NA NA NA 
1733263200.0 17.0 NA 181 319 0 NA NA NA NA NA NA 277 522 0 NA NA NA NA NA NA 847 1646 316 NA NA NA NA NA NA 409 1453 354 NA NA NA NA NA 
1733263200.0 18.0 NA 170 314 0 NA NA NA NA NA NA 268 485 0 NA NA NA NA NA NA 838 1488 300 NA NA NA NA NA NA 404 1448 333 NA NA NA NA NA 
1733263200.0 19.0 NA 170 315 0 NA NA NA NA NA NA 271 495 0 NA NA NA NA NA NA 839 1595 305 NA NA NA NA NA NA 390 1474 345 NA NA NA NA NA 
1733263200.0 2.0 193 172 284 NA NA NA NA NA NA 281 249 426 NA NA NA NA NA NA 1688 279 817 NA NA NA NA NA NA 719 314 842 NA NA NA NA NA NA 
1733263200.0 20.0 NA 170 316 0 NA NA NA NA NA NA 272 509 0 NA NA NA NA NA NA 874 1646 381 NA NA NA NA NA NA 411 1458 455 NA NA NA NA NA 
1733263200.0 200.0 NA 254 412 0 NA NA NA NA NA NA 381 621 0 NA NA NA NA NA NA 459 1582 348 NA NA NA NA NA NA 418 1395 412 NA NA NA NA NA 
1733263200.0 20034.0 188 527 544 0 199 NA NA NA NA 261 692 722 0 290 NA NA NA NA 3422 1072 1832 417 477 NA NA NA NA 1595 528 1334 434 455 NA NA NA NA 
1733263200.0 2017.1 477 0 187 160 NA NA NA NA NA 625 0 295 241 NA NA NA NA NA 699 217 456 325 NA NA NA NA NA 538 245 466 406 NA NA NA NA NA 
1733263200.0 2017.11 486 0 190 161 NA NA NA NA NA 621 0 291 252 NA NA NA NA NA 787 217 569 329 NA NA NA NA NA 547 239 468 434 NA NA NA NA NA 
1733263200.0 2017.12 481 0 185 157 NA NA NA NA NA 612 0 285 251 NA NA NA NA NA 703 216 454 324 NA NA NA NA NA 606 235 617 402 NA NA NA NA NA 
1733263200.0 2017.13 491 0 NA NA NA NA NA NA NA 648 0 NA NA NA NA NA NA NA 718 306 NA NA NA NA NA NA NA 541 318 NA NA NA NA NA NA NA 
1733263200.0 2017.2 410 0 177 157 NA NA NA NA NA 546 0 279 241 NA NA NA NA NA 591 193 419 322 NA NA NA NA NA 495 326 503 489 NA NA NA NA NA 
1733263200.0 2017.3 410 0 184 159 NA NA NA NA NA 567 0 286 248 NA NA NA NA NA 592 193 422 320 NA NA NA NA NA 495 219 425 370 NA NA NA NA NA 
1733263200.0 2017.4 481 0 186 159 NA NA NA NA NA 643 0 283 246 NA NA NA NA NA 651 207 441 306 NA NA NA NA NA 503 232 526 355 NA NA NA NA NA 
1733263200.0 2017.5 479 0 185 159 NA NA NA NA NA 623 0 291 243 NA NA NA NA NA 636 207 433 319 NA NA NA NA NA 494 223 458 366 NA NA NA NA NA 
1733263200.0 2017.6 480 0 188 158 NA NA NA NA NA 613 0 283 250 NA NA NA NA NA 693 215 460 328 NA NA NA NA NA 520 239 473 392 NA NA NA NA NA 
1733263200.0 2017.7 480 0 182 157 NA NA NA NA NA 620 0 275 237 NA NA NA NA NA 647 210 434 305 NA NA NA NA NA 501 251 496 331 NA NA NA NA NA 
1733263200.0 2017.8 206 NA NA NA NA NA NA NA NA 316 NA NA NA NA NA NA NA NA 477 NA NA NA NA NA NA NA NA 282 NA NA NA NA NA NA NA NA 
1733263200.0 2017.9 482 0 183 158 NA NA NA NA NA 645 0 285 238 NA NA NA NA NA 622 212 419 325 NA NA NA NA NA 510 241 425 410 NA NA NA NA NA 
1733263200.0 2018.1 496 0 183 164 NA NA NA NA NA 656 0 281 246 NA NA NA NA NA 699 215 457 330 NA NA NA NA NA 514 234 540 387 NA NA NA NA NA 
1733263200.0 2018.11 490 0 187 164 NA NA NA NA NA 625 0 281 255 NA NA NA NA NA 817 224 580 333 NA NA NA NA NA 602 272 478 421 NA NA NA NA NA 
1733263200.0 2018.12 478 0 186 161 NA NA NA NA NA 623 0 282 245 NA NA NA NA NA 681 213 426 331 NA NA NA NA NA 524 342 421 378 NA NA NA NA NA 
1733263200.0 2018.13 490 0 NA NA NA NA NA NA NA 632 0 NA NA NA NA NA NA NA 702 306 NA NA NA NA NA NA NA 504 320 NA NA NA NA NA NA NA 
1733263200.0 2018.2 410 0 179 161 NA NA NA NA NA 538 0 276 254 NA NA NA NA NA 606 179 412 318 NA NA NA NA NA 476 189 529 356 NA NA NA NA NA 
1733263200.0 2018.3 403 0 178 160 NA NA NA NA NA 549 0 275 247 NA NA NA NA NA 604 191 423 329 NA NA NA NA NA 479 260 452 404 NA NA NA NA NA 
1733263200.0 2018.4 477 0 181 163 NA NA NA NA NA 647 0 282 252 NA NA NA NA NA 666 214 431 333 NA NA NA NA NA 504 253 441 429 NA NA NA NA NA 
1733263200.0 2018.5 498 0 180 161 NA NA NA NA NA 631 0 283 249 NA NA NA NA NA 652 211 434 323 NA NA NA NA NA 517 250 439 366 NA NA NA NA NA 
1733263200.0 2018.6 481 0 182 162 NA NA NA NA NA 629 0 279 252 NA NA NA NA NA 718 217 444 327 NA NA NA NA NA 532 312 482 406 NA NA NA NA NA 
1733263200.0 2018.7 479 0 184 161 NA NA NA NA NA 612 0 290 241 NA NA NA NA NA 672 216 435 328 NA NA NA NA NA 515 322 491 435 NA NA NA NA NA 
1733263200.0 2018.8 205 NA NA NA NA NA NA NA NA 319 NA NA NA NA NA NA NA NA 478 NA NA NA NA NA NA NA NA 312 NA NA NA NA NA NA NA NA 
1733263200.0 2018.9 470 0 181 162 NA NA NA NA NA 616 0 285 253 NA NA NA NA NA 640 213 427 320 NA NA NA NA NA 514 244 519 369 NA NA NA NA NA 
1733263200.0 202.0 NA 266 433 0 NA NA NA NA NA NA 376 641 0 NA NA NA NA NA NA 489 1762 364 NA NA NA NA NA NA 363 1495 425 NA NA NA NA NA 
1733263200.0 203.0 NA 240 421 0 NA NA NA NA NA NA 373 644 0 NA NA NA NA NA NA 499 1589 379 NA NA NA NA NA NA 387 1329 435 NA NA NA NA NA 
1733263200.0 204.0 141 227 397 0 NA NA NA NA NA 273 359 605 0 NA NA NA NA NA 1311 522 1707 375 NA NA NA NA NA 793 509 1547 435 NA NA NA NA NA 
1733263200.0 205.0 NA 222 386 0 NA NA NA NA NA NA 365 620 0 NA NA NA NA NA NA 462 1534 368 NA NA NA NA NA NA 414 1317 474 NA NA NA NA NA 
1733263200.0 20834.0 NA 565 566 0 199 NA NA NA NA NA 794 715 0 291 NA NA NA NA NA 1468 2060 477 679 NA NA NA NA NA 984 1563 540 741 NA NA NA NA 
1733263200.0 21.0 NA 170 322 0 NA NA NA NA NA NA 271 486 0 NA NA NA NA NA NA 885 1761 363 NA NA NA NA NA NA 411 1477 407 NA NA NA NA NA 
1733263200.0 22.0 NA 184 342 0 NA NA NA NA NA NA 283 508 0 NA NA NA NA NA NA 935 1961 349 NA NA NA NA NA NA 442 1487 383 NA NA NA NA NA 
1733263200.0 22034.0 166 528 538 0 200 NA NA NA NA 264 681 734 0 303 NA NA NA NA 3418 1078 1810 415 491 NA NA NA NA 1604 561 1341 426 486 NA NA NA NA 
1733263200.0 22434.0 176 523 541 0 199 NA NA NA NA 269 691 732 0 298 NA NA NA NA 3386 1095 1775 417 488 NA NA NA NA 1628 560 1305 438 468 NA NA NA NA 
1733263200.0 22834.0 168 525 552 0 199 NA NA NA NA 272 700 741 0 296 NA NA NA NA 2972 956 1696 362 420 NA NA NA NA 1285 498 1295 378 439 NA NA NA NA 
1733263200.0 23.0 NA 200 354 0 NA NA NA NA NA NA 297 526 0 NA NA NA NA NA NA 1040 2113 401 NA NA NA NA NA NA 457 1558 441 NA NA NA NA NA 
1733263200.0 23234.0 177 546 543 0 201 NA NA NA NA 269 692 750 0 309 NA NA NA NA 4217 1169 1840 451 502 NA NA NA NA 1858 571 1315 472 464 NA NA NA NA 
1733263200.0 23634.0 NA 609 516 0 198 NA NA NA NA NA 815 749 0 310 NA NA NA NA NA 1325 1966 482 650 NA NA NA NA NA 798 1493 555 685 NA NA NA NA 
1733263200.0 24.0 NA 185 351 0 NA NA NA NA NA NA 312 551 0 NA NA NA NA NA NA 1194 2916 410 NA NA NA NA NA NA 592 1774 448 NA NA NA NA NA 
1733263200.0 24034.0 NA 540 501 0 193 NA NA NA NA NA 738 703 0 296 NA NA NA NA NA 1117 1891 456 657 NA NA NA NA NA 574 1388 486 684 NA NA NA NA 
1733263200.0 24434.0 163 528 537 0 200 NA NA NA NA 253 671 704 0 290 NA NA NA NA 3411 1087 1801 426 478 NA NA NA NA 1629 551 1330 440 460 NA NA NA NA 
1733263200.0 24834.0 NA 614 525 0 206 NA NA NA NA NA 791 730 0 300 NA NA NA NA NA 1334 1961 475 619 NA NA NA NA NA 752 1426 546 621 NA NA NA NA 
1733263200.0 24834.103 NA 624 578 0 197 NA NA NA NA NA 825 764 0 295 NA NA NA NA NA 1779 2080 450 608 NA NA NA NA NA 879 1400 491 618 NA NA NA NA 
1733263200.0 24834.21 NA 477 302 227 NA NA NA NA NA NA 640 439 331 NA NA NA NA NA NA 1079 651 668 NA NA NA NA NA NA 517 429 583 NA NA NA NA NA 
1733263200.0 24834.5 NA 609 209 0 NA NA NA NA NA NA 815 319 0 NA NA NA NA NA NA 1321 543 145 NA NA NA NA NA NA 748 677 157 NA NA NA NA NA 
1733263200.0 24834.501 NA 608 272 0 NA NA NA NA NA NA 801 758 0 NA NA NA NA NA NA 1331 641 182 NA NA NA NA NA NA 894 793 192 NA NA NA NA NA 
1733263200.0 24834.502 NA 607 312 0 NA NA NA NA NA NA 801 746 0 NA NA NA NA NA NA 1278 603 180 NA NA NA NA NA NA 684 476 189 NA NA NA NA NA 
1733263200.0 24834.9 NA 613 572 0 195 NA NA NA NA NA 803 760 0 300 NA NA NA NA NA 1321 1928 458 642 NA NA NA NA NA 731 1422 503 658 NA NA NA NA 
1733263200.0 24834.911 151 602 526 0 201 NA NA NA NA 274 773 762 0 299 NA NA NA NA 6755 4105 4404 1241 514 NA NA NA NA 3318 2365 2376 1257 496 NA NA NA NA 
1733263200.0 24861.0 NA 572 480 0 183 NA NA NA NA NA 761 653 0 294 NA NA NA NA NA 1137 1514 402 615 NA NA NA NA NA 713 1317 437 692 NA NA NA NA 
1733263200.0 24896.0 NA 576 457 0 185 NA NA NA NA NA 751 670 0 296 NA NA NA NA NA 1159 1539 420 586 NA NA NA NA NA 710 1328 483 662 NA NA NA NA 
1733263200.0 24900.0 NA 537 448 0 184 NA NA NA NA NA 744 662 0 288 NA NA NA NA NA 1216 1550 395 595 NA NA NA NA NA 811 1374 439 660 NA NA NA NA 
1733263200.0 25.0 NA 191 336 0 117 NA NA NA NA NA 311 584 0 184 NA NA NA NA NA 1201 3396 409 272 NA NA NA NA NA 533 2001 469 365 NA NA NA NA 
1733263200.0 2500.0 NA 228 0 NA NA NA NA NA NA NA 375 0 NA NA NA NA NA NA NA 28028 119 NA NA NA NA NA NA NA 7419 132 NA NA NA NA NA NA 
1733263200.0 2500.001 NA 307 0 NA NA NA NA NA NA NA 529 0 NA NA NA NA NA NA NA 31548 113 NA NA NA NA NA NA NA 8461 130 NA NA NA NA NA NA 
1733263200.0 2500.002 NA 351 0 NA NA NA NA NA NA NA 551 0 NA NA NA NA NA NA NA 30701 118 NA NA NA NA NA NA NA 8218 130 NA NA NA NA NA NA 
1733263200.0 2500.01 NA 242 0 NA NA NA NA NA NA NA 392 0 NA NA NA NA NA NA NA 16616 124 NA NA NA NA NA NA NA 4711 164 NA NA NA NA NA NA 
1733263200.0 2500.011 NA 257 0 NA NA NA NA NA NA NA 431 0 NA NA NA NA NA NA NA 31875 123 NA NA NA NA NA NA NA 8539 142 NA NA NA NA NA NA 
1733263200.0 2500.012 NA 256 0 NA NA NA NA NA NA NA 413 0 NA NA NA NA NA NA NA 21161 115 NA NA NA NA NA NA NA 5827 132 NA NA NA NA NA NA 
1733263200.0 2500.1 NA 213 0 NA NA NA NA NA NA NA 362 0 NA NA NA NA NA NA NA 19861 121 NA NA NA NA NA NA NA 5470 144 NA NA NA NA NA NA 
1733263200.0 2500.2 NA 206 0 NA NA NA NA NA NA NA 330 0 NA NA NA NA NA NA NA 17195 128 NA NA NA NA NA NA NA 5015 187 NA NA NA NA NA NA 
1733263200.0 2500.21 NA 273 0 NA NA NA NA NA NA NA 446 0 NA NA NA NA NA NA NA 25362 118 NA NA NA NA NA NA NA 6913 135 NA NA NA NA NA NA 
1733263200.0 2500.211 NA 243 0 NA NA NA NA NA NA NA 350 0 NA NA NA NA NA NA NA 3033 134 NA NA NA NA NA NA NA 1168 184 NA NA NA NA NA NA 
1733263200.0 2500.3 NA 200 0 NA NA NA NA NA NA NA 333 0 NA NA NA NA NA NA NA 7155 140 NA NA NA NA NA NA NA 2496 188 NA NA NA NA NA NA 
1733263200.0 2500.301 NA 199 NA NA NA NA NA NA NA NA 323 NA NA NA NA NA NA NA NA 1068 NA NA NA NA NA NA NA NA 699 NA NA NA NA NA NA NA 
1733263200.0 2500.31 NA 255 0 NA NA NA NA NA NA NA 466 0 NA NA NA NA NA NA NA 5144 127 NA NA NA NA NA NA NA 2612 156 NA NA NA NA NA NA 
1733263200.0 2500.311 NA 250 0 NA NA NA NA NA NA NA 369 0 NA NA NA NA NA NA NA 901 117 NA NA NA NA NA NA NA 628 134 NA NA NA NA NA NA 
1733263200.0 2500.312 NA 162 NA NA NA NA NA NA NA NA 268 NA NA NA NA NA NA NA NA 581 NA NA NA NA NA NA NA NA 371 NA NA NA NA NA NA NA 
1733263200.0 2500.313 NA 96 NA NA NA NA NA NA NA NA 186 NA NA NA NA NA NA NA NA 192 NA NA NA NA NA NA NA NA 207 NA NA NA NA NA NA NA 
1733263200.0 2500.314 NA 239 NA NA NA NA NA NA NA NA 373 NA NA NA NA NA NA NA NA 899 NA NA NA NA NA NA NA NA 605 NA NA NA NA NA NA NA 
1733263200.0 2500.315 NA 241 NA NA NA NA NA NA NA NA 351 NA NA NA NA NA NA NA NA 878 NA NA NA NA NA NA NA NA 611 NA NA NA NA NA NA NA 
1733263200.0 2500.316 NA 240 NA NA NA NA NA NA NA NA 344 NA NA NA NA NA NA NA NA 4946 NA NA NA NA NA NA NA NA 1520 NA NA NA NA NA NA NA 
1733263200.0 2500.317 NA 241 NA NA NA NA NA NA NA NA 347 NA NA NA NA NA NA NA NA 852 NA NA NA NA NA NA NA NA 580 NA NA NA NA NA NA NA 
1733263200.0 2500.318 NA 219 NA NA NA NA NA NA NA NA 353 NA NA NA NA NA NA NA NA 1816 NA NA NA NA NA NA NA NA 756 NA NA NA NA NA NA NA 
1733263200.0 2500.319 NA 246 NA NA NA NA NA NA NA NA 362 NA NA NA NA NA NA NA NA 5396 NA NA NA NA NA NA NA NA 1642 NA NA NA NA NA NA NA 
1733263200.0 2500.4 NA 200 0 NA NA NA NA NA NA NA 327 0 NA NA NA NA NA NA NA 6496 146 NA NA NA NA NA NA NA 2205 197 NA NA NA NA NA NA 
1733263200.0 2500.401 NA 188 NA NA NA NA NA NA NA NA 306 NA NA NA NA NA NA NA NA 1020 NA NA NA NA NA NA NA NA 573 NA NA NA NA NA NA NA 
1733263200.0 2500.402 NA 195 NA NA NA NA NA NA NA NA 312 NA NA NA NA NA NA NA NA 1148 NA NA NA NA NA NA NA NA 688 NA NA NA NA NA NA NA 
1733263200.0 2500.403 NA 210 NA NA NA NA NA NA NA NA 347 NA NA NA NA NA NA NA NA 6773 NA NA NA NA NA NA NA NA 1976 NA NA NA NA NA NA NA 
1733263200.0 2500.404 NA 194 NA NA NA NA NA NA NA NA 310 NA NA NA NA NA NA NA NA 1111 NA NA NA NA NA NA NA NA 777 NA NA NA NA NA NA NA 
1733263200.0 2500.405 NA 198 NA NA NA NA NA NA NA NA 326 NA NA NA NA NA NA NA NA 2774 NA NA NA NA NA NA NA NA 1029 NA NA NA NA NA NA NA 
1733263200.0 2500.406 NA 216 NA NA NA NA NA NA NA NA 360 NA NA NA NA NA NA NA NA 7388 NA NA NA NA NA NA NA NA 2114 NA NA NA NA NA NA NA 
1733263200.0 2500.5 NA 155 NA NA NA NA NA NA NA NA 282 NA NA NA NA NA NA NA NA 4323 NA NA NA NA NA NA NA NA 1271 NA NA NA NA NA NA NA 
1733263200.0 2500.51 NA 152 NA NA NA NA NA NA NA NA 249 NA NA NA NA NA NA NA NA 6450 NA NA NA NA NA NA NA NA 1836 NA NA NA NA NA NA NA 
1733263200.0 2500.6 NA 151 NA NA NA NA NA NA NA NA 263 NA NA NA NA NA NA NA NA 4585 NA NA NA NA NA NA NA NA 1339 NA NA NA NA NA NA NA 
1733263200.0 250199.0 365 NA NA NA NA NA NA NA NA 624 NA NA NA NA NA NA NA NA 1544 NA NA NA NA NA NA NA NA 869 NA NA NA NA NA NA NA NA 
1733263200.0 250199.17 379 NA NA NA NA NA NA NA NA 618 NA NA NA NA NA NA NA NA 1690 NA NA NA NA NA NA NA NA 901 NA NA NA NA NA NA NA NA 
1733263200.0 250199.18 450 NA NA NA NA NA NA NA NA 707 NA NA NA NA NA NA NA NA 2335 NA NA NA NA NA NA NA NA 1130 NA NA NA NA NA NA NA NA 
1733263200.0 250200.0 NA 420 436 0 NA NA NA NA NA NA 676 633 0 NA NA NA NA NA NA 3484 1804 355 NA NA NA NA NA NA 1359 1312 405 NA NA NA NA NA 
1733263200.0 250200.1 158 392 333 NA NA NA NA NA NA 268 593 481 NA NA NA NA NA NA 1301 538 1454 NA NA NA NA NA NA 811 491 1278 NA NA NA NA NA NA 
1733263200.0 250200.117 132 476 360 NA NA NA NA NA NA 221 678 530 NA NA NA NA NA NA 1415 1454 1213 NA NA NA NA NA NA 758 709 1030 NA NA NA NA NA NA 
1733263200.0 250200.118 122 513 372 148 NA NA NA NA NA 224 828 570 243 NA NA NA NA NA 1432 1585 1609 357 NA NA NA NA NA 765 758 1155 436 NA NA NA NA NA 
1733263200.0 250200.17 NA 493 533 0 NA NA NA NA NA NA 793 780 0 NA NA NA NA NA NA 4773 1968 409 NA NA NA NA NA NA 1734 1547 452 NA NA NA NA NA 
1733263200.0 250200.18 NA 564 595 0 NA NA NA NA NA NA 862 856 0 NA NA NA NA NA NA 5456 2098 395 NA NA NA NA NA NA 1865 1295 415 NA NA NA NA NA 
1733263200.0 250200.182 132 537 550 0 NA NA NA NA NA 221 825 826 0 NA NA NA NA NA 1297 1679 2849 437 NA NA NA NA NA 655 874 1818 484 NA NA NA NA NA 
1733263200.0 250202.0 NA 432 456 0 NA NA NA NA NA NA 706 680 0 NA NA NA NA NA NA 3736 2084 360 NA NA NA NA NA NA 1401 1443 402 NA NA NA NA NA 
1733263200.0 250202.1 NA 360 490 491 0 NA NA NA NA NA 630 626 691 0 NA NA NA NA NA 1433 3458 1860 307 NA NA NA NA NA 799 1159 1199 321 NA NA NA NA 
1733263200.0 250202.118 116 527 348 155 NA NA NA NA NA 221 767 565 246 NA NA NA NA NA 1720 1555 1658 372 NA NA NA NA NA 815 738 1251 470 NA NA NA NA NA 
1733263200.0 250202.17 NA 514 551 0 NA NA NA NA NA NA 796 832 0 NA NA NA NA NA NA 4853 2249 423 NA NA NA NA NA NA 1708 1560 464 NA NA NA NA NA 
1733263200.0 250202.171 NA 378 530 578 0 NA NA NA NA NA 621 750 818 0 NA NA NA NA NA 1598 4880 2154 410 NA NA NA NA NA 839 1712 1406 471 NA NA NA NA 
1733263200.0 250202.172 NA 587 624 0 NA NA NA NA NA NA 785 795 0 NA NA NA NA NA NA 4793 2043 396 NA NA NA NA NA NA 1680 1398 421 NA NA NA NA NA 
1733263200.0 250202.18 NA 625 630 0 NA NA NA NA NA NA 878 856 0 NA NA NA NA NA NA 5905 2565 380 NA NA NA NA NA NA 1961 1405 392 NA NA NA NA NA 
1733263200.0 250202.181 NA 445 682 616 0 NA NA NA NA NA 714 878 876 0 NA NA NA NA NA 2298 6111 2495 407 NA NA NA NA NA 1091 2165 1487 429 NA NA NA NA 
1733263200.0 250202.182 131 557 618 0 NA NA NA NA NA 226 809 889 0 NA NA NA NA NA 1653 1642 2936 413 NA NA NA NA NA 814 821 1691 447 NA NA NA NA NA 
1733263200.0 250202.183 147 522 674 0 NA NA NA NA NA 231 817 863 0 NA NA NA NA NA 1643 1509 2784 526 NA NA NA NA NA 733 690 1654 544 NA NA NA NA NA 
1733263200.0 250202.184 NA 418 660 656 0 NA NA NA NA NA 675 855 857 0 NA NA NA NA NA 2277 6376 2479 404 NA NA NA NA NA 1142 2149 1428 416 NA NA NA NA 
1733263200.0 250202.2 NA 439 440 0 NA NA NA NA NA NA 719 654 0 NA NA NA NA NA NA 6195 1874 348 NA NA NA NA NA NA 1876 1411 420 NA NA NA NA NA 
1733263200.0 250202.3 NA 365 457 478 0 NA NA NA NA NA 601 693 667 0 NA NA NA NA NA 1448 5995 1826 321 NA NA NA NA NA 800 1733 1372 369 NA NA NA NA 
1733263200.0 250202.4 NA 431 469 0 NA NA NA NA NA NA 735 651 0 NA NA NA NA NA NA 6373 1851 326 NA NA NA NA NA NA 1942 1292 349 NA NA NA NA NA 
1733263200.0 250202.5 NA 366 555 482 0 NA NA NA NA NA 611 674 698 0 NA NA NA NA NA 1443 6059 1817 302 NA NA NA NA NA 796 1749 1239 312 NA NA NA NA 
1733263200.0 250203.0 NA 408 430 0 NA NA NA NA NA NA 692 662 0 NA NA NA NA NA NA 3725 1802 337 NA NA NA NA NA NA 1505 1336 383 NA NA NA NA NA 
1733263200.0 250203.17 NA 502 541 0 NA NA NA NA NA NA 796 809 0 NA NA NA NA NA NA 4824 2078 415 NA NA NA NA NA NA 1784 1492 470 NA NA NA NA NA 
1733263200.0 250203.18 NA 563 592 0 NA NA NA NA NA NA 868 824 0 NA NA NA NA NA NA 5605 2138 389 NA NA NA NA NA NA 1903 1272 425 NA NA NA NA NA 
1733263200.0 250204.0 NA 422 464 0 NA NA NA NA NA NA 685 653 0 NA NA NA NA NA NA 3961 1984 317 NA NA NA NA NA NA 1648 1472 358 NA NA NA NA NA 
1733263200.0 250204.17 NA 546 639 0 NA NA NA NA NA NA 780 818 0 NA NA NA NA NA NA 4657 2015 396 NA NA NA NA NA NA 1731 1480 432 NA NA NA NA NA 
1733263200.0 250204.18 NA 573 566 0 NA NA NA NA NA NA 868 859 0 NA NA NA NA NA NA 5616 2344 392 NA NA NA NA NA NA 1910 1340 423 NA NA NA NA NA 
1733263200.0 250205.0 NA 416 451 0 NA NA NA NA NA NA 681 662 0 NA NA NA NA NA NA 3907 1907 331 NA NA NA NA NA NA 1640 1468 364 NA NA NA NA NA 
1733263200.0 250205.17 NA 508 552 0 NA NA NA NA NA NA 764 796 0 NA NA NA NA NA NA 4802 1969 404 NA NA NA NA NA NA 1787 1482 445 NA NA NA NA NA 
1733263200.0 250205.18 NA 541 605 0 NA NA NA NA NA NA 858 869 0 NA NA NA NA NA NA 5476 2263 391 NA NA NA NA NA NA 1915 1318 438 NA NA NA NA NA 
1733263200.0 250206.0 NA 408 471 0 NA NA NA NA NA NA 692 672 0 NA NA NA NA NA NA 3907 1889 331 NA NA NA NA NA NA 1568 1349 363 NA NA NA NA NA 
1733263200.0 250206.118 117 478 345 154 NA NA NA NA NA 217 705 555 252 NA NA NA NA NA 818 1312 1095 372 NA NA NA NA NA 578 700 956 495 NA NA NA NA NA 
1733263200.0 250206.17 NA 510 641 0 NA NA NA NA NA NA 769 831 0 NA NA NA NA NA NA 4669 1844 404 NA NA NA NA NA NA 1717 1265 432 NA NA NA NA NA 
1733263200.0 250206.18 NA 589 647 0 NA NA NA NA NA NA 858 899 0 NA NA NA NA NA NA 5690 2067 395 NA NA NA NA NA NA 1945 1247 426 NA NA NA NA NA 
1733263200.0 250206.181 NA 462 545 643 0 NA NA NA NA NA 723 846 902 0 NA NA NA NA NA 2314 5619 2206 403 NA NA NA NA NA 1113 1921 1335 415 NA NA NA NA 
1733263200.0 250206.182 132 537 627 0 NA NA NA NA NA 221 774 868 0 NA NA NA NA NA 786 1332 2049 412 NA NA NA NA NA 557 693 1697 459 NA NA NA NA NA 
1733263200.0 250207.0 NA 417 439 0 NA NA NA NA NA NA 684 663 0 NA NA NA NA NA NA 3359 1876 348 NA NA NA NA NA NA 1368 1506 408 NA NA NA NA NA 
1733263200.0 250207.17 NA 486 533 0 NA NA NA NA NA NA 755 793 0 NA NA NA NA NA NA 4507 1771 386 NA NA NA NA NA NA 1744 1390 423 NA NA NA NA NA 
1733263200.0 250207.18 NA 566 581 0 NA NA NA NA NA NA 852 808 0 NA NA NA NA NA NA 5288 1936 383 NA NA NA NA NA NA 1866 1260 433 NA NA NA NA NA 
1733263200.0 250208.17 NA 521 569 0 NA NA NA NA NA NA 793 829 0 NA NA NA NA NA NA 5000 2981 427 NA NA NA NA NA NA 1655 1757 468 NA NA NA NA NA 
1733263200.0 250208.18 NA 587 682 0 NA NA NA NA NA NA 884 885 0 NA NA NA NA NA NA 6002 3159 413 NA NA NA NA NA NA 2006 1559 426 NA NA NA NA NA 
1733263200.0 25034.114 NA 1514 2078 0 NA NA NA NA NA NA 2066 3005 0 NA NA NA NA NA NA 8620 29215 490 NA NA NA NA NA NA 2996 8439 509 NA NA NA NA NA 
1733263200.0 25034.21 NA 930 726 270 NA NA NA NA NA NA 1339 1063 391 NA NA NA NA NA NA 7173 6168 1258 NA NA NA NA NA NA 2412 1859 674 NA NA NA NA NA 
1733263200.0 25034.99 NA 1059 1280 1184 0 NA NA NA NA NA 1626 1974 1745 0 NA NA NA NA NA 5077 4059 19415 482 NA NA NA NA NA 2210 1506 5924 498 NA NA NA NA 
1733263200.0 25034.9921 NA 922 916 679 266 NA NA NA NA NA 1396 1381 996 386 NA NA NA NA NA 4658 2941 5506 1221 NA NA NA NA NA 2060 1012 1688 641 NA NA NA NA 
1733263200.0 25034.999 NA 573 872 751 0 NA NA NA NA NA 839 1209 963 0 NA NA NA NA NA 2181 1977 4694 456 NA NA NA NA NA 1302 878 2042 468 NA NA NA NA 
1733263200.0 250399.0 288 NA NA NA NA NA NA NA NA 442 NA NA NA NA NA NA NA NA 498 NA NA NA NA NA NA NA NA 404 NA NA NA NA NA NA NA NA 
1733263200.0 250399.17 343 NA NA NA NA NA NA NA NA 514 NA NA NA NA NA NA NA NA 679 NA NA NA NA NA NA NA NA 455 NA NA NA NA NA NA NA NA 
1733263200.0 250399.18 343 NA NA NA NA NA NA NA NA 504 NA NA NA NA NA NA NA NA 697 NA NA NA NA NA NA NA NA 467 NA NA NA NA NA NA NA NA 
1733263200.0 250400.0 439 0 186 NA NA NA NA NA NA 635 0 294 NA NA NA NA NA NA 693 185 448 NA NA NA NA NA NA 866 218 529 NA NA NA NA NA NA 
1733263200.0 250400.17 506 0 189 NA NA NA NA NA NA 709 0 295 NA NA NA NA NA NA 767 205 459 NA NA NA NA NA NA 613 224 485 NA NA NA NA NA NA 
1733263200.0 250400.18 520 0 188 NA NA NA NA NA NA 725 0 287 NA NA NA NA NA NA 793 207 452 NA NA NA NA NA NA 628 240 497 NA NA NA NA NA NA 
1733263200.0 250402.0 444 0 188 NA NA NA NA NA NA 674 0 290 NA NA NA NA NA NA 737 191 484 NA NA NA NA NA NA 615 259 628 NA NA NA NA NA NA 
1733263200.0 250402.1 289 433 0 NA NA NA NA NA NA 441 572 0 NA NA NA NA NA NA 506 753 192 NA NA NA NA NA NA 405 536 205 NA NA NA NA NA NA 
1733263200.0 250402.17 520 0 192 NA NA NA NA NA NA 741 0 295 NA NA NA NA NA NA 846 215 488 NA NA NA NA NA NA 660 239 617 NA NA NA NA NA NA 
1733263200.0 250402.171 344 515 0 NA NA NA NA NA NA 513 686 0 NA NA NA NA NA NA 683 867 209 NA NA NA NA NA NA 553 739 222 NA NA NA NA NA NA 
1733263200.0 250402.18 530 0 188 NA NA NA NA NA NA 748 0 295 NA NA NA NA NA NA 896 212 490 NA NA NA NA NA NA 872 229 593 NA NA NA NA NA NA 
1733263200.0 250402.181 348 554 0 NA NA NA NA NA NA 525 724 0 NA NA NA NA NA NA 706 898 206 NA NA NA NA NA NA 532 658 217 NA NA NA NA NA NA 
1733263200.0 250403.0 441 0 188 NA NA NA NA NA NA 633 0 278 NA NA NA NA NA NA 710 186 470 NA NA NA NA NA NA 665 204 471 NA NA NA NA NA NA 
1733263200.0 250403.17 513 0 188 NA NA NA NA NA NA 717 0 283 NA NA NA NA NA NA 777 207 458 NA NA NA NA NA NA 632 225 540 NA NA NA NA NA NA 
1733263200.0 250403.18 521 0 187 NA NA NA NA NA NA 715 0 281 NA NA NA NA NA NA 845 211 467 NA NA NA NA NA NA 724 247 523 NA NA NA NA NA NA 
1733263200.0 250405.0 452 0 186 NA NA NA NA NA NA 636 0 282 NA NA NA NA NA NA 695 186 464 NA NA NA NA NA NA 776 231 582 NA NA NA NA NA NA 
1733263200.0 250405.17 515 0 187 NA NA NA NA NA NA 734 0 279 NA NA NA NA NA NA 783 207 460 NA NA NA NA NA NA 635 231 478 NA NA NA NA NA NA 
1733263200.0 250405.18 522 0 190 NA NA NA NA NA NA 735 0 295 NA NA NA NA NA NA 842 210 459 NA NA NA NA NA NA 728 233 452 NA NA NA NA NA NA 
1733263200.0 250406.0 437 0 185 NA NA NA NA NA NA 618 0 281 NA NA NA NA NA NA 623 183 451 NA NA NA NA NA NA 864 219 554 NA NA NA NA NA NA 
1733263200.0 250406.17 509 0 185 NA NA NA NA NA NA 719 0 285 NA NA NA NA NA NA 680 204 442 NA NA NA NA NA NA 602 217 449 NA NA NA NA NA NA 
1733263200.0 250406.18 516 0 188 NA NA NA NA NA NA 729 0 290 NA NA NA NA NA NA 704 199 431 NA NA NA NA NA NA 872 215 439 NA NA NA NA NA NA 
1733263200.0 250407.0 375 0 181 NA NA NA NA NA NA 588 0 279 NA NA NA NA NA NA 634 160 439 NA NA NA NA NA NA 674 202 476 NA NA NA NA NA NA 
1733263200.0 250407.17 449 0 187 NA NA NA NA NA NA 644 0 281 NA NA NA NA NA NA 745 185 456 NA NA NA NA NA NA 964 212 456 NA NA NA NA NA NA 
1733263200.0 250407.18 457 0 184 NA NA NA NA NA NA 636 0 288 NA NA NA NA NA NA 756 178 447 NA NA NA NA NA NA 860 196 486 NA NA NA NA NA NA 
1733263200.0 250408.0 439 0 186 NA NA NA NA NA NA 637 0 282 NA NA NA NA NA NA 735 192 460 NA NA NA NA NA NA 687 204 437 NA NA NA NA NA NA 
1733263200.0 250408.17 520 0 192 NA NA NA NA NA NA 743 0 294 NA NA NA NA NA NA 897 217 481 NA NA NA NA NA NA 881 258 458 NA NA NA NA NA NA 
1733263200.0 250408.18 563 0 190 NA NA NA NA NA NA 738 0 291 NA NA NA NA NA NA 866 213 476 NA NA NA NA NA NA 686 231 632 NA NA NA NA NA NA 
1733263200.0 250409.0 457 0 194 NA NA NA NA NA NA 677 0 300 NA NA NA NA NA NA 898 195 580 NA NA NA NA NA NA 867 232 533 NA NA NA NA NA NA 
1733263200.0 250409.17 531 0 195 NA NA NA NA NA NA 754 0 295 NA NA NA NA NA NA 1009 218 572 NA NA NA NA NA NA 704 239 474 NA NA NA NA NA NA 
1733263200.0 250409.18 531 0 195 NA NA NA NA NA NA 746 0 300 NA NA NA NA NA NA 1071 217 577 NA NA NA NA NA NA 953 240 476 NA NA NA NA NA NA 
1733263200.0 25061.97 1081 NA NA NA NA NA NA NA NA 1619 NA NA NA NA NA NA NA NA 5726 NA NA NA NA NA NA NA NA 2460 NA NA NA NA NA NA NA NA 
1733263200.0 25200.0 NA 416 629 0 144 NA NA NA NA NA 655 898 0 239 NA NA NA NA NA 1259 2152 336 409 NA NA NA NA NA 647 1403 371 500 NA NA NA NA 
1733263200.0 25202.0 NA 423 0 NA NA NA NA NA NA NA 633 0 NA NA NA NA NA NA NA 1282 0 NA NA NA NA NA NA NA 651 0 NA NA NA NA NA NA 
1733263200.0 25202.1 NA 433 597 0 NA NA NA NA NA NA 655 929 0 NA NA NA NA NA NA 1823 2439 372 NA NA NA NA NA NA 856 1690 435 NA NA NA NA NA 
1733263200.0 25202.15 NA 429 627 0 159 NA NA NA NA NA 649 916 0 261 NA NA NA NA NA 1290 2323 366 478 NA NA NA NA NA 652 1467 418 548 NA NA NA NA 
1733263200.0 25202.2 NA 429 602 0 NA NA NA NA NA NA 655 894 0 NA NA NA NA NA NA 1730 2499 361 NA NA NA NA NA NA 848 1740 402 NA NA NA NA NA 
1733263200.0 25203.0 NA 426 602 0 144 NA NA NA NA NA 639 939 0 245 NA NA NA NA NA 1262 2280 356 424 NA NA NA NA NA 641 1534 415 581 NA NA NA NA 
1733263200.0 25204.0 NA 404 592 0 NA NA NA NA NA NA 639 920 0 NA NA NA NA NA NA 1341 2553 360 NA NA NA NA NA NA 661 1749 409 NA NA NA NA NA 
1733263200.0 25205.0 NA 422 618 0 142 NA NA NA NA NA 620 894 0 238 NA NA NA NA NA 1240 2021 351 400 NA NA NA NA NA 641 1360 408 533 NA NA NA NA 
1733263200.0 25206.0 NA 421 655 0 148 NA NA NA NA NA 636 907 0 241 NA NA NA NA NA 1389 2452 345 363 NA NA NA NA NA 719 1773 400 454 NA NA NA NA 
1733263200.0 25207.0 NA 391 594 0 NA NA NA NA NA NA 620 900 0 NA NA NA NA NA NA 1496 2409 334 NA NA NA NA NA NA 764 1744 378 NA NA NA NA NA 
1733263200.0 25208.0 NA 414 622 0 NA NA NA NA NA NA 629 978 0 NA NA NA NA NA NA 1512 3098 338 NA NA NA NA NA NA 788 1815 365 NA NA NA NA NA 
1733263200.0 25209.0 NA 416 588 0 142 NA NA NA NA NA 639 936 0 240 NA NA NA NA NA 1417 2644 362 396 NA NA NA NA NA 694 1698 444 497 NA NA NA NA 
1733263200.0 25210.0 0 NA NA NA NA NA NA NA NA 0 NA NA NA NA NA NA NA NA 801 NA NA NA NA NA NA NA NA 422 NA NA NA NA NA NA NA NA 
1733263200.0 25211.0 0 NA NA NA NA NA NA NA NA 0 NA NA NA NA NA NA NA NA 461 NA NA NA NA NA NA NA NA 418 NA NA NA NA NA NA NA NA 
1733263200.0 25211.17 0 NA NA NA NA NA NA NA NA 0 NA NA NA NA NA NA NA NA 463 NA NA NA NA NA NA NA NA 419 NA NA NA NA NA NA NA NA 
1733263200.0 25211.18 0 NA NA NA NA NA NA NA NA 0 NA NA NA NA NA NA NA NA 461 NA NA NA NA NA NA NA NA 423 NA NA NA NA NA NA NA NA 
1733263200.0 25212.0 0 NA NA NA NA NA NA NA NA 0 NA NA NA NA NA NA NA NA 454 NA NA NA NA NA NA NA NA 404 NA NA NA NA NA NA NA NA 
1733263200.0 25212.17 0 NA NA NA NA NA NA NA NA 0 NA NA NA NA NA NA NA NA 466 NA NA NA NA NA NA NA NA 425 NA NA NA NA NA NA NA NA 
1733263200.0 25212.18 0 NA NA NA NA NA NA NA NA 0 NA NA NA NA NA NA NA NA 460 NA NA NA NA NA NA NA NA 418 NA NA NA NA NA NA NA NA 
1733263200.0 25213.0 0 NA NA NA NA NA NA NA NA 0 NA NA NA NA NA NA NA NA 465 NA NA NA NA NA NA NA NA 419 NA NA NA NA NA NA NA NA 
1733263200.0 25213.17 0 NA NA NA NA NA NA NA NA 0 NA NA NA NA NA NA NA NA 460 NA NA NA NA NA NA NA NA 416 NA NA NA NA NA NA NA NA 
1733263200.0 25213.18 0 NA NA NA NA NA NA NA NA 0 NA NA NA NA NA NA NA NA 469 NA NA NA NA NA NA NA NA 425 NA NA NA NA NA NA NA NA 
1733263200.0 25214.0 NA 436 602 0 NA NA NA NA NA NA 655 926 0 NA NA NA NA NA NA 1281 2706 369 NA NA NA NA NA NA 628 1873 429 NA NA NA NA NA 
1733263200.0 25215.0 54 143 410 589 0 NA NA NA NA 114 269 620 875 0 NA NA NA NA 34 1457 1483 2367 337 NA NA NA NA 67 712 773 1813 379 NA NA NA NA 
1733263200.0 25215.17 53 129 521 708 0 NA NA NA NA 117 237 689 1080 0 NA NA NA NA 33 1485 2222 2265 377 NA NA NA NA 64 707 878 1451 388 NA NA NA NA 
1733263200.0 25215.18 46 134 534 766 0 NA NA NA NA 114 223 803 1136 0 NA NA NA NA 44 1500 2902 3040 405 NA NA NA NA 115 752 1125 1882 439 NA NA NA NA 
1733263200.0 25234.0 172 624 551 0 202 NA NA NA NA 271 780 768 0 305 NA NA NA NA 3468 1373 1840 437 508 NA NA NA NA 1682 816 1327 450 485 NA NA NA NA 
1733263200.0 25234.911 157 603 561 0 202 NA NA NA NA 273 790 749 0 308 NA NA NA NA 6793 4170 4417 1364 528 NA NA NA NA 3356 2363 2391 1404 593 NA NA NA NA 
1733263200.0 25400.0 543 0 186 NA NA NA NA NA NA 755 0 285 NA NA NA NA NA NA 1943 199 470 NA NA NA NA NA NA 973 222 537 NA NA NA NA NA NA 
1733263200.0 25400.17 643 0 185 NA NA NA NA NA NA 897 0 283 NA NA NA NA NA NA 5040 249 551 NA NA NA NA NA NA 2073 289 629 NA NA NA NA NA NA 
1733263200.0 25400.18 589 0 176 NA NA NA NA NA NA 833 0 284 NA NA NA NA NA NA 4834 253 552 NA NA NA NA NA NA 2049 300 615 NA NA NA NA NA NA 
1733263200.0 25402.0 587 0 188 NA NA NA NA NA NA 772 0 282 NA NA NA NA NA NA 2248 199 460 NA NA NA NA NA NA 1043 212 418 NA NA NA NA NA NA 
1733263200.0 25402.17 659 0 187 NA NA NA NA NA NA 858 0 287 NA NA NA NA NA NA 5197 246 560 NA NA NA NA NA NA 1995 286 591 NA NA NA NA NA NA 
1733263200.0 25402.18 654 0 185 NA NA NA NA NA NA 868 0 282 NA NA NA NA NA NA 5129 264 544 NA NA NA NA NA NA 2059 324 569 NA NA NA NA NA NA 
1733263200.0 25403.0 580 0 185 NA NA NA NA NA NA 771 0 282 NA NA NA NA NA NA 2183 200 471 NA NA NA NA NA NA 1069 220 514 NA NA NA NA NA NA 
1733263200.0 25403.17 643 0 186 NA NA NA NA NA NA 900 0 282 NA NA NA NA NA NA 4829 252 551 NA NA NA NA NA NA 1981 295 618 NA NA NA NA NA NA 
1733263200.0 25403.18 636 0 186 NA NA NA NA NA NA 826 0 289 NA NA NA NA NA NA 5024 251 558 NA NA NA NA NA NA 2026 299 628 NA NA NA NA NA NA 
1733263200.0 25405.0 584 0 186 NA NA NA NA NA NA 765 0 284 NA NA NA NA NA NA 1974 205 475 NA NA NA NA NA NA 995 230 524 NA NA NA NA NA NA 
1733263200.0 25405.17 644 0 185 NA NA NA NA NA NA 836 0 275 NA NA NA NA NA NA 4813 253 560 NA NA NA NA NA NA 2048 310 688 NA NA NA NA NA NA 
1733263200.0 25405.18 610 0 178 NA NA NA NA NA NA 871 0 283 NA NA NA NA NA NA 5109 249 517 NA NA NA NA NA NA 1997 311 546 NA NA NA NA NA NA 
1733263200.0 25406.0 523 0 183 NA NA NA NA NA NA 740 0 287 NA NA NA NA NA NA 1250 200 433 NA NA NA NA NA NA 818 242 551 NA NA NA NA NA NA 
1733263200.0 25406.17 621 0 174 NA NA NA NA NA NA 830 0 278 NA NA NA NA NA NA 2823 245 554 NA NA NA NA NA NA 1630 294 676 NA NA NA NA NA NA 
1733263200.0 25406.18 640 0 182 NA NA NA NA NA NA 833 0 276 NA NA NA NA NA NA 2592 233 482 NA NA NA NA NA NA 1379 264 545 NA NA NA NA NA NA 
1733263200.0 25407.0 494 0 186 NA NA NA NA NA NA 671 0 291 NA NA NA NA NA NA 1734 179 407 NA NA NA NA NA NA 917 190 392 NA NA NA NA NA NA 
1733263200.0 25407.17 573 0 182 NA NA NA NA NA NA 845 0 283 NA NA NA NA NA NA 3994 224 521 NA NA NA NA NA NA 1682 260 630 NA NA NA NA NA NA 
1733263200.0 25407.18 571 0 182 NA NA NA NA NA NA 765 0 277 NA NA NA NA NA NA 4480 237 569 NA NA NA NA NA NA 1956 287 694 NA NA NA NA NA NA 
1733263200.0 25408.0 622 0 191 NA NA NA NA NA NA 813 0 290 NA NA NA NA NA NA 2343 205 595 NA NA NA NA NA NA 1043 222 634 NA NA NA NA NA NA 
1733263200.0 25408.17 604 0 186 NA NA NA NA NA NA 858 0 295 NA NA NA NA NA NA 6036 263 703 NA NA NA NA NA NA 2220 302 681 NA NA NA NA NA NA 
1733263200.0 25408.18 596 0 184 NA NA NA NA NA NA 916 0 293 NA NA NA NA NA NA 5652 267 699 NA NA NA NA NA NA 2221 312 679 NA NA NA NA NA NA 
1733263200.0 25409.0 591 0 190 NA NA NA NA NA NA 768 0 297 NA NA NA NA NA NA 2172 213 491 NA NA NA NA NA NA 996 237 580 NA NA NA NA NA NA 
1733263200.0 25409.17 581 0 175 NA NA NA NA NA NA 849 0 275 NA NA NA NA NA NA 5736 256 595 NA NA NA NA NA NA 2196 291 679 NA NA NA NA NA NA 
1733263200.0 25409.18 606 0 173 NA NA NA NA NA NA 913 0 282 NA NA NA NA NA NA 5644 263 582 NA NA NA NA NA NA 2159 324 623 NA NA NA NA NA NA 
1733263200.0 25634.0 164 596 553 0 200 NA NA NA NA 261 775 736 0 298 NA NA NA NA 3346 1375 1928 428 498 NA NA NA NA 1552 877 1518 442 482 NA NA NA NA 
1733263200.0 26.0 NA 202 383 0 NA NA NA NA NA NA 302 574 0 NA NA NA NA NA NA 1000 2022 358 NA NA NA NA NA NA 451 1550 403 NA NA NA NA NA 
1733263200.0 26034.0 149 601 558 0 230 NA NA NA NA 269 774 765 0 301 NA NA NA NA 3459 1354 1939 443 512 NA NA NA NA 1661 782 2239 479 482 NA NA NA NA 
1733263200.0 26434.0 166 599 558 0 202 NA NA NA NA 262 756 760 0 304 NA NA NA NA 3455 1347 1939 445 493 NA NA NA NA 1595 881 1390 523 483 NA NA NA NA 
1733263200.0 26834.0 182 602 551 0 202 NA NA NA NA 266 812 757 0 302 NA NA NA NA 2996 1259 1847 393 473 NA NA NA NA 1329 1012 2226 477 480 NA NA NA NA 
1733263200.0 27.0 NA 204 371 0 NA NA NA NA NA NA 310 536 0 NA NA NA NA NA NA 1015 1898 357 NA NA NA NA NA NA 506 1385 392 NA NA NA NA NA 
1733263200.0 27234.0 179 604 555 0 203 NA NA NA NA 284 786 762 0 305 NA NA NA NA 3232 1358 1948 441 535 NA NA NA NA 1571 942 1891 489 670 NA NA NA NA 
1733263200.0 27634.0 139 595 559 0 202 NA NA NA NA 258 801 778 0 298 NA NA NA NA 3442 1359 1931 440 502 NA NA NA NA 1611 811 1473 469 480 NA NA NA NA 
1733263200.0 28.0 NA 184 348 0 NA NA NA NA NA NA 315 530 0 NA NA NA NA NA NA 1142 2601 361 NA NA NA NA NA NA 526 1737 388 NA NA NA NA NA 
1733263200.0 280.0 128 153 313 0 NA NA NA NA NA 334 250 490 0 NA NA NA NA NA 1127 291 1283 355 NA NA NA NA NA 728 312 1341 416 NA NA NA NA NA 
1733263200.0 28034.0 185 617 555 0 202 NA NA NA NA 275 770 759 0 296 NA NA NA NA 2906 1256 1874 394 481 NA NA NA NA 1293 760 1411 431 488 NA NA NA NA 
1733263200.0 281.0 165 229 393 0 NA NA NA NA NA 359 325 600 0 NA NA NA NA NA 1067 318 1086 313 NA NA NA NA NA 703 322 1097 341 NA NA NA NA NA 
1733263200.0 28434.0 167 598 557 0 202 NA NA NA NA 258 759 748 0 306 NA NA NA NA 3385 1359 1882 429 478 NA NA NA NA 1587 840 1429 443 455 NA NA NA NA 
1733263200.0 28834.0 177 601 553 0 202 NA NA NA NA 271 774 765 0 305 NA NA NA NA 3117 1288 1779 377 483 NA NA NA NA 1341 821 1331 393 489 NA NA NA NA 
1733263200.0 29.0 NA 202 368 0 NA NA NA NA NA NA 303 549 0 NA NA NA NA NA NA 1001 2102 345 NA NA NA NA NA NA 449 1589 380 NA NA NA NA NA 
1733263200.0 29234.0 187 601 563 0 203 NA NA NA NA 284 775 761 0 286 NA NA NA NA 2865 1264 1884 394 510 NA NA NA NA 1270 733 1895 453 940 NA NA NA NA 
1733263200.0 29634.0 182 621 554 0 202 NA NA NA NA 274 769 772 0 295 NA NA NA NA 3465 1387 1958 429 511 NA NA NA NA 1627 991 1463 447 482 NA NA NA NA 
1733263200.0 3.0 144 166 275 NA NA NA NA NA NA 261 244 415 NA NA NA NA NA NA 2341 262 1093 NA NA NA NA NA NA 1178 364 1070 NA NA NA NA NA NA 
1733263200.0 30.0 NA 203 353 0 NA NA NA NA NA NA 303 521 0 NA NA NA NA NA NA 1040 2205 399 NA NA NA NA NA NA 478 1552 439 NA NA NA NA NA 
1733263200.0 300.0 121 224 442 0 NA NA NA NA NA 286 384 718 0 NA NA NA NA NA 906 270 1152 389 NA NA NA NA NA 692 359 1197 447 NA NA NA NA NA 
1733263200.0 301.0 121 222 450 0 NA NA NA NA NA 280 381 705 0 NA NA NA NA NA 1357 311 1197 411 NA NA NA NA NA 842 480 1289 475 NA NA NA NA NA 
1733263200.0 302.0 134 220 447 0 NA NA NA NA NA 282 377 702 0 NA NA NA NA NA 852 287 1166 396 NA NA NA NA NA 691 418 1251 456 NA NA NA NA NA 
1733263200.0 31.0 NA 200 367 0 NA NA NA NA NA NA 301 545 0 NA NA NA NA NA NA 1028 1931 358 NA NA NA NA NA NA 489 1397 422 NA NA NA NA NA 
1733263200.0 310.0 151 229 433 0 NA NA NA NA NA 291 380 705 0 NA NA NA NA NA 1156 250 1098 388 NA NA NA NA NA 884 291 1110 440 NA NA NA NA NA 
1733263200.0 311.0 156 226 431 0 NA NA NA NA NA 287 354 721 0 NA NA NA NA NA 1505 255 1130 406 NA NA NA NA NA 984 313 1131 461 NA NA NA NA NA 
1733263200.0 312.0 158 221 440 0 NA NA NA NA NA 290 369 716 0 NA NA NA NA NA 1112 240 1106 395 NA NA NA NA NA 887 290 1107 450 NA NA NA NA NA 
1733263200.0 32.0 NA 200 372 0 NA NA NA NA NA NA 301 537 0 NA NA NA NA NA NA 1060 2146 360 NA NA NA NA NA NA 502 1437 399 NA NA NA NA NA 
1733263200.0 320.0 166 217 423 0 NA NA NA NA NA 311 380 712 0 NA NA NA NA NA 1318 302 1069 397 NA NA NA NA NA 940 329 1157 470 NA NA NA NA NA 
1733263200.0 321.0 166 240 409 0 NA NA NA NA NA 306 402 721 0 NA NA NA NA NA 1654 358 1163 408 NA NA NA NA NA 1035 402 1184 461 NA NA NA NA NA 
1733263200.0 322.0 166 228 437 0 NA NA NA NA NA 306 389 708 0 NA NA NA NA NA 1247 347 1122 402 NA NA NA NA NA 922 380 1122 482 NA NA NA NA NA 
1733263200.0 33.0 NA 201 354 0 NA NA NA NA NA NA 302 519 0 NA NA NA NA NA NA 983 1821 365 NA NA NA NA NA NA 462 1481 428 NA NA NA NA NA 
1733263200.0 34.0 155 158 324 0 NA NA NA NA NA 277 243 498 0 NA NA NA NA NA 1289 288 1281 331 NA NA NA NA NA 757 360 1369 364 NA NA NA NA NA 
1733263200.0 35.0 NA 203 368 0 NA NA NA NA NA NA 305 532 0 NA NA NA NA NA NA 1041 2190 361 NA NA NA NA NA NA 459 1517 401 NA NA NA NA NA 
1733263200.0 36.0 NA 195 384 0 NA NA NA NA NA NA 303 558 0 NA NA NA NA NA NA 1082 6558 394 NA NA NA NA NA NA 452 2583 453 NA NA NA NA NA 
1733263200.0 37.0 NA 200 371 0 NA NA NA NA NA NA 307 544 0 NA NA NA NA NA NA 1106 2997 377 NA NA NA NA NA NA 485 1673 422 NA NA NA NA NA 
1733263200.0 38.0 NA 184 365 0 NA NA NA NA NA NA 306 528 0 NA NA NA NA NA NA 1104 2672 366 NA NA NA NA NA NA 470 1577 393 NA NA NA NA NA 
1733263200.0 39.0 NA 184 364 0 NA NA NA NA NA NA 315 545 0 NA NA NA NA NA NA 1272 4481 376 NA NA NA NA NA NA 567 1985 409 NA NA NA NA NA 
1733263200.0 4.17 NA 85 338 0 211 NA NA NA NA NA 168 517 0 344 NA NA NA NA NA 117 2078 280 845 NA NA NA NA NA 115 1419 322 877 NA NA NA NA 
1733263200.0 4.22 NA 193 118 119 0 NA NA NA NA NA 332 193 214 0 NA NA NA NA NA 578 180 171 150 NA NA NA NA NA 426 326 216 162 NA NA NA NA 
1733263200.0 4.23 NA 118 365 0 NA NA NA NA NA NA 210 516 0 NA NA NA NA NA NA 173 1999 376 NA NA NA NA NA NA 199 1374 443 NA NA NA NA NA 
1733263200.0 4.24 NA 103 337 0 NA NA NA NA NA NA 199 494 0 NA NA NA NA NA NA 176 2309 268 NA NA NA NA NA NA 187 1660 297 NA NA NA NA NA 
1733263200.0 4.25 NA 111 341 0 NA NA NA NA NA NA 201 494 0 NA NA NA NA NA NA 169 2214 279 NA NA NA NA NA NA 178 1559 308 NA NA NA NA NA 
1733263200.0 4.26 NA 111 363 0 NA NA NA NA NA NA 198 519 0 NA NA NA NA NA NA 162 2503 304 NA NA NA NA NA NA 183 1639 334 NA NA NA NA NA 
1733263200.0 4.27 NA 115 359 0 NA NA NA NA NA NA 202 517 0 NA NA NA NA NA NA 167 2816 397 NA NA NA NA NA NA 176 1747 455 NA NA NA NA NA 
1733263200.0 4.28 NA 118 326 0 NA NA NA NA NA NA 216 504 0 NA NA NA NA NA NA 166 2308 1241 NA NA NA NA NA NA 247 1809 1266 NA NA NA NA NA 
1733263200.0 4.29 NA 88 364 0 216 NA NA NA NA NA 172 515 0 345 NA NA NA NA NA 116 2172 287 858 NA NA NA NA NA 120 1364 360 867 NA NA NA NA 
1733263200.0 4.34 NA 116 353 0 NA NA NA NA NA NA 207 528 0 NA NA NA NA NA NA 180 2381 371 NA NA NA NA NA NA 217 1540 434 NA NA NA NA NA 
1733263200.0 4.36 NA 114 346 0 NA NA NA NA NA NA 204 522 0 NA NA NA NA NA NA 184 2682 272 NA NA NA NA NA NA 210 1678 302 NA NA NA NA NA 
1733263200.0 4.37 NA 106 370 0 NA NA NA NA NA NA 202 511 0 NA NA NA NA NA NA 177 2874 296 NA NA NA NA NA NA 210 1602 331 NA NA NA NA NA 
1733263200.0 4.4 NA 85 422 0 NA NA NA NA NA NA 174 691 0 NA NA NA NA NA NA 119 2791 258 NA NA NA NA NA NA 130 1754 288 NA NA NA NA NA 
1733263200.0 4.41 NA 83 439 0 NA NA NA NA NA NA 174 707 0 NA NA NA NA NA NA 120 3518 262 NA NA NA NA NA NA 161 1839 291 NA NA NA NA NA 
1733263200.0 4.42 NA 85 436 0 NA NA NA NA NA NA 174 740 0 NA NA NA NA NA NA 119 4021 266 NA NA NA NA NA NA 163 1926 314 NA NA NA NA NA 
1733263200.0 4.43 NA 77 424 0 NA NA NA NA NA NA 179 714 0 NA NA NA NA NA NA 139 2587 263 NA NA NA NA NA NA 154 1595 290 NA NA NA NA NA 
1733263200.0 4.44 NA 82 435 0 NA NA NA NA NA NA 171 707 0 NA NA NA NA NA NA 120 3139 260 NA NA NA NA NA NA 122 1722 291 NA NA NA NA NA 
1733263200.0 4.45 NA 79 446 0 NA NA NA NA NA NA 174 727 0 NA NA NA NA NA NA 128 4366 263 NA NA NA NA NA NA 134 2017 310 NA NA NA NA NA 
1733263200.0 4.51 NA 76 430 0 NA NA NA NA NA NA 174 725 0 NA NA NA NA NA NA 128 3607 263 NA NA NA NA NA NA 122 1843 308 NA NA NA NA NA 
1733263200.0 4.52 NA 84 438 0 NA NA NA NA NA NA 174 721 0 NA NA NA NA NA NA 126 4418 272 NA NA NA NA NA NA 127 2018 313 NA NA NA NA NA 
1733263200.0 4.53 NA 76 450 0 NA NA NA NA NA NA 171 724 0 NA NA NA NA NA NA 137 4283 270 NA NA NA NA NA NA 146 1948 309 NA NA NA NA NA 
1733263200.0 4.54 NA 84 434 0 NA NA NA NA NA NA 171 721 0 NA NA NA NA NA NA 124 4254 266 NA NA NA NA NA NA 123 2009 319 NA NA NA NA NA 
1733263200.0 4.55 NA 86 451 0 NA NA NA NA NA NA 174 733 0 NA NA NA NA NA NA 125 5410 256 NA NA NA NA NA NA 126 2284 286 NA NA NA NA NA 
1733263200.0 4.57 NA 113 458 0 NA NA NA NA NA NA 200 749 0 NA NA NA NA NA NA 176 4934 272 NA NA NA NA NA NA 168 2169 306 NA NA NA NA NA 
1733263200.0 4.58 NA 85 443 0 NA NA NA NA NA NA 171 708 0 NA NA NA NA NA NA 126 3121 264 NA NA NA NA NA NA 125 1755 296 NA NA NA NA NA 
1733263200.0 4.6 NA 339 0 NA NA NA NA NA NA NA 531 0 NA NA NA NA NA NA NA 2137 386 NA NA NA NA NA NA NA 1708 436 NA NA NA NA NA NA 
1733263200.0 4.61 NA 75 434 0 NA NA NA NA NA NA 175 734 0 NA NA NA NA NA NA 128 4032 258 NA NA NA NA NA NA 141 1919 291 NA NA NA NA NA 
1733263200.0 4.62 NA 84 431 0 NA NA NA NA NA NA 171 701 0 NA NA NA NA NA NA 120 4157 262 NA NA NA NA NA NA 116 1937 302 NA NA NA NA NA 
1733263200.0 4.63 NA 75 443 0 NA NA NA NA NA NA 175 733 0 NA NA NA NA NA NA 138 4613 269 NA NA NA NA NA NA 181 2043 316 NA NA NA NA NA 
1733263200.0 4.64 NA 75 450 0 NA NA NA NA NA NA 169 714 0 NA NA NA NA NA NA 128 4359 269 NA NA NA NA NA NA 127 1992 324 NA NA NA NA NA 
1733263200.0 4.65 NA 84 439 0 NA NA NA NA NA NA 174 725 0 NA NA NA NA NA NA 138 6532 282 NA NA NA NA NA NA 133 2616 335 NA NA NA NA NA 
1733263200.0 4.67 NA 112 447 0 NA NA NA NA NA NA 203 727 0 NA NA NA NA NA NA 183 5306 269 NA NA NA NA NA NA 189 2274 303 NA NA NA NA NA 
1733263200.0 4.68 NA 84 441 0 NA NA NA NA NA NA 171 733 0 NA NA NA NA NA NA 124 3855 261 NA NA NA NA NA NA 135 1896 299 NA NA NA NA NA 
1733263200.0 4.71 NA 83 437 0 NA NA NA NA NA NA 171 715 0 NA NA NA NA NA NA 116 3277 274 NA NA NA NA NA NA 122 1851 322 NA NA NA NA NA 
1733263200.0 4.72 NA 83 421 0 NA NA NA NA NA NA 172 693 0 NA NA NA NA NA NA 122 3813 262 NA NA NA NA NA NA 174 1921 298 NA NA NA NA NA 
1733263200.0 4.73 NA 76 435 0 NA NA NA NA NA NA 177 725 0 NA NA NA NA NA NA 130 4505 277 NA NA NA NA NA NA 125 2084 320 NA NA NA NA NA 
1733263200.0 4.74 NA 85 429 0 NA NA NA NA NA NA 174 720 0 NA NA NA NA NA NA 128 3839 266 NA NA NA NA NA NA 135 1854 316 NA NA NA NA NA 
1733263200.0 4.75 NA 75 436 0 NA NA NA NA NA NA 166 716 0 NA NA NA NA NA NA 139 4685 263 NA NA NA NA NA NA 142 2080 293 NA NA NA NA NA 
1733263200.0 4.76 NA 114 452 0 NA NA NA NA NA NA 203 741 0 NA NA NA NA NA NA 180 4943 273 NA NA NA NA NA NA 177 2258 309 NA NA NA NA NA 
1733263200.0 4.77 NA 103 452 0 NA NA NA NA NA NA 203 720 0 NA NA NA NA NA NA 181 4946 274 NA NA NA NA NA NA 182 2120 316 NA NA NA NA NA 
1733263200.0 4.78 NA 85 450 0 NA NA NA NA NA NA 174 735 0 NA NA NA NA NA NA 132 4635 258 NA NA NA NA NA NA 142 2129 288 NA NA NA NA NA 
1733263200.0 4000.0 NA 200 378 NA NA NA NA NA NA NA 317 539 NA NA NA NA NA NA NA 1184 3063 NA NA NA NA NA NA NA 526 1692 NA NA NA NA NA NA 
1733263200.0 4001.0 NA 237 418 NA NA NA NA NA NA NA 389 634 NA NA NA NA NA NA NA 465 1674 NA NA NA NA NA NA NA 439 1453 NA NA NA NA NA NA 
1733263200.0 4002.0 NA 208 405 NA NA NA NA NA NA NA 311 544 NA NA NA NA NA NA NA 963 1872 NA NA NA NA NA NA NA 398 1357 NA NA NA NA NA NA 
1733263200.0 4003.0 NA 209 374 NA NA NA NA NA NA NA 313 556 NA NA NA NA NA NA NA 973 2075 NA NA NA NA NA NA NA 378 1370 NA NA NA NA NA NA 
1733263200.0 4006.0 123 240 408 NA NA NA NA NA NA 231 363 618 NA NA NA NA NA NA 538 439 1624 NA NA NA NA NA NA 450 383 1522 NA NA NA NA NA NA 
1733263200.0 4007.0 111 0 0 NA NA NA NA NA NA 211 0 0 NA NA NA NA NA NA 418 99 950 NA NA NA NA NA NA 373 229 1209 NA NA NA NA NA NA 
1733263200.0 4008.0 106 0 0 NA NA NA NA NA NA 205 0 0 NA NA NA NA NA NA 433 91 1084 NA NA NA NA NA NA 436 191 1342 NA NA NA NA NA NA 
1733263200.0 43.0 NA 199 359 0 NA NA NA NA NA NA 302 543 0 NA NA NA NA NA NA 1039 2486 415 NA NA NA NA NA NA 469 1583 482 NA NA NA NA NA 
1733263200.0 44.0 NA 199 353 0 NA NA NA NA NA NA 305 542 0 NA NA NA NA NA NA 1011 2334 359 NA NA NA NA NA NA 443 1545 400 NA NA NA NA NA 
1733263200.0 45.0 NA 203 358 0 NA NA NA NA NA NA 307 537 0 NA NA NA NA NA NA 1024 2347 372 NA NA NA NA NA NA 463 1591 399 NA NA NA NA NA 
1733263200.0 5.1 396 0 NA NA NA NA NA NA NA 538 0 NA NA NA NA NA NA NA 701 190 NA NA NA NA NA NA NA 552 204 NA NA NA NA NA NA NA 
1733263200.0 5.2 323 0 NA NA NA NA NA NA NA 439 0 NA NA NA NA NA NA NA 587 168 NA NA NA NA NA NA NA 488 182 NA NA NA NA NA NA NA 
1733263200.0 5.3 289 0 NA NA NA NA NA NA NA 441 0 NA NA NA NA NA NA NA 577 170 NA NA NA NA NA NA NA 481 183 NA NA NA NA NA NA NA 
1733263200.0 5.4 390 0 NA NA NA NA NA NA NA 536 0 NA NA NA NA NA NA NA 638 185 NA NA NA NA NA NA NA 565 201 NA NA NA NA NA NA NA 
1733263200.0 5.5 352 0 NA NA NA NA NA NA NA 520 0 NA NA NA NA NA NA NA 608 188 NA NA NA NA NA NA NA 484 200 NA NA NA NA NA NA NA 
1733263200.0 5.6 396 0 NA NA NA NA NA NA NA 532 0 NA NA NA NA NA NA NA 662 194 NA NA NA NA NA NA NA 532 206 NA NA NA NA NA NA NA 
1733263200.0 5.7 391 0 NA NA NA NA NA NA NA 521 0 NA NA NA NA NA NA NA 649 186 NA NA NA NA NA NA NA 601 202 NA NA NA NA NA NA NA 
1733263200.0 500199.0 276 NA NA NA NA NA NA NA NA 475 NA NA NA NA NA NA NA NA 937 NA NA NA NA NA NA NA NA 656 NA NA NA NA NA NA NA NA 
1733263200.0 500200.0 NA 281 388 0 NA NA NA NA NA NA 479 569 0 NA NA NA NA NA NA 2528 1781 351 NA NA NA NA NA NA 980 1420 397 NA NA NA NA NA 
1733263200.0 500200.1 149 277 311 NA NA NA NA NA NA 271 418 446 NA NA NA NA NA NA 1277 428 1431 NA NA NA NA NA NA 707 472 1259 NA NA NA NA NA NA 
1733263200.0 500202.0 NA 270 385 0 NA NA NA NA NA NA 487 571 0 NA NA NA NA NA NA 2686 2073 372 NA NA NA NA NA NA 1058 1581 406 NA NA NA NA NA 
1733263200.0 500203.0 NA 264 388 0 NA NA NA NA NA NA 464 569 0 NA NA NA NA NA NA 2579 1935 378 NA NA NA NA NA NA 1043 1503 429 NA NA NA NA NA 
1733263200.0 500204.0 NA 266 387 0 NA NA NA NA NA NA 472 572 0 NA NA NA NA NA NA 2565 1934 398 NA NA NA NA NA NA 1077 1419 462 NA NA NA NA NA 
1733263200.0 500205.0 NA 285 385 0 NA NA NA NA NA NA 487 572 0 NA NA NA NA NA NA 2454 1717 345 NA NA NA NA NA NA 989 1419 386 NA NA NA NA NA 
1733263200.0 500206.0 NA 280 398 0 NA NA NA NA NA NA 466 566 0 NA NA NA NA NA NA 2653 2151 384 NA NA NA NA NA NA 1038 1499 427 NA NA NA NA NA 
1733263200.0 500207.0 NA 259 379 0 NA NA NA NA NA NA 466 562 0 NA NA NA NA NA NA 2336 1851 365 NA NA NA NA NA NA 984 1645 418 NA NA NA NA NA 
1733263200.0 50200.0 NA 284 461 0 NA NA NA NA NA NA 458 735 0 NA NA NA NA NA NA 890 2093 393 NA NA NA NA NA NA 578 1714 462 NA NA NA NA NA 
1733263200.0 50202.0 NA 284 475 0 NA NA NA NA NA NA 455 777 0 NA NA NA NA NA NA 908 2274 392 NA NA NA NA NA NA 592 1685 438 NA NA NA NA NA 
1733263200.0 50203.0 NA 290 494 0 NA NA NA NA NA NA 471 767 0 NA NA NA NA NA NA 907 2140 381 NA NA NA NA NA NA 579 1625 446 NA NA NA NA NA 
1733263200.0 50204.0 NA 282 462 0 NA NA NA NA NA NA 464 726 0 NA NA NA NA NA NA 896 2099 373 NA NA NA NA NA NA 600 1683 425 NA NA NA NA NA 
1733263200.0 50205.0 NA 285 463 0 NA NA NA NA NA NA 471 761 0 NA NA NA NA NA NA 889 2052 385 NA NA NA NA NA NA 626 1618 463 NA NA NA NA NA 
1733263200.0 50206.0 NA 287 468 0 NA NA NA NA NA NA 460 729 0 NA NA NA NA NA NA 875 2034 390 NA NA NA NA NA NA 580 1604 438 NA NA NA NA NA 
1733263200.0 50207.0 NA 294 470 0 NA NA NA NA NA NA 474 744 0 NA NA NA NA NA NA 862 2011 357 NA NA NA NA NA NA 591 1694 404 NA NA NA NA NA 
1733263200.0 50208.0 NA 285 491 0 NA NA NA NA NA NA 471 777 0 NA NA NA NA NA NA 927 2725 397 NA NA NA NA NA NA 617 1792 462 NA NA NA NA NA 
1733263200.0 503.0 83 0 NA NA NA NA NA NA NA 142 0 NA NA NA NA NA NA NA 1458 112 NA NA NA NA NA NA NA 818 124 NA NA NA NA NA NA NA 
1733263200.0 504.0 88 0 NA NA NA NA NA NA NA 151 0 NA NA NA NA NA NA NA 174 119 NA NA NA NA NA NA NA 166 131 NA NA NA NA NA NA NA 
1733263200.0 505.0 89 0 NA NA NA NA NA NA NA 151 0 NA NA NA NA NA NA NA 180 114 NA NA NA NA NA NA NA 171 128 NA NA NA NA NA NA NA 
1733263200.0 506.0 88 0 NA NA NA NA NA NA NA 148 0 NA NA NA NA NA NA NA 185 108 NA NA NA NA NA NA NA 189 122 NA NA NA NA NA NA NA 
1733263200.0 507.0 83 0 NA NA NA NA NA NA NA 139 0 NA NA NA NA NA NA NA 749 113 NA NA NA NA NA NA NA 460 124 NA NA NA NA NA NA NA 
1733263200.0 508.0 88 0 NA NA NA NA NA NA NA 150 0 NA NA NA NA NA NA NA 175 114 NA NA NA NA NA NA NA 164 126 NA NA NA NA NA NA NA 
1733263200.0 509.0 81 0 NA NA NA NA NA NA NA 137 0 NA NA NA NA NA NA NA 164 113 NA NA NA NA NA NA NA 160 124 NA NA NA NA NA NA NA 
1733263200.0 510.0 84 0 NA NA NA NA NA NA NA 144 0 NA NA NA NA NA NA NA 1464 131 NA NA NA NA NA NA NA 821 179 NA NA NA NA NA NA NA 
1733263200.0 511.0 59 0 NA NA NA NA NA NA NA 150 0 NA NA NA NA NA NA NA 5220 111 NA NA NA NA NA NA NA 5259 125 NA NA NA NA NA NA NA 
1733263200.0 512.0 0 NA NA NA NA NA NA NA NA 0 NA NA NA NA NA NA NA NA 95 NA NA NA NA NA NA NA NA 76 NA NA NA NA NA NA NA NA 
1733263200.0 513.0 0 NA NA NA NA NA NA NA NA 0 NA NA NA NA NA NA NA NA 94 NA NA NA NA NA NA NA NA 83 NA NA NA NA NA NA NA NA 
1733263200.0 514.0 0 NA NA NA NA NA NA NA NA 0 NA NA NA NA NA NA NA NA 102 NA NA NA NA NA NA NA NA 73 NA NA NA NA NA NA NA NA 
1733263200.0 515.0 0 NA NA NA NA NA NA NA NA 0 NA NA NA NA NA NA NA NA 92 NA NA NA NA NA NA NA NA 66 NA NA NA NA NA NA NA NA 
1733263200.0 516.0 0 NA NA NA NA NA NA NA NA 0 NA NA NA NA NA NA NA NA 99 NA NA NA NA NA NA NA NA 73 NA NA NA NA NA NA NA NA 
1733263200.0 517.0 0 NA NA NA NA NA NA NA NA 0 NA NA NA NA NA NA NA NA 115 NA NA NA NA NA NA NA NA 73 NA NA NA NA NA NA NA NA 
1733263200.0 518.0 0 NA NA NA NA NA NA NA NA 0 NA NA NA NA NA NA NA NA 97 NA NA NA NA NA NA NA NA 66 NA NA NA NA NA NA NA NA 
1733263200.0 519.0 0 NA NA NA NA NA NA NA NA 0 NA NA NA NA NA NA NA NA 94 NA NA NA NA NA NA NA NA 71 NA NA NA NA NA NA NA NA 
1733263200.0 520.0 0 NA NA NA NA NA NA NA NA 0 NA NA NA NA NA NA NA NA 111 NA NA NA NA NA NA NA NA 73 NA NA NA NA NA NA NA NA 
1733263200.0 521.0 0 NA NA NA NA NA NA NA NA 0 NA NA NA NA NA NA NA NA 99 NA NA NA NA NA NA NA NA 72 NA NA NA NA NA NA NA NA 
1733263200.0 522.0 0 NA NA NA NA NA NA NA NA 0 NA NA NA NA NA NA NA NA 94 NA NA NA NA NA NA NA NA 70 NA NA NA NA NA NA NA NA 
1733263200.0 523.0 0 NA NA NA NA NA NA NA NA 0 NA NA NA NA NA NA NA NA 453 NA NA NA NA NA NA NA NA 150 NA NA NA NA NA NA NA NA 
1733263200.0 524.0 0 NA NA NA NA NA NA NA NA 0 NA NA NA NA NA NA NA NA 111 NA NA NA NA NA NA NA NA 82 NA NA NA NA NA NA NA NA 
1733263200.0 525.0 0 NA NA NA NA NA NA NA NA 0 NA NA NA NA NA NA NA NA 96 NA NA NA NA NA NA NA NA 72 NA NA NA NA NA NA NA NA 
1733263200.0 526.0 0 NA NA NA NA NA NA NA NA 0 NA NA NA NA NA NA NA NA 100 NA NA NA NA NA NA NA NA 386 NA NA NA NA NA NA NA NA 
1733263200.0 527.0 0 NA NA NA NA NA NA NA NA 0 NA NA NA NA NA NA NA NA 115 NA NA NA NA NA NA NA NA 80 NA NA NA NA NA NA NA NA 
1733263200.0 528.0 0 NA NA NA NA NA NA NA NA 0 NA NA NA NA NA NA NA NA 94 NA NA NA NA NA NA NA NA 81 NA NA NA NA NA NA NA NA 
1733263200.0 529.0 0 NA NA NA NA NA NA NA NA 0 NA NA NA NA NA NA NA NA 95 NA NA NA NA NA NA NA NA 67 NA NA NA NA NA NA NA NA 
1733263200.0 530.0 0 NA NA NA NA NA NA NA NA 0 NA NA NA NA NA NA NA NA 117 NA NA NA NA NA NA NA NA 82 NA NA NA NA NA NA NA NA 
1733263200.0 531.0 184 0 NA NA NA NA NA NA NA 252 0 NA NA NA NA NA NA NA 145 117 NA NA NA NA NA NA NA 154 129 NA NA NA NA NA NA NA 
1733263200.0 534.0 0 NA NA NA NA NA NA NA NA 0 NA NA NA NA NA NA NA NA 185 NA NA NA NA NA NA NA NA 208 NA NA NA NA NA NA NA NA 
1733263200.0 535.0 0 NA NA NA NA NA NA NA NA 0 NA NA NA NA NA NA NA NA 235 NA NA NA NA NA NA NA NA 221 NA NA NA NA NA NA NA NA 
1733263200.0 536.0 0 NA NA NA NA NA NA NA NA 0 NA NA NA NA NA NA NA NA 183 NA NA NA NA NA NA NA NA 209 NA NA NA NA NA NA NA NA 
1733263200.0 537.0 0 NA NA NA NA NA NA NA NA 0 NA NA NA NA NA NA NA NA 1040 NA NA NA NA NA NA NA NA 409 NA NA NA NA NA NA NA NA 
1733263200.0 538.0 0 NA NA NA NA NA NA NA NA 0 NA NA NA NA NA NA NA NA 232 NA NA NA NA NA NA NA NA 220 NA NA NA NA NA NA NA NA 
1733263200.0 539.0 85 0 NA NA NA NA NA NA NA 154 0 NA NA NA NA NA NA NA 16260 113 NA NA NA NA NA NA NA 16338 124 NA NA NA NA NA NA NA 
1733263200.0 541.0 86 0 NA NA NA NA NA NA NA 144 0 NA NA NA NA NA NA NA 160 116 NA NA NA NA NA NA NA 166 127 NA NA NA NA NA NA NA 
1733263200.0 545.0 83 0 NA NA NA NA NA NA NA 139 0 NA NA NA NA NA NA NA 166 115 NA NA NA NA NA NA NA 174 129 NA NA NA NA NA NA NA 
1733263200.0 546.0 89 94 NA NA NA NA NA NA NA 148 172 NA NA NA NA NA NA NA 182 184 NA NA NA NA NA NA NA 173 195 NA NA NA NA NA NA NA 
1733263200.0 547.0 0 NA NA NA NA NA NA NA NA 0 NA NA NA NA NA NA NA NA 95 NA NA NA NA NA NA NA NA 69 NA NA NA NA NA NA NA NA 
1733263200.0 548.0 0 NA NA NA NA NA NA NA NA 0 NA NA NA NA NA NA NA NA 97 NA NA NA NA NA NA NA NA 68 NA NA NA NA NA NA NA NA 
1733263200.0 551.0 0 NA NA NA NA NA NA NA NA 0 NA NA NA NA NA NA NA NA 453 NA NA NA NA NA NA NA NA 146 NA NA NA NA NA NA NA NA 
1733263200.0 552.0 0 NA NA NA NA NA NA NA NA 0 NA NA NA NA NA NA NA NA 112 NA NA NA NA NA NA NA NA 70 NA NA NA NA NA NA NA NA 
1733263200.0 554.0 0 NA NA NA NA NA NA NA NA 0 NA NA NA NA NA NA NA NA 103 NA NA NA NA NA NA NA NA 72 NA NA NA NA NA NA NA NA 
1733263200.0 555.0 0 NA NA NA NA NA NA NA NA 0 NA NA NA NA NA NA NA NA 1005 NA NA NA NA NA NA NA NA 281 NA NA NA NA NA NA NA NA 
1733263200.0 556.0 0 NA NA NA NA NA NA NA NA 0 NA NA NA NA NA NA NA NA 101 NA NA NA NA NA NA NA NA 70 NA NA NA NA NA NA NA NA 
1733263200.0 560.0 89 0 NA NA NA NA NA NA NA 146 0 NA NA NA NA NA NA NA 176 112 NA NA NA NA NA NA NA 167 125 NA NA NA NA NA NA NA 
1733263200.0 561.0 89 0 NA NA NA NA NA NA NA 150 0 NA NA NA NA NA NA NA 177 123 NA NA NA NA NA NA NA 165 134 NA NA NA NA NA NA NA 
1733263200.0 562.0 0 NA NA NA NA NA NA NA NA 0 NA NA NA NA NA NA NA NA 344 NA NA NA NA NA NA NA NA 179 NA NA NA NA NA NA NA NA 
1733263200.0 570.0 78 0 NA NA NA NA NA NA NA 134 0 NA NA NA NA NA NA NA 231 114 NA NA NA NA NA NA NA 187 130 NA NA NA NA NA NA NA 
1733263200.0 571.0 79 0 NA NA NA NA NA NA NA 134 0 NA NA NA NA NA NA NA 246 110 NA NA NA NA NA NA NA 194 122 NA NA NA NA NA NA NA 
1733263200.0 572.0 79 0 NA NA NA NA NA NA NA 132 0 NA NA NA NA NA NA NA 214 119 NA NA NA NA NA NA NA 179 131 NA NA NA NA NA NA NA 
1733263200.0 573.0 0 NA NA NA NA NA NA NA NA 0 NA NA NA NA NA NA NA NA 240 NA NA NA NA NA NA NA NA 3243 NA NA NA NA NA NA NA NA 
1733263200.0 574.0 81 0 NA NA NA NA NA NA NA 138 0 NA NA NA NA NA NA NA 511 125 NA NA NA NA NA NA NA 406 146 NA NA NA NA NA NA NA 
1733263200.0 575.0 80 0 NA NA NA NA NA NA NA 135 0 NA NA NA NA NA NA NA 259 111 NA NA NA NA NA NA NA 183 123 NA NA NA NA NA NA NA 
1733263200.0 576.0 81 0 NA NA NA NA NA NA NA 132 0 NA NA NA NA NA NA NA 185 116 NA NA NA NA NA NA NA 165 129 NA NA NA NA NA NA NA 
1733263200.0 577.0 79 0 NA NA NA NA NA NA NA 135 0 NA NA NA NA NA NA NA 172 111 NA NA NA NA NA NA NA 156 119 NA NA NA NA NA NA NA 
1733263200.0 6.0 NA 169 319 0 NA NA NA NA NA NA 268 486 0 NA NA NA NA NA NA 842 1415 328 NA NA NA NA NA NA 405 1408 384 NA NA NA NA NA 
1733263200.0 7.0 109 147 179 104 0 NA NA NA NA 208 223 296 167 0 NA NA NA NA 465 160 334 172 155 NA NA NA NA 460 199 352 365 164 NA NA NA NA 
1733263200.0 7.1 107 143 179 105 0 NA NA NA NA 204 225 291 171 0 NA NA NA NA 747 159 325 173 154 NA NA NA NA 689 249 328 287 168 NA NA NA NA 
1733263200.0 7.2 110 223 270 111 0 NA NA NA NA 208 330 464 177 0 NA NA NA NA 468 605 431 188 200 NA NA NA NA 434 410 458 357 215 NA NA NA NA 
1733263200.0 7.21 110 231 272 112 0 NA NA NA NA 210 330 471 177 0 NA NA NA NA 476 617 429 181 194 NA NA NA NA 443 426 462 245 210 NA NA NA NA 
1733263200.0 7.22 109 181 232 111 0 NA NA NA NA 209 284 369 177 0 NA NA NA NA 472 177 393 196 159 NA NA NA NA 502 206 643 335 170 NA NA NA NA 
1733263200.0 7.23 122 199 272 109 0 NA NA NA NA 210 289 454 178 0 NA NA NA NA 810 191 423 165 205 NA NA NA NA 740 200 453 207 226 NA NA NA NA 
1733263200.0 7.24 117 194 263 104 0 NA NA NA NA 204 293 446 172 0 NA NA NA NA 799 183 411 172 201 NA NA NA NA 735 191 476 228 214 NA NA NA NA 
1733263200.0 7.3 114 202 260 105 0 NA NA NA NA 202 309 463 171 0 NA NA NA NA 755 422 471 231 209 NA NA NA NA 729 499 537 376 234 NA NA NA NA 
1733263200.0 7.4 110 241 270 111 0 NA NA NA NA 208 337 463 178 0 NA NA NA NA 465 606 422 181 196 NA NA NA NA 427 457 487 263 220 NA NA NA NA 
1733263200.0 7.5 128 348 169 NA NA NA NA NA NA 207 520 272 NA NA NA NA NA NA 1016 514 363 NA NA NA NA NA NA 866 363 266 NA NA NA NA NA NA 
1733263200.0 8.0 NA 161 187 90 0 NA NA NA NA NA 273 291 149 0 NA NA NA NA NA 821 442 130 163 NA NA NA NA NA 377 535 150 175 NA NA NA NA 
1733263200.0 8.1 112 270 330 90 0 NA NA NA NA 206 346 475 152 0 NA NA NA NA 416 1086 451 142 198 NA NA NA NA 373 428 523 196 215 NA NA NA NA 
1733263200.0 8.2 122 218 283 90 0 NA NA NA NA 212 315 449 152 0 NA NA NA NA 751 255 434 129 204 NA NA NA NA 677 190 491 160 227 NA NA NA NA 
1733263200.0 9.0 NA 199 372 0 NA NA NA NA NA NA 304 542 0 NA NA NA NA NA NA 1114 2930 378 NA NA NA NA NA NA 484 1734 421 NA NA NA NA NA 
